results/Predictions/Median/Aalenian.asc
NCOLS 360 
NROWS 180 
XLLCORNER -180 
YLLCORNER -90 
CELLSIZE 1 
NODATA_value -3.4e+38 
[rows 160 to 179 of 180, columns 44 to 87 of 360]
2.26569000005838e-07 2.34824000244771e-07 2.43953991230228e-07 2.5343899778818e-07 2.63293998159497e-07 2.73289998631299e-07 2.8499400173132e-07 2.97441005159271e-07 3.1043200010572e-07 3.21681994819301e-07 3.33340011593464e-07 3.4542100024737e-07 3.57349989599243e-07 3.67865993666783e-07 3.78569012582375e-07 3.8750800968046e-07 3.97835009380287e-07 4.07277013891871e-07 4.17800009699931e-07 4.2859400650741e-07 4.37526011864975e-07 4.45860990794245e-07 4.56663997283613e-07 4.68553992050147e-07 4.77598007364577e-07 4.8681602038414e-07 4.96212976486277e-07 5.05314005749824e-07 5.13122984102665e-07 5.2105201575614e-07 5.29105022906151e-07 5.35367007614695e-07 5.39772997854016e-07 5.44215993159014e-07 5.48530010746617e-07 5.48895002339123e-07 5.48037974112958e-07 5.47182992249873e-07 5.46316982763528e-07 5.44659997103736e-07 5.43006990483264e-07 5.41358986083651e-07 5.40669987003639e-07 5.4284799944071e-07
2.11281005135788e-07 2.18748994029738e-07 2.27125994456401e-07 2.35824003880225e-07 2.44853993081051e-07 2.5417298843422e-07 2.63825995716616e-07 2.73966008990101e-07 2.85795010768197e-07 2.9601500273202e-07 3.06601009469887e-07 3.17565991281299e-07 3.28421009498925e-07 3.3809200772339e-07 3.48046995668483e-07 3.58296006197634e-07 3.6842200756837e-07 3.77638997406393e-07 3.86734001267541e-07 3.95836991629039e-07 4.04981989277076e-07 4.14280009408685e-07 4.23790993409057e-07 4.33520000342469e-07 4.40767990994573e-07 4.48620994575322e-07 4.57092994565755e-07 4.64848994852218e-07 4.70074013492194e-07 4.75357012419408e-07 4.8070000957523e-07 4.84356974084221e-07 4.86289025047881e-07 4.88228010908642e-07 4.90175011691463e-07 4.89965998440312e-07 4.8903797278399e-07 4.88111993490747e-07 4.87188003717165e-07 4.87004001570313e-07 4.8681999942346e-07 4.86637020458147e-07 4.87056979636691e-07 4.89292006022879e-07
1.97028001025501e-07 2.0377899545565e-07 2.11463003552126e-07 2.1943600359009e-07 2.27710003741777e-07 2.36396999753197e-07 2.45546004862263e-07 2.55125002013301e-07 2.65078995198564e-07 2.72937995760003e-07 2.82010006458222e-07 2.91959992182456e-07 3.01835996197042e-07 3.10729006969268e-07 3.19885003818854e-07 3.29310012148198e-07 3.38694007950835e-07 3.48019000284694e-07 3.56457007910649e-07 3.63597990826747e-07 3.73514012608211e-07 3.83543010684662e-07 3.93817003896402e-07 4.02810997002234e-07 4.09443998705683e-07 4.16185997664797e-07 4.23039011820947e-07 4.28949988418026e-07 4.31750009965981e-07 4.34567994034296e-07 4.3740399746639e-07 4.38834007354671e-07 4.38842988614851e-07 4.38851003536911e-07 4.388600132188e-07 4.38183008100168e-07 4.37279993548145e-07 4.36378002177662e-07 4.35478000326839e-07 4.36255987779077e-07 4.37034003653025e-07 4.37815003806463e-07 4.38895995102939e-07 4.41026003272782e-07
1.90533000932191e-07 1.96841000388304e-07 2.03696004064113e-07 2.10788002164009e-07 2.18126004369879e-07 2.25494005690052e-07 2.33031997254329e-07 2.40932990891451e-07 2.49154993525735e-07 2.55953011674137e-07 2.62937987827172e-07 2.70470991381444e-07 2.78482986004747e-07 2.86691999917821e-07 2.95397995841995e-07 3.04368995784898e-07 3.13275990038164e-07 3.22098998140063e-07 3.31170014078452e-07 3.38283996370592e-07 3.44911001093351e-07 3.52575000306388e-07 3.60408989763528e-07 3.68607999234882e-07 3.75313987888148e-07 3.82141990939999e-07 3.89093997910095e-07 3.95119997165239e-07 3.9778998939255e-07 4.00477006223809e-07 4.03183008756969e-07 4.0486401076123e-07 4.05506000333844e-07 4.06150007847828e-07 4.06795010121641e-07 4.06814990583371e-07 4.06628004157028e-07 4.06440989308976e-07 4.06254002882633e-07 4.07175008376726e-07 4.08097008630648e-07 4.0902199316406e-07 4.10183986332413e-07 4.12059989685076e-07
1.84252002100038e-07 1.90140994504873e-07 1.96214003267414e-07 2.02481004407673e-07 2.08947000146509e-07 2.15094999589382e-07 2.21242999032256e-07 2.27566005150948e-07 2.34191006143192e-07 2.40029010001308e-07 2.46013001969914e-07 2.52146008961063e-07 2.58602995018009e-07 2.66222002665017e-07 2.74065001804047e-07 2.82139012597327e-07 2.90087001530992e-07 2.98110990115674e-07 3.06695994822803e-07 3.15411000428867e-07 3.20748000603999e-07 3.26911987258427e-07 3.3319500403195e-07 3.39599012022518e-07 3.44527990137067e-07 3.49527994103482e-07 3.54601013441425e-07 3.59092013013651e-07 3.61655992264787e-07 3.64241998340731e-07 3.67577001725294e-07 3.70111990832811e-07 3.7182800838309e-07 3.7355201243372e-07 3.75284002984699e-07 3.76020011572109e-07 3.76423997749953e-07 3.76829007109336e-07 3.7723299328718e-07 3.78414995338971e-07 3.79600010091963e-07 3.80789003884274e-07 3.82182008706877e-07 3.84180992796246e-07
1.78885997570433e-07 1.8432500326071e-07 1.89800005045981e-07 1.95436996364151e-07 2.01242002617619e-07 2.06622004839119e-07 2.11943003591841e-07 2.17400994984018e-07 2.23021999090633e-07 2.28269996682684e-07 2.33641998192979e-07 2.39141002111865e-07 2.44899013068789e-07 2.51193000622152e-07 2.57754010135613e-07 2.6492500637687e-07 2.71915013172475e-07 2.78697001476758e-07 2.85650003206683e-07 2.92792009304321e-07 2.98609990068144e-07 3.03413003166497e-07 3.08263992110369e-07 3.13394991735549e-07 3.17528986215621e-07 3.21717010365319e-07 3.25960996860886e-07 3.29849996205667e-07 3.32539997316417e-07 3.35251996830266e-07 3.37985994747214e-07 3.40179013846864e-07 3.41819998084247e-07 3.4346899724369e-07 3.45127006085022e-07 3.46386002547661e-07 3.47514998111365e-07 3.48648001136098e-07 3.49783988440322e-07 3.51093007111558e-07 3.52406999581945e-07 3.53725994273191e-07 3.55329007106775e-07 3.57521003024885e-07
1.74364998883902e-07 1.79324999294295e-07 1.84365006816734e-07 1.89546000228802e-07 1.94872995962214e-07 1.99883999130179e-07 2.04863994213156e-07 2.09969002185062e-07 2.15200998354703e-07 2.20149004803716e-07 2.25232994921498e-07 2.3043500618769e-07 2.35658006886297e-07 2.40699989717541e-07 2.4585000346633e-07 2.51111003990445e-07 2.56503994933155e-07 2.61863988271216e-07 2.67336986325972e-07 2.72924012278963e-07 2.77314995855704e-07 2.8133300133959e-07 2.85408987110713e-07 2.89544004772324e-07 2.93055990141511e-07 2.96610011218945e-07 3.00208000680868e-07 3.03673004964367e-07 3.06644011516255e-07 3.09644008211762e-07 3.12672995050889e-07 3.15271989848043e-07 3.17428003882014e-07 3.19598996156856e-07 3.21784995094276e-07 3.23627006082461e-07 3.2535800187361e-07 3.27099002106479e-07 3.28850006781067e-07 3.30418998828463e-07 3.31995011038089e-07 3.33580004507894e-07 3.35336011403342e-07 3.3759900475161e-07
1.69890995493915e-07 1.74416996401305e-07 1.79075996697975e-07 1.8383299504876e-07 1.88705996606586e-07 1.93364996903256e-07 1.98023002440095e-07 2.02791994752261e-07 2.07677004482321e-07 2.12328004067786e-07 2.17126995494255e-07 2.22045997588793e-07 2.26742997710971e-07 2.30628998565408e-07 2.34672995702567e-07 2.38804005903148e-07 2.4268300080621e-07 2.46300004391742e-07 2.50199008178242e-07 2.5442000151088e-07 2.5784601120904e-07 2.610269973502e-07 2.64248001258238e-07 2.67507999751615e-07 2.70469001861784e-07 2.73462006816771e-07 2.75236004654289e-07 2.78274995935135e-07 2.81489008102653e-07 2.84739996914141e-07 2.88029013972846e-07 2.91056011292312e-07 2.9381399713202e-07 2.96596994076026e-07 2.99406991643991e-07 3.02026990084414e-07 3.04596994737949e-07 3.06881986489316e-07 3.09168001422222e-07 3.10962008143179e-07 3.12765990884145e-07 3.14580006488541e-07 3.1655798693464e-07 3.1900799513096e-07
1.68075999340545e-07 1.7221600501216e-07 1.76303004195688e-07 1.80488001433332e-07 1.84770996725092e-07 1.88686001934002e-07 1.9252499328104e-07 1.96442002220465e-07 2.00439004061082e-07 2.04098995482127e-07 2.0782600529401e-07 2.11620999834849e-07 2.15327006003463e-07 2.18614005120799e-07 2.21952006995707e-07 2.25340997417334e-07 2.28556004344682e-07 2.31588003885008e-07 2.34661001741188e-07 2.37845995343378e-07 2.40734010503729e-07 2.43441007796719e-07 2.46179013174697e-07 2.48947003456124e-07 2.51535993811558e-07 2.54153007972491e-07 2.56795999575843e-07 2.59522010992441e-07 2.62445013277102e-07 2.65401013166411e-07 2.68391005420199e-07 2.71228998371953e-07 2.73911012982353e-07 2.76619005035172e-07 2.79354992471781e-07 2.82015008679082e-07 2.84727008192931e-07 2.87126994180653e-07 2.89747987380906e-07 2.91816007802481e-07 2.93899006464926e-07 2.9599701178995e-07 2.98141003440833e-07 3.00392997587551e-07
1.66280003099928e-07 1.70041005276289e-07 1.7357000103857e-07 1.77171997961523e-07 1.80848999775662e-07 1.84045006790257e-07 1.87110003935231e-07 1.90226003837779e-07 1.93393006497899e-07 1.96146004327602e-07 1.98937996742643e-07 2.01770006924562e-07 2.04578000762012e-07 2.07227998316739e-07 2.09912002446799e-07 2.12632002671853e-07 2.15241996670557e-07 2.17739000163419e-07 2.20263999040071e-07 2.2273199817846e-07 2.25069001658085e-07 2.27228994731377e-07 2.29410005658792e-07 2.3167399376689e-07 2.33929000614808e-07 2.36207000625654e-07 2.3850600427977e-07 2.40909002968692e-07 2.43585986936523e-07 2.46293012651222e-07 2.4902999484766e-07 2.51773002446498e-07 2.54522007026026e-07 2.57301991268832e-07 2.60429004583784e-07 2.63331003225176e-07 2.66153989514351e-07 2.69008012310223e-07 2.71892986347666e-07 2.7399198643252e-07 2.76169998869591e-07 2.78237990869457e-07 2.80265993524154e-07 2.81945006008755e-07
1.77063995465687e-07 1.80417004003175e-07 1.83492005589869e-07 1.86619004693966e-07 1.89798996075297e-07 1.92469002513462e-07 1.94986000678909e-07 1.97535996449005e-07 2.00119004034605e-07 2.02316002173575e-07 2.04537997205989e-07 2.06783994372017e-07 2.09058001132689e-07 2.11368003988355e-07 2.13703998497294e-07 2.16065004110533e-07 2.18368995774654e-07 2.20613003421022e-07 2.22880998990149e-07 2.25172996692891e-07 2.27206996328277e-07 2.29164001552817e-07 2.31138997719427e-07 2.33207003930147e-07 2.35171000895207e-07 2.37150999282676e-07 2.39147993852384e-07 2.41263990119478e-07 2.43708001335108e-07 2.46176000473497e-07 2.48670005476015e-07 2.5123898694801e-07 2.53883996492732e-07 2.56850995583591e-07 2.59881005604257e-07 2.62550997831568e-07 2.65114010744583e-07 2.67702006340187e-07 2.7031600779992e-07 2.72201987172593e-07 2.73974990250281e-07 2.75822998219155e-07 2.77563998452024e-07 2.78952001053767e-07
2.02948001515324e-07 2.05711003786746e-07 2.0830499636304e-07 2.10931005995008e-07 2.13590993780599e-07 2.15807006043178e-07 2.17885002484763e-07 2.19982993598933e-07 2.22102002567226e-07 2.23987996150754e-07 2.25890005367546e-07 2.27808001795893e-07 2.29801997875256e-07 2.31993993793367e-07 2.34205998594916e-07 2.36440001799565e-07 2.38837003507797e-07 2.41239007436889e-07 2.4366599404857e-07 2.46116002244889e-07 2.48154009341306e-07 2.50061987117078e-07 2.5198499997714e-07 2.5392199631824e-07 2.55563008977333e-07 2.57213997656436e-07 2.58877008718628e-07 2.60669992258045e-07 2.62838000253396e-07 2.65203993876639e-07 2.67607987325391e-07 2.70037986638272e-07 2.72497004516481e-07 2.7497799237608e-07 2.77481007060487e-07 2.79516001455704e-07 2.81399991308717e-07 2.8329799306448e-07 2.8501099791356e-07 2.8648199190684e-07 2.87760997252917e-07 2.89045999579685e-07 2.90333986185942e-07 2.91620011694249e-07
2.32621999884941e-07 2.34555002975867e-07 2.36477006865243e-07 2.3852200570218e-07 2.40692003217191e-07 2.42481007717288e-07 2.441479978188e-07 2.45827010303401e-07 2.47516993567842e-07 2.49050003731099e-07 2.50591995154537e-07 2.52143991019693e-07 2.53827010965324e-07 2.5589000074433e-07 2.57968991945745e-07 2.60065007751109e-07 2.62277012552659e-07 2.64609013811423e-07 2.67042992163624e-07 2.69693998689036e-07 2.7178001005268e-07 2.73684008789132e-07 2.75600996246794e-07 2.77531995607205e-07 2.78968997236007e-07 2.80412990605328e-07 2.81864004136878e-07 2.83403011280825e-07 2.85191987359212e-07 2.86991991060859e-07 2.88803988723885e-07 2.90641992251039e-07 2.92506996402153e-07 2.94383994514646e-07 2.95142001505155e-07 2.96671998967213e-07 2.98038003165857e-07 2.99410999105021e-07 3.00789992024875e-07 3.01580996620032e-07 3.02241005556425e-07 3.02903004012478e-07 3.03693013847806e-07 3.04862993516508e-07
2.48097990152019e-07 2.49900011795035e-07 2.51676993912042e-07 2.53465998412139e-07 2.55267991633445e-07 2.56813990517912e-07 2.58277992770672e-07 2.59751004705322e-07 2.61250988842221e-07 2.62814012330637e-07 2.64387011839062e-07 2.65968992607668e-07 2.6762899096866e-07 2.69503004801663e-07 2.71391002115706e-07 2.73291988150959e-07 2.7521198830982e-07 2.77151002592291e-07 2.79103005595971e-07 2.81069986840521e-07 2.82694998077204e-07 2.84211012058222e-07 2.8573501253959e-07 2.87267994281137e-07 2.88534010906005e-07 2.89805996089854e-07 2.91084006676101e-07 2.92420992309417e-07 2.93927996608545e-07 2.95442987408023e-07 2.96964998369731e-07 2.98500992812478e-07 3.00050999157975e-07 3.01608992003821e-07 3.03174999771727e-07 3.03957989444825e-07 3.03191001194136e-07 3.04547995710891e-07 3.05910987208335e-07 3.0701698960911e-07 3.08126004711085e-07 3.09238998852379e-07 3.104470067683e-07 3.11933007424159e-07
2.66667996129399e-07 2.68185999630077e-07 2.69771987859713e-07 2.71367014192947e-07 2.72971988124482e-07 2.7447998718344e-07 2.75961014040149e-07 2.77449004215669e-07 2.78946004073077e-07 2.80259996543464e-07 2.8157998599454e-07 2.82906000848016e-07 2.84220988078232e-07 2.8548998898259e-07 2.86764986867638e-07 2.88046010155085e-07 2.89289999955145e-07 2.90497013111235e-07 2.91709000066476e-07 2.92925989242576e-07 2.9404898782559e-07 2.95143991024815e-07 2.9624300168507e-07 2.97345991384645e-07 2.98428005862661e-07 2.99514994139827e-07 3.00604995118192e-07 3.01726004181546e-07 3.02931994156097e-07 3.04141991591678e-07 3.05356991248118e-07 3.06573014086098e-07 3.07790003262198e-07 3.09011994659159e-07 3.10237993517148e-07 3.11374009243082e-07 3.12482001163517e-07 3.12274011093905e-07 3.11334986236034e-07 3.1240799103216e-07 3.13702997800647e-07 3.15003006789993e-07 3.16387996690537e-07 3.180219891874e-07
2.50595007855736e-07 2.51695013275821e-07 2.52853993742974e-07 2.54018999612526e-07 2.55189007702938e-07 2.56344009130771e-07 2.57496992617234e-07 2.58655006746267e-07 2.59817994674449e-07 2.60809997598699e-07 2.61806007983978e-07 2.62805997408577e-07 2.63759005747488e-07 2.64566011765055e-07 2.65375007302282e-07 2.66186987118999e-07 2.66993993136566e-07 2.67941999254617e-07 2.68892989652159e-07 2.6984798751073e-07 2.70621001163818e-07 2.71336006107958e-07 2.72052005811929e-07 2.7276999503556e-07 2.73415992069204e-07 2.74063012284387e-07 2.74711993597521e-07 2.75370013014253e-07 2.76247988040268e-07 2.77129004189192e-07 2.78013004617605e-07 2.78898994565679e-07 2.79787002455123e-07 2.80676999864227e-07 2.8157100473436e-07 2.82503009430002e-07 2.83449992366513e-07 2.84399988004225e-07 2.85352996343136e-07 2.8647400540649e-07 2.87598993509164e-07 2.88729012254407e-07 2.89924997787239e-07 2.91308992927952e-07
2.06826996418386e-07 2.07520002959427e-07 2.08222999731333e-07 2.08928000233755e-07 2.09635999226521e-07 2.10322994576018e-07 2.11003992944825e-07 2.11688004014832e-07 2.12372995633814e-07 2.12965005630394e-07 2.13559005146635e-07 2.14153999422706e-07 2.14728004266362e-07 2.15235004930037e-07 2.15743995113371e-07 2.1625399426739e-07 2.16732004787445e-07 2.17177003491997e-07 2.17622996956379e-07 2.18069999391446e-07 2.18585000766325e-07 2.19119002053958e-07 2.19655007072106e-07 2.20193001609914e-07 2.20659998717565e-07 2.21136005507105e-07 2.21711999870422e-07 2.22297003915628e-07 2.22905001123763e-07 2.23513993091728e-07 2.24125997760893e-07 2.24749996391438e-07 2.25386997954047e-07 2.26026003247171e-07 2.26666998059954e-07 2.27341004688242e-07 2.28028994797569e-07 2.28717993877581e-07 2.29408996688107e-07 2.30186998351201e-07 2.30967003744809e-07 2.31749993417907e-07 2.32562001656333e-07 2.33454002795952e-07
1.69119999782197e-07 1.69599999821912e-07 1.70071004390593e-07 1.70543003719104e-07 1.71017006778129e-07 1.71468997223201e-07 1.71915004898437e-07 1.72361993122649e-07 1.72808995557716e-07 1.73217003407444e-07 1.73626006017003e-07 1.74034994415706e-07 1.7443500155423e-07 1.74804000607764e-07 1.75172999661299e-07 1.75541998714834e-07 1.7589400158613e-07 1.76227999304501e-07 1.76563005993557e-07 1.76897998471759e-07 1.77217998498236e-07 1.77532996303853e-07 1.7784799410947e-07 1.78164000885772e-07 1.78476994960874e-07 1.78790003246831e-07 1.79104006292619e-07 1.79462006144604e-07 1.79870994543307e-07 1.8028100612355e-07 1.80691998252769e-07 1.81122999265426e-07 1.81573994950668e-07 1.82025004846764e-07 1.82478004262521e-07 1.82959993821896e-07 1.83452996793676e-07 1.83946994525286e-07 1.84442995987411e-07 1.84968996563839e-07 1.85496006110952e-07 1.86025005177726e-07 1.86557997494674e-07 1.87099004733682e-07
1.68989004123432e-07 1.69467995192463e-07 1.69938999761143e-07 1.70410999089654e-07 1.7088500214868e-07 1.71337006804606e-07 1.71783000268988e-07 1.72247993646124e-07 1.72813003018746e-07 1.73328004393625e-07 1.73844000528334e-07 1.74362000393558e-07 1.74868006297402e-07 1.75336992924713e-07 1.75807002733563e-07 1.76279002062074e-07 1.76734005208345e-07 1.77174001692038e-07 1.7761399817573e-07 1.78055998389937e-07 1.7846700473001e-07 1.78869001388193e-07 1.79272007017062e-07 1.79675993194905e-07 1.80040004238435e-07 1.80406004801625e-07 1.80772005364815e-07 1.8115899536042e-07 1.81605003035656e-07 1.82052005470723e-07 1.8250000266562e-07 1.82950003591031e-07 1.83403003006788e-07 1.83856997182374e-07 1.84312000328646e-07 1.84803994329741e-07 1.85309005473755e-07 1.85816006137429e-07 1.86324001560934e-07 1.86877002761321e-07 1.87430998721538e-07 1.87986998412271e-07 1.88567994996447e-07 1.89220997981465e-07
0.000386039988370612 0.000387350009987131 0.000388640997698531 0.000389935012208298 0.000391234003473073 0.000392466987250373 0.000393680005799979 0.000394897011574358 0.000396116985939443 0.000397221010643989 0.000398328003939241 0.000399437994929031 0.000400521006667987 0.000400230986997485 0.00040253100451082 0.000403175014071167 0.000404054997488856 0.000404911988880485 0.000405825005145743 0.000406740000471473 0.000407621002523229 0.000408491003327072 0.000409364001825452 0.000410237989854068 0.000411118002375588 0.000412001012591645 0.000412885012337938 0.000413784000556916 0.000415315007558092 0.000416831986512989 0.000417645002016798 0.000418495008489117 0.000419382995460182 0.000420272990595549 0.000421164004364982 0.000422161014284939 0.000423077988671139 0.000423997000325471 0.000424917991040275 0.000425946986069903 0.000427154009230435 0.000428364000981674 0.000429584993980825 0.000430682994192466
