results/Predictions/Median/Aalenian.asc
NCOLS 360 
NROWS 180 
XLLCORNER -180 
YLLCORNER -90 
CELLSIZE 1 
NODATA_value -3.4e+38 
[rows 80 to 99 of 180, columns 88 to 131 of 360]
0.000432792003266513 0.000432005006587133 0.000431586988270283 0.00043127901153639 0.000430918007623404 0.00043097700108774 0.00043097700108774 0.000430944986874238 0.000430824991781265 0.00042999698780477 0.000429559993790463 0.000429373001679778 0.000429547013482079 0.000429753999924287 0.000430059008067474 0.00043036398710683 0.000430551008321345 0.00043076099245809 0.00043106300290674 0.000431360007496551 0.00043130200356245 0.000431057007517666 0.000430734013207257 0.00043042199104093 0.00042932599899359 0.000430373009294271 0.000430490006692708 0.000428400991950184 0.000428670988185331 0.000427889986895025 0.000430004991358146 0.000430974992923439 0.000432806002208963 0.000435853988165036 0.000438324990682304 0.000439350988017395 0.000442630000179633 0.000448518985649571 0.000462310010334477 0.000472040002932772 0.000482914008898661 0.000487757992232218 0.000490550009999424 0.000488447025418282
0.000437303999206051 0.000437167997006327 0.00043663100223057 0.000436378992162645 0.000436384987551719 0.000436392001574859 0.000436464993981645 0.000436306989286095 0.000435727997682989 0.00043505898793228 0.000435283000115305 0.000435507012298331 0.000435732014011592 0.00043591798748821 0.00043598999036476 0.000436114991316572 0.000437017995864153 0.000437089998740703 0.000437192007666454 0.000437292997958139 0.000437395006883889 0.000436850998084992 0.000436203990830109 0.000434498011600226 0.000435086985817179 0.000434462999692187 0.000431816006312147 0.000432328000897542 0.000432483007898554 0.000431010994361714 0.000432475004345179 0.000432355009252205 0.000433587003499269 0.000438676011981443 0.000439349008956924 0.000447400991106406 0.000460854003904387 0.000471559993457049 0.000481350987683982 0.000494910986162722 0.000493986008223146 0.000484816991956905 0.000479064998216927 0.000475245993584394
0.000438749993918464 0.000438524002674967 0.000438106013461947 0.000438112998381257 0.00043804501183331 0.000437862996477634 0.000437998998677358 0.000438235001638532 0.000438462011516094 0.000438480987213552 0.000438602990470827 0.000438726012362167 0.000438847986515611 0.000439021998317912 0.000439094001194462 0.000439124007243663 0.00043920599273406 0.000438871007645503 0.000438588001998141 0.000439027004176751 0.000439333001850173 0.000439136987552047 0.000438855000538751 0.000438532995758578 0.000437923008576035 0.000437311013229191 0.000437431008322164 0.000435714988270774 0.000434332003351301 0.00043442499008961 0.000434215005952865 0.000434579997090623 0.000437509996118024 0.000438713002949953 0.000445203011622652 0.000455069995950907 0.000468395999632776 0.000480426999274641 0.00049054401461035 0.000486042001284659 0.000478602014482021 0.000474281987408176 0.000467604986624792 0.000465838005766273
0.000435722002293915 0.000435155001468956 0.000434980989666656 0.000434902991401032 0.000434824993135408 0.000434746994869784 0.000434869987657294 0.000435277994256467 0.000435786991147324 0.000435880006989464 0.000436211994383484 0.00043654500041157 0.000437093985965475 0.000437550013884902 0.000437710987171158 0.000438177987234667 0.000438519986346364 0.000438557006418705 0.000438507995568216 0.000438580987975001 0.00043795199599117 0.000437929993495345 0.000436831003753468 0.000436908012488857 0.000436547998106107 0.000436500995419919 0.00043679800000973 0.000436394009739161 0.000435613008448854 0.000436261994764209 0.000438713002949953 0.0004388669913169 0.000441229989519343 0.000448664999566972 0.000458518014056608 0.000468593003461137 0.000478525995276868 0.000487518991576508 0.000487234006868675 0.00048411000170745 0.00048294200678356 0.000479023001389578 0.000473833992145956 0.000470036000479013
0.000440576986875385 0.000438191986177117 0.000436169997556135 0.000433868000982329 0.000432194006862119 0.00043022001045756 0.000431041000410914 0.000432302011176944 0.0004309699870646 0.000431660009780899 0.000432833010563627 0.000433718989370391 0.000434232002589852 0.000434760993812233 0.000435115012805909 0.000435174006270245 0.000435333990026265 0.000435736001236364 0.000436019006883726 0.000435914989793673 0.000437064998550341 0.000437357986811548 0.000437823007814586 0.000437336013419554 0.000437754002632573 0.000436934002209455 0.000437559996498749 0.000437976996181533 0.00043857199489139 0.000438713002949953 0.000439810013631359 0.000442546006524935 0.000448871986009181 0.000450505001936108 0.000458452996099368 0.000466827012132853 0.00047691201325506 0.000482247007312253 0.000482133007608354 0.000477201014291495 0.000475860986625776 0.000475006992928684 0.000472406012704596 0.000472352985525504
0.000444820994744077 0.0004419689939823 0.00043909001396969 0.000436172995250672 0.000433275999967009 0.000430843996582553 0.000428672996349633 0.000428586005000398 0.000426760001573712 0.000428356986958534 0.000428542989538983 0.000427610997576267 0.00042703899089247 0.000429999985499308 0.000431749009294435 0.00043254200136289 0.000432992994319648 0.00043377501424402 0.000434190995292738 0.000434810994192958 0.000435074995039031 0.000436108006397262 0.000436644011642784 0.000437059992691502 0.000438502000179142 0.000437409995356575 0.000438437011325732 0.000438968010712415 0.000439088005805388 0.00044010000419803 0.000443297001766041 0.000447711005108431 0.000452020991360769 0.000458035006886348 0.000467267003841698 0.000476281013106927 0.000479201000416651 0.000475512002594769 0.000472204003017396 0.000468203012133017 0.000467973994091153 0.000465385994175449 0.000468087993795052 0.000468045007437468
0.000435869005741552 0.000432188011473045 0.000429640000220388 0.000428219995228574 0.000425184989580885 0.000424530007876456 0.000423541991040111 0.000422609009547159 0.000422792014433071 0.000422846991568804 0.000423046003561467 0.000423407007474452 0.000423071003751829 0.00042242300696671 0.00042431999463588 0.000426751008490101 0.000429479987360537 0.000430891988798976 0.000432077009463683 0.00043381899013184 0.000434354005847126 0.000436111004091799 0.000438224989920855 0.000440303992945701 0.000442601012764499 0.0004453290021047 0.000447784987045452 0.000449760002084076 0.000451928994152695 0.000457263988209888 0.000462770985905081 0.000465398014057428 0.000468039012048393 0.000472006999189034 0.000476599001558498 0.000474625005153939 0.000472641986561939 0.000469974998850375 0.000466681987745687 0.000464109994936734 0.000465702003566548 0.000463119999039918 0.000462277006590739 0.000462024006992579
0.000392127985833213 0.00039282301440835 0.000394261005567387 0.000395396986277774 0.000397660012822598 0.000398495001718402 0.000398633012082428 0.0004003020003438 0.000402276986278594 0.000404496007831767 0.000408700987463817 0.000411693006753922 0.000414757989346981 0.000416669005062431 0.000419932010117918 0.00042302199290134 0.000424936995841563 0.000426181009970605 0.000427838007453829 0.00043179199565202 0.000435393012594432 0.000439741997979581 0.000444231001893058 0.00044775998685509 0.000450668012490496 0.000456162000773475 0.000457780988654122 0.000458171998616308 0.00046034500701353 0.000462457013782114 0.000463458010926843 0.000463370000943542 0.000464873999590054 0.000465849996544421 0.000466249010059983 0.000467039993964136 0.000465571996755898 0.000464993994683027 0.000463836011476815 0.000456301000667736 0.000457627000287175 0.0004562420072034 0.000455111003248021 0.000457680987892672
0.000343853986123577 0.0003441619919613 0.000345561013091356 0.000347210007021204 0.000348734989529476 0.000350265996530652 0.00035273001412861 0.000356450007529929 0.000359836994903162 0.000363433995516971 0.000370144000044093 0.000375656993128359 0.000381346995709464 0.000387236010283232 0.00039172000833787 0.000398630014387891 0.000404438993427902 0.000409784988733009 0.000413872010540217 0.000417775998357683 0.000419471005443484 0.000420025986386463 0.000424055004259571 0.000429061008617282 0.00043143899529241 0.000434109999332577 0.000436820002505556 0.000440372998127714 0.000441649986896664 0.00044396601151675 0.000446124991867691 0.000448504986707121 0.000450257008196786 0.000451873987913132 0.000452873995527625 0.000454418011941016 0.000453445012681186 0.000452381995273754 0.000449687999207526 0.000450569001259282 0.000449395010946319 0.000448706996394321 0.000450033985543996 0.000451558007625863
0.000311815994791687 0.00031197999487631 0.000313132011797279 0.000315282988594845 0.000317449012072757 0.00031927801319398 0.000320816005114466 0.00032300699967891 0.000325447996146977 0.000327276007737964 0.000334045005729422 0.000339157995767891 0.000343193998560309 0.00034848100040108 0.000355983007466421 0.00036307898699306 0.000371106987586245 0.000379587989300489 0.000387746986234561 0.000395415991079062 0.000403001991799101 0.000409539003157988 0.000414668989833444 0.000417431991081685 0.000418612995417789 0.000420678989030421 0.000424222002038732 0.000429481005994603 0.000429636012995616 0.000432400003774092 0.00043679098598659 0.000438430986832827 0.000439235998783261 0.000440333998994902 0.000440620991867036 0.000440992007497698 0.000440853007603437 0.000441045995103195 0.000441278010839596 0.000442235002992675 0.000443513010395691 0.000444539997261018 0.000446316000306979 0.000447859987616539
0.000305897992802784 0.000305535009829327 0.000306555011775345 0.000307878013700247 0.000309207011014223 0.000310544011881575 0.00031259999377653 0.000314912002068013 0.000317241006996483 0.000319587998092175 0.000322436011629179 0.000326061010127887 0.000330645998474211 0.000334895012201741 0.000340516009600833 0.000346101995091885 0.000352113012922928 0.000360197998816147 0.000369415996829048 0.000377602991648018 0.000383390986826271 0.000392446003388613 0.00039965400355868 0.00040584898670204 0.000411454995628446 0.00041462600347586 0.000417197996284813 0.000419844989664853 0.000422865996370092 0.000424253987148404 0.000425889011239633 0.000428489001933485 0.000430643005529419 0.000433253007940948 0.000434454996138811 0.000435674999607727 0.000437774986494333 0.000438159011537209 0.000438713002949953 0.000439541006926447 0.000439917988842353 0.000440416013589129 0.000442412012489513 0.0004433759895619
0.000324107008054852 0.000324046006426215 0.000324066990287974 0.000324702996294945 0.000325377011904493 0.000325937988236547 0.000327056011883542 0.000327985995681956 0.000328916008584201 0.000329847011016682 0.000332258001435548 0.000334393989760429 0.000337334000505507 0.000339982012519613 0.000344895990565419 0.000349198002368212 0.000354037008946761 0.000359697995008901 0.000364812993211672 0.000371348985936493 0.000375456002075225 0.000381526013370603 0.000387895008316264 0.000394559989217669 0.000398628006223589 0.000404958002036437 0.000408288993639871 0.000410631997510791 0.000413795991335064 0.000416814000345767 0.000417433009715751 0.000419018004322425 0.000420981989009306 0.000423412013333291 0.000425403006374836 0.000427671999204904 0.000430685991887003 0.000432608008850366 0.00043466201168485 0.00043711400940083 0.000438713002949953 0.000438713002949953 0.000439433002611622 0.000440386997070163
0.000344016007147729 0.000342568993801251 0.000341856997692958 0.000341828010277823 0.000341859995387495 0.000341850012773648 0.000342089013429359 0.000342209998052567 0.000342382991220802 0.000343176012393087 0.000344747997587547 0.000345896987710148 0.000347379012964666 0.000348308007232845 0.000349397014360875 0.000351613998645917 0.000352951989043504 0.000355760013917461 0.000360022997483611 0.000364064006134868 0.000366961001418531 0.000370977999409661 0.000375423987861723 0.000381491990992799 0.000385858991649002 0.000391348003176972 0.00039607600774616 0.000398192001739517 0.000401405006414279 0.000405953993322328 0.000409374013543129 0.000411256012739614 0.00041361601324752 0.000416339986259118 0.000418703013565391 0.000420010008383542 0.000423235003836453 0.000426245998824015 0.000428800005465746 0.000431380001828074 0.000434388988651335 0.000436698988778517 0.000438713002949953 0.000439555005868897
0.000372446986148134 0.000370266003301367 0.000368457986041903 0.000367008993634954 0.000365190004231408 0.000363713013939559 0.000363094004569575 0.000362382008461282 0.000361677986802533 0.000360909994924441 0.000361143989721313 0.000360584992449731 0.000360306003130972 0.000360212987288833 0.000360420002834871 0.000361068989150226 0.000361718004569411 0.000363113009370863 0.000365259998943657 0.000367486994946375 0.000369780987966806 0.000372679001884535 0.000376473006326705 0.000380125013180077 0.000383372011128813 0.000387656007660553 0.000391411012969911 0.000393727998016402 0.000398294010665268 0.000401705998228863 0.000405374012188986 0.000407279992941767 0.000409711996326223 0.000412536988733336 0.000415302987676114 0.000417086004745215 0.000420094991568476 0.000420900003518909 0.000423954013967887 0.000426882994361222 0.000429767009336501 0.000432683998951688 0.000435633992310613 0.000438048009527847
0.000395223003579304 0.000393557013012469 0.000391290988773108 0.000389579014154151 0.000387189007597044 0.000385130988433957 0.000382933008950204 0.000381846999516711 0.000380668003344908 0.00037870099185966 0.000377537013264373 0.000376671989215538 0.000375425996026024 0.000374447990907356 0.000374124996596947 0.000373101007426158 0.00037197201163508 0.000371603004168719 0.000372529990272596 0.000373488001059741 0.000373858987586573 0.000376051990315318 0.000378235010430217 0.000379420001991093 0.000381268007913604 0.000385508988983929 0.000390044006053358 0.00039307601400651 0.000395537004806101 0.000398873991798609 0.000401074008550495 0.000403498997911811 0.000407059997087345 0.000410020991694182 0.000412594003137201 0.000414117996115237 0.000416460999986157 0.000418417999753729 0.000420452008256689 0.000422565004555508 0.00042589899385348 0.000429250008892268 0.000432659988291562 0.000436317001003772
0.000403565994929522 0.000401250988943502 0.000400012009777129 0.000398450996726751 0.000396599003579468 0.000394283997593448 0.000393183989217505 0.000391706998925656 0.000390235014492646 0.000388449989259243 0.000387375999707729 0.000386372994398698 0.000384977000067011 0.000383564998628572 0.000382328988052905 0.000380081997718662 0.000378589000320062 0.000377832999220118 0.000377143995137885 0.000376265001250431 0.00037541298661381 0.000376432988559827 0.000376606010831892 0.00037790898932144 0.000378864002414048 0.000383052014512941 0.000386686995625496 0.000389130000257865 0.000392804999137297 0.000396435993025079 0.000398114993004128 0.000401413009967655 0.000404246995458379 0.000408360006986186 0.000410687003750354 0.000412619992857799 0.000413133995607495 0.000416204013163224 0.000418490992160514 0.000420480995671824 0.000423469988163561 0.000425114005338401 0.000428945990279317 0.000432096014264971
0.000407104002078995 0.00040644098771736 0.000406192993978038 0.000404605991207063 0.000402962003136054 0.000400271004764363 0.000399304990423843 0.000397277006413788 0.000395150011172518 0.000393583992263302 0.000391317997127771 0.000390125002013519 0.000389108987292275 0.00038685800973326 0.000384542014217004 0.000383370002964512 0.000381360005121678 0.000378980999812484 0.000377257994841784 0.000375361007172614 0.00037420098669827 0.000374166003894061 0.000374133989680558 0.000374107010429725 0.000373674993170425 0.000375092000467703 0.000376668991521001 0.000377613003365695 0.000379692995920777 0.0003829569905065 0.000388384010875598 0.000391278997994959 0.000394630013033748 0.000400332995923236 0.000403160986024886 0.000405755010433495 0.000409692991524935 0.000412330991821364 0.000412821013014764 0.000415171001804993 0.000418197014369071 0.000421945995185524 0.000424602010753006 0.000426765996962786
0.000409216998377815 0.000409180007409304 0.000407409999752417 0.000405770988436416 0.000404661986976862 0.000403351004933938 0.000401856988901272 0.000400652992539108 0.000400098011596128 0.000398230011342093 0.000396543007809669 0.000395793002098799 0.000394995004171506 0.000393308990169317 0.000391351990401745 0.000388070999179035 0.00038434800808318 0.00038121800753288 0.00037949500256218 0.000377732008928433 0.000375183008145541 0.000373274990124628 0.000372200011042878 0.000369338988093659 0.000367330008884892 0.000366129010217264 0.000365148996934295 0.000364965002518147 0.00036550298682414 0.000368084001820534 0.000370666006347165 0.00037128000985831 0.000373708986444399 0.00038106698775664 0.000386266998248175 0.000390803004847839 0.000396816001739353 0.000401655997848138 0.000406306004151702 0.000407974992413074 0.000411710003390908 0.000415646994952112 0.00042051199125126 0.000424294994445518
0.000409233995014802 0.000408351013902575 0.000406622013542801 0.000404143997002393 0.000403438985813409 0.000402737001422793 0.000401202996727079 0.00039987699710764 0.000399059004848823 0.000396137009374797 0.000394539994886145 0.000391373003367335 0.00038832300924696 0.000384857004974037 0.00038121800753288 0.000376643991330639 0.000374047987861559 0.000371205998817459 0.000369609013432637 0.000366602995200083 0.000363525003194809 0.000361125014023855 0.000358746998244897 0.000356751988874748 0.000354580988641828 0.000353126000845805 0.000351989001501352 0.000351076014339924 0.00035058701178059 0.000350946997059509 0.000350968999555334 0.000351076014339924 0.000352689006831497 0.000355471012881026 0.00035819600452669 0.000361509009962901 0.000369271001545712 0.000375400995835662 0.000383587990654632 0.000391079986002296 0.000397836993215606 0.000404219987103716 0.000408513995353132 0.000410203007049859
0.000409086002036929 0.000407451007049531 0.000406005012337118 0.000404744991101325 0.000403492012992501 0.000402045989176258 0.000399752985686064 0.00039620598545298 0.000394697999581695 0.000390770990634337 0.000387567008147016 0.000381476012989879 0.000377632997697219 0.000374824012396857 0.000370563997421414 0.000368498993339017 0.000364690989954397 0.000361727987183258 0.000357738987077028 0.000354657007846981 0.000352423987351358 0.000349571986589581 0.000345800013747066 0.000343447987688705 0.000340278988005593 0.000338235986419022 0.000335980003001168 0.000334028009092435 0.000332477007759735 0.00033169100061059 0.000330671988194808 0.000329467002302408 0.000329931994201615 0.00033151000388898 0.000333714997395873 0.000334276992361993 0.00033862900454551 0.000343828985933214 0.000348189001670107 0.000354537012754008 0.000366076012142003 0.000374060997273773 0.000386119005270302 0.000394595990655944
