results/Predictions/Median/Aalenian.asc
NCOLS 360 
NROWS 180 
XLLCORNER -180 
YLLCORNER -90 
CELLSIZE 1 
NODATA_value -3.4e+38 
[rows 140 to 159 of 180, columns 0 to 43 of 360]
5.4827100939292e-06 5.56020995645667e-06 5.63880985282594e-06 5.7190700317733e-06 5.7839902183332e-06 5.84503004574799e-06 5.90672016187455e-06 5.9600502027024e-06 6.02205000177491e-06 6.08571008342551e-06 6.16671013631276e-06 6.24779977442813e-06 6.32690989732509e-06 6.40908001514617e-06 6.50724996376084e-06 6.58291992294835e-06 6.67372978568892e-06 6.77194020681782e-06 6.87157989887055e-06 6.97448012942914e-06 7.07951994627365e-06 7.18615001460421e-06 7.29037992641679e-06 7.38262997401762e-06 7.47177000448573e-06 7.5619900599122e-06 7.6556598287425e-06 7.75757962401258e-06 7.87203043728368e-06 7.99097961134976e-06 8.11181962490082e-06 8.23457958176732e-06 8.35921036923537e-06 8.498709576088e-06 8.67600010678871e-06 8.86890029505594e-06 9.06608966033673e-06 9.24222968023969e-06 9.44808016356546e-06 9.62586000241572e-06 9.77486979536479e-06 9.95173013507156e-06 1.01039004221093e-05 1.02583999250783e-05
3.93481013816199e-06 4.00083990825806e-06 4.06798017138499e-06 4.13447014580015e-06 4.18783019995317e-06 4.23948995376122e-06 4.2917799873976e-06 4.3447198549984e-06 4.41386009697453e-06 4.4840999180451e-06 4.55544977739919e-06 4.62777006760007e-06 4.70069016955676e-06 4.77474986837478e-06 4.8499900913157e-06 4.92515982841724e-06 4.99661018693587e-06 5.05749994772486e-06 5.1191300372011e-06 5.18099977853126e-06 5.24343977303943e-06 5.30664010511828e-06 5.37059986527311e-06 5.44696013093926e-06 5.52440997125814e-06 5.60296984986053e-06 5.68304994885693e-06 5.76555021325476e-06 5.8492400967225e-06 5.93416007177439e-06 6.02275986238965e-06 6.11517998549971e-06 6.21032995695714e-06 6.31168995823828e-06 6.43117982690455e-06 6.55857002129778e-06 6.69191013003001e-06 6.83202006257488e-06 6.96892993801157e-06 7.10623999111704e-06 7.24625988368643e-06 7.38543985789875e-06 7.51626021155971e-06 7.64940978115192e-06
2.82822998087795e-06 2.87172997559537e-06 2.9047300813545e-06 2.95334007205383e-06 3.00018996313156e-06 3.04552008856263e-06 3.08829999084992e-06 3.13546001962095e-06 3.19648006552598e-06 3.25868995787459e-06 3.31540991282964e-06 3.36670996148314e-06 3.41835993822315e-06 3.47081004292704e-06 3.52407005266286e-06 3.57281010110455e-06 3.61685010830115e-06 3.66606991519802e-06 3.7199599773885e-06 3.77368996851146e-06 3.82787993657985e-06 3.88282978747156e-06 3.93854998037568e-06 4.00985982196289e-06 4.08243977290113e-06 4.15632985095726e-06 4.23160008722334e-06 4.30839008913608e-06 4.38656979895313e-06 4.46616013505263e-06 4.54619021184044e-06 4.61947001895169e-06 4.69080987386405e-06 4.76326022180729e-06 4.8559900278633e-06 4.95704989589285e-06 5.06021979163052e-06 5.1655301831488e-06 5.24945016877609e-06 5.33473985342425e-06 5.4214101510297e-06 5.5102300393628e-06 5.60280977879302e-06 5.70397014598711e-06
2.04173011297826e-06 2.07640005100984e-06 2.11783003578603e-06 2.16008993447758e-06 2.19761000153085e-06 2.23388997255825e-06 2.27076998271514e-06 2.30077989726851e-06 2.32476008932281e-06 2.34898993767274e-06 2.38214988712571e-06 2.42033001995878e-06 2.4629800918774e-06 2.5070598894672e-06 2.55194004239456e-06 2.59290004578361e-06 2.62974003817362e-06 2.66711003860109e-06 2.70502005150774e-06 2.74314993475855e-06 2.78171000900329e-06 2.82082010016893e-06 2.86047998088179e-06 2.90725006379944e-06 2.95278005069122e-06 2.99902990263945e-06 3.05081994156353e-06 3.10919995172299e-06 3.16621003548789e-06 3.21835000249848e-06 3.28007990901824e-06 3.32967010763241e-06 3.37921005666431e-06 3.43405008607078e-06 3.5055700209341e-06 3.59732007382263e-06 3.69171993952477e-06 3.78858999283693e-06 3.87574982596561e-06 3.96489986087545e-06 4.05531000069459e-06 4.14698979511741e-06 4.23535993832047e-06 4.31795979238814e-06
1.50085998029681e-06 1.5271499478331e-06 1.55390000600164e-06 1.58112004555733e-06 1.60508000135451e-06 1.62814001214429e-06 1.65153994657885e-06 1.67527002759016e-06 1.70093994711351e-06 1.72696002209705e-06 1.75338004737569e-06 1.78005996076536e-06 1.80988001829974e-06 1.8382099824521e-06 1.86446004590834e-06 1.89126001259865e-06 1.91501999324828e-06 1.93907999346266e-06 1.96342989511322e-06 1.98627003555885e-06 2.00875001610257e-06 2.03148010768928e-06 2.0544600829453e-06 2.08700998882705e-06 2.12006989386282e-06 2.153650029868e-06 2.18929994844075e-06 2.23025995182979e-06 2.27198006541585e-06 2.31449007515039e-06 2.36224991567724e-06 2.41553993873822e-06 2.47004004449991e-06 2.52578001891379e-06 2.59478997577389e-06 2.66457004727272e-06 2.74301009994815e-06 2.82377004623413e-06 2.88953992821916e-06 2.93429002340417e-06 2.99980001727818e-06 3.07596997117798e-06 3.14347994390118e-06 3.20740991810453e-06
1.11769998056843e-06 1.13799001155712e-06 1.15863997507404e-06 1.17966999368946e-06 1.19801995879243e-06 1.21562004551379e-06 1.2334900247879e-06 1.25161000141816e-06 1.27018995499384e-06 1.28934004806069e-06 1.30991998048557e-06 1.33092999021756e-06 1.35199002215813e-06 1.36771996039897e-06 1.38819996209349e-06 1.40714996632596e-06 1.42403996505891e-06 1.44105001709249e-06 1.45825003983191e-06 1.47487003232527e-06 1.49142999816831e-06 1.50816003952059e-06 1.52507004713698e-06 1.54934002694063e-06 1.57398994815594e-06 1.59903004259832e-06 1.62577998708002e-06 1.65698997989239e-06 1.6850699466886e-06 1.72018997091072e-06 1.75713000771793e-06 1.7967199710256e-06 1.83719998858578e-06 1.87858995559509e-06 1.92976995094796e-06 1.98538009499316e-06 2.04261004910222e-06 2.10158009394945e-06 2.16865009861067e-06 2.23785991693148e-06 2.30294995162694e-06 2.35850006902183e-06 2.41758993979602e-06 2.48178002948407e-06
8.43417012674763e-07 8.58991995755787e-07 8.74856027621718e-07 8.91012007286918e-07 9.05428976238909e-07 9.19388014608558e-07 9.33563001126458e-07 9.4795700533723e-07 9.61548039413174e-07 9.7533404641581e-07 9.89316049526678e-07 1.00380998446781e-06 1.01947000530345e-06 1.0353600146118e-06 1.0515000212763e-06 1.06649997633212e-06 1.08028996237408e-06 1.09425002392527e-06 1.10840005618229e-06 1.12197994894814e-06 1.1354800335539e-06 1.14914996629523e-06 1.16252999760036e-06 1.18183004360617e-06 1.20145000437333e-06 1.22138999358867e-06 1.24404004964163e-06 1.26797999655537e-06 1.29368004309072e-06 1.31990998397669e-06 1.34865001655271e-06 1.38004998007091e-06 1.41218004046095e-06 1.44505997923261e-06 1.4863200021864e-06 1.52964003063971e-06 1.56635996972909e-06 1.60860997766576e-06 1.66508004895149e-06 1.72369004758366e-06 1.78436005171534e-06 1.84312000328646e-06 1.8992200239154e-06 1.95977008843329e-06
6.36460981695564e-07 6.48426009774994e-07 6.60616990444396e-07 6.73036026910268e-07 6.84347014612285e-07 6.95394021477114e-07 7.06620028267935e-07 7.18027024504408e-07 7.27958024526743e-07 7.38024994006992e-07 7.48232025671314e-07 7.59024999297253e-07 7.7133000786489e-07 7.83831978878879e-07 7.9653398188384e-07 8.08379979844176e-07 8.19326999135228e-07 8.30421981845575e-07 8.41666008000175e-07 8.52367008974397e-07 8.62968988712964e-07 8.73703015713545e-07 8.84571022652381e-07 9.00054999419808e-07 9.15810005608364e-07 9.31842009777029e-07 9.49117975324043e-07 9.69663005889743e-07 9.90650050880504e-07 1.01180000910972e-06 1.0347599754823e-06 1.05960998553201e-06 1.08507003915292e-06 1.11114002265822e-06 1.14429997211118e-06 1.1806899919975e-06 1.21333005154156e-06 1.25427004604717e-06 1.30231001094216e-06 1.35009997848101e-06 1.39389999276318e-06 1.43265003771376e-06 1.47215996548766e-06 1.5235300452332e-06
4.9830401849249e-07 5.07239974467666e-07 5.16334978328814e-07 5.26557982993836e-07 5.36184984412102e-07 5.45639011306776e-07 5.55261010504182e-07 5.65052005185862e-07 5.74383989260241e-07 5.83850010116294e-07 5.92609978866676e-07 6.02673026151024e-07 6.13256986525812e-07 6.23646997155447e-07 6.34211005490215e-07 6.438889954552e-07 6.52636003906082e-07 6.6150198563264e-07 6.70488020659832e-07 6.7958302452098e-07 6.88795978476264e-07 6.98135011134582e-07 7.07601998328755e-07 7.20525008546247e-07 7.33684998976969e-07 7.47086005503661e-07 7.61159014928126e-07 7.76801982738107e-07 7.92767025359353e-07 8.09061987183668e-07 8.27613007459149e-07 8.48559977839614e-07 8.70037979439076e-07 8.91922979917581e-07 9.19842022994999e-07 9.50601020122122e-07 9.82392975856783e-07 1.01524994988722e-06 1.05297999652976e-06 1.09170002815517e-06 1.12482996428298e-06 1.15969999114895e-06 1.19815001653478e-06 1.23788004202652e-06
3.93076987847962e-07 4.00169994918542e-07 4.07391013368397e-07 4.14742999055306e-07 4.22270005628889e-07 4.29713992389225e-07 4.37289003230035e-07 4.449979940091e-07 4.53523000487621e-07 4.60968010429497e-07 4.68323008817606e-07 4.75837993008099e-07 4.83603002976452e-07 4.9149497272083e-07 4.99851012136787e-07 5.08181017266907e-07 5.1544299140005e-07 5.22808988989709e-07 5.30280999555544e-07 5.38325025445374e-07 5.46650028354634e-07 5.55102985799749e-07 5.63687990506878e-07 5.743950168835e-07 5.8517798606772e-07 5.96648987993831e-07 6.08448999628308e-07 6.20801017703343e-07 6.33402976291109e-07 6.46261980818963e-07 6.61439003124542e-07 6.78805008647032e-07 6.96568974944967e-07 7.14799000434141e-07 7.38445976367075e-07 7.64587014145945e-07 7.91656987075839e-07 8.19686022168753e-07 8.50896014981117e-07 8.83190011791157e-07 9.16713020160387e-07 9.50412015754409e-07 9.8193504527444e-07 1.01250998341129e-06
3.19151013172814e-07 3.25423997082908e-07 3.31821013332956e-07 3.37992986487734e-07 3.43527005952637e-07 3.48980989883785e-07 3.54522001089208e-07 3.60152000666858e-07 3.66057008704956e-07 3.72059986375461e-07 3.78160990521792e-07 3.84352006221889e-07 3.90615014111972e-07 3.96979999095493e-07 4.05092009714281e-07 4.12162989960052e-07 4.18099006083139e-07 4.24120997877253e-07 4.30228993764104e-07 4.37186002955059e-07 4.44514000719209e-07 4.51438012305516e-07 4.57592989278055e-07 4.65494991885862e-07 4.73532992373293e-07 4.82206019114528e-07 4.91867979235394e-07 5.01953991260962e-07 5.12246003836481e-07 5.22749019182811e-07 5.3550002121483e-07 5.50457002645999e-07 5.6411801097056e-07 5.78625986236148e-07 5.98563019593712e-07 6.20544994944794e-07 6.43334999494982e-07 6.66964012907556e-07 6.932900191714e-07 7.20656998964841e-07 7.49105993236299e-07 7.77951015606959e-07 8.05643026069447e-07 8.34322008813615e-07
2.66026006556785e-07 2.71011003860622e-07 2.76089991757544e-07 2.81263993429093e-07 2.86329992604806e-07 2.91416995423788e-07 2.96395000987104e-07 3.0114401283754e-07 3.06083990153638e-07 3.11104003003493e-07 3.16207007244884e-07 3.21424010962801e-07 3.2682200412637e-07 3.32310008843706e-07 3.37889986212758e-07 3.43039005201717e-07 3.47735010564065e-07 3.52494993194341e-07 3.57320999455624e-07 3.61909997081966e-07 3.6645698742177e-07 3.71060991710692e-07 3.75723004708561e-07 3.82232002493765e-07 3.89803005873546e-07 3.9752399061399e-07 4.05636995992609e-07 4.1464500100119e-07 4.23854004338864e-07 4.33268013466659e-07 4.43968986019172e-07 4.55378994956845e-07 4.68049989876818e-07 4.81872007185302e-07 4.98890983635647e-07 5.17479008976807e-07 5.3549700851363e-07 5.52941003206797e-07 5.72875990201283e-07 5.9543299357756e-07 6.18881017544481e-07 6.43005023448495e-07 6.67302003876102e-07 6.92517005518312e-07
2.21747001205586e-07 2.26004004844071e-07 2.29907001880747e-07 2.33809004157592e-07 2.380290027304e-07 2.42345009837663e-07 2.46739006115604e-07 2.51213009505591e-07 2.55782993008324e-07 2.60142996921786e-07 2.64410999761822e-07 2.68808008740962e-07 2.73454986654542e-07 2.78182000101879e-07 2.82992004940752e-07 2.87489996253498e-07 2.91660001039418e-07 2.95890004053945e-07 3.00181994816739e-07 3.03894012176897e-07 3.07434987689703e-07 3.11017998910756e-07 3.14641994236808e-07 3.19100990964216e-07 3.23622998621431e-07 3.28209011968283e-07 3.33383013639832e-07 3.40234009854612e-07 3.47226006169876e-07 3.54494005705419e-07 3.64154999488164e-07 3.75359007875886e-07 3.86907998972674e-07 3.99383992544244e-07 4.14466995835028e-07 4.30000000051223e-07 4.43895004309525e-07 4.60254000245186e-07 4.7850699047558e-07 4.97483995332004e-07 5.16570992203924e-07 5.34864000201196e-07 5.54037001165852e-07 5.74841010347882e-07
1.9252900074207e-07 1.95865993646294e-07 1.99260000499635e-07 2.02712996610899e-07 2.06419002779512e-07 2.10417994139789e-07 2.14568004253124e-07 2.18447993916016e-07 2.221310069217e-07 2.26183004770064e-07 2.30309993298761e-07 2.34281003486103e-07 2.37991002904892e-07 2.41760005792457e-07 2.45589006908631e-07 2.49136007823836e-07 2.52386001875493e-07 2.55678997973519e-07 2.59014996117912e-07 2.62084995483747e-07 2.65088004880454e-07 2.6812401188181e-07 2.71196000767304e-07 2.75307996844276e-07 2.79480985909686e-07 2.83719003846272e-07 2.88478986476548e-07 2.94723008664732e-07 3.01103000310832e-07 3.07622002537755e-07 3.15041006615502e-07 3.2341898759114e-07 3.32020988480508e-07 3.41983991347661e-07 3.5373500395508e-07 3.66313003041796e-07 3.79337990352724e-07 3.92826990491812e-07 4.0878799723032e-07 4.2566699676172e-07 4.41543988927151e-07 4.59299002386615e-07 4.78412005122664e-07 4.98262011205952e-07
1.68873995676222e-07 1.71381998370634e-07 1.73927006130725e-07 1.765109942653e-07 1.79329006755324e-07 1.82421999284088e-07 1.85898997528966e-07 1.89442005193996e-07 1.92908004237324e-07 1.96437994759435e-07 2.00054998344967e-07 2.03721000957557e-07 2.07018004516613e-07 2.10031998904014e-07 2.13134995874498e-07 2.1590399512661e-07 2.18406995600162e-07 2.20939000428189e-07 2.23499995399834e-07 2.26034998718205e-07 2.28580006478296e-07 2.31152995411321e-07 2.33755002909675e-07 2.3753000277793e-07 2.41365995634624e-07 2.45264999421124e-07 2.49629010795616e-07 2.55305991458954e-07 2.61113001442936e-07 2.67052001845514e-07 2.73652005944314e-07 2.80955987363996e-07 2.88454998553789e-07 2.96154013312844e-07 3.04736005318773e-07 3.13800001094933e-07 3.24179012523018e-07 3.35287012376284e-07 3.48637001934549e-07 3.62520012231471e-07 3.76955000547241e-07 3.92218993283677e-07 4.09640989573745e-07 4.26270986508825e-07
1.50478996374659e-07 1.52582003920543e-07 1.54714001610046e-07 1.56876993173682e-07 1.59383006348435e-07 1.62036002393506e-07 1.64732995244776e-07 1.67476002843614e-07 1.70039996305604e-07 1.72854001334599e-07 1.76002004081965e-07 1.79031999891777e-07 1.81581000902042e-07 1.84165998007302e-07 1.8678800017824e-07 1.89182003396127e-07 1.91338003219244e-07 1.93518005175974e-07 1.95723998785979e-07 1.9815800555989e-07 2.00691999907576e-07 2.02948001515324e-07 2.05229000016516e-07 2.08656004474506e-07 2.12141003430588e-07 2.15683002124933e-07 2.19742005924672e-07 2.24900006173812e-07 2.30178002880166e-07 2.35580998264595e-07 2.41441000525811e-07 2.47785010287771e-07 2.54295997592635e-07 2.60977998323142e-07 2.6837699351745e-07 2.76173011570791e-07 2.84195010635813e-07 2.92450010874745e-07 3.02551995901013e-07 3.1458401394957e-07 3.27095989405279e-07 3.40383991215276e-07 3.55086001491145e-07 3.70424004358938e-07
1.35812996404638e-07 1.37626003038349e-07 1.39462002834989e-07 1.41322999525073e-07 1.43581004863336e-07 1.45949002217094e-07 1.48357003126875e-07 1.50803998621996e-07 1.53111002987316e-07 1.5545400344763e-07 1.57832005243108e-07 1.60080006139651e-07 1.61852995006484e-07 1.6364600696761e-07 1.65686003583687e-07 1.67600006761859e-07 1.69334001043353e-07 1.71086000477771e-07 1.72856005065114e-07 1.75091003029593e-07 1.77505000920064e-07 1.79953005385869e-07 1.82448005148217e-07 1.8617799923959e-07 1.89998004884728e-07 1.93825997030217e-07 1.97578003735543e-07 2.02169999852231e-07 2.06869003704924e-07 2.11677004813282e-07 2.16787995555023e-07 2.22218005774266e-07 2.27783999662279e-07 2.33489004131116e-07 2.39918989564103e-07 2.46724994212855e-07 2.53724010690348e-07 2.60986013245201e-07 2.69861004653649e-07 2.79037010386674e-07 2.88526990743776e-07 3.00202998460009e-07 3.13312995103843e-07 3.26996996591333e-07
1.22028993132517e-07 1.23513004268716e-07 1.250139973763e-07 1.26534004607493e-07 1.28620001760282e-07 1.30925997154918e-07 1.33273999836092e-07 1.35663000833119e-07 1.37862997462435e-07 1.39986994440733e-07 1.42127007052295e-07 1.44121003131659e-07 1.45594995615284e-07 1.47085998492003e-07 1.48590999060616e-07 1.49955994288575e-07 1.51175001406045e-07 1.5240499351421e-07 1.53643995304265e-07 1.55367999354894e-07 1.57269994360831e-07 1.59327001370002e-07 1.61683999522211e-07 1.6525599733086e-07 1.68908002251555e-07 1.72558998201566e-07 1.76209994151577e-07 1.80986006625972e-07 1.86072000474269e-07 1.90676004763191e-07 1.95235998035059e-07 1.99953007040676e-07 2.04784996071794e-07 2.09733002520807e-07 2.1540499517414e-07 2.21438995140488e-07 2.27642999561795e-07 2.34020006928404e-07 2.41792008637276e-07 2.49822988962478e-07 2.58121986007609e-07 2.66954003791398e-07 2.76886993333392e-07 2.8866699608443e-07
1.13077000207795e-07 1.14415996677053e-07 1.15771001674148e-07 1.17142000988224e-07 1.18963001227712e-07 1.2095900103759e-07 1.22988993211948e-07 1.25053006172493e-07 1.27025998608588e-07 1.29030993889501e-07 1.31066997255402e-07 1.3296299528065e-07 1.34364000814458e-07 1.3577900404016e-07 1.37209994477416e-07 1.38505001245903e-07 1.39660997433566e-07 1.40826998062948e-07 1.42001994163365e-07 1.43660997764528e-07 1.45347001989649e-07 1.47041006925974e-07 1.48755006534884e-07 1.51441994944435e-07 1.54302000510143e-07 1.57680005941074e-07 1.61310993007646e-07 1.65534004281653e-07 1.69502001767796e-07 1.73960998495204e-07 1.78899995262327e-07 1.83856002422544e-07 1.88290997016338e-07 1.92832999346138e-07 1.97923000655464e-07 2.03298000656105e-07 2.08819002978089e-07 2.14490000871592e-07 2.21299998770519e-07 2.28326996420947e-07 2.3557799977425e-07 2.43323000859164e-07 2.52141006740203e-07 2.61279012647719e-07
1.04782003518267e-07 1.05989997223332e-07 1.07212002831147e-07 1.08447999025429e-07 1.10031997735405e-07 1.11752001430432e-07 1.1349899864399e-07 1.15273998346765e-07 1.17041999203593e-07 1.18838002549637e-07 1.20661994174043e-07 1.22374999023123e-07 1.23693993714369e-07 1.25027000308364e-07 1.26374004594254e-07 1.2757600131863e-07 1.28625998740972e-07 1.29685005845204e-07 1.30752994209615e-07 1.32205002500996e-07 1.33799005652691e-07 1.3541300347697e-07 1.37046995973833e-07 1.39744997795788e-07 1.42275993653129e-07 1.44818997682705e-07 1.47557003060683e-07 1.5117700513656e-07 1.55147006353218e-07 1.59134003752115e-07 1.62955998916914e-07 1.673309952821e-07 1.72152994082353e-07 1.76932005047092e-07 1.81865004833526e-07 1.86647994837585e-07 1.9155700670126e-07 1.96596005253014e-07 2.02549998107315e-07 2.08686998348639e-07 2.15008995496646e-07 2.21790003251954e-07 2.29611998747714e-07 2.37709997463753e-07
