results/Predictions/Median/Aalenian.asc
NCOLS 360 
NROWS 180 
XLLCORNER -180 
YLLCORNER -90 
CELLSIZE 1 
NODATA_value -3.4e+38 
[rows 120 to 139 of 180, columns 0 to 43 of 360]
0.000402762001613155 0.000402843987103552 0.000402959994971752 0.000402851990656927 0.00040285600698553 0.000403142999857664 0.000403431011363864 0.000403718993766233 0.000404474005335942 0.000404824008001015 0.000406525010475889 0.00040701701072976 0.00040734201320447 0.000407668005209416 0.000407993997214362 0.000408616993809119 0.000409514992497861 0.000410803011618555 0.000413055007811636 0.000414225010899827 0.000415276997955516 0.000416622002376243 0.000418876006733626 0.000420961005147547 0.000422937009716406 0.000424300989834592 0.000426868995418772 0.000428174011176452 0.000429105013608932 0.000431365013355389 0.000432021013693884 0.000432486995123327 0.000433578999945894 0.000435761001426727 0.00043891801033169 0.000442040007328615 0.000445003999629989 0.000446101010311395 0.000446426012786105 0.000446752004791051 0.000447078986326233 0.000447389000328258 0.00044802000047639 0.000449504994321615
0.000389249995350838 0.00038982299156487 0.000390044006053358 0.00038997401134111 0.000390409986721352 0.000391015986679122 0.000391623005270958 0.00039223101339303 0.000392559013562277 0.000392735993955284 0.000392913992982358 0.000393086986150593 0.000393244001315907 0.00039340098737739 0.000393558002542704 0.000394253991544247 0.000396296993130818 0.000397585012251511 0.000398653995944187 0.000402128003770486 0.000404568010708317 0.000407392013585195 0.000410236010793597 0.000411613000323996 0.000412216002587229 0.000412819994380698 0.000415493006585166 0.000418500014347956 0.000420199998188764 0.000422229990363121 0.000424352008849382 0.00042572699021548 0.000427043996751308 0.000429050996899605 0.000429884006734937 0.000431346998084337 0.000433234992669895 0.00043513099080883 0.000435994006693363 0.000436859001638368 0.000437265989603475 0.000437823007814586 0.000439733994426206 0.000441651995060965
0.00036939000710845 0.000370672991266474 0.000371372007066384 0.000371458998415619 0.000372404989320785 0.00037332798819989 0.000374254013877362 0.000374797004042193 0.000375334988348186 0.000375436997273937 0.000375976989744231 0.000376837997464463 0.00037810200592503 0.000378872995497659 0.000379645003704354 0.00038068401045166 0.000383609003620222 0.000386005005566403 0.000388309010304511 0.000389310007449239 0.000391231005778536 0.000393700000131503 0.000394109985791147 0.000394464994315058 0.000395043985918164 0.000398236006731167 0.000399473996367306 0.000401188997784629 0.000403787998948246 0.000408297986723483 0.000412074004998431 0.000413639994803816 0.000414223992265761 0.000414809008361772 0.000416319991927594 0.000418634008383378 0.000420959986513481 0.00042213499546051 0.000422865996370092 0.000423597986809909 0.000424330995883793 0.00042504898738116 0.00042597801075317 0.000427794991992414
0.000317764992360026 0.000318300997605547 0.000318837002851069 0.000319373997626826 0.000320530991302803 0.000321972998790443 0.000323927000863478 0.000327063986333087 0.000329817004967481 0.000332594005158171 0.000335393997374922 0.000338304002070799 0.000341503997333348 0.000344733998645097 0.000347210996551439 0.000349203997757286 0.000351252994732931 0.000353058014297858 0.000356389005901292 0.000360940990503877 0.000364073988748714 0.000365707994205877 0.000367850996553898 0.000373779999790713 0.000376593990949914 0.000377741002012044 0.000380428013158962 0.000383359991246834 0.000385947991162539 0.000388554006349295 0.000390803004847839 0.000392690009903163 0.000393991998862475 0.00039436700171791 0.000394706992665306 0.000396329996874556 0.000398401985876262 0.000400483986595646 0.000401814002543688 0.000403148005716503 0.000405091006541625 0.000407304003601894 0.000410020991694182 0.000411818007705733
0.000267880008323118 0.00026974399224855 0.000271622004220262 0.000273512996500358 0.000275091006187722 0.000276409002253786 0.000278891006018966 0.000282002001767978 0.000284325011307374 0.000286666996544227 0.000288751005427912 0.000289635005174205 0.000290528987534344 0.00029256398556754 0.000296395010082051 0.00029860800714232 0.000302984990412369 0.000307745998725295 0.000308782007778063 0.000312299001961946 0.000317194993840531 0.000322167994454503 0.000326509994920343 0.000329280999721959 0.000334112002747133 0.000337381003191695 0.000339574995450675 0.00034242300898768 0.000348881003446877 0.000354744988726452 0.000356770993676037 0.000358738994691521 0.000360717007424682 0.000364400999387726 0.000369040993973613 0.000372006004909053 0.000374380004359409 0.000376765994587913 0.000379276985768229 0.000381799996830523 0.00038433400914073 0.000386819010600448 0.000389085005735978 0.000391017005313188
0.000226531003136188 0.000228232005611062 0.000229518002015539 0.000230812001973391 0.000232432998018339 0.000234113002079539 0.00023521100229118 0.000236313993809745 0.000238095002714545 0.000240780995227396 0.000243381000473164 0.000245373987127095 0.000247443997068331 0.000249395001446828 0.000250985991442576 0.000252702011493966 0.000254546001087874 0.000256402010563761 0.000258270010817796 0.000260516011621803 0.000263931986410171 0.000269162002950907 0.000272478995611891 0.000276484002824873 0.000281395012279972 0.000283309986116365 0.000288306997390464 0.000294241006486118 0.000299470004392788 0.000301344000035897 0.000304610992316157 0.00030967200291343 0.000314817007165402 0.000317928992444649 0.000323388987453654 0.000327471003402025 0.000329573987983167 0.000331690011080354 0.000333684001816437 0.00033588899532333 0.000339071004418656 0.00034398800926283 0.000348722998751327 0.000350284011801705
0.000176340996404178 0.000177957001142204 0.000179373004357331 0.000180799994268455 0.000182748000952415 0.000184834992978722 0.000186945995665155 0.000189080004929565 0.000191828003153205 0.000194616004591808 0.000197443994693458 0.000199799003894441 0.000202027993509546 0.000204160998691805 0.00020568999752868 0.000207225995836779 0.000209962003282271 0.000211306993151084 0.000214083993341774 0.000215759995626286 0.000217520995647646 0.000219296998693608 0.000221087000682019 0.000224489005631767 0.000229140001465566 0.000233888000366278 0.000238783002714626 0.000243928996496834 0.000247755000600591 0.000251234014285728 0.000255880993790925 0.000259543012361974 0.000263161986367777 0.000267369992798194 0.000270452001132071 0.000273576995823532 0.000277765007922426 0.000281496002571657 0.000284646986983716 0.000287569011561573 0.000292965996777639 0.000296159007120878 0.000299934996291995 0.000302016007481143
0.000137846000143327 0.000138746996526606 0.000139655006933026 0.00014087199815549 0.000143080003908835 0.00014449299487751 0.000145623998832889 0.000146602993481793 0.000148117003845982 0.000149409999721684 0.000150715000927448 0.000152010994497687 0.000153733999468386 0.000154701003339142 0.000155789006385021 0.000158380003995262 0.000161402000230737 0.000163491000421345 0.000165606994414702 0.000168247002875432 0.000171096995472908 0.000174653992871754 0.000178924005012959 0.000181777999387123 0.00018382900452707 0.000187372002983466 0.000191109997103922 0.000195250002434477 0.000198724999791011 0.000203567993594334 0.000207096003578044 0.00021007600298617 0.000213314997381531 0.000217220003833063 0.000221163005335256 0.000225451003643684 0.000232150006922893 0.000235639992752112 0.000239247994613834 0.000243122995016165 0.00024727001436986 0.000251635006861761 0.000254796002991498 0.000259896012721583
0.000110455002868548 0.000110975997813512 0.00011149999772897 0.000112027002614923 0.000112829999125097 0.000113729998702183 0.000114638001832645 0.000115356000605971 0.00011690200335579 0.000118468000437133 0.000119905998872127 0.000121026998385787 0.000122283992823213 0.000123553996672854 0.000124836995382793 0.000126259998069145 0.000127829000120983 0.000129417006974109 0.000131024004076608 0.000133199006086215 0.000135271999170072 0.000137488998007029 0.000140714997542091 0.000142819000757299 0.000144695994094945 0.000147286002174951 0.000149921004776843 0.000152648994117044 0.000155707006342709 0.00015897500270512 0.000161186995683238 0.000163446995429695 0.000165738994837739 0.000169869003002532 0.00017356600437779 0.000175698995008133 0.000177858993993141 0.000182296993443742 0.000185875003808178 0.000189066005987115 0.00019231099577155 0.000195610002265312 0.000200398993911222 0.000205959004233591
8.87288988451473e-05 8.84140972630121e-05 8.81004016264342e-05 8.78184000612237e-05 8.78115970408544e-05 8.78667997312732e-05 8.7922002421692e-05 8.79772996995598e-05 8.90254013938829e-05 9.00860977708362e-05 9.11594033823349e-05 9.23167026485316e-05 9.35334028326906e-05 9.45182982832193e-05 9.51948022702709e-05 9.59535973379388e-05 9.66337029240094e-05 9.73186033661477e-05 9.80084005277604e-05 9.96001035673544e-05 0.000101864003227092 0.000103518999821972 0.000105202001577709 0.000107159998151474 0.000109155000245664 0.000111551002191845 0.000113864996819757 0.000115868999273516 0.000118438998470083 0.000121065000712406 0.000123955993331037 0.000127128005260602 0.000130660002469085 0.000134639994939789 0.000137158000143245 0.000139064999530092 0.000140308999107219 0.000142179997055791 0.000144949997775257 0.000147679005749524 0.000150651001604274 0.000154060995555483 0.000156744004925713 0.000159874005476013
7.35329012968577e-05 7.2915201599244e-05 7.23026023479179e-05 7.16951981303282e-05 7.12003020453267e-05 7.0744201366324e-05 7.02909965184517e-05 6.98407966410741e-05 7.02382021700032e-05 7.06377031747252e-05 7.10395979695022e-05 7.15409987606108e-05 7.23408011253923e-05 7.3149501986336e-05 7.39671013434418e-05 7.47243975638412e-05 7.54454013076611e-05 7.61733026592992e-05 7.69081016187556e-05 7.81669004936703e-05 7.96222011558712e-05 8.11045028967783e-05 8.25359966256656e-05 8.37767001939937e-05 8.50360011099838e-05 8.6314401414711e-05 8.76159974723123e-05 8.89492002897896e-05 9.05158012756146e-05 9.25398999243043e-05 9.4461502158083e-05 9.72514972090721e-05 9.97844981611706e-05 0.000102133002656046 0.000104145998193417 0.000106831001176033 0.00010961099906126 0.00011170999641763 0.00011359500058461 0.000115921997348778 0.000117782998131588 0.000120035001600627 0.000122539000585675 0.000125095000839792
6.22221996309236e-05 6.11826981185004e-05 6.01604988332838e-05 5.91755997447763e-05 5.84957015234977e-05 5.77723003516439e-05 5.6926000979729e-05 5.60920998395886e-05 5.59957006771583e-05 5.58995998289902e-05 5.5803498980822e-05 5.58315005037002e-05 5.62327986699529e-05 5.66371018067002e-05 5.6996701459866e-05 5.74096993659623e-05 5.83500004722737e-05 5.90341987845022e-05 5.96030004089698e-05 6.06044013693463e-05 6.17679033894092e-05 6.29225032753311e-05 6.4112500695046e-05 6.55246985843405e-05 6.68725988361984e-05 6.76730996929109e-05 6.84916012687609e-05 6.93452966515906e-05 7.02096003806219e-05 7.10847016307525e-05 7.20684984116815e-05 7.31651016394608e-05 7.42784031899646e-05 7.59753020247445e-05 7.79745969339274e-05 8.04594965302385e-05 8.27312032924965e-05 8.46297989482991e-05 8.66537011461332e-05 8.77592974575236e-05 9.01879975572228e-05 9.15905984584242e-05 9.34046984184533e-05 9.48493034229614e-05
5.19403984071687e-05 5.11127982463222e-05 5.0100999942515e-05 4.90083002659958e-05 4.79369991808198e-05 4.68883990834001e-05 4.58627982879989e-05 4.47622005594894e-05 4.44383003923576e-05 4.40209005319048e-05 4.37226008216385e-05 4.35196998296306e-05 4.3574098526733e-05 4.36285008618142e-05 4.37324015365448e-05 4.40408002759796e-05 4.45275982201565e-05 4.50197003374342e-05 4.55172994406894e-05 4.62019015685655e-05 4.69582992081996e-05 4.77270004921593e-05 4.84193005831912e-05 4.9213798774872e-05 5.00214009662159e-05 5.08422999700997e-05 5.16875006724149e-05 5.25803006894421e-05 5.34883984073531e-05 5.44122995052021e-05 5.51718003407586e-05 5.59822001378052e-05 5.6804401538102e-05 5.76384009036701e-05 5.87477989029139e-05 5.99347986280918e-05 6.11458017374389e-05 6.23813029960729e-05 6.36750992271118e-05 6.53492970741354e-05 6.66798005113378e-05 6.83831021888182e-05 7.06456994521432e-05 7.23538032616489e-05
4.23763995058835e-05 4.17508999817073e-05 4.11346009059343e-05 4.05274004151579e-05 3.99183008994441e-05 3.93146983697079e-05 3.87202017009258e-05 3.78619988623541e-05 3.72748982044868e-05 3.66968997695949e-05 3.61279016942717e-05 3.56866003130563e-05 3.56052005372476e-05 3.55240008502733e-05 3.54334006260615e-05 3.53272989741527e-05 3.55898009729572e-05 3.58543002221268e-05 3.61206984962337e-05 3.64883017027751e-05 3.68930996046402e-05 3.73022994608618e-05 3.77161013602745e-05 3.83824990421999e-05 3.90604982385412e-05 3.97506009903736e-05 4.0426901250612e-05 4.1035298636416e-05 4.15797003370244e-05 4.20186006522272e-05 4.25534017267637e-05 4.3187799747102e-05 4.38317001680844e-05 4.44852994405665e-05 4.54211003670935e-05 4.64697004645132e-05 4.7575100325048e-05 4.86302014905959e-05 4.97637993248645e-05 5.07924014527816e-05 5.19153982168064e-05 5.31082005181815e-05 5.42968991794623e-05 5.54657017346472e-05
3.44916006724816e-05 3.41947998094838e-05 3.38464014930651e-05 3.34182004735339e-05 3.29196009261068e-05 3.23142994602676e-05 3.17201993311755e-05 3.12515985569917e-05 3.08558992401231e-05 3.04129007417941e-05 2.99340008496074e-05 2.94224992103409e-05 2.92434997390956e-05 2.89151994365966e-05 2.85906007775338e-05 2.85125006485032e-05 2.86790000245674e-05 2.88463998003863e-05 2.90148000203772e-05 2.92024997179396e-05 2.93976008833852e-05 2.95940008072648e-05 2.97917995339958e-05 3.01805994240567e-05 3.0574399715988e-05 3.10813011310529e-05 3.16219993692357e-05 3.20278995786794e-05 3.24389984598383e-05 3.28552996506914e-05 3.3472701034043e-05 3.39897014782764e-05 3.44820982718375e-05 3.48872999893501e-05 3.56228010787163e-05 3.63157996616792e-05 3.71353999071289e-05 3.80486017093062e-05 3.89154010917991e-05 3.98019001295324e-05 4.06473991461098e-05 4.13421985285822e-05 4.18529016315006e-05 4.25534017267637e-05
0.000026981100746 2.68405001406791e-05 2.6700599846663e-05 2.65613998635672e-05 2.64251993939979e-05 2.62391004071105e-05 2.6001200239989e-05 2.56796993198805e-05 2.53116995736491e-05 2.49517997872317e-05 2.45558003371116e-05 2.40557001234265e-05 2.37262993323384e-05 2.33252994803479e-05 2.29310007853201e-05 2.28731005336158e-05 2.30036002903944e-05 2.31491994782118e-05 2.33163991651963e-05 2.35389998124447e-05 2.3782100470271e-05 2.39866003539646e-05 2.41557991103036e-05 2.44562997977482e-05 2.47606003540568e-05 2.50687007792294e-05 2.53510006587021e-05 2.55509003181942e-05 2.57546998909675e-05 2.59793996519875e-05 2.64396003331058e-05 2.69044994638534e-05 2.72901997959707e-05 2.76830996881472e-05 2.82428009086289e-05 2.88688006548909e-05 2.95993995678145e-05 3.01630007015774e-05 3.08283997583203e-05 3.15083998430055e-05 3.21890001941938e-05 3.25809014611878e-05 3.32468007400166e-05 3.3693100704113e-05
2.05042997549754e-05 2.04649004444946e-05 2.04331008717418e-05 2.04011994355824e-05 2.03446998057188e-05 2.0262699763407e-05 2.01626007765299e-05 1.99800997506827e-05 1.98563993762946e-05 1.96684995898977e-05 1.95064003492007e-05 1.92820007214323e-05 1.90759001270635e-05 1.87993991858093e-05 1.85265998879913e-05 1.8398499378236e-05 1.84122000064235e-05 1.84398995770607e-05 1.85084991244366e-05 1.86727993423119e-05 1.88706999324495e-05 1.90706996363588e-05 1.92728002730291e-05 1.949209945451e-05 1.97288991330424e-05 2.00040994968731e-05 2.02677001652773e-05 2.04875996132614e-05 2.07099001272582e-05 2.0934499843861e-05 2.12754002859583e-05 2.16827993426705e-05 2.19413996092044e-05 2.21946993406164e-05 2.27196997002466e-05 2.33381997531978e-05 2.3892800527392e-05 2.44441998802358e-05 2.4776900318102e-05 2.50810007855762e-05 2.53944999712985e-05 2.58927993854741e-05 2.63132005784428e-05 2.66689003183274e-05
1.55064008140471e-05 1.55595007527154e-05 1.56128007802181e-05 1.5666200852138e-05 1.56884998432361e-05 1.57003996719141e-05 1.57122995005921e-05 1.57110007421579e-05 1.55484995048027e-05 1.53877008415293e-05 1.52285001604469e-05 1.50997002492659e-05 1.50805999510339e-05 1.50615996972192e-05 1.50426003528992e-05 1.50011001096573e-05 1.50677997226012e-05 1.51018002725323e-05 1.50462001329288e-05 1.5222900401568e-05 1.54284007294336e-05 1.56398000399349e-05 1.58595994435018e-05 1.60065992531599e-05 1.61595999088604e-05 1.63178992806934e-05 1.64755001605954e-05 1.66279005497927e-05 1.67816997418413e-05 1.69402992469259e-05 1.71785995917162e-05 1.74893993971637e-05 1.77892998181051e-05 1.79865000973223e-05 1.83609990926925e-05 1.86694996955339e-05 1.89843995030969e-05 1.93096002476523e-05 1.97412991838064e-05 2.01333004952176e-05 2.03998006327311e-05 2.07199991564266e-05 2.09505997190718e-05 2.11836995731574e-05
1.12275001811213e-05 1.13076002890011e-05 1.13882997538894e-05 1.14695003503584e-05 1.1527899914654e-05 1.16003002403886e-05 1.1631899724307e-05 1.16089004222886e-05 1.15225002446095e-05 1.14545000542421e-05 1.13932001113426e-05 1.13638998300303e-05 1.13912001324934e-05 1.1418599569879e-05 1.14460999611765e-05 1.15050997919752e-05 1.1596200238273e-05 1.16880000859965e-05 1.17748004413443e-05 1.19356000141124e-05 1.21134999062633e-05 1.22941000881838e-05 1.24773996503791e-05 1.26176000776468e-05 1.27594003060949e-05 1.29028003357234e-05 1.30465996335261e-05 1.31883998619742e-05 1.33317998916027e-05 1.34766996779945e-05 1.36357002702425e-05 1.38089999381918e-05 1.39844996738248e-05 1.41623004310532e-05 1.44400000863243e-05 1.47563996506506e-05 1.50715995914652e-05 1.53712007886497e-05 1.56922997121001e-05 1.60020008479478e-05 1.62120995810255e-05 1.64659995789407e-05 1.6735699318815e-05 1.70036000781693e-05
7.78720004745992e-06 7.8796801972203e-06 7.97817028796999e-06 8.07110973255476e-06 8.15176008472918e-06 8.22402034827974e-06 8.28811971587129e-06 8.34397997095948e-06 8.420220183325e-06 8.49715979711618e-06 8.52955963637214e-06 8.55260987009387e-06 8.59618012327701e-06 8.64566027303226e-06 8.7408398030675e-06 8.85510962689295e-06 8.97762038221117e-06 9.08303991309367e-06 9.188420335704e-06 9.3193903012434e-06 9.45633019000525e-06 9.59927001531469e-06 9.74233989836648e-06 9.82753044809215e-06 9.91025990515482e-06 9.99368967313785e-06 1.00862998806406e-05 1.0189999557042e-05 1.02988997241482e-05 1.04301998362644e-05 1.05689996416913e-05 1.07317000583862e-05 1.08968997665215e-05 1.10646997200092e-05 1.13020996650448e-05 1.15530001494335e-05 1.17846002467559e-05 1.20265003715758e-05 1.22574001579778e-05 1.25282003864413e-05 1.28047995531233e-05 1.30073003674624e-05 1.31986998894718e-05 1.33928997456678e-05
