results/Predictions/Median/Albian.asc
NCOLS 360 
NROWS 180 
XLLCORNER -180 
YLLCORNER -90 
CELLSIZE 1 
NODATA_value -3.4e+38 
[rows 80 to 99 of 180, columns 220 to 263 of 360]
0.521853983402252 0.522050023078918 0.530565023422241 0.531581997871399 0.526946008205414 0.516762018203735 0.0657562986016273 0.000478344009025022 0.000478517002193257 0.000477691006381065 0.000477004999993369 0.000476971996249631 0.000476952001918107 0.000476538989460096 0.00047612699563615 0.000475715001812205 0.000475968990940601 0.000475640990771353 0.000477686990052462 0.000480082002468407 0.000481786992168054 0.000483356998302042 0.000485616998048499 0.000487720011733472 0.000490411999635398 0.000493175990413874 0.0004958959762007 0.000498629990033805 0.000498785986565053 0.000498771027196199 0.000499063986353576 0.000499924004543573 0.000499262998346239 0.000498605018947273 0.000498089997563511 0.000496269029099494 0.000495238986331969 0.000498606998007745 0.000500429014209658 0.000500601017847657 0.000496138003654778 0.000494928972329944 0.000493041996378452 0.000494127976708114
0.500059008598328 0.511533975601196 0.524149000644684 0.529525995254517 0.526136994361877 0.530310988426208 0.40888699889183 0.000473549996968359 0.000478900008602068 0.000481083989143372 0.000480841990793124 0.000479585985885933 0.00048006500583142 0.00048039699322544 0.000480827991850674 0.000482575997011736 0.000484096992295235 0.000486592995002866 0.000487676996272057 0.000490467005874962 0.000492255028802902 0.000493070983793586 0.000493507017381489 0.00049461901653558 0.00049637199845165 0.000498139997944236 0.000499896996188909 0.00050165900029242 0.000501464994158596 0.000502663024235517 0.00050534401088953 0.000506369979120791 0.000507412012666464 0.000508457014802843 0.000507746997755021 0.000508756027556956 0.000509115983732045 0.000506942975334823 0.000507380987983197 0.000507546996232122 0.000506938027683645 0.000514346000272781 0.000518665998242795 0.000522908987477422
0.514356017112732 0.521193981170654 0.5312659740448 -3.4e+38 0.5191810131073 0.517041027545929 0.37923601269722 0.000907409994397312 0.0004824009956792 0.000485922006191686 0.000486870005261153 0.000487663986859843 0.000486823992105201 0.000488900986965746 0.000489956990350038 0.000495409010909498 0.000498354027513415 0.000500702008139342 0.000504526018630713 0.000507140008267015 0.000507611024659127 0.000507113989442587 0.000506618991494179 0.000506327021867037 0.000508037977851927 0.000509569013956934 0.000511104997713119 0.000513526028953493 0.000514740007929504 0.000516417028848082 0.000519534980412573 0.000519533990882337 0.000519044988323003 0.000519339984748513 0.000519628985784948 0.000521041976753622 0.000525265000760555 0.000527120020706207 0.000529358978383243 0.000530776975210756 0.000532146019395441 0.000531141005922109 0.000531825993675739 0.000532660982571542
-3.4e+38 -3.4e+38 -3.4e+38 0.519973993301392 0.519756019115448 0.516956984996796 0.437105000019073 0.315521001815796 0.000473338994197547 0.00047581599210389 0.000475426000775769 0.000474386994028464 0.00047741099842824 0.000482526986161247 0.00048923899885267 0.000490172009449452 0.000493348983582109 0.000496182008646429 0.000498775974847376 0.000502081995364279 0.000503698014654219 0.000507409975398332 0.000510230020154268 0.000512134982272983 0.00051293900469318 0.000513095001224428 0.000513632025104016 0.000516086001880467 0.000518033979460597 0.000519992026966065 0.000521702982950956 0.000527866999618709 0.00052788300672546 0.000531069992575794 0.000530118006281555 0.000530802004504949 0.000530664983671159 0.000533398997504264 0.000533163023646921 0.000530902005266398 0.000528461008798331 0.000528662989381701 0.000523782975506037 0.000521396985277534
-3.4e+38 -3.4e+38 -3.4e+38 -3.4e+38 0.52148699760437 0.520757019519806 0.496039003133774 0.415311992168427 0.000481875002151355 0.00048252398846671 0.000483515002997592 0.0004840379988309 0.000486783013911918 0.000487346987938508 0.000488088000565767 0.000491173006594181 0.000493686995469034 0.000499785994179547 0.000501632981467992 0.000503787014167756 0.000505193020217121 0.000506129988934845 0.000511361984536052 0.000520300003699958 0.000523564987815917 0.000523737980984151 0.0005261370097287 0.000527110998518765 0.000528405013028532 0.000531620986294001 0.000530374003574252 0.000531441008206457 0.000530896009877324 0.000529679993633181 0.00052745797438547 0.000525833980645984 0.000524668022990227 0.000523504975717515 0.000522201007697731 0.000519710010848939 0.000517509004566818 0.000515314983204007 0.000514339015353471 0.000514407991431653
-3.4e+38 -3.4e+38 -3.4e+38 -3.4e+38 0.532014012336731 0.526874005794525 0.518346011638641 0.398490011692047 0.00325463991612196 0.00049389700870961 0.000494271982461214 0.000493842002470046 0.00049328402383253 0.000492103979922831 0.000489956000819802 0.00049016100820154 0.000492118997499347 0.000499209971167147 0.000511277990881354 0.000513673992827535 0.000515850028023124 0.000522188027389348 0.000523407012224197 0.000521205016411841 0.000520719971973449 0.248395994305611 -3.4e+38 -3.4e+38 0.477528989315033 0.000521293026395142 0.000522018992342055 0.000522741989698261 0.000523452006746083 0.000524165981914848 0.000522611022461206 0.000522527028806508 0.000522726972121745 0.000522268994245678 0.000521095003932714 0.000520032015629113 0.000519200984854251 0.00051856302889064 0.000517924025189131 0.000517242006026208
-3.4e+38 -3.4e+38 -3.4e+38 -3.4e+38 -3.4e+38 0.537258982658386 0.530197024345398 0.481256008148193 0.507300972938538 0.000516314001288265 0.000515263003762811 0.00051524699665606 0.000514972023665905 0.000519705994520336 0.000511920021381229 0.000513035978656262 0.000513739010784775 0.000514711020514369 0.000515647989232093 0.000515646010171622 0.000517233973369002 0.000518888002261519 0.000520901987329125 0.000522922025993466 0.000524324015714228 0.000525521987583488 0.000526723975781351 0.000530635006725788 0.000778478977736086 0.551932990550995 0.552137017250061 0.000530752004124224 0.000531484023667872 0.000532008998561651 0.000529907003510743 0.0005281200283207 0.000528776028659195 0.00052884197793901 0.000527889002114534 0.00052687298739329 0.000525835028383881 0.000524798000697047 0.000523759983479977 0.00052280502859503
-3.4e+38 -3.4e+38 -3.4e+38 -3.4e+38 -3.4e+38 -3.4e+38 0.542223989963531 0.532015979290009 0.416898995637894 0.0117336995899677 0.000522446993272752 0.000529461016412824 0.000531780999153852 0.000538280000910163 0.000533514015842229 0.000518363027367741 0.000517369015142322 0.000518048007506877 0.0005187300266698 0.000519455003086478 0.000521624984685332 0.000524266972206533 0.000526921998243779 0.000529806013219059 0.000532224017661065 0.000533750979229808 0.000535282015334815 0.000536818988621235 0.000538261025212705 0.000539707019925117 0.188718006014824 0.569739997386932 0.000538458989467472 0.000538067019078881 0.000536923995241523 0.000536272011231631 0.000535544997546822 0.000534817983862013 0.000534093007445335 0.000533117970917374 0.000532881997060031 0.000531825004145503 0.000530768011230975 0.000529475975781679
-3.4e+38 -3.4e+38 -3.4e+38 -3.4e+38 -3.4e+38 -3.4e+38 0.543774008750916 0.545728027820587 0.462704986333847 0.545370995998383 0.000538215972483158 0.000545107992365956 0.000550824974197894 0.000555519014596939 0.000550670025404543 0.000538601016160101 0.000529896991793066 0.000531069992575794 0.000532955978997052 0.000533715996425599 0.000534649007022381 0.000537310028448701 0.00054066302254796 0.000544756010640413 0.0005471829790622 0.000546574010513723 0.000546609982848167 0.000546649971511215 0.000545424991287291 0.000543873000424355 0.000542661000508815 0.0033825000282377 0.000540004984941334 0.000538484018761665 0.000536967010702938 0.000535472994670272 0.000534415012225509 0.000533624028321356 0.000534147024154663 0.000534337013959885 0.00053278001723811 0.000531228026375175 0.000529680983163416 0.000528328993823379
-3.4e+38 -3.4e+38 -3.4e+38 -3.4e+38 -3.4e+38 -3.4e+38 0.54994797706604 0.549669027328491 0.534503996372223 0.445623993873596 0.000599690014496446 0.000559834996238351 0.000570900971069932 0.000578779028728604 0.00057489302707836 0.000562010973226279 0.00055438798153773 0.000555792008526623 0.000556378974579275 0.000555433973204345 0.000554671976715326 0.000554834026843309 0.000554996018763632 0.000555057020392269 0.000554271973669529 0.000552618992514908 0.000549719028640538 0.000548452022485435 0.000547208008356392 0.000545352988410741 0.00054350501159206 0.000541737012099475 0.00054019398521632 0.000538656022399664 0.000537123007234186 0.000535594997927547 0.000534828985109925 0.000535333005245775 0.000535837025381625 0.000534595979843289 0.000532625999767333 0.000530663004610687 0.000528707983903587 0.000527188996784389
-3.4e+38 -3.4e+38 -3.4e+38 -3.4e+38 -3.4e+38 -3.4e+38 -3.4e+38 0.549614012241364 0.547504007816315 0.407196998596191 0.310809999704361 0.000563513021916151 0.000576623016968369 0.000582452979870141 0.000581691972911358 0.000578262028284371 0.000573694997001439 0.000570341013371944 0.000565865018870682 0.000560395012143999 0.000556749990209937 0.000554932979866862 0.000553122023120522 0.000551317993085831 0.000548432988580316 0.000547414994798601 0.00054545298917219 0.000543498026672751 0.000542099995072931 0.000540705979801714 0.000539315980859101 0.000537929008714855 0.000536543026100844 0.000535161001607776 0.000535390980076045 0.000535765022505075 0.000535662984475493 0.000534644001163542 0.000533626996912062 0.000532008998561651 0.000530196994077414 0.000528111006133258 0.000525983981788158 0.000524441013112664
-3.4e+38 -3.4e+38 -3.4e+38 -3.4e+38 -3.4e+38 -3.4e+38 -3.4e+38 0.553156971931458 0.55155998468399 0.450951993465424 0.544858992099762 0.00055394897935912 0.000559518986847252 0.000563949986826628 0.000569942989386618 0.000571689975913614 0.000566162983886898 0.000561576976906508 0.000555949984118342 0.000550277007278055 0.000546478026080877 0.000544493028428406 0.000541662971954793 0.000540458015166223 0.000538815977051854 0.000537088024429977 0.000535601982846856 0.00053431699052453 0.000534544989932328 0.000534564023837447 0.000534042017534375 0.000533608021214604 0.000532809004653245 0.000532012025360018 0.000531215977389365 0.000530211022123694 0.000528997974470258 0.00052778801182285 0.000526581017766148 0.000524909992236644 0.000523087976034731 0.000521323992870748 0.000521499023307115 0.000521913985721767
-3.4e+38 -3.4e+38 -3.4e+38 -3.4e+38 -3.4e+38 -3.4e+38 -3.4e+38 0.555092990398407 0.549885988235474 0.451691001653671 0.488765001296997 0.014457399956882 0.000538269989192486 0.000544623995665461 0.000551508972421288 0.000557117979042232 0.00055668200366199 0.000554491998627782 0.000548348005395383 0.000540998007636517 0.000536499021109194 0.000534167978912592 0.000533278973307461 0.000531443976797163 0.000530463003087789 0.000529766024556011 0.000529071025084704 0.000528376025613397 0.00052880501607433 0.000529088021721691 0.000528734992258251 0.000528328993823379 0.000527765019796789 0.000527201977092773 0.000526638992596418 0.000525785028003156 0.000524642004165798 0.000523501017596573 0.000522362010087818 0.000521350011695176 0.000520382018294185 0.000519762979820371 0.000519712979439646 0.000520050001796335
-3.4e+38 -3.4e+38 -3.4e+38 -3.4e+38 -3.4e+38 -3.4e+38 -3.4e+38 0.551945984363556 0.549741983413696 0.437795013189316 0.391777008771896 0.557160019874573 0.000526127987541258 0.000531896017491817 0.000536680978257209 0.000538768013939261 0.000541033979970962 0.000538069987669587 0.000534565013367683 0.000532146019395441 0.000528256990946829 0.000526414019986987 0.000524576986208558 0.0005227469955571 0.000521814974490553 0.000521180976647884 0.000520548026543111 0.000519916997291148 0.000520284986123443 0.000520654022693634 0.000521023001056165 0.000521228997968137 0.000520945992320776 0.00052066397620365 0.000520382018294185 0.000520044006407261 0.000519649009220302 0.000519254012033343 0.000518859014846385 0.00051820301450789 0.000517460983246565 0.000516719010192901 0.000516513013280928 0.000516621978022158
-3.4e+38 -3.4e+38 -3.4e+38 -3.4e+38 -3.4e+38 -3.4e+38 -3.4e+38 0.549799978733063 0.550462007522583 0.420394003391266 0.458149999380112 0.533792972564697 0.000526625022757798 0.000526343006640673 0.000523450027685612 0.00052584201330319 0.000528910022694618 0.000526888994500041 0.000524875009432435 0.000522868998814374 0.000519685971084982 0.000517848005983979 0.000516017025802284 0.000514221028424799 0.000514296989422292 0.000514402985572815 0.000514509971253574 0.000514616025611758 0.000514716026373208 0.000514817016664892 0.000514918006956577 0.000515003979671746 0.000515050021931529 0.000515095016453415 0.000515140010975301 0.000515168008860201 0.000515179999638349 0.000515191000886261 0.000515202002134174 0.000515233026817441 0.000515268999151886 0.000515306019224226 0.000515342981088907 0.00051541900029406
-3.4e+38 -3.4e+38 -3.4e+38 -3.4e+38 -3.4e+38 -3.4e+38 0.545749008655548 0.545641005039215 0.543376982212067 0.457507014274597 0.546208024024963 0.53354799747467 0.0324295982718468 0.000520604022312909 0.000516345025971532 0.000513527018483728 0.000516175990924239 0.000514001992996782 0.000512421014718711 0.000512666010763496 0.000512817001435906 0.000512872007675469 0.000512927013915032 0.000512982020154595 0.000513033999595791 0.000513106002472341 0.000513266015332192 0.000513426028192043 0.000513462990056723 0.000513499020598829 0.000513534992933273 0.000513552979100496 0.000513518985826522 0.000513484992552549 0.000513485982082784 0.000513500010129064 0.000513499020598829 0.000513496983330697 0.000513495993800461 0.00051352201262489 0.000513557984959334 0.00051359401550144 0.000513629987835884 0.000513688020873815
-3.4e+38 -3.4e+38 -3.4e+38 -3.4e+38 -3.4e+38 0.552366971969604 0.546139001846313 0.548846006393433 0.542115986347198 0.52928501367569 0.549045979976654 0.53887802362442 0.536453008651733 0.000515902007464319 0.000513294013217092 0.000511138990987092 0.000510420999489725 0.000510541023686528 0.000510660000145435 0.000510780024342239 0.000510853016749024 0.000510878977365792 0.000510910002049059 0.000511131016537547 0.000511262973304838 0.000511365011334419 0.00051146699115634 0.00051156897097826 0.00051158299902454 0.00051159702707082 0.000511611986439675 0.00051160401199013 0.00051153200911358 0.000511459016706795 0.000511386024300009 0.000511326012201607 0.000511277001351118 0.000511228980030864 0.000511203019414097 0.000511241029016674 0.000511288992129266 0.00051133701344952 0.000511384976562113 0.000511443009600043
-3.4e+38 -3.4e+38 -3.4e+38 -3.4e+38 -3.4e+38 -3.4e+38 -3.4e+38 0.551213979721069 0.544525027275085 0.49897500872612 0.548159003257751 0.544474005699158 0.50839900970459 0.000669427972752601 0.000512388010974973 0.000508767028804868 0.00050892197759822 0.000508918019477278 0.000508914003148675 0.000508909986820072 0.00050890602869913 0.000509099976625293 0.000509304984007031 0.000509509991388768 0.000509594974573702 0.000509640027303249 0.000509683974087238 0.000509729026816785 0.000509721983689815 0.000509715988300741 0.000509709003381431 0.000509675999637693 0.000509564997628331 0.000509453995618969 0.000509342993609607 0.000509257020894438 0.000509197008796036 0.000509136996697634 0.000509076984599233 0.000509037985466421 0.000509042001795024 0.000509102013893425 0.000509162025991827 0.000509219011291862
-3.4e+38 -3.4e+38 -3.4e+38 -3.4e+38 -3.4e+38 -3.4e+38 -3.4e+38 0.546339988708496 0.547836005687714 0.543846011161804 0.547699987888336 0.547922015190125 0.547608017921448 0.531723022460938 0.000514966028276831 0.000511110993102193 0.000507780991028994 0.000506694021169096 0.000506661017425358 0.00050662801368162 0.000506868003867567 0.000507019984070212 0.000507170974742621 0.000507323013152927 0.000507356016896665 0.000507348973769695 0.00050734297838062 0.000507335993461311 0.000507274002302438 0.00050721102161333 0.000507148972246796 0.00050706701586023 0.000506927026435733 0.000506786978803575 0.000506646989379078 0.000506540993228555 0.000506468990352005 0.000506396987475455 0.000506406999193132 0.000506456010043621 0.000506513984873891 0.000506572017911822 0.000506629992742091 0.000506689015310258
-3.4e+38 -3.4e+38 -3.4e+38 -3.4e+38 -3.4e+38 -3.4e+38 -3.4e+38 0.550157010555267 0.548686027526855 0.548030972480774 0.547241985797882 0.546629011631012 0.544874012470245 0.542923986911774 0.000517559994477779 0.000514599028974771 0.000511932012159377 0.000510107027366757 0.000508289027493447 0.000507595017552376 0.000507735006976873 0.000507872027810663 0.000508008990436792 0.000508145021740347 0.00050830002874136 0.000508460972923785 0.000508620985783637 0.000508781988173723 0.000508830009493977 0.00050887797260657 0.000508925004396588 0.000508956029079854 0.0005089360056445 0.000508915982209146 0.000508896016981453 0.000508856028318405 0.00050889200065285 0.00050918897613883 0.000509542995132506 0.00050983001710847 0.000510094978380948 0.000510359997861087 0.000510625017341226 0.00051071698544547
