results/Predictions/Median/Albian.asc
NCOLS 360 
NROWS 180 
XLLCORNER -180 
YLLCORNER -90 
CELLSIZE 1 
NODATA_value -3.4e+38 
[rows 20 to 39 of 180, columns 308 to 351 of 360]
-3.4e+38 -3.4e+38 -3.4e+38 -3.4e+38 -3.4e+38 -3.4e+38 -3.4e+38 -3.4e+38 -3.4e+38 -3.4e+38 -3.4e+38 -3.4e+38 -3.4e+38 -3.4e+38 -3.4e+38 -3.4e+38 -3.4e+38 -3.4e+38 -3.4e+38 -3.4e+38 -3.4e+38 -3.4e+38 -3.4e+38 -3.4e+38 -3.4e+38 -3.4e+38 -3.4e+38 -3.4e+38 -3.4e+38 -3.4e+38 -3.4e+38 0.000487987010274082 0.000476590998005122 0.000432141008786857 0.00037039999733679 0.000329756003338844 0.000282205990515649 5.53161999050644e-06 1.22087001841464e-07 1.26827004010011e-07 1.31752003085239e-07 1.4922099467185e-07 1.72800994846511e-07 1.96371999550138e-07
-3.4e+38 -3.4e+38 -3.4e+38 -3.4e+38 -3.4e+38 -3.4e+38 -3.4e+38 -3.4e+38 -3.4e+38 -3.4e+38 -3.4e+38 -3.4e+38 -3.4e+38 -3.4e+38 -3.4e+38 -3.4e+38 -3.4e+38 -3.4e+38 -3.4e+38 -3.4e+38 -3.4e+38 -3.4e+38 -3.4e+38 -3.4e+38 0.000316507997922599 0.000325642002280802 0.00034407401108183 0.000368219014490023 0.000408052001148462 0.00044368501403369 0.000444458011770621 0.000440864008851349 0.000325127999531105 6.90352972014807e-05 1.11756999103818e-05 2.72882004992425e-07 1.47124993077341e-07 1.38293998475092e-07 1.4776000512029e-07 1.57876002049306e-07 1.68680998058335e-07 1.90486005635648e-07 2.14859994684957e-07 2.42021002350157e-07
-3.4e+38 -3.4e+38 -3.4e+38 -3.4e+38 -3.4e+38 -3.4e+38 -3.4e+38 -3.4e+38 -3.4e+38 -3.4e+38 -3.4e+38 -3.4e+38 -3.4e+38 -3.4e+38 -3.4e+38 -3.4e+38 -3.4e+38 -3.4e+38 -3.4e+38 -3.4e+38 0.000316096993628889 0.000272637000307441 0.000186057004611939 7.15100031811744e-05 2.92957993224263e-05 2.72805991698988e-05 1.99889000214171e-05 1.02811000033398e-05 6.95224980518105e-06 2.8235499485163e-06 8.43186001020513e-07 2.59116006873228e-07 1.98465002654302e-07 1.81382006303465e-07 1.78698002173405e-07 1.74933006746869e-07 1.67859994348873e-07 1.69580999909158e-07 1.79946994194324e-07 1.90950004252954e-07 2.01980000724689e-07 2.26818002602158e-07 2.60125005979717e-07 3.02416992781218e-07
-3.4e+38 -3.4e+38 -3.4e+38 -3.4e+38 -3.4e+38 -3.4e+38 -3.4e+38 -3.4e+38 -3.4e+38 -3.4e+38 -3.4e+38 -3.4e+38 -3.4e+38 -3.4e+38 -3.4e+38 -3.4e+38 -3.4e+38 -3.4e+38 0.000408838008297607 0.000382669997634366 0.00032498300424777 4.42907985416241e-05 6.12421990808798e-06 1.4745600083188e-06 1.09161999262142e-06 5.52578001133952e-07 3.54782002887077e-07 3.08356987943625e-07 2.66597993459072e-07 2.52098999453665e-07 2.51214004265421e-07 2.47555988153181e-07 2.43225002805048e-07 2.30623001584718e-07 2.32621005125111e-07 2.25207003268224e-07 2.18034003296452e-07 2.17549001035877e-07 2.28751005693084e-07 2.42209011958039e-07 2.5784700596887e-07 2.83797987776779e-07 3.21232988653719e-07 3.63249000656651e-07
-3.4e+38 -3.4e+38 -3.4e+38 -3.4e+38 -3.4e+38 -3.4e+38 -3.4e+38 -3.4e+38 -3.4e+38 -3.4e+38 -3.4e+38 -3.4e+38 -3.4e+38 -3.4e+38 -3.4e+38 -3.4e+38 0.000407363986596465 0.000418584008002654 0.000421475997427478 0.000406848004786298 0.000210736994631588 1.28292003864772e-05 4.50661985951228e-07 2.92271010948753e-07 2.57497987377064e-07 2.61466993833892e-07 2.70671989710536e-07 2.86312996422566e-07 2.97924003689332e-07 3.07789008502368e-07 3.12830991333612e-07 3.04731003097913e-07 3.03211010077575e-07 2.97041992780578e-07 2.89826999733123e-07 2.82607999224638e-07 2.77043994856285e-07 2.81621993281078e-07 2.97789000569537e-07 3.16751993523212e-07 3.36923989152638e-07 3.65413995950803e-07 3.98670010781643e-07 4.32796014138148e-07
-3.4e+38 -3.4e+38 -3.4e+38 -3.4e+38 -3.4e+38 -3.4e+38 -3.4e+38 -3.4e+38 -3.4e+38 -3.4e+38 -3.4e+38 -3.4e+38 -3.4e+38 -3.4e+38 -3.4e+38 0.00051838398212567 0.000489663972984999 0.000466150988359004 0.000461512012407184 0.000448306003818288 0.000220108995563351 4.29870988227776e-06 3.11316995293964e-07 2.52710009363e-07 2.71456002565174e-07 3.10263004621447e-07 3.3122000786534e-07 3.4737598753054e-07 3.53643997641484e-07 3.68769008218806e-07 3.62592999181288e-07 3.64669006103213e-07 3.64226991678152e-07 3.64113986961456e-07 3.5863499192601e-07 3.54838988414485e-07 3.52307012008168e-07 3.59708991481966e-07 3.79316986709455e-07 4.00921010168531e-07 4.2444500536476e-07 4.51146007662828e-07 4.8046598521978e-07 5.08416007960477e-07
-3.4e+38 -3.4e+38 -3.4e+38 -3.4e+38 -3.4e+38 -3.4e+38 -3.4e+38 -3.4e+38 -3.4e+38 -3.4e+38 -3.4e+38 -3.4e+38 -3.4e+38 -3.4e+38 -3.4e+38 0.00056417501764372 0.000554630998522043 0.000555165985133499 0.00056508497800678 0.000556517974473536 0.000320316001307219 6.28162979410263e-06 2.88980004370387e-07 2.8034699539603e-07 3.15644001602777e-07 3.51518991692501e-07 3.7624099036293e-07 3.9507600035904e-07 4.05135011760649e-07 4.24538995957846e-07 4.1954299945246e-07 4.28528011298113e-07 4.33239989661161e-07 4.36406992321281e-07 4.36372005196972e-07 4.35001993537298e-07 4.33637012520194e-07 4.43511993353241e-07 4.66225998252412e-07 4.9123798362416e-07 5.15868009642872e-07 5.38997028343147e-07 5.67311019494809e-07 5.92893002249184e-07
-3.4e+38 -3.4e+38 -3.4e+38 -3.4e+38 -3.4e+38 -3.4e+38 -3.4e+38 -3.4e+38 -3.4e+38 -3.4e+38 -3.4e+38 -3.4e+38 -3.4e+38 -3.4e+38 -3.4e+38 0.000540454988367856 0.000579926010686904 0.000632664014119655 0.000693103997036815 0.000696416012942791 0.000619367987383157 1.52642005559755e-05 3.07550010347768e-07 3.35625998104661e-07 3.7087698956384e-07 4.01095007873664e-07 4.27439999839407e-07 4.51986011285044e-07 4.64832993429809e-07 4.8707198629927e-07 4.91418973069813e-07 5.05383013660321e-07 5.13664019763382e-07 5.20559979122481e-07 5.26283997714927e-07 5.31557020622131e-07 5.36785989879718e-07 5.49982019037998e-07 5.74716011669807e-07 6.01929002641555e-07 6.2993098026709e-07 6.51916991500912e-07 6.70250017265062e-07 6.95587004884146e-07
-3.4e+38 -3.4e+38 -3.4e+38 -3.4e+38 -3.4e+38 -3.4e+38 -3.4e+38 -3.4e+38 -3.4e+38 -3.4e+38 -3.4e+38 -3.4e+38 -3.4e+38 -3.4e+38 -3.4e+38 0.000511599995661527 0.000508543977048248 0.000498894019983709 0.000506734009832144 0.000526590971276164 0.000527260010130703 3.04067998513347e-05 2.75001013960718e-07 3.06208988831713e-07 3.41559001526548e-07 4.00794988308917e-07 4.46482005145299e-07 4.83182020616368e-07 5.10452991875354e-07 5.41549013632903e-07 5.5998498282861e-07 5.78063975353871e-07 5.92813023558847e-07 6.09256971983996e-07 6.23376024577738e-07 6.34663024356996e-07 6.46131979920028e-07 6.64127014715632e-07 6.89195985614788e-07 7.17293971774779e-07 7.4320900012026e-07 7.6766298207076e-07 7.93125991549459e-07 8.19433012111404e-07
-3.4e+38 -3.4e+38 -3.4e+38 -3.4e+38 -3.4e+38 -3.4e+38 -3.4e+38 -3.4e+38 -3.4e+38 -3.4e+38 -3.4e+38 -3.4e+38 -3.4e+38 -3.4e+38 0.000490319973323494 0.000464007986010984 0.000407596991863102 0.000367520988220349 0.000366629014024511 0.000393557013012469 0.0004297069972381 0.000243005997617729 2.48949987735614e-07 2.81163011095487e-07 3.3271300026172e-07 3.91230003060627e-07 4.57242009588299e-07 5.16069007971964e-07 5.67088989100739e-07 6.06270020853117e-07 6.35631010936777e-07 6.60765010707109e-07 6.93103004323348e-07 7.16362023922557e-07 7.31398017705942e-07 7.50936010263104e-07 7.67775020449335e-07 7.92264984283975e-07 8.22369997877104e-07 8.50572973831731e-07 8.77058027981548e-07 9.00146972071525e-07 9.24999994822429e-07 9.53202004438936e-07
-3.4e+38 -3.4e+38 -3.4e+38 -3.4e+38 -3.4e+38 -3.4e+38 -3.4e+38 -3.4e+38 -3.4e+38 -3.4e+38 -3.4e+38 -3.4e+38 0.00048835901543498 0.000498301989864558 0.000499663001392037 0.000419301999500021 0.000371481000911444 0.000347991997841746 0.000323296990245581 0.000383653998142108 0.000423251010943204 0.000488399004098028 2.79490990351405e-07 2.98684994959331e-07 3.52363002775746e-07 4.07963995030514e-07 4.87973977669753e-07 5.56924987904495e-07 6.26965004357771e-07 6.74514012644067e-07 7.15780004156841e-07 7.51317998037848e-07 8.06256991836563e-07 8.3811102058462e-07 8.61968999288365e-07 8.85093015767779e-07 9.09518973912782e-07 9.3914002263773e-07 9.72579982772004e-07 1.00149998161214e-06 1.03125000805449e-06 1.05844003428501e-06 1.08800998077641e-06 1.11687995740795e-06
-3.4e+38 -3.4e+38 -3.4e+38 -3.4e+38 -3.4e+38 -3.4e+38 -3.4e+38 -3.4e+38 -3.4e+38 -3.4e+38 0.000475387001642957 0.000494735024403781 0.00050797697622329 0.000501316972076893 0.00049402000149712 0.000430796993896365 0.000380706012947485 -3.4e+38 -3.4e+38 0.000411476008594036 0.000476907007396221 0.000596164027228951 3.10916993839783e-06 3.50841986573869e-07 3.97706003241183e-07 4.56105993862366e-07 5.30757006345084e-07 6.09355026881531e-07 6.86319026499405e-07 7.4737198474395e-07 8.04054991476733e-07 8.50553021791711e-07 9.183580118588e-07 9.66473976404814e-07 9.94163997347641e-07 1.03335003132088e-06 1.06188997506251e-06 1.09820996385679e-06 1.13471003260202e-06 1.17090996809566e-06 1.20673996661935e-06 1.24402004075819e-06 1.2798600437236e-06 1.318039949183e-06
-3.4e+38 -3.4e+38 -3.4e+38 -3.4e+38 -3.4e+38 -3.4e+38 -3.4e+38 -3.4e+38 -3.4e+38 0.000480195012642071 0.000475659995572641 0.000501592003274709 0.000509187986608595 0.000502332986798137 0.000499891000799835 0.000498940993566066 0.000504727999214083 -3.4e+38 -3.4e+38 0.00106516003143042 0.000939703022595495 0.000919399026315659 0.000130783999338746 4.23529996851357e-07 4.49601998298021e-07 5.093190225125e-07 5.86695989568398e-07 6.66763014578464e-07 7.59967008434614e-07 8.38631024180359e-07 9.06698971903097e-07 9.64902028499637e-07 1.04604998796276e-06 1.10782002593623e-06 1.14775002657552e-06 1.19554999855609e-06 1.24815005619894e-06 1.283860001422e-06 1.32917000428279e-06 1.37136999001086e-06 1.42466001307184e-06 1.47294997532299e-06 1.52181996782019e-06 1.56110002080823e-06
-3.4e+38 -3.4e+38 -3.4e+38 -3.4e+38 -3.4e+38 -3.4e+38 -3.4e+38 -3.4e+38 -3.4e+38 0.000477881985716522 0.000482497009215876 0.000498508976306766 0.000494252017233521 0.000500969996210188 0.000495586020406336 0.000494311971124262 0.000507407006807625 -3.4e+38 -3.4e+38 0.00111734995152801 0.00107137998566031 0.00108686997555196 0.000988850020803511 4.8827899945536e-07 5.21518018103961e-07 2.66675010607287e-06 6.45172974600428e-07 7.2633099534869e-07 8.31424017633253e-07 9.25573999666085e-07 1.00011004633416e-06 1.07664004644903e-06 1.15952002488484e-06 1.24560995118372e-06 1.29288002881367e-06 1.35726997996244e-06 1.43529996421421e-06 1.49691004480701e-06 1.56178998622636e-06 1.62241997259116e-06 1.69932002336282e-06 1.76906996784965e-06 1.82024996320251e-06 1.87291004749568e-06
-3.4e+38 -3.4e+38 -3.4e+38 -3.4e+38 -3.4e+38 -3.4e+38 -3.4e+38 -3.4e+38 -3.4e+38 0.000484159012557939 0.000480316986795515 0.000479001988423988 0.000490068981889635 0.000491318991407752 0.000483398995129392 0.000487012002849951 0.000504871015436947 -3.4e+38 -3.4e+38 0.00120192999020219 0.00120684003923088 0.00121770997066051 0.000183846001164056 5.79996992655651e-07 0.000364253006409854 -3.4e+38 7.06149023699254e-07 7.94172990481457e-07 9.1027101234431e-07 1.04048001503543e-06 1.11904000732466e-06 1.20361994504492e-06 1.29000000015367e-06 1.38918994707637e-06 1.46424997637951e-06 1.55762995746045e-06 1.64648997724726e-06 1.7431999594919e-06 1.82808003046375e-06 1.92474999494152e-06 2.02280989469728e-06 2.10983989745728e-06 2.18850004785054e-06 2.27516989070864e-06
-3.4e+38 -3.4e+38 -3.4e+38 -3.4e+38 -3.4e+38 -3.4e+38 -3.4e+38 -3.4e+38 -3.4e+38 0.000477068999316543 0.000462008989416063 0.000485303986351937 0.000524948991369456 0.000564365007448941 0.000594600976910442 0.000776403991039842 0.00105226004961878 -3.4e+38 0.0016789500368759 0.00160666997544467 0.00155317003373057 0.00148261000867933 1.46469001265359e-05 6.49523997253709e-07 -3.4e+38 0.000803505012299865 7.58059002237133e-07 8.48843001222122e-07 9.71646954894823e-07 1.11519000256521e-06 1.25950998608459e-06 1.34079004965315e-06 1.43709996791586e-06 1.54369001847954e-06 1.66119002642517e-06 1.78764003067045e-06 1.91690992323856e-06 2.0638099158532e-06 2.19367007048277e-06 2.32988008974644e-06 2.45273008658842e-06 2.56855992120109e-06 2.68552003035438e-06 2.78358993455186e-06
-3.4e+38 -3.4e+38 -3.4e+38 -3.4e+38 -3.4e+38 -3.4e+38 -3.4e+38 -3.4e+38 -3.4e+38 -3.4e+38 -3.4e+38 0.000530757009983063 0.00063313398277387 0.000729780993424356 0.000814390019513667 0.000998517964035273 -3.4e+38 -3.4e+38 0.00163564004469663 0.00160594005137682 0.00160524004604667 0.00161064998246729 6.73276986162819e-07 6.69971996103413e-07 -3.4e+38 1.03904994830373e-06 7.93083017924801e-07 8.86658995113976e-07 1.01119996998023e-06 1.15535999611893e-06 1.32855996071157e-06 1.50776997998037e-06 1.62733999786724e-06 1.75334002960881e-06 1.88137994427962e-06 2.07470998248027e-06 2.27311988965084e-06 2.4858500182745e-06 2.67940004050615e-06 2.87732996184786e-06 3.05272010336921e-06 3.21016000270902e-06 3.36578000315058e-06 3.52901997757726e-06
-3.4e+38 -3.4e+38 -3.4e+38 -3.4e+38 -3.4e+38 -3.4e+38 -3.4e+38 -3.4e+38 -3.4e+38 -3.4e+38 -3.4e+38 -3.4e+38 -3.4e+38 0.00109843001700938 0.00091235397849232 -3.4e+38 -3.4e+38 0.00145453994628042 0.00153041002340615 0.00156789994798601 0.00161819998174906 0.000126639002701268 6.91755019488483e-07 1.22972994631709e-06 -3.4e+38 0.00141319003887475 8.25360984890722e-07 9.28848976400332e-07 1.0523999662837e-06 1.19701996936783e-06 1.38907000746258e-06 1.60282002070744e-06 1.81273003363458e-06 2.00130989469471e-06 2.21003006117826e-06 2.4185799247789e-06 2.65053995462949e-06 2.97107999358559e-06 3.27607995131984e-06 3.5609700717032e-06 3.80965002477751e-06 4.04714000978856e-06 4.2629999370547e-06 4.50628022008459e-06
-3.4e+38 -3.4e+38 -3.4e+38 -3.4e+38 -3.4e+38 -3.4e+38 -3.4e+38 -3.4e+38 -3.4e+38 -3.4e+38 -3.4e+38 -3.4e+38 -3.4e+38 0.00138879998121411 0.00129693001508713 -3.4e+38 -3.4e+38 0.00194271001964808 0.00199814001098275 0.00215864996425807 0.00036120499134995 1.03617003333056e-06 1.06108996078547e-06 -3.4e+38 -3.4e+38 0.000188339996384457 1.16600995170302e-06 1.29589000152919e-06 1.44025000281545e-06 1.60442004926153e-06 1.85481997050374e-06 2.10588996196748e-06 2.43135991695453e-06 2.69110000772343e-06 3.02662010653876e-06 3.33214006786875e-06 3.68475002687774e-06 4.12209010391962e-06 4.60416003988939e-06 5.0195299081679e-06 5.38810991201899e-06 5.71310010855086e-06 6.02461977905477e-06 6.33733998256503e-06
-3.4e+38 -3.4e+38 -3.4e+38 -3.4e+38 -3.4e+38 -3.4e+38 -3.4e+38 -3.4e+38 -3.4e+38 -3.4e+38 -3.4e+38 -3.4e+38 -3.4e+38 0.00170203996822238 -3.4e+38 -3.4e+38 0.00219813990406692 0.00230741989798844 0.00245435000397265 0.000148450999404304 1.39025996759301e-06 1.53517999024189e-06 1.62518995239225e-06 0.00360374990850687 1.92607990356919e-06 1.56966996200936e-06 1.65982999078551e-06 1.80807001015637e-06 1.96959990717005e-06 2.14121996577887e-06 2.43843010139244e-06 2.8147001103207e-06 3.2477798868058e-06 3.6387400541571e-06 4.11399014410563e-06 4.62878006146639e-06 5.14368002768606e-06 5.71884993405547e-06 6.42274017081945e-06 6.99242991686333e-06 7.50883009459358e-06 7.93667004472809e-06 8.35100036056247e-06 8.80740026332205e-06
