results/Predictions/Median/Albian.asc
NCOLS 360 
NROWS 180 
XLLCORNER -180 
YLLCORNER -90 
CELLSIZE 1 
NODATA_value -3.4e+38 
[rows 54 to 80 of 180, columns 180 to 239 of 360]
-3.4e+38 -3.4e+38 -3.4e+38 -3.4e+38 0.271795988082886 0.254976004362106 0.237609997391701 0.223694995045662 0.232013002038002 0.240440994501114 0.24940200150013 -3.4e+38 -3.4e+38 0.272166013717651 0.281150996685028 0.289400994777679 0.296562999486923 0.303900986909866 0.311863005161285 0.314049005508423 0.314197987318039 0.315919011831284 0.317660987377167 -3.4e+38 -3.4e+38 -3.4e+38 0.253719002008438 0.23725900053978 0.221798002719879 0.206843003630638 0.191256001591682 0.173811003565788 0.16415099799633 0.156072005629539 0.148938000202179 0.143775001168251 0.145899996161461 0.14827099442482 -3.4e+38 0.203856006264687 0.23751500248909 0.265062987804413 0.273290008306503 0.282911986112595 0.292589992284775 0.291911005973816 0.281464010477066 0.270776987075806 0.260075986385345 0.249215006828308 0.238665997982025 0.227935999631882 0.217421993613243 0.202803999185562 0.188759997487068 0.17535500228405 0.157966002821922 0.134011998772621 0.114961996674538 0.0991149991750717
-3.4e+38 -3.4e+38 -3.4e+38 0.320560991764069 0.312599003314972 0.293933987617493 -3.4e+38 -3.4e+38 -3.4e+38 -3.4e+38 0.292872995138168 0.309051007032394 0.321669012308121 0.333903014659882 0.347032010555267 0.353311985731125 0.355486005544662 0.358619004487991 0.361138999462128 0.361741006374359 0.361851990222931 0.362522006034851 0.362118005752563 0.348082005977631 0.334223002195358 0.320003002882004 0.305597990751266 0.288899004459381 0.271454989910126 0.257135987281799 0.242459997534752 0.227105006575584 0.213194996118546 0.207892000675201 0.19964399933815 0.198437005281448 0.199075996875763 -3.4e+38 -3.4e+38 0.251329004764557 0.280057996511459 -3.4e+38 -3.4e+38 -3.4e+38 -3.4e+38 -3.4e+38 -3.4e+38 -3.4e+38 -3.4e+38 0.283008992671967 0.271023005247116 0.260405004024506 0.249351993203163 0.237790003418922 0.226616993546486 0.215993002057076 0.200374007225037 0.169163003563881 0.147377997636795 0.12814599275589
-3.4e+38 -3.4e+38 0.336748003959656 0.351630002260208 0.346258997917175 0.334594994783401 -3.4e+38 -3.4e+38 -3.4e+38 -3.4e+38 0.329353004693985 0.341688990592957 0.359614014625549 0.379253000020981 0.397601991891861 -3.4e+38 -3.4e+38 0.416424006223679 0.417088985443115 0.414676010608673 0.412395000457764 0.410077005624771 0.40743699669838 0.394068986177444 0.380046010017395 0.367177993059158 0.353422999382019 0.339300990104675 0.32327601313591 0.306957989931107 0.295877993106842 0.28753000497818 0.278831988573074 0.269603997468948 0.266995012760162 0.265518993139267 0.264811992645264 0.264028012752533 0.281147986650467 0.300664991140366 -3.4e+38 -3.4e+38 -3.4e+38 -3.4e+38 -3.4e+38 -3.4e+38 -3.4e+38 -3.4e+38 -3.4e+38 -3.4e+38 -3.4e+38 0.28447100520134 0.27675598859787 0.26774400472641 0.258834987878799 0.250039994716644 0.236322000622749 0.204686000943184 0.181599006056786 0.16219300031662
-3.4e+38 0.363103002309799 0.377609997987747 0.391604989767075 0.381554991006851 -3.4e+38 -3.4e+38 -3.4e+38 -3.4e+38 -3.4e+38 0.357315003871918 0.367756992578506 0.394663989543915 0.419658005237579 0.446180999279022 0.457919001579285 -3.4e+38 -3.4e+38 0.466401994228363 0.46424800157547 0.459650993347168 0.454867005348206 0.449541985988617 0.438039988279343 -3.4e+38 -3.4e+38 -3.4e+38 -3.4e+38 -3.4e+38 0.357039988040924 0.34919598698616 0.349655002355576 0.348576009273529 -3.4e+38 -3.4e+38 -3.4e+38 0.341484010219574 0.33788400888443 0.345084011554718 -3.4e+38 -3.4e+38 -3.4e+38 -3.4e+38 -3.4e+38 -3.4e+38 -3.4e+38 -3.4e+38 -3.4e+38 -3.4e+38 -3.4e+38 -3.4e+38 -3.4e+38 0.303232997655869 0.297309994697571 0.291444003582001 0.285580992698669 0.274607986211777 0.246303007006645 0.221852004528046 0.203737005591393
-3.4e+38 0.415585994720459 0.428198009729385 0.43971198797226 -3.4e+38 -3.4e+38 -3.4e+38 -3.4e+38 -3.4e+38 -3.4e+38 0.429740011692047 0.44344499707222 0.456708997488022 0.471421003341675 0.48573899269104 0.493647009134293 0.492415994405746 -3.4e+38 -3.4e+38 0.489746004343033 0.48548299074173 0.481160998344421 0.476662009954453 0.466818004846573 -3.4e+38 -3.4e+38 -3.4e+38 -3.4e+38 -3.4e+38 -3.4e+38 -3.4e+38 -3.4e+38 -3.4e+38 -3.4e+38 -3.4e+38 -3.4e+38 -3.4e+38 -3.4e+38 -3.4e+38 -3.4e+38 0.388601005077362 0.390924006700516 0.388621002435684 0.387160986661911 0.385235011577606 0.3802630007267 0.372844994068146 0.365377992391586 -3.4e+38 -3.4e+38 -3.4e+38 -3.4e+38 -3.4e+38 0.321687012910843 0.316915988922119 0.312718003988266 0.303873002529144 0.280216008424759 0.258711010217667 0.241405993700027
-3.4e+38 -3.4e+38 0.47843998670578 0.485538005828857 -3.4e+38 -3.4e+38 -3.4e+38 -3.4e+38 -3.4e+38 -3.4e+38 0.499329000711441 0.516443014144897 0.521269023418427 0.525251984596252 0.529299020767212 0.529367983341217 0.526684999465942 -3.4e+38 -3.4e+38 -3.4e+38 0.510200977325439 0.505779981613159 0.501549005508423 0.493990004062653 -3.4e+38 -3.4e+38 -3.4e+38 -3.4e+38 -3.4e+38 -3.4e+38 -3.4e+38 -3.4e+38 -3.4e+38 -3.4e+38 -3.4e+38 -3.4e+38 -3.4e+38 -3.4e+38 -3.4e+38 0.416341990232468 0.41789498925209 0.418846011161804 0.417432010173798 0.415982991456985 0.414306998252869 0.409960001707077 0.40311598777771 0.396180987358093 0.389701008796692 0.38034000992775 -3.4e+38 -3.4e+38 -3.4e+38 -3.4e+38 0.344981998205185 0.342640995979309 0.336005002260208 0.31488698720932 0.294030010700226 0.278595000505447
-3.4e+38 -3.4e+38 0.51946097612381 0.52700799703598 0.518528997898102 0.502620995044708 0.484869003295898 -3.4e+38 -3.4e+38 -3.4e+38 0.541797995567322 0.557601988315582 0.556093990802765 0.554916024208069 0.552950024604797 0.551545977592468 0.547201991081238 -3.4e+38 -3.4e+38 -3.4e+38 -3.4e+38 -3.4e+38 -3.4e+38 -3.4e+38 0.512516975402832 0.505818009376526 -3.4e+38 -3.4e+38 -3.4e+38 -3.4e+38 -3.4e+38 -3.4e+38 -3.4e+38 -3.4e+38 -3.4e+38 -3.4e+38 -3.4e+38 -3.4e+38 -3.4e+38 0.442301005125046 0.442200988531113 0.441834002733231 -3.4e+38 -3.4e+38 -3.4e+38 0.43342798948288 0.426990985870361 0.419961988925934 0.413417011499405 0.403991997241974 0.392053008079529 -3.4e+38 -3.4e+38 -3.4e+38 -3.4e+38 -3.4e+38 0.360525995492935 0.342637002468109 0.324539989233017 0.31045800447464
-3.4e+38 -3.4e+38 -3.4e+38 0.56223201751709 0.555926978588104 0.545746982097626 0.532575011253357 0.520174980163574 0.534045994281769 0.548582971096039 0.560046970844269 0.568055987358093 0.566919028759003 0.565778970718384 0.564637005329132 0.56217497587204 -3.4e+38 -3.4e+38 -3.4e+38 -3.4e+38 -3.4e+38 -3.4e+38 -3.4e+38 0.532562017440796 0.526852011680603 0.521686017513275 0.516515970230103 0.50832599401474 -3.4e+38 -3.4e+38 -3.4e+38 -3.4e+38 -3.4e+38 -3.4e+38 -3.4e+38 -3.4e+38 -3.4e+38 -3.4e+38 -3.4e+38 -3.4e+38 -3.4e+38 -3.4e+38 -3.4e+38 -3.4e+38 -3.4e+38 -3.4e+38 -3.4e+38 -3.4e+38 -3.4e+38 -3.4e+38 -3.4e+38 -3.4e+38 -3.4e+38 -3.4e+38 -3.4e+38 -3.4e+38 -3.4e+38 0.362500011920929 0.347454994916916 0.335763990879059
-3.4e+38 0.576044976711273 -3.4e+38 -3.4e+38 -3.4e+38 0.582273006439209 0.571563005447388 0.559939980506897 0.562520980834961 0.567804992198944 0.573487997055054 0.577033996582031 0.576902985572815 0.577386975288391 -3.4e+38 -3.4e+38 -3.4e+38 -3.4e+38 -3.4e+38 -3.4e+38 -3.4e+38 -3.4e+38 0.547755002975464 0.543606996536255 0.538972020149231 0.534748017787933 0.530632972717285 0.525573015213013 0.51876300573349 -3.4e+38 -3.4e+38 -3.4e+38 -3.4e+38 -3.4e+38 -3.4e+38 -3.4e+38 -3.4e+38 -3.4e+38 -3.4e+38 -3.4e+38 -3.4e+38 -3.4e+38 -3.4e+38 -3.4e+38 -3.4e+38 -3.4e+38 -3.4e+38 -3.4e+38 -3.4e+38 -3.4e+38 -3.4e+38 -3.4e+38 -3.4e+38 -3.4e+38 -3.4e+38 -3.4e+38 -3.4e+38 -3.4e+38 0.370314985513687 0.362468987703323
0.561433017253876 0.574455976486206 0.586983978748322 0.599057018756866 0.599103987216949 0.594740986824036 -3.4e+38 -3.4e+38 -3.4e+38 -3.4e+38 -3.4e+38 -3.4e+38 -3.4e+38 -3.4e+38 -3.4e+38 -3.4e+38 -3.4e+38 -3.4e+38 -3.4e+38 -3.4e+38 -3.4e+38 -3.4e+38 0.552999973297119 0.549620985984802 0.546383023262024 0.542235970497131 0.537660002708435 0.531961023807526 0.526749014854431 -3.4e+38 -3.4e+38 -3.4e+38 -3.4e+38 -3.4e+38 -3.4e+38 -3.4e+38 -3.4e+38 -3.4e+38 -3.4e+38 -3.4e+38 -3.4e+38 -3.4e+38 -3.4e+38 -3.4e+38 -3.4e+38 -3.4e+38 0.470416009426117 0.463726997375488 -3.4e+38 -3.4e+38 -3.4e+38 -3.4e+38 -3.4e+38 -3.4e+38 -3.4e+38 -3.4e+38 -3.4e+38 -3.4e+38 -3.4e+38 -3.4e+38
0.558723986148834 0.573319017887115 0.586052000522614 0.599142014980316 0.601737022399902 0.6007080078125 0.599196016788483 0.598469972610474 -3.4e+38 -3.4e+38 -3.4e+38 -3.4e+38 -3.4e+38 -3.4e+38 -3.4e+38 -3.4e+38 -3.4e+38 -3.4e+38 -3.4e+38 -3.4e+38 -3.4e+38 -3.4e+38 0.557603001594543 0.553490996360779 0.549887001514435 0.54661899805069 0.54279500246048 0.53862601518631 0.53446501493454 0.530777990818024 -3.4e+38 -3.4e+38 -3.4e+38 -3.4e+38 -3.4e+38 -3.4e+38 -3.4e+38 -3.4e+38 -3.4e+38 -3.4e+38 -3.4e+38 -3.4e+38 -3.4e+38 -3.4e+38 -3.4e+38 0.483754992485046 0.476640999317169 0.469377011060715 0.461968988180161 -3.4e+38 -3.4e+38 -3.4e+38 -3.4e+38 -3.4e+38 -3.4e+38 -3.4e+38 -3.4e+38 -3.4e+38 -3.4e+38 -3.4e+38
0.53720098733902 0.552953004837036 -3.4e+38 -3.4e+38 0.587185978889465 0.59062397480011 0.593735992908478 0.596442997455597 0.607461988925934 0.614503979682922 0.617796003818512 0.617294013500214 0.606087982654572 -3.4e+38 -3.4e+38 -3.4e+38 -3.4e+38 -3.4e+38 -3.4e+38 -3.4e+38 -3.4e+38 -3.4e+38 0.560025990009308 0.556693017482758 0.55364602804184 0.550535976886749 0.546754002571106 0.543657004833221 0.540212988853455 0.536469995975494 0.533074975013733 -3.4e+38 -3.4e+38 -3.4e+38 -3.4e+38 -3.4e+38 -3.4e+38 -3.4e+38 -3.4e+38 -3.4e+38 -3.4e+38 -3.4e+38 -3.4e+38 -3.4e+38 -3.4e+38 -3.4e+38 0.478215008974075 0.471413999795914 0.464538007974625 0.457771003246307 -3.4e+38 -3.4e+38 -3.4e+38 -3.4e+38 -3.4e+38 -3.4e+38 -3.4e+38 -3.4e+38 -3.4e+38 -3.4e+38
0.508970975875854 0.526573002338409 -3.4e+38 -3.4e+38 -3.4e+38 -3.4e+38 -3.4e+38 0.582916021347046 0.59501701593399 0.606022000312805 0.616841018199921 0.619913995265961 0.609687983989716 0.596861004829407 0.586009979248047 -3.4e+38 -3.4e+38 -3.4e+38 -3.4e+38 -3.4e+38 -3.4e+38 -3.4e+38 0.56104701757431 0.557860970497131 0.554947018623352 0.552250981330872 0.548964023590088 0.545370995998383 0.541500985622406 0.538760006427765 0.535799980163574 0.534228026866913 -3.4e+38 -3.4e+38 -3.4e+38 -3.4e+38 -3.4e+38 -3.4e+38 -3.4e+38 -3.4e+38 -3.4e+38 -3.4e+38 -3.4e+38 -3.4e+38 -3.4e+38 -3.4e+38 -3.4e+38 0.472460985183716 0.466183006763458 -3.4e+38 -3.4e+38 -3.4e+38 -3.4e+38 -3.4e+38 -3.4e+38 -3.4e+38 -3.4e+38 -3.4e+38 -3.4e+38 -3.4e+38
0.480655997991562 0.499480992555618 -3.4e+38 -3.4e+38 -3.4e+38 -3.4e+38 -3.4e+38 0.561941027641296 0.580708980560303 0.598187029361725 0.612384021282196 0.620671987533569 0.609578013420105 0.598499000072479 0.586484014987946 0.578414976596832 0.575462996959686 -3.4e+38 -3.4e+38 -3.4e+38 -3.4e+38 -3.4e+38 -3.4e+38 0.558546006679535 0.555198013782501 0.551674008369446 0.548084020614624 0.544461011886597 0.541499018669128 0.537715971469879 0.535661995410919 0.534681975841522 0.533111989498138 -3.4e+38 -3.4e+38 -3.4e+38 -3.4e+38 -3.4e+38 -3.4e+38 -3.4e+38 -3.4e+38 -3.4e+38 -3.4e+38 -3.4e+38 -3.4e+38 -3.4e+38 -3.4e+38 -3.4e+38 -3.4e+38 -3.4e+38 -3.4e+38 -3.4e+38 -3.4e+38 -3.4e+38 -3.4e+38 -3.4e+38 -3.4e+38 -3.4e+38 -3.4e+38 -3.4e+38
-3.4e+38 -3.4e+38 -3.4e+38 -3.4e+38 -3.4e+38 -3.4e+38 0.566097021102905 0.569270014762878 0.580651998519897 0.590524017810822 0.600407004356384 0.605441987514496 0.598623991012573 0.592559993267059 0.585193991661072 0.578267991542816 0.574184000492096 0.570842981338501 0.568014979362488 -3.4e+38 -3.4e+38 -3.4e+38 -3.4e+38 0.558759987354279 0.555135011672974 0.550484001636505 0.546123027801514 0.542784988880157 0.539409995079041 -3.4e+38 0.533711016178131 0.532393991947174 0.531302988529205 -3.4e+38 -3.4e+38 -3.4e+38 -3.4e+38 -3.4e+38 -3.4e+38 -3.4e+38 -3.4e+38 -3.4e+38 -3.4e+38 -3.4e+38 -3.4e+38 -3.4e+38 -3.4e+38 -3.4e+38 -3.4e+38 -3.4e+38 -3.4e+38 -3.4e+38 -3.4e+38 -3.4e+38 -3.4e+38 -3.4e+38 -3.4e+38 -3.4e+38 -3.4e+38 -3.4e+38
-3.4e+38 -3.4e+38 -3.4e+38 -3.4e+38 -3.4e+38 0.574025988578796 0.574023008346558 0.579536020755768 0.584053993225098 0.587476015090942 0.591458022594452 0.592263996601105 0.588014006614685 0.585066974163055 0.580981016159058 0.576660990715027 0.572655022144318 0.56837397813797 0.56503301858902 0.563695013523102 -3.4e+38 -3.4e+38 -3.4e+38 -3.4e+38 0.551739990711212 0.54634302854538 0.541577994823456 0.538937985897064 0.536294996738434 -3.4e+38 0.531565010547638 0.530026018619537 0.528995990753174 -3.4e+38 0.524088978767395 0.520815014839172 0.516957998275757 0.513643980026245 -3.4e+38 -3.4e+38 -3.4e+38 0.497936993837357 0.493703991174698 -3.4e+38 -3.4e+38 -3.4e+38 -3.4e+38 -3.4e+38 -3.4e+38 -3.4e+38 -3.4e+38 -3.4e+38 -3.4e+38 -3.4e+38 -3.4e+38 -3.4e+38 -3.4e+38 -3.4e+38 -3.4e+38 -3.4e+38
-3.4e+38 -3.4e+38 -3.4e+38 -3.4e+38 -3.4e+38 0.576582014560699 0.579523026943207 0.58533501625061 0.587603986263275 0.588311970233917 0.589564025402069 0.58984500169754 0.584670007228851 0.580959022045135 0.578440010547638 0.575433015823364 0.570900976657867 0.56623101234436 0.562106013298035 0.561029970645905 0.559623003005981 -3.4e+38 -3.4e+38 -3.4e+38 0.549914002418518 0.546103000640869 0.54338401556015 0.54230797290802 0.541189014911652 -3.4e+38 0.538030028343201 0.534941017627716 0.53150200843811 0.528388023376465 0.525277972221375 0.522400975227356 0.519464015960693 0.516699016094208 0.511911988258362 -3.4e+38 0.502640008926392 0.497092992067337 0.493746995925903 0.490723997354507 -3.4e+38 -3.4e+38 -3.4e+38 -3.4e+38 -3.4e+38 -3.4e+38 -3.4e+38 -3.4e+38 -3.4e+38 -3.4e+38 -3.4e+38 -3.4e+38 -3.4e+38 -3.4e+38 -3.4e+38 -3.4e+38
-3.4e+38 -3.4e+38 -3.4e+38 -3.4e+38 -3.4e+38 0.579945981502533 0.580963015556335 0.587234020233154 0.587825000286102 0.588600993156433 0.588694989681244 0.588289022445679 0.582471013069153 0.580137014389038 0.579325020313263 0.57668399810791 0.572748005390167 0.567564010620117 0.562729001045227 0.561897993087769 0.562611997127533 0.563076972961426 -3.4e+38 -3.4e+38 0.55476301908493 0.550836980342865 0.547406017780304 0.548228025436401 0.548613011837006 -3.4e+38 -3.4e+38 0.543684005737305 0.539811015129089 0.535574018955231 0.532244026660919 0.529087007045746 0.526206970214844 0.522882997989655 0.51868999004364 -3.4e+38 0.510150015354156 0.506428003311157 0.503381013870239 0.500478982925415 0.497117012739182 0.49388200044632 0.490426003932953 -3.4e+38 -3.4e+38 -3.4e+38 -3.4e+38 -3.4e+38 -3.4e+38 -3.4e+38 -3.4e+38 -3.4e+38 -3.4e+38 -3.4e+38 -3.4e+38 -3.4e+38
-3.4e+38 -3.4e+38 -3.4e+38 -3.4e+38 0.57819801568985 0.583059012889862 0.586281001567841 0.587836980819702 0.586144983768463 0.585178971290588 0.582144975662231 0.579963982105255 0.578754007816315 0.578324019908905 0.578783988952637 0.576344013214111 0.57207202911377 0.568477988243103 0.565205991268158 0.564763009548187 0.566693007946014 0.568971991539001 -3.4e+38 -3.4e+38 -3.4e+38 0.553417980670929 0.549896001815796 0.552103996276855 -3.4e+38 -3.4e+38 -3.4e+38 0.551598012447357 0.546627998352051 0.541217982769012 -3.4e+38 0.535010993480682 0.532413005828857 0.529664993286133 -3.4e+38 -3.4e+38 -3.4e+38 0.514630019664764 0.512656986713409 0.509833991527557 0.506250023841858 0.503001987934113 0.49940299987793 0.49584698677063 -3.4e+38 -3.4e+38 -3.4e+38 -3.4e+38 -3.4e+38 -3.4e+38 -3.4e+38 -3.4e+38 -3.4e+38 -3.4e+38 -3.4e+38 -3.4e+38
-3.4e+38 -3.4e+38 -3.4e+38 0.559758007526398 0.564580023288727 0.573037981987 0.579501986503601 0.588450014591217 0.585723996162415 0.583658993244171 0.5815190076828 0.579029977321625 0.578415989875793 0.577174007892609 0.576487004756927 0.574652016162872 0.571245014667511 0.568426012992859 0.562896013259888 0.56395298242569 0.565088987350464 0.567308008670807 0.569114029407501 -3.4e+38 -3.4e+38 0.555243015289307 0.552295982837677 0.55560302734375 0.559507012367249 0.562738001346588 0.5624960064888 0.556842029094696 0.552042007446289 0.546330988407135 -3.4e+38 -3.4e+38 0.539094984531403 -3.4e+38 -3.4e+38 -3.4e+38 -3.4e+38 -3.4e+38 0.520397007465363 0.517768025398254 0.515218019485474 0.512292981147766 0.508424997329712 0.504523992538452 0.500791013240814 -3.4e+38 -3.4e+38 -3.4e+38 -3.4e+38 -3.4e+38 -3.4e+38 -3.4e+38 -3.4e+38 -3.4e+38 -3.4e+38 -3.4e+38
-3.4e+38 -3.4e+38 0.569410979747772 0.560361981391907 0.566513001918793 0.574042022228241 0.580968022346497 0.587513029575348 0.584375023841858 0.58346700668335 0.582108020782471 0.578924000263214 0.578855991363525 0.578038990497589 0.575541019439697 0.573239028453827 0.569751024246216 0.564881980419159 0.560041010379791 0.55968302488327 0.562120020389557 0.563973009586334 0.56615799665451 0.562590003013611 -3.4e+38 -3.4e+38 0.550837993621826 0.55580997467041 0.561168015003204 0.567632973194122 0.568029999732971 0.562385976314545 0.556546986103058 0.550641000270844 0.548445999622345 -3.4e+38 -3.4e+38 -3.4e+38 -3.4e+38 -3.4e+38 -3.4e+38 -3.4e+38 -3.4e+38 -3.4e+38 -3.4e+38 -3.4e+38 -3.4e+38 0.511416018009186 0.507227003574371 0.504028022289276 -3.4e+38 -3.4e+38 -3.4e+38 -3.4e+38 -3.4e+38 -3.4e+38 -3.4e+38 -3.4e+38 -3.4e+38 -3.4e+38
-3.4e+38 0.56885701417923 0.558449983596802 0.548480987548828 0.555377006530762 0.566091001033783 0.5745570063591 0.584594011306763 0.580987989902496 0.576548993587494 0.576936006546021 0.575936019420624 0.573885977268219 0.571574985980988 0.568419992923737 0.564327001571655 0.561204016208649 0.556806027889252 0.55266398191452 0.551230013370514 0.551155984401703 0.552734017372131 0.55233097076416 0.550714015960693 0.549139022827148 0.545967996120453 0.544974029064178 0.550585985183716 0.555999994277954 0.561514019966125 0.561505019664764 0.557416975498199 0.552145004272461 0.546828985214233 0.545022010803223 -3.4e+38 -3.4e+38 -3.4e+38 -3.4e+38 -3.4e+38 -3.4e+38 -3.4e+38 -3.4e+38 -3.4e+38 -3.4e+38 -3.4e+38 -3.4e+38 -3.4e+38 0.514068007469177 0.510707020759583 -3.4e+38 -3.4e+38 -3.4e+38 -3.4e+38 -3.4e+38 -3.4e+38 -3.4e+38 -3.4e+38 -3.4e+38 -3.4e+38
0.568652987480164 0.559675991535187 0.549519002437592 0.558646023273468 0.551066994667053 0.556007027626038 0.566946983337402 0.575980007648468 0.573517978191376 0.570487022399902 0.567950010299683 0.56392502784729 0.55970698595047 0.557541012763977 0.553869009017944 0.549995005130768 0.547990024089813 0.544176995754242 0.540288984775543 0.538681983947754 0.538040995597839 0.536897003650665 0.53567498922348 0.534777998924255 0.534066021442413 0.535528004169464 0.537401974201202 0.541202008724213 0.545219004154205 0.54941201210022 0.549210011959076 0.543676972389221 -3.4e+38 0.533816993236542 0.534286975860596 -3.4e+38 -3.4e+38 -3.4e+38 -3.4e+38 -3.4e+38 -3.4e+38 0.528729021549225 0.529098987579346 -3.4e+38 -3.4e+38 -3.4e+38 -3.4e+38 -3.4e+38 -3.4e+38 -3.4e+38 -3.4e+38 -3.4e+38 -3.4e+38 -3.4e+38 -3.4e+38 -3.4e+38 -3.4e+38 -3.4e+38 -3.4e+38 -3.4e+38
0.559069991111755 0.54884397983551 0.570333003997803 0.600269019603729 -3.4e+38 -3.4e+38 -3.4e+38 -3.4e+38 -3.4e+38 0.564499974250793 0.559882998466492 0.555263996124268 0.552277982234955 0.548354029655457 0.540636003017426 -3.4e+38 -3.4e+38 0.531715989112854 0.526619017124176 0.525009989738464 0.524137020111084 0.522925972938538 0.520846009254456 0.522632002830505 0.524227976799011 0.524330973625183 0.52717798948288 0.534326016902924 -3.4e+38 -3.4e+38 -3.4e+38 -3.4e+38 -3.4e+38 -3.4e+38 -3.4e+38 -3.4e+38 -3.4e+38 -3.4e+38 0.529492974281311 0.527031004428864 0.524056017398834 0.522780001163483 0.524842977523804 0.526494979858398 0.528241991996765 -3.4e+38 -3.4e+38 -3.4e+38 -3.4e+38 -3.4e+38 -3.4e+38 -3.4e+38 -3.4e+38 -3.4e+38 -3.4e+38 -3.4e+38 -3.4e+38 -3.4e+38 -3.4e+38 -3.4e+38
0.552699983119965 0.545316994190216 0.546645998954773 0.567537009716034 -3.4e+38 -3.4e+38 -3.4e+38 -3.4e+38 -3.4e+38 -3.4e+38 0.55774599313736 0.555667996406555 0.548506021499634 0.541321992874146 -3.4e+38 -3.4e+38 -3.4e+38 -3.4e+38 -3.4e+38 0.519505023956299 0.517284989356995 0.514656007289886 0.510546028614044 0.513153970241547 -3.4e+38 0.517162024974823 0.518857002258301 0.522557020187378 0.526037991046906 0.527328014373779 -3.4e+38 -3.4e+38 -3.4e+38 -3.4e+38 0.51298600435257 0.51501601934433 0.517413973808289 0.51972097158432 0.517041027545929 0.514707982540131 0.512969017028809 0.511873006820679 0.514021992683411 0.517284989356995 0.52131599187851 0.52360200881958 -3.4e+38 -3.4e+38 -3.4e+38 -3.4e+38 -3.4e+38 -3.4e+38 -3.4e+38 -3.4e+38 -3.4e+38 -3.4e+38 -3.4e+38 -3.4e+38 -3.4e+38 -3.4e+38
0.545621991157532 0.542770981788635 0.539517998695374 0.5382199883461 -3.4e+38 -3.4e+38 -3.4e+38 -3.4e+38 -3.4e+38 -3.4e+38 -3.4e+38 0.550828993320465 0.543605983257294 0.534241020679474 -3.4e+38 -3.4e+38 -3.4e+38 -3.4e+38 -3.4e+38 0.511017978191376 0.507785975933075 0.500406980514526 0.488249987363815 0.498333007097244 -3.4e+38 -3.4e+38 0.511833012104034 0.508289992809296 0.508046984672546 0.506527006626129 0.505141973495483 0.502933025360107 0.49881500005722 0.493766009807587 0.495557993650436 0.501380980014801 0.507476985454559 0.511771976947784 0.511829018592834 0.511888980865479 0.511355996131897 0.511418998241425 0.514751970767975 0.517445027828217 0.520587980747223 0.520554006099701 -3.4e+38 -3.4e+38 -3.4e+38 -3.4e+38 -3.4e+38 -3.4e+38 -3.4e+38 -3.4e+38 -3.4e+38 -3.4e+38 -3.4e+38 -3.4e+38 -3.4e+38 -3.4e+38
0.537048995494843 0.535251975059509 -3.4e+38 -3.4e+38 -3.4e+38 -3.4e+38 -3.4e+38 -3.4e+38 -3.4e+38 -3.4e+38 -3.4e+38 0.532983005046844 0.526816010475159 -3.4e+38 -3.4e+38 -3.4e+38 -3.4e+38 -3.4e+38 -3.4e+38 -3.4e+38 0.493894994258881 0.488462001085281 0.480444997549057 0.49219998717308 -3.4e+38 -3.4e+38 0.509006023406982 0.498452991247177 0.487213999032974 0.480219006538391 0.478787988424301 0.482580006122589 0.484766989946365 0.484436988830566 0.48676198720932 0.491668999195099 0.495893001556396 0.501389026641846 0.502951979637146 0.50372302532196 0.503440976142883 0.503866016864777 0.508827984333038 0.512548983097076 0.515609979629517 0.51664000749588 0.516160011291504 -3.4e+38 -3.4e+38 -3.4e+38 -3.4e+38 -3.4e+38 -3.4e+38 -3.4e+38 -3.4e+38 -3.4e+38 -3.4e+38 -3.4e+38 -3.4e+38 -3.4e+38
