results/Predictions/Median/Albian.asc
NCOLS 360 
NROWS 180 
XLLCORNER -180 
YLLCORNER -90 
CELLSIZE 1 
NODATA_value -3.4e+38 
[rows 20 to 39 of 180, columns 220 to 263 of 360]
0.000121047996799462 0.00011935400107177 0.000119158001325559 0.000118960000691004 0.000118748997920193 0.000118506002763752 0.000116087001515552 0.000113447997136973 0.000110881999717094 0.000109763001091778 0.000109421998786274 0.000110884997411631 -3.4e+38 -3.4e+38 0.000114264003059361 0.000116199997137301 0.000119096999696922 0.000126158993225545 0.000127612001961097 0.000131206994410604 0.000136860995553434 0.00014301500050351 0.0001489069982199 0.000154484994709492 0.000143177996505983 0.000134961999719962 0.00011987399921054 -3.4e+38 -3.4e+38 -3.4e+38 -3.4e+38 -3.4e+38 -3.4e+38 -3.4e+38 -3.4e+38 -3.4e+38 -3.4e+38 -3.4e+38 -3.4e+38 -3.4e+38 -3.4e+38 -3.4e+38 -3.4e+38 -3.4e+38
0.000116641000204254 0.000113351001346018 0.00011259299935773 0.00011167699994985 0.000110624998342246 0.000109424996480811 0.000108075997559354 0.00010699599806685 0.000106127998151351 0.000106555002275854 0.000107542000478134 0.000108690997876693 0.000109505002910737 0.000113422996946611 0.000114991002192255 0.00011798399646068 0.000121447003039066 0.000126244995044544 0.000131135995616205 0.000134827001602389 0.000134871996124275 0.00013451800623443 0.000134103000164032 0.000133720997837372 0.000133612993522547 0.000120322001748718 0.000112948000605684 0.000102263998996932 0.000105090002762154 -3.4e+38 -3.4e+38 -3.4e+38 -3.4e+38 -3.4e+38 -3.4e+38 -3.4e+38 -3.4e+38 -3.4e+38 -3.4e+38 -3.4e+38 -3.4e+38 -3.4e+38 -3.4e+38 -3.4e+38
0.000106738996692002 0.000105277002148796 0.000104992002889048 0.00010469099652255 0.000104493003163952 0.00010435299918754 0.00010432399722049 0.000104266997368541 0.000104033002571668 0.000106398998468649 0.000113189998955932 -3.4e+38 0.000117452000267804 0.000117016999865882 0.000117563002277166 0.000120894001156557 0.000123675999930128 0.000125713006127626 0.000128090992802754 0.000130404994706623 0.000129606007249095 0.000125873993965797 0.000122290002764203 0.000121293996926397 0.000118064002890605 0.000111198998638429 0.000104724997072481 0.000101461002486758 0.000101623001683038 0.000101591002021451 0.000101641002402175 0.000103496000519954 0.000108753003587481 0.000119495998660568 0.000126523998915218 0.000132101005874574 0.000134875997900963 0.000145497993798926 -3.4e+38 -3.4e+38 -3.4e+38 -3.4e+38 -3.4e+38 -3.4e+38
0.000108774998807348 0.000107170999399386 0.000108437001472339 0.000109601001895498 0.000111214998469222 0.000113913003588095 0.000116579998575617 0.000118771000416018 0.000122452998766676 0.000125268998090178 0.00013162600225769 -3.4e+38 -3.4e+38 0.000131963999592699 0.000125246995594352 0.000123010002425872 0.000122363999253139 0.000127691993839107 0.00013434499851428 0.000144036996061914 0.000146727994433604 0.000145176993100904 0.000143158002174459 0.000140657997690141 0.000135447000502609 0.000129595995531417 0.000124044003314339 0.000121211996884085 0.000118623000162188 0.000113346002763137 0.000108346997876652 0.000107749001472257 0.000115982002171222 0.00012669300485868 0.000131983004393987 0.000134706002427265 0.000135548994876444 0.000138445000629872 0.000142948003485799 -3.4e+38 -3.4e+38 -3.4e+38 -3.4e+38 -3.4e+38
0.000110740998934489 0.000109467000584118 0.000112098998215515 0.000114770002255682 0.000117668998427689 0.00012458699347917 0.000129367996123619 0.000138552000862546 0.000148035993333906 0.000149985004100017 0.000151269996422343 0.000159592993441038 0.000159945004270412 0.000145676996908151 0.000133673995151184 0.000118616997497156 0.00011601900041569 0.000129642998217605 0.000140668998938054 0.000152470995089971 0.000155164001625963 0.000154269000631757 0.000153052998939529 0.000151768996147439 0.000148417995660566 0.000148291001096368 0.000147825994645245 0.000144011006341316 0.000134351997985505 0.000127829000120983 0.000121206998301204 0.000114991998998448 0.000123381993034855 0.000132546992972493 0.000139697993290611 0.000141330994665623 0.000138749004690908 0.000139224997838028 0.000141287004225887 -3.4e+38 -3.4e+38 -3.4e+38 -3.4e+38 -3.4e+38
0.000114021000626963 0.000112631001684349 0.000114488000690471 0.00011596099648159 0.000117631003377028 0.000125157996080816 0.000136133006890304 0.000148157007060945 0.000153949993546121 0.000157642003614455 0.000160194002091885 0.000161866002599709 0.000163507997058332 0.000154077002662234 0.000137537994305603 0.000120550001156516 0.000115552997158375 0.000128821993712336 0.000144930003443733 0.000159243994858116 0.000170359999174252 0.000171566993230954 0.000171606006915681 0.000171096995472908 0.000163839999004267 0.000156633002916351 0.00015306900604628 0.000144424004247412 0.000136009999550879 0.000132544999360107 0.000122477998957038 0.000119746997370385 0.000131690001580864 0.000145334997796454 0.000155764006194659 0.000158542999997735 0.000150994994328357 0.00014649800141342 0.000147482001921162 -3.4e+38 -3.4e+38 -3.4e+38 -3.4e+38 -3.4e+38
0.000114390997623559 0.000111977999040391 0.000113631998829078 0.000114932001451962 0.000117559000500478 0.000120728996989783 0.000133816996822134 0.000144213001476601 0.000154160006786697 0.000156545997015201 0.000159903996973298 0.000162537005962804 0.00016473799769301 0.000154038003529422 0.000139657000545412 0.000122843994176947 0.000118351003038697 -3.4e+38 -3.4e+38 -3.4e+38 -3.4e+38 -3.4e+38 -3.4e+38 -3.4e+38 -3.4e+38 0.000150502004544251 0.000137265000375919 0.000122730998555198 0.000123773002997041 0.000123499994515441 0.00012450800568331 0.000127780003822409 0.000142024000524543 0.000167170001077466 0.000192473002243787 0.000193247004062869 0.000175028995727189 0.000158142996951938 -3.4e+38 -3.4e+38 -3.4e+38 -3.4e+38 -3.4e+38 -3.4e+38
-3.4e+38 -3.4e+38 -3.4e+38 0.000119800999527797 0.000118718999146949 0.000119787997391541 0.00012132000119891 -3.4e+38 -3.4e+38 -3.4e+38 -3.4e+38 -3.4e+38 -3.4e+38 -3.4e+38 -3.4e+38 -3.4e+38 -3.4e+38 -3.4e+38 -3.4e+38 -3.4e+38 -3.4e+38 -3.4e+38 -3.4e+38 -3.4e+38 0.000272992998361588 0.000194563996046782 0.000148745006299578 0.000114887996460311 0.000119067997729871 0.000123454999993555 0.000127723993500695 0.000136479997308925 0.000153775996295735 0.00019142399833072 0.000228385004447773 0.000270232005277649 0.000298850995022804 -3.4e+38 -3.4e+38 -3.4e+38 -3.4e+38 -3.4e+38 -3.4e+38 -3.4e+38
-3.4e+38 -3.4e+38 -3.4e+38 -3.4e+38 -3.4e+38 -3.4e+38 -3.4e+38 -3.4e+38 -3.4e+38 -3.4e+38 -3.4e+38 -3.4e+38 -3.4e+38 -3.4e+38 -3.4e+38 -3.4e+38 -3.4e+38 -3.4e+38 -3.4e+38 -3.4e+38 -3.4e+38 -3.4e+38 -3.4e+38 -3.4e+38 0.000259797001490369 0.000192822000826709 0.000155852001626045 0.000119908996566664 0.000128072002553381 0.000139252006192692 0.000148434002767317 0.000163464006618597 0.000191761006135494 0.000241183995967731 0.000297852995572612 0.00034357700496912 0.000354610005160794 -3.4e+38 -3.4e+38 -3.4e+38 -3.4e+38 -3.4e+38 -3.4e+38 -3.4e+38
-3.4e+38 -3.4e+38 -3.4e+38 -3.4e+38 -3.4e+38 -3.4e+38 -3.4e+38 -3.4e+38 -3.4e+38 -3.4e+38 -3.4e+38 -3.4e+38 -3.4e+38 -3.4e+38 -3.4e+38 -3.4e+38 -3.4e+38 -3.4e+38 -3.4e+38 -3.4e+38 -3.4e+38 -3.4e+38 0.000344186992151663 0.000332744995830581 0.0002562630106695 0.0002030509931501 0.000161845004186034 0.000132899003801867 0.000143234996357933 0.00015567299851682 0.000168938000570051 0.000195703003555536 0.000235783998505212 0.000309591996483505 0.000392718997318298 0.000431230990216136 0.000413161993492395 0.000407345010899007 -3.4e+38 -3.4e+38 -3.4e+38 -3.4e+38 -3.4e+38 -3.4e+38
-3.4e+38 -3.4e+38 -3.4e+38 -3.4e+38 -3.4e+38 -3.4e+38 -3.4e+38 -3.4e+38 -3.4e+38 -3.4e+38 -3.4e+38 -3.4e+38 -3.4e+38 -3.4e+38 -3.4e+38 -3.4e+38 -3.4e+38 -3.4e+38 -3.4e+38 -3.4e+38 -3.4e+38 -3.4e+38 0.00038030301220715 0.000356022006599233 0.000288968003587797 0.000235971005167812 0.000190279999515042 0.000155171001097187 0.000173705993802287 0.00019182100368198 0.000213088002055883 0.000238804001128301 0.000302200991427526 0.000380746991140768 0.000491180981043726 0.000570887001231313 0.000588657974731177 0.000634815020021051 -3.4e+38 -3.4e+38 -3.4e+38 -3.4e+38 -3.4e+38 -3.4e+38
-3.4e+38 -3.4e+38 -3.4e+38 -3.4e+38 -3.4e+38 -3.4e+38 -3.4e+38 -3.4e+38 -3.4e+38 -3.4e+38 -3.4e+38 -3.4e+38 -3.4e+38 -3.4e+38 -3.4e+38 -3.4e+38 -3.4e+38 -3.4e+38 -3.4e+38 -3.4e+38 -3.4e+38 -3.4e+38 0.000416678987676278 0.000400774006266147 0.000358847988536581 0.000300648011034355 0.000246114010224119 0.000204726005904377 0.000227066993829794 0.00025184900732711 0.000279458006843925 0.000317178986733779 0.000389352993806824 0.000469218997750431 0.00058753602206707 0.000672748021315783 0.000656106974929571 0.000672683992888778 -3.4e+38 -3.4e+38 -3.4e+38 -3.4e+38 -3.4e+38 -3.4e+38
-3.4e+38 -3.4e+38 -3.4e+38 -3.4e+38 -3.4e+38 -3.4e+38 -3.4e+38 -3.4e+38 -3.4e+38 -3.4e+38 -3.4e+38 -3.4e+38 -3.4e+38 -3.4e+38 -3.4e+38 -3.4e+38 -3.4e+38 -3.4e+38 -3.4e+38 -3.4e+38 -3.4e+38 -3.4e+38 0.000522539019584656 0.000500880007166415 0.000442221004050225 0.000364153005648404 0.000316883000778034 0.000269012991338968 0.000296168000204489 0.000324138993164524 0.000357896991772577 0.000409203988965601 0.000499735993798822 0.000590892974287271 0.00072702398756519 0.000840518972836435 0.00088811299065128 -3.4e+38 -3.4e+38 -3.4e+38 -3.4e+38 -3.4e+38 -3.4e+38 -3.4e+38
-3.4e+38 -3.4e+38 -3.4e+38 -3.4e+38 -3.4e+38 -3.4e+38 -3.4e+38 -3.4e+38 -3.4e+38 -3.4e+38 -3.4e+38 -3.4e+38 -3.4e+38 -3.4e+38 -3.4e+38 -3.4e+38 -3.4e+38 -3.4e+38 -3.4e+38 -3.4e+38 -3.4e+38 -3.4e+38 -3.4e+38 0.000509197008796036 0.000471158011350781 0.000424703990574926 0.000407713989261538 0.000376211013644934 0.000399187993025407 0.000423993013100699 0.000452448992291465 0.000502891023643315 0.000606147979851812 0.000741203024517745 0.000890581985004246 0.000993930036202073 0.00101439002901316 0.00105086003895849 -3.4e+38 -3.4e+38 -3.4e+38 -3.4e+38 -3.4e+38 -3.4e+38
-3.4e+38 -3.4e+38 -3.4e+38 -3.4e+38 -3.4e+38 -3.4e+38 -3.4e+38 -3.4e+38 -3.4e+38 -3.4e+38 -3.4e+38 -3.4e+38 -3.4e+38 -3.4e+38 0.000850299024023116 0.000853312027174979 0.000878529972396791 -3.4e+38 -3.4e+38 -3.4e+38 -3.4e+38 -3.4e+38 -3.4e+38 -3.4e+38 0.000509410980157554 0.0004999780212529 0.000518591026775539 0.000527028983924538 0.000540789973456413 0.000555659004021436 0.000571042997762561 0.000617126992437989 0.000755587010644376 0.000936074997298419 0.00112224998883903 0.00119298999197781 0.00114015000872314 0.00108516996260732 0.00104901997838169 0.00104497000575066 -3.4e+38 -3.4e+38 -3.4e+38 -3.4e+38
-3.4e+38 -3.4e+38 -3.4e+38 -3.4e+38 -3.4e+38 -3.4e+38 -3.4e+38 -3.4e+38 -3.4e+38 -3.4e+38 -3.4e+38 -3.4e+38 -3.4e+38 0.000995435053482652 0.000935525982640684 0.000893175019882619 0.000905750028323382 0.000958490010816604 -3.4e+38 -3.4e+38 -3.4e+38 -3.4e+38 -3.4e+38 -3.4e+38 -3.4e+38 0.00103826995473355 0.000916683988180012 0.000831960991490632 0.00082860398106277 0.000833700993098319 0.000843559973873198 0.000857002974953502 0.00103518995456398 0.00123487995006144 0.00144341995473951 0.00147846003528684 0.00131852994672954 0.00116373004857451 0.00103730999398977 0.00103266001679003 -3.4e+38 -3.4e+38 -3.4e+38 -3.4e+38
-3.4e+38 -3.4e+38 -3.4e+38 -3.4e+38 -3.4e+38 -3.4e+38 -3.4e+38 -3.4e+38 -3.4e+38 -3.4e+38 -3.4e+38 -3.4e+38 -3.4e+38 0.00103154999669641 0.000985629041679204 0.00099120894446969 0.00100385001860559 0.000996149959973991 0.00101897004060447 -3.4e+38 -3.4e+38 -3.4e+38 -3.4e+38 -3.4e+38 -3.4e+38 -3.4e+38 0.00142301002051681 0.00144876004196703 0.00140269997064024 0.00142097997013479 0.00140931003261358 0.00142856000456959 0.00160236994270235 0.00179596000816673 0.00201177992857993 0.00193655001930892 0.00159370002802461 0.00131105002947152 0.00106733001302928 -3.4e+38 -3.4e+38 -3.4e+38 -3.4e+38 -3.4e+38
-3.4e+38 -3.4e+38 -3.4e+38 -3.4e+38 -3.4e+38 -3.4e+38 -3.4e+38 -3.4e+38 -3.4e+38 -3.4e+38 -3.4e+38 -3.4e+38 -3.4e+38 0.00182312005199492 0.00146676995791495 0.00125850003678352 0.00127318000886589 0.00198636995628476 0.00298774009570479 -3.4e+38 -3.4e+38 -3.4e+38 -3.4e+38 -3.4e+38 -3.4e+38 -3.4e+38 -3.4e+38 0.00235358998179436 0.00233898009173572 0.00240816990844905 0.00231012003496289 0.00232465006411076 0.00248333998024464 0.00266116997227073 0.00286458991467953 0.00297827995382249 0.00299388007260859 -3.4e+38 -3.4e+38 -3.4e+38 -3.4e+38 -3.4e+38 -3.4e+38 -3.4e+38
-3.4e+38 -3.4e+38 -3.4e+38 -3.4e+38 -3.4e+38 -3.4e+38 0.00159739004448056 0.0016114100581035 0.00163625995628536 -3.4e+38 -3.4e+38 -3.4e+38 -3.4e+38 0.00192086002789438 0.0017069400055334 0.00154081999789923 0.00160465005319566 0.00235119997523725 0.00327546009793878 0.00486607011407614 -3.4e+38 -3.4e+38 -3.4e+38 -3.4e+38 -3.4e+38 -3.4e+38 -3.4e+38 -3.4e+38 0.00239282008260489 0.00250457995571196 0.00235885009169579 0.00237288000062108 0.0025490999687463 0.00274773989804089 0.00297122006304562 0.00310241989791393 0.00309113995172083 -3.4e+38 -3.4e+38 -3.4e+38 -3.4e+38 -3.4e+38 -3.4e+38 -3.4e+38
-3.4e+38 -3.4e+38 -3.4e+38 -3.4e+38 0.00160923996008933 0.00156965001951903 0.00155229994561523 0.00153562997002155 0.00155305000953376 0.00167392997536808 0.00179942999966443 -3.4e+38 -3.4e+38 -3.4e+38 0.00198612990789115 0.0017989999614656 0.00189610000234097 0.00270290998741984 0.00364005006849766 0.00484221009537578 -3.4e+38 -3.4e+38 -3.4e+38 -3.4e+38 -3.4e+38 -3.4e+38 -3.4e+38 -3.4e+38 -3.4e+38 -3.4e+38 -3.4e+38 -3.4e+38 -3.4e+38 -3.4e+38 -3.4e+38 -3.4e+38 -3.4e+38 -3.4e+38 -3.4e+38 -3.4e+38 -3.4e+38 -3.4e+38 -3.4e+38 -3.4e+38
