results/Predictions/Median/Albian.asc
NCOLS 360 
NROWS 180 
XLLCORNER -180 
YLLCORNER -90 
CELLSIZE 1 
NODATA_value -3.4e+38 
[rows 20 to 39 of 180, columns 44 to 87 of 360]
8.42083011320938e-07 8.6379702679551e-07 8.96051972176792e-07 9.22201991215843e-07 9.42745998600003e-07 9.49740979194758e-07 9.53264020608913e-07 9.56800022322568e-07 9.60347961154184e-07 9.60125021265412e-07 9.58964051278599e-07 9.57802967604948e-07 9.45863007473235e-07 9.03626016679482e-07 8.60989985085325e-07 8.34874981592293e-07 8.03438013008417e-07 7.67348012686853e-07 7.32887997401122e-07 7.00526015862124e-07 6.91407990416337e-07 6.93162974130246e-07 6.94915001986374e-07 6.96664017141302e-07 7.20738000836718e-07 7.48325987842691e-07 8.07494018317811e-07 1.31172998862894e-06 9.16105000214884e-06 7.4503303039819e-05 0.000289938994683325 0.000807469012215734 0.00172460998874158 0.00176271004602313 0.00177384994458407 0.00179399002809078 0.00180853996425867 0.00178544002119452 0.00175956997554749 0.0017480100505054 0.0017359999474138 0.00169965997338295 0.00164820998907089 0.00159998994786292
1.15837997327617e-06 1.18564003059873e-06 1.2099700370527e-06 1.23705001442431e-06 1.2686699619735e-06 1.28825001866062e-06 1.30419005017757e-06 1.31928004520887e-06 1.3327299939192e-06 1.33835999349685e-06 1.34401000195794e-06 1.35379002585978e-06 1.35738002882135e-06 1.33937999180489e-06 1.32161994770286e-06 1.30410001020209e-06 1.26938004996191e-06 1.22842004657286e-06 1.19208004889515e-06 1.15421005375538e-06 1.1360300504748e-06 1.13321004846512e-06 1.1287199868093e-06 1.120340016314e-06 1.15107002329751e-06 1.1928300409636e-06 1.22415997338976e-06 1.25126996408653e-06 1.26489999274781e-06 1.27865996546461e-06 1.29393004044687e-06 1.30492003336258e-06 1.30819000787596e-06 1.31032004446752e-06 1.48641004216188e-06 5.51085986444377e-06 0.00017764100630302 0.00169695995282382 0.00304689002223313 0.00306499004364014 0.00301986001431942 0.00309845991432667 0.00309626990929246 0.00309160002507269
1.57343004048016e-06 1.6178900068553e-06 1.6611500086583e-06 1.70557996170828e-06 1.75120999301726e-06 1.787840005818e-06 1.82177996066457e-06 1.85635997240752e-06 1.89161005437199e-06 1.91079993783205e-06 1.92895004147431e-06 1.9472599888104e-06 1.96070004676585e-06 1.95904999600316e-06 1.95739994524047e-06 1.95574989447778e-06 1.93340997611813e-06 1.88704996162414e-06 1.84152997917408e-06 1.79711003056582e-06 1.7805100469559e-06 1.75995000972762e-06 1.73777004874864e-06 1.71787996805506e-06 1.78672996753448e-06 1.85835995125672e-06 1.93176992979716e-06 1.99974010683945e-06 2.03261993192427e-06 2.0748800579895e-06 2.10386997423484e-06 2.13408998206432e-06 2.16986995837942e-06 2.20624997382401e-06 2.24076006816176e-06 2.27684995479649e-06 2.31733997679839e-06 2.36161008615454e-06 2.4067198864941e-06 2.46257991420862e-06 2.51004007623123e-06 2.85618989437353e-06 5.02653983858181e-06 2.83007993857609e-05
1.27328996768483e-06 1.30103001083626e-06 1.32328000290727e-06 1.34192998757499e-06 1.36085998292401e-06 1.37281995193916e-06 1.38246002734377e-06 1.39217002015357e-06 1.40195004405541e-06 1.40686995564465e-06 1.41179998536245e-06 1.41955001708993e-06 1.4290700391939e-06 1.44142995850416e-06 1.45389003591845e-06 1.46646004850481e-06 1.48604999594681e-06 1.51108997670235e-06 1.53603002672753e-06 1.55995996919955e-06 1.60157003392669e-06 1.64998004947847e-06 1.68926999322139e-06 1.73086004906509e-06 1.79186997684155e-06 1.86623003628483e-06 1.95303005057212e-06 2.02539990823425e-06 2.0905899873469e-06 2.14689998756512e-06 2.22032008423412e-06 2.26650990953203e-06 2.31244007409259e-06 2.35930997405376e-06 2.4071300686046e-06 2.45400997300749e-06 2.50117000177852e-06 2.55746999755502e-06 2.62021990238281e-06 2.70727991846798e-06 2.77959998129518e-06 2.88446995000413e-06 2.99267003356363e-06 3.10055997942982e-06
1.05202002487204e-06 1.0631099485181e-06 1.06662002963276e-06 1.0701400015023e-06 1.07366997781355e-06 1.06990000858787e-06 1.06374000097276e-06 1.05762001112453e-06 1.05153003460146e-06 1.05407002592983e-06 1.05662002169993e-06 1.05917001747002e-06 1.06233005681133e-06 1.07748996924784e-06 1.09285997496045e-06 1.11065003238764e-06 1.15047998860973e-06 1.21306004530197e-06 1.27905002500484e-06 1.34863000766927e-06 1.43494003168598e-06 1.53373002831358e-06 1.6297500451401e-06 1.7334200492769e-06 1.81161999535107e-06 1.88902004083502e-06 1.97445001504093e-06 2.06721006179578e-06 2.14014994526224e-06 2.23384995479137e-06 2.31751005230763e-06 2.39480004893267e-06 2.45119008468464e-06 2.50890002462256e-06 2.56798989539675e-06 2.64174991571053e-06 2.71441990662424e-06 2.78533002529002e-06 2.86171007246594e-06 2.99406997328333e-06 3.1117599519348e-06 3.21717993756465e-06 3.38093991558708e-06 3.55976999344421e-06
1.00877002751076e-06 1.0172700513067e-06 1.01993998669059e-06 1.02261003576132e-06 1.02528997558693e-06 1.02186004369287e-06 1.01210002867447e-06 1.00025999927311e-06 9.88547981251031e-07 9.99437020254845e-07 1.01044997791178e-06 1.01799003004999e-06 1.02486001196667e-06 1.04450998605898e-06 1.0645400152498e-06 1.08623999039992e-06 1.13538999357843e-06 1.21122002383345e-06 1.29213003674522e-06 1.37843994707509e-06 1.47366995406628e-06 1.5842799712118e-06 1.69187001120008e-06 1.80760002876923e-06 1.89084994417499e-06 1.96794007933931e-06 2.04747993848287e-06 2.14168994716601e-06 2.22764992940938e-06 2.33955006478936e-06 2.44126999859873e-06 2.53777989200898e-06 2.61406989920943e-06 2.69266001851065e-06 2.76891000794421e-06 2.84423003904521e-06 2.93018001684686e-06 3.01875002151064e-06 3.10999007524515e-06 3.24075995195017e-06 3.41543000104139e-06 3.54330995833152e-06 3.70740008293069e-06 3.95964980270946e-06
1.12792997697397e-06 1.14024999220419e-06 1.15244995413377e-06 1.16477997380571e-06 1.17724005122e-06 1.18689001737948e-06 1.19563003408985e-06 1.20443996820541e-06 1.21332004709984e-06 1.22425001336524e-06 1.23528002404782e-06 1.24789005440107e-06 1.26788995657989e-06 1.30342004922568e-06 1.33994001316751e-06 1.37673998779064e-06 1.42725002660882e-06 1.49939000948507e-06 1.57521003529837e-06 1.65413996455754e-06 1.73331000041799e-06 1.81090001660777e-06 1.88990998140071e-06 1.9750900719373e-06 2.03670992959815e-06 2.10482994589256e-06 2.17451997741591e-06 2.25233998207841e-06 2.35102993428882e-06 2.46783997681632e-06 2.59533999269479e-06 2.69917995865399e-06 2.79562004834588e-06 2.89550007437356e-06 2.99895009447937e-06 3.08906010104693e-06 3.17052990794764e-06 3.25657993016648e-06 3.34495007336955e-06 3.48543994732609e-06 3.6616099805542e-06 3.80777009922895e-06 3.96798986912472e-06 4.2732099245768e-06
1.25579003906751e-06 1.27332998545171e-06 1.30278999677103e-06 1.33387004552787e-06 1.3656799637829e-06 1.39305996071926e-06 1.41921998420003e-06 1.4458800023931e-06 1.47303001085675e-06 1.49991001308081e-06 1.52727000113373e-06 1.55512998389895e-06 1.59045998771035e-06 1.6395799775637e-06 1.68765996022557e-06 1.73684998117096e-06 1.78724997113022e-06 1.84495002031326e-06 1.90451999060315e-06 1.9660199086502e-06 2.01548004952201e-06 2.06139998226718e-06 2.10836992664554e-06 2.14975989365485e-06 2.19993989958311e-06 2.25130997932865e-06 2.3058798888087e-06 2.37062999985937e-06 2.485500090188e-06 2.61717991634214e-06 2.7452799713501e-06 2.85242003883468e-06 2.96515008813003e-06 3.09901997752604e-06 3.24933989759302e-06 3.35501999870758e-06 3.43486999554443e-06 3.50733989762375e-06 3.58543002221268e-06 3.74860996998905e-06 3.92364017898217e-06 4.09197991757537e-06 4.26883980253479e-06 4.63269998363103e-06
1.41508996875928e-06 1.43647002914804e-06 1.46533000133786e-06 1.49477000377374e-06 1.52442999024061e-06 1.55397003709368e-06 1.58469003963546e-06 1.61601997206162e-06 1.64794994361728e-06 1.67467999290238e-06 1.70181999692431e-06 1.72939996900823e-06 1.76023002040893e-06 1.80355004886223e-06 1.84335999620089e-06 1.88288004210335e-06 1.93531991499185e-06 1.9966100808233e-06 2.05984997592168e-06 2.14054989555734e-06 2.20211995838326e-06 2.25453004532028e-06 2.30819000535121e-06 2.36279993259814e-06 2.42200007960491e-06 2.48234005084669e-06 2.54418000622536e-06 2.62500998360338e-06 2.75616002909373e-06 2.88194996755919e-06 3.00628994409635e-06 3.1181700705929e-06 3.27457996718294e-06 3.44664999829547e-06 3.62777996087971e-06 3.74199998987024e-06 3.82666985387914e-06 3.89974002246163e-06 3.97416988562327e-06 4.15466001868481e-06 4.3432801248855e-06 4.51652022093185e-06 4.71714020022773e-06 5.1747902034549e-06
1.60360002610105e-06 1.62163996719755e-06 1.64743994446326e-06 1.67198004419333e-06 1.6968799627648e-06 1.72611999005312e-06 1.7579900486453e-06 1.79044002379669e-06 1.8235000425193e-06 1.85206999958609e-06 1.88078001883696e-06 1.91293997886532e-06 1.9442600205366e-06 1.97629992726434e-06 2.00852991838474e-06 2.0412899175426e-06 2.09473000722937e-06 2.16084004023287e-06 2.24732002607198e-06 2.33187006415392e-06 2.41334009842831e-06 2.48269998337491e-06 2.54715996561572e-06 2.6146599338972e-06 2.68156009042286e-06 2.75017009698786e-06 2.82052997135906e-06 2.90119010060153e-06 3.03018009617517e-06 3.16487989948655e-06 3.28434998664306e-06 3.43363990396028e-06 3.62801006303926e-06 3.83158021577401e-06 4.00912995246472e-06 4.13416000810685e-06 4.24240988650126e-06 4.33598006566172e-06 4.41008978668833e-06 4.60466981166974e-06 4.80625021737069e-06 4.98515009894618e-06 5.2390901146282e-06 5.77849004912423e-06
1.84599002750474e-06 1.863160036919e-06 1.88455999250436e-06 1.90620994544588e-06 1.92809989130183e-06 1.95981010620017e-06 1.99355008589919e-06 2.02698993234662e-06 2.07370999305567e-06 2.10343000617286e-06 2.13254998016055e-06 2.16207990888506e-06 2.19165008275013e-06 2.22144990402739e-06 2.25490998673195e-06 2.28888006859052e-06 2.34194999393367e-06 2.42190003518772e-06 2.51881010626676e-06 2.59594003182428e-06 2.67857990365883e-06 2.76376999863714e-06 2.85167993752111e-06 2.9424099921016e-06 3.02079001812672e-06 3.10080008603109e-06 3.17258991344715e-06 3.25991004501702e-06 3.39274993166327e-06 3.50577010976849e-06 3.64611992154096e-06 3.82540019927546e-06 4.03817011829233e-06 4.23678011429729e-06 4.42816008217051e-06 4.56709994978155e-06 4.68958978672163e-06 4.81537017549272e-06 4.94100004289066e-06 5.12894985149615e-06 5.32024978383561e-06 5.52119990970823e-06 5.82410984861781e-06 6.3751599554962e-06
2.15895011024259e-06 2.18578998101293e-06 2.2183498913364e-06 2.24600989895407e-06 2.27385999096441e-06 2.30740010920272e-06 2.34324988923618e-06 2.37966992244765e-06 2.42277997131168e-06 2.46190006691904e-06 2.5016599920491e-06 2.5402000574104e-06 2.57520991908677e-06 2.61042009697121e-06 2.64611003331083e-06 2.68229996436276e-06 2.73179989562777e-06 2.80393010143598e-06 2.88864998765348e-06 2.97594010589819e-06 3.06804008687322e-06 3.16375007969327e-06 3.24407005791727e-06 3.32618992615608e-06 3.41089003086381e-06 3.49774995811458e-06 3.58681995749066e-06 3.69221993423707e-06 3.83049018637394e-06 3.97395979234716e-06 4.12280996897607e-06 4.30217005487066e-06 4.51125015388243e-06 4.69609994979692e-06 4.88852992930333e-06 5.04503987031057e-06 5.19156992595526e-06 5.34236005478306e-06 5.49753985978896e-06 5.699960183847e-06 5.94941002418636e-06 6.16446004642057e-06 6.48305012873607e-06 6.9913098741381e-06
2.56164003076265e-06 2.58623003901448e-06 2.61336003859469e-06 2.64078994405281e-06 2.66849997387908e-06 2.6993400297215e-06 2.73195996669529e-06 2.76498008133785e-06 2.8013901101076e-06 2.84892007584858e-06 2.89725994662149e-06 2.94642995868344e-06 2.9952600471006e-06 3.0413000331464e-06 3.08806011162233e-06 3.13555005959643e-06 3.19506989399088e-06 3.26727990795916e-06 3.3402700410079e-06 3.40406995746889e-06 3.48049002241169e-06 3.56251007360697e-06 3.64646007255942e-06 3.74478008779988e-06 3.86258989237831e-06 3.9841102079663e-06 4.10946995543782e-06 4.23950996264466e-06 4.375910066301e-06 4.51669984613545e-06 4.66203982796287e-06 4.82938003187883e-06 5.02050988870906e-06 5.2052600949537e-06 5.39682014277787e-06 5.57304019821458e-06 5.74733985558851e-06 5.92767992202425e-06 6.14060991210863e-06 6.39646987110609e-06 6.66357982481713e-06 6.94192021910567e-06 7.24953997632838e-06 7.6651504059555e-06
3.10638006340014e-06 3.14196995532257e-06 3.18147999678331e-06 3.22010009767837e-06 3.24835991705186e-06 3.27999009641644e-06 3.31298997480189e-06 3.34631999976409e-06 3.37997994392936e-06 3.42349994753022e-06 3.4675799724937e-06 3.51223002326151e-06 3.55729002876615e-06 3.6024600831297e-06 3.64819993592391e-06 3.69452004633786e-06 3.74925002688542e-06 3.81273002858507e-06 3.88317994293175e-06 3.96277982872562e-06 4.06417984777363e-06 4.17508999817073e-06 4.28904013460851e-06 4.40609983343165e-06 4.5360397962213e-06 4.66981009594747e-06 4.80754988529952e-06 4.95031008540536e-06 5.08633002027636e-06 5.22594018548261e-06 5.36937977813068e-06 5.53561994820484e-06 5.72653016206459e-06 5.92403011978604e-06 6.12834992352873e-06 6.31956982033444e-06 6.54288987789187e-06 6.79234017297858e-06 7.05130014466704e-06 7.27072983863764e-06 7.49351011108956e-06 7.7232198236743e-06 8.03378043201519e-06 8.4562298070523e-06
3.74613000531099e-06 3.76896991838294e-06 3.80411006517534e-06 3.84301984013291e-06 3.88232001569122e-06 3.91337016480975e-06 3.94176004192559e-06 3.97036001231754e-06 3.99936016037827e-06 4.05484979637549e-06 4.11110977438511e-06 4.16815009884886e-06 4.22507991970633e-06 4.28003977503977e-06 4.33571995017701e-06 4.3921199903707e-06 4.46091007688665e-06 4.54262999483035e-06 4.62586012872634e-06 4.710610028269e-06 4.81928009321564e-06 4.93810011903406e-06 5.05987009091768e-06 5.18464003107511e-06 5.32084004589706e-06 5.44535987501149e-06 5.57281009605504e-06 5.70597012483631e-06 5.85071984460228e-06 5.99913983023725e-06 6.15133012615843e-06 6.32829005553504e-06 6.53194001642987e-06 6.7322798713576e-06 6.96561983204447e-06 7.22842014511116e-06 7.47466992834234e-06 7.67373967391904e-06 7.87818044045707e-06 8.14186023490038e-06 8.42989993543597e-06 8.67693961481564e-06 8.95709035830805e-06 9.28503959585214e-06
4.63403011963237e-06 4.66873007098911e-06 4.70895020043827e-06 4.74952003060025e-06 4.7904300117807e-06 4.82129007650656e-06 4.84885003970703e-06 4.87658007841674e-06 4.90446018375224e-06 4.9665900405671e-06 5.02950979353045e-06 5.09323990627308e-06 5.15542978973826e-06 5.21128004038474e-06 5.26775011167047e-06 5.32481999471202e-06 5.39779011887731e-06 5.48728985449998e-06 5.5782797971915e-06 5.66791004530387e-06 5.76962020204519e-06 5.88093007536372e-06 5.99438999415725e-06 6.11003997619264e-06 6.23665982857347e-06 6.36590993963182e-06 6.49783987682895e-06 6.63792980049038e-06 6.78740980220027e-06 6.96074994266382e-06 7.12893006493687e-06 7.32569014871842e-06 7.5806101449416e-06 7.81310973252403e-06 8.02557042334229e-06 8.22569018055219e-06 8.43106954562245e-06 8.72679993335623e-06 8.97539030120242e-06 9.21861010283465e-06 9.4490196715924e-06 9.72523957898375e-06 1.00092001957819e-05 1.03641996247461e-05
5.87148997510667e-06 5.89692990615731e-06 5.92134983889991e-06 5.94585981161799e-06 5.97047983319499e-06 5.99734994466417e-06 6.02505997449043e-06 6.05290006205905e-06 6.08087020737003e-06 6.14123018749524e-06 6.20218997937627e-06 6.26376004220219e-06 6.32204000794445e-06 6.37547009318951e-06 6.42805980533012e-06 6.48108016321203e-06 6.5469098444737e-06 6.62307002130547e-06 6.69725977786584e-06 6.77227990308893e-06 6.87405008648057e-06 6.99314978191978e-06 7.14057978257188e-06 7.26579992260667e-06 7.39154984330526e-06 7.51946981836227e-06 7.64960986998631e-06 7.79393030825304e-06 8.00111956777982e-06 8.1733696788433e-06 8.3578397607198e-06 8.56430960993748e-06 8.78527043823851e-06 9.06248988030711e-06 9.3193402790348e-06 9.53101971390424e-06 9.74136037257267e-06 9.99964959191857e-06 1.01844998425804e-05 1.04339997051284e-05 1.06984998637927e-05 1.09697002699249e-05 1.12616999103921e-05 1.1603799976001e-05
7.26985990695539e-06 7.29888006389956e-06 7.299850039999e-06 7.29994007997448e-06 7.30003011994995e-06 7.3106998570438e-06 7.32701982997241e-06 7.3473797783663e-06 7.36779020371614e-06 7.4438698902668e-06 7.53540007281117e-06 7.6057699516241e-06 7.65396998758661e-06 7.7098802648834e-06 7.71920986153418e-06 7.74790987634333e-06 7.81111975811655e-06 7.9127203207463e-06 8.03090006229468e-06 8.10383971838746e-06 8.21459980215877e-06 8.37401967146434e-06 8.50618016556837e-06 8.64042976900237e-06 8.76053036336089e-06 8.88230988493888e-06 9.00577015272574e-06 9.15147029445507e-06 9.36235028348165e-06 9.56402982410509e-06 9.84114012680948e-06 1.00862998806406e-05 1.03005995697458e-05 1.04992996057263e-05 1.07243004094926e-05 1.0930099961115e-05 1.11295003080158e-05 1.13325004349463e-05 1.15393004307407e-05 1.18113002827158e-05 1.20899003377417e-05 1.23686995721073e-05 1.26712002384011e-05 1.29753998407978e-05
9.16615044843638e-06 9.17711986403447e-06 9.18333989829989e-06 9.18433033803012e-06 9.18532987270737e-06 9.1666197477025e-06 9.1413803602336e-06 9.11620008992031e-06 9.09107984625734e-06 9.20349975785939e-06 9.31726026465185e-06 9.38881021284033e-06 9.44858038565144e-06 9.49837976804702e-06 9.54400002228795e-06 9.58983036980499e-06 9.6511903393548e-06 9.72835005086381e-06 9.80614004220115e-06 9.88405008683912e-06 1.00089000625303e-05 1.01920004453859e-05 1.03312995634042e-05 1.04837999970187e-05 1.06015004348592e-05 1.07162004496786e-05 1.08408003143268e-05 1.09833999886177e-05 1.11913996079238e-05 1.13898995550699e-05 1.15835000542575e-05 1.18191001092782e-05 1.19993001135299e-05 1.2174399671494e-05 1.23759000416612e-05 1.25818996821181e-05 1.27918001453509e-05 1.29998998090741e-05 1.3183999726607e-05 1.34585998239345e-05 1.3738899724558e-05 1.40251995617291e-05 1.43194001793745e-05 1.46211996252532e-05
1.15536995508592e-05 1.1523599823704e-05 1.15169996206532e-05 1.15171997094876e-05 1.1517399798322e-05 1.14903996291105e-05 1.14481999844429e-05 1.14050999400206e-05 1.13616997623467e-05 1.14246995508438e-05 1.14876002044184e-05 1.15492002805695e-05 1.15839002319262e-05 1.16233995868242e-05 1.1662399629131e-05 1.17015997602721e-05 1.17561003207811e-05 1.18260004455806e-05 1.18963998829713e-05 1.19671003631083e-05 1.21097000373993e-05 1.22290002764203e-05 1.23229001474101e-05 1.24099997265148e-05 1.25583001135965e-05 1.27077000797726e-05 1.28474002849543e-05 1.29985000967281e-05 1.31819997477578e-05 1.33679995997227e-05 1.35325999508495e-05 1.36880998979905e-05 1.38347004394745e-05 1.39828998726443e-05 1.41327000164893e-05 1.43862998811528e-05 1.46791999213747e-05 1.49057996168267e-05 1.50966998262447e-05 1.53469009092078e-05 1.5611200069543e-05 1.59050996444421e-05 1.61753996508196e-05 1.64138000400271e-05
