results/Predictions/Median/Anisian.asc
NCOLS 360 
NROWS 180 
XLLCORNER -180 
YLLCORNER -90 
CELLSIZE 1 
NODATA_value -3.4e+38 
[rows 120 to 139 of 180, columns 88 to 131 of 360]
0.000409569009207189 0.0003984929935541 0.000386798987165093 0.000380003999453038 0.00036494099185802 0.000349751993780956 0.000340991013217717 0.000322614010656253 0.00031353099620901 0.000305332010611892 0.000293694989522919 0.0002808730059769 0.00026765200891532 0.000256677012657747 0.000242266003624536 0.000233455997658893 0.000221091002458706 0.000209820005693473 0.000199746995349415 0.000188460995559581 0.000179347000084817 0.000167676000273786 0.000159575007273816 0.000150106003275141 0.000140499992994592 0.000133822002680972 0.000126305996673182 0.000118310003017541 0.000109790002170485 0.000101972997072153 9.58407981670462e-05 8.99009028216824e-05 8.39300992083736e-05 7.72054991102777e-05 7.13804984115995e-05 6.59166980767623e-05 6.0226499044802e-05 5.45809998584446e-05 4.97793007525615e-05 4.54787987109739e-05 4.16662987845484e-05 3.81928985007107e-05 3.5119999665767e-05 3.13739001285285e-05
0.000367814005585387 0.000356881006155163 0.000348900997778401 0.000338577985530719 0.000327307003317401 0.00031641501118429 0.000307208014419302 0.000296292011626065 0.000286994007183239 0.000277782994089648 0.000265037990175188 0.000253247009823099 0.000240961002418771 0.00023061600222718 0.000220817004446872 0.000210330006666481 0.000199051995878108 0.000188528007129207 0.000180615999852307 0.000169930004631169 0.000160954004968517 0.000149903993587941 0.000142987002618611 0.00013406400103122 0.000126369995996356 0.000118133997602854 0.000110433997178916 0.000103416998172179 9.69140965025872e-05 9.07943031052127e-05 8.43344969325699e-05 7.91588972788304e-05 7.37438022042625e-05 6.80567973176949e-05 6.33503004792146e-05 5.89806986681651e-05 5.48530988453422e-05 5.11922989971936e-05 4.74160988233052e-05 4.32322012784425e-05 3.93974005419295e-05 3.63649996870663e-05 3.36757002514787e-05 3.1161900551524e-05
0.000325411005178466 0.000318164005875587 0.000309563998598605 0.00030144999618642 0.000294389988994226 0.000286653987132013 0.000278040010016412 0.000267708004685119 0.000257347011938691 0.000248586002271622 0.000239361994317733 0.000228852004511282 0.000219116001971997 0.00020995999511797 0.000199717003852129 0.000188418998732232 0.000180019997060299 0.000171874999068677 0.000161574003868736 0.000152399006765336 0.000142003002110869 0.000133641005959362 0.000124666999909095 0.000119269003334921 0.00011267900117673 0.000105072002043016 9.79089018073864e-05 9.21516984817572e-05 8.6382897279691e-05 8.07272008387372e-05 7.55713990656659e-05 7.04970007063821e-05 6.56519987387583e-05 6.08039990765974e-05 5.65252012165729e-05 5.27619995409623e-05 4.94293999508955e-05 4.64414988528006e-05 4.37968010373879e-05 4.13790003221948e-05 3.84324994229246e-05 3.56802993337624e-05 3.2951600587694e-05 3.1161900551524e-05
0.000282124005025253 0.00027531199157238 0.000265815993770957 0.000257356005022302 0.000250179989961907 0.000243582006078213 0.000234759994782507 0.000227772005018778 0.000220856003579684 0.000214108993532136 0.000205725998966955 0.000196089997189119 0.000186624994967133 0.000178330999915488 0.000170523999258876 0.000161867006681859 0.000153308996232226 0.000144781995913945 0.00013490799756255 0.000125348000437953 0.000117686002340633 0.000111574001493864 0.000105491999420337 9.84365979093127e-05 9.18532023206353e-05 8.62880988279358e-05 8.13653023215011e-05 7.65147997299209e-05 7.21101969247684e-05 6.78092983434908e-05 6.37073026155122e-05 5.97881989961024e-05 5.59045984118711e-05 5.1694099965971e-05 4.82864998048171e-05 4.50943007308524e-05 4.22960983996745e-05 3.9667898818152e-05 3.69215995306149e-05 3.43038009305019e-05 3.20983017445542e-05 3.00469000649173e-05 2.73786008619936e-05 2.5222499971278e-05
0.00023599699488841 0.000229158002184704 0.000222984002903104 0.000217003995203413 0.000211588994716294 0.000206174998311326 0.000200588998268358 0.000194332998944446 0.000188716992852278 0.000179366994416341 0.000171104999026284 0.000165334000485018 0.000156576003064401 0.000148631996125914 0.00013991299783811 0.000131752996821888 0.000124861995573156 0.000118087002192624 0.000111715002276469 0.000105687999166548 9.92791028693318e-05 9.29068992263637e-05 8.74520992510952e-05 8.23610025690868e-05 7.75673979660496e-05 7.30886022211052e-05 6.88694999553263e-05 6.48951026960276e-05 6.11611030763015e-05 5.75509002374019e-05 5.38355016033165e-05 5.03601986565627e-05 4.70425984531175e-05 4.39789000665769e-05 4.12033004977275e-05 3.83471997338347e-05 3.58286015398335e-05 3.35098993673455e-05 3.13411983370315e-05 2.89910003630212e-05 2.64300997514511e-05 2.42518999584718e-05 2.2292799258139e-05 2.04766001843382e-05
0.000189475002116524 0.000184805001481436 0.000180846996954642 0.000175164997926913 0.000169926002854481 0.000164772995049134 0.000159774994244799 0.000154655004735105 0.000149548999615945 0.00014390199794434 0.000138314993819222 0.000131042004795745 0.000124740006867796 0.000119172000268009 0.000113237998448312 0.000107688996649813 0.000102413003332913 9.7057200036943e-05 9.16611970751546e-05 8.66968985064887e-05 8.13588994788006e-05 7.64719006838277e-05 7.23350021871738e-05 6.85862978571095e-05 6.50324000162072e-05 6.15531025687233e-05 5.78612998651806e-05 5.42911002412438e-05 5.07967015437316e-05 4.74049993499648e-05 4.45246005256195e-05 4.19639000028837e-05 3.94587987102568e-05 3.68707987945527e-05 3.4693399356911e-05 3.25793007505126e-05 3.01957006740849e-05 2.81799002550542e-05 2.64331993093947e-05 2.46722993324511e-05 2.25082003453281e-05 2.05340002139565e-05 1.8576600268716e-05 1.71927003975725e-05
0.00014469500456471 0.000141219003126025 0.000137593000545166 0.000133831999846734 0.00013007500092499 0.000126618993817829 0.000123232006444596 0.000120347001939081 0.000117529998533428 0.000113788999442477 0.00010853199637495 0.000103518999821972 9.91366032394581e-05 9.51398978941143e-05 9.01562016224489e-05 8.54341997182928e-05 8.12006983323954e-05 7.71265986259095e-05 7.29392995708622e-05 6.89795997459441e-05 6.5519503550604e-05 6.23326995992102e-05 5.92928008700255e-05 5.56336017325521e-05 5.20967005286366e-05 4.90888014610391e-05 4.62548014183994e-05 4.35846995969769e-05 4.1113900806522e-05 3.89892993553076e-05 3.68129003618378e-05 3.48085995938163e-05 3.28509995597415e-05 3.08242997562047e-05 2.88579994958127e-05 2.70085001830012e-05 2.54099995800061e-05 2.38218999584205e-05 2.24835002882173e-05 2.10720991162816e-05 1.92658008018043e-05 1.76469002326485e-05 1.60960007633548e-05 1.47062000905862e-05
0.000113337002403568 0.000110417997348122 0.000107466999907047 0.000104493999970146 0.000101997997262515 9.96063026832417e-05 9.70124965533614e-05 9.42472979659215e-05 9.14219999685884e-05 8.86815032572486e-05 8.51829026942141e-05 8.13993028714322e-05 7.77844034018926e-05 7.42916017770767e-05 7.08446968928911e-05 6.75584014970809e-05 6.45879990770482e-05 6.15270982962102e-05 5.84267982048914e-05 5.53026002307888e-05 5.24308998137712e-05 4.97293003718369e-05 4.71735984319821e-05 4.47493002866395e-05 4.23607016273309e-05 4.00567005272023e-05 3.78047989215702e-05 3.57253993570339e-05 3.37150995619595e-05 3.21289007843006e-05 3.06190995615907e-05 2.9061100576655e-05 2.73737005045405e-05 2.57776991929859e-05 2.42899004661012e-05 2.28880999202374e-05 2.15656000364106e-05 2.02429000637494e-05 1.90314003702952e-05 1.79297003342072e-05 1.64357006724458e-05 1.51250997078023e-05 1.38742998387897e-05 1.26382001326419e-05
7.96319000073709e-05 7.79773035901599e-05 7.62932031648234e-05 7.45829020161182e-05 7.29110033717006e-05 7.1276597736869e-05 6.93218025844544e-05 6.73051981721073e-05 6.54928007861599e-05 6.38885030639358e-05 6.18581034359522e-05 5.9892401623074e-05 5.79890001972672e-05 5.60500993742608e-05 5.38985987077467e-05 5.18013002874795e-05 4.96452012157533e-05 4.74014013889246e-05 4.51443993370049e-05 4.29948995588347e-05 4.09478998335544e-05 3.91266985388938e-05 3.72998001694214e-05 3.55076008418109e-05 3.39163016178645e-05 3.23288986692205e-05 3.07988993881736e-05 2.92377008008771e-05 2.78053994406946e-05 2.64413993136259e-05 2.50974007940385e-05 2.3821599825169e-05 2.25052008318016e-05 2.12159993679961e-05 2.00149006559514e-05 1.87662008102052e-05 1.76826997630997e-05 1.67304006026825e-05 1.58031998580555e-05 1.49750003402005e-05 1.36959997689701e-05 1.25461001516669e-05 1.14903996291105e-05 1.04686996564851e-05
5.68192008358892e-05 5.59369982511271e-05 5.49631004105322e-05 5.40918008482549e-05 5.32494013896212e-05 5.24105998920277e-05 5.12769001943525e-05 5.0073900638381e-05 4.88902005599812e-05 4.77622015750967e-05 4.64397016912699e-05 4.5153901737649e-05 4.39038994954899e-05 4.25809994339943e-05 4.09868989663664e-05 3.94960989069659e-05 3.81721984012984e-05 3.66804015357047e-05 3.50841983163264e-05 3.37005003530066e-05 3.24315988109447e-05 3.11721996695269e-05 2.99465991702164e-05 2.87693001155276e-05 2.76382997981273e-05 2.63190995610785e-05 2.50473003688967e-05 2.37203003052855e-05 2.25038002099609e-05 2.14641004276928e-05 2.04725001822226e-05 1.95268003153615e-05 1.85026001418009e-05 1.74244996742345e-05 1.63956992764724e-05 1.53850996866822e-05 1.45391004480189e-05 1.38265995701659e-05 1.31431997942855e-05 1.24909001897322e-05 1.14042004497605e-05 1.03833999673952e-05 9.44723979046103e-06 8.65820038598031e-06
4.05626997235231e-05 4.00536991946865e-05 3.95700008084532e-05 3.91376997868065e-05 3.87102008971851e-05 3.82873004127759e-05 3.76146999769844e-05 3.68709988833871e-05 3.61421989509836e-05 3.54278017766774e-05 3.46259002981242e-05 3.38809986715205e-05 3.32681993313599e-05 3.25625005643815e-05 3.16258992825169e-05 3.07051996060181e-05 2.9811399144819e-05 2.8827800633735e-05 2.77651997748762e-05 2.67419000010705e-05 2.57564006460598e-05 2.48587002715794e-05 2.40089993894799e-05 2.31231006182497e-05 2.22374001168646e-05 2.1124500563019e-05 2.00674003281165e-05 1.90353002835764e-05 1.81516006705351e-05 1.74058004631661e-05 1.66905992955435e-05 1.60048002726398e-05 1.52565999087528e-05 1.43505003507016e-05 1.34565998450853e-05 1.25993001347524e-05 1.19051001092885e-05 1.13659998532967e-05 1.08732001535827e-05 1.04248001662199e-05 9.5065797722782e-06 8.64463981997687e-06 7.9396495493711e-06 7.20499019735144e-06
2.87761995423352e-05 2.85258993244497e-05 2.83594999928027e-05 2.82755991065642e-05 2.81919001281494e-05 2.81083994195797e-05 2.78358002105961e-05 2.74644007731695e-05 2.70527998509351e-05 2.66473998635774e-05 2.6197300030617e-05 2.57547999353847e-05 2.53886992140906e-05 2.49828008236364e-05 2.43817994487472e-05 2.37953991018003e-05 2.32229995162925e-05 2.25428993871901e-05 2.17223005165579e-05 2.09193003684049e-05 2.0223700630595e-05 1.96140008483781e-05 1.90401005966123e-05 1.84261007234454e-05 1.77510992216412e-05 1.68421993294032e-05 1.60498002514942e-05 1.52946995513048e-05 1.46190996019868e-05 1.41002001328161e-05 1.36509997901157e-05 1.31543001771206e-05 1.25103997561382e-05 1.17532999865944e-05 1.09618003989453e-05 1.02719995993539e-05 9.82993969955714e-06 9.44906969380099e-06 9.16706994757988e-06 8.76381000125548e-06 7.99284043750959e-06 7.3408400567132e-06 6.74719012749847e-06 6.14388000030885e-06
2.05799005925655e-05 2.0475999917835e-05 2.04442003450822e-05 2.04809002752881e-05 2.05132000701269e-05 2.05455999093829e-05 2.04120005946606e-05 2.02246992557775e-05 2.00513004529057e-05 1.98799007193884e-05 1.97117005882319e-05 1.95448992599268e-05 1.93795003724517e-05 1.91643994185142e-05 1.88006997632328e-05 1.83569991349941e-05 1.78955997398589e-05 1.73995995282894e-05 1.6843099729158e-05 1.63044005603297e-05 1.57829999807291e-05 1.53317996591795e-05 1.49110001075314e-05 1.45017002068926e-05 1.41035998240113e-05 1.347990018985e-05 1.28837000374915e-05 1.23139998322586e-05 1.18036996354931e-05 1.14224003482377e-05 1.10811997728888e-05 1.0750200090115e-05 1.02245003290591e-05 9.61491969064809e-06 9.05136039364152e-06 8.53521032695426e-06 8.20278000901453e-06 7.93354956840631e-06 7.67012988944771e-06 7.41092981115798e-06 6.82010022501345e-06 6.2552999224863e-06 5.7635202210804e-06 5.19097011419944e-06
1.45760996019817e-05 1.45545000123093e-05 1.45866997627309e-05 1.46728998515755e-05 1.47593000292545e-05 1.48421004269039e-05 1.48113003888284e-05 1.4742799976375e-05 1.46746997415903e-05 1.46068996400572e-05 1.45274998430978e-05 1.44485002238071e-05 1.43698998726904e-05 1.42599001264898e-05 1.40563997774734e-05 1.3855799807061e-05 1.36581002152525e-05 1.33808998725726e-05 1.30294001792208e-05 1.26869999803603e-05 1.23537001854856e-05 1.2067100215063e-05 1.18049001684994e-05 1.15461998575483e-05 1.13132000478799e-05 1.08403000922408e-05 1.036190042214e-05 9.87576004263246e-06 9.47622993408004e-06 9.20302954909857e-06 8.95321954885731e-06 8.71023985382635e-06 8.34621005196823e-06 7.91941965871956e-06 7.51765992390574e-06 7.14813995728036e-06 6.89495982442168e-06 6.71479983793688e-06 6.52977996651316e-06 6.3473798945779e-06 5.84564986638725e-06 5.38458016308141e-06 4.94593996336334e-06 4.45923978986684e-06
1.03297998066409e-05 1.03437996585853e-05 1.04073997135856e-05 1.05175004136981e-05 1.06418001450947e-05 1.07675996332546e-05 1.07836003735429e-05 1.07628002297133e-05 1.07463001768338e-05 1.0745899999165e-05 1.07480000224314e-05 1.07571995613398e-05 1.07752002804773e-05 1.07571004264173e-05 1.06339002741151e-05 1.0538799870119e-05 1.04445998658775e-05 1.02696003523306e-05 1.00227998700575e-05 9.78188018052606e-06 9.54668030317407e-06 9.37614004214993e-06 9.22033996175742e-06 9.0864396042889e-06 8.94437016540905e-06 8.56108999869321e-06 8.24181006464642e-06 7.92731043475214e-06 7.62693980504991e-06 7.47478998164297e-06 7.31683985577547e-06 7.17004013495171e-06 6.93521997163771e-06 6.62123011352378e-06 6.32146020507207e-06 6.03747002969612e-06 5.84457984587061e-06 5.69874009670457e-06 5.53230984223774e-06 5.38194990440388e-06 5.00492978972034e-06 4.61488980363356e-06 4.26191991209635e-06 3.86085002901382e-06
7.30720012143138e-06 7.33214983483776e-06 7.39620008971542e-06 7.50039998820284e-06 7.60606008043396e-06 7.70047972764587e-06 7.7481499829446e-06 7.76531032897765e-06 7.78575031290529e-06 7.80861955718137e-06 7.84975964052137e-06 7.89864043326816e-06 7.95146024756832e-06 7.98062956164358e-06 7.938109774841e-06 7.89581008575624e-06 7.85421980253886e-06 7.77532022766536e-06 7.65545973990811e-06 7.53949007048504e-06 7.42527981856256e-06 7.35789990358171e-06 7.30313013264094e-06 7.22521008356125e-06 7.17273996997392e-06 6.93368019710761e-06 6.70257986712386e-06 6.49577987132943e-06 6.31841021458968e-06 6.20016999164363e-06 6.07312995271059e-06 5.96152995058219e-06 5.7793699852482e-06 5.56449003852322e-06 5.3564899644698e-06 5.15241981702275e-06 4.98132021675701e-06 4.8383199100499e-06 4.702889782493e-06 4.59614011560916e-06 4.29338979301974e-06 3.97293979403912e-06 3.73135003428615e-06 3.4179399790446e-06
5.2821301324002e-06 5.31398018210893e-06 5.36355992153403e-06 5.43622991244774e-06 5.52072015125304e-06 5.60653006687062e-06 5.66503013033071e-06 5.71450982533861e-06 5.75812009628862e-06 5.81478980166139e-06 5.88144985158578e-06 5.94797984376783e-06 6.01526016907883e-06 6.07063020652276e-06 6.08674008617527e-06 6.0978600231465e-06 6.10900997344288e-06 6.08288019066094e-06 6.01995998295024e-06 5.95770006839302e-06 5.89608998780022e-06 5.85797988605918e-06 5.84632016398245e-06 5.84122017244226e-06 5.82370012125466e-06 5.67446977584041e-06 5.53338986719609e-06 5.39417987965862e-06 5.25154018760077e-06 5.14881003255141e-06 5.05700018038624e-06 4.96180018672021e-06 4.84656993648969e-06 4.7072999223019e-06 4.57179021395859e-06 4.44056013293448e-06 4.29571991844568e-06 4.15820022681146e-06 4.02336991101038e-06 3.89269007428084e-06 3.67329994332977e-06 3.47357990904129e-06 3.31762998939666e-06 3.10515997625771e-06
3.78857998839521e-06 3.82100006390829e-06 3.87585987482453e-06 3.94844983020448e-06 4.01364013669081e-06 4.08000005336362e-06 4.1379298636457e-06 4.18999979956425e-06 4.24267000198597e-06 4.29595002060523e-06 4.37456992585794e-06 4.45462001152919e-06 4.5361398406385e-06 4.60583987660357e-06 4.6401501094806e-06 4.67472000309499e-06 4.70955001219409e-06 4.71746989205712e-06 4.69837004857254e-06 4.67942982140812e-06 4.66631991002942e-06 4.67414020022261e-06 4.69562019134173e-06 4.70099985250272e-06 4.70637996841106e-06 4.60635010313126e-06 4.51471987616969e-06 4.4269499994698e-06 4.3383301999711e-06 4.25978987550479e-06 4.19144998886622e-06 4.12682993555791e-06 4.03951980842976e-06 3.94993003283162e-06 3.87072986995918e-06 3.79882999368419e-06 3.67282996194263e-06 3.54053008777555e-06 3.41431996275787e-06 3.29616000271926e-06 3.16073010253604e-06 3.05139997180959e-06 2.94969004244194e-06 2.80632002613856e-06
2.78061997960322e-06 2.81722009276564e-06 2.86628005596867e-06 2.92841991722526e-06 2.99190992336662e-06 3.05678008771793e-06 3.11167991640104e-06 3.16370005748468e-06 3.2165999073186e-06 3.26164990838151e-06 3.32822992277215e-06 3.39618009093101e-06 3.46551996699418e-06 3.52962001670676e-06 3.57850990440056e-06 3.63543995263171e-06 3.68806990991288e-06 3.71663008991163e-06 3.72855993191479e-06 3.74054002350022e-06 3.75254990103713e-06 3.7743100165244e-06 3.79945004169713e-06 3.82475991500542e-06 3.85024986826465e-06 3.80339997718693e-06 3.75712011191354e-06 3.71189003089967e-06 3.65883010999823e-06 3.59746991307475e-06 3.53188011104066e-06 3.47008995049691e-06 3.42025009558711e-06 3.37671008310281e-06 3.33371008309769e-06 3.29127010445518e-06 3.1948900414136e-06 3.08438006868528e-06 2.9776899737044e-06 2.87677994492697e-06 2.73485011348384e-06 2.59998000728956e-06 2.47180992118956e-06 2.36578989643021e-06
2.03968011192046e-06 2.07036009669537e-06 2.10647999665525e-06 2.15422005567234e-06 2.20305992115755e-06 2.25301005229994e-06 2.30098999054462e-06 2.34636991081061e-06 2.39262999457424e-06 2.43978001890355e-06 2.50390007749957e-06 2.56970997725148e-06 2.63724996329984e-06 2.70212990471919e-06 2.75720003628521e-06 2.81387997347338e-06 2.87172997559537e-06 2.91535002361343e-06 2.94405003842257e-06 2.97302995022619e-06 3.00321994473052e-06 3.03865999740083e-06 3.07546997646568e-06 3.11271992359252e-06 3.15043007503846e-06 3.13889995595673e-06 3.12735005536524e-06 3.11471990244172e-06 3.09211009152932e-06 3.04908007819904e-06 3.00665010399825e-06 2.96300004265504e-06 2.93174002763408e-06 2.91745004687982e-06 2.90324010165932e-06 2.88908995571546e-06 2.80952008324675e-06 2.71127009909833e-06 2.61646005128569e-06 2.52997006100486e-06 2.3705899820925e-06 2.22134008254216e-06 2.08156006920035e-06 2.0016100279463e-06
