results/Predictions/Median/Anisian.asc
NCOLS 360 
NROWS 180 
XLLCORNER -180 
YLLCORNER -90 
CELLSIZE 1 
NODATA_value -3.4e+38 
[rows 60 to 79 of 180, columns 0 to 43 of 360]
0.000467458012280986 0.000467700010631233 0.000467458012280986 0.000467592006316409 0.00046773100621067 0.000468482001451775 0.000469700986286625 0.000470214989036322 0.000470264989417046 0.000470569008029997 0.000471120001748204 0.000471673003630713 0.00047223101137206 0.000472579995403066 0.000472969986731187 0.000473649008199573 0.000473727006465197 0.000473805004730821 0.00047388399252668 0.000474231987027451 0.000474887987365946 0.000475140986964107 0.000475383014418185 0.000474834989290684 0.000474286993267015 0.00047373998677358 0.00047321998863481 0.000473082007374614 0.00047255601384677 0.000472599000204355 0.000472762010758743 0.000473044987302274 0.000473329011583701 0.000473611988127232 0.000474747997941449 0.000475194014143199 0.000475814013043419 0.000476871005957946 0.000477355002658442 0.000477841007523239 0.000478305999422446 0.000478626985568553 0.000478517002193257 0.000477997004054487
0.000468170997919515 0.000468312005978078 0.000468980986624956 0.000469335995148867 0.000469235004857183 0.000469143007649109 0.000469051010441035 0.000469296996016055 0.000470063008833677 0.000470831000711769 0.000471600011223927 0.000472348008770496 0.000472518993774429 0.000472599000204355 0.00047267900663428 0.000472677988000214 0.000472629995783791 0.00047257001278922 0.000472510990221053 0.000472520012408495 0.000472552987048402 0.00047258599079214 0.000472618994535878 0.000472552987048402 0.000472487008664757 0.000472421001177281 0.000472190004074946 0.00047258599079214 0.000472757004899904 0.000472929008537903 0.000473116990178823 0.000473322987090796 0.000473783991765231 0.000474464002763852 0.000475308013847098 0.000475617998745292 0.000475928012747318 0.000476677989354357 0.000476735003758222 0.000477122986922041 0.000477967987535521 0.000478673988254741 0.000478959991596639 0.000479245994938537
0.000469510006951168 0.00047003201325424 0.000470553990453482 0.000471076986286789 0.000471539999125525 0.000471984007162973 0.000472298997920007 0.000472392013762146 0.000472395011456683 0.00047239800915122 0.000472401006845757 0.000472427986096591 0.00047280199942179 0.000473188003525138 0.000473574997158721 0.000473575986688957 0.000473621999844909 0.000473686988698319 0.000473752006655559 0.000473797001177445 0.000473836000310257 0.000473874009912834 0.000473913009045646 0.000473638996481895 0.000473112013423815 0.00047258599079214 0.000472368003102019 0.000473091989988461 0.000473666994366795 0.000474022002890706 0.000474733009468764 0.000474350992590189 0.00047396999434568 0.000473866006359458 0.000474194996058941 0.000474805012345314 0.000476296991109848 0.000477516005048528 0.000477571011288092 0.000478214002214372 0.000479084003018215 0.000479868991533294 0.000480393006000668 0.000480918009998277
0.000468204991193488 0.000468299986096099 0.00046839501010254 0.000468587008072063 0.00046907999785617 0.00046961399493739 0.000470025988761336 0.000470500002847984 0.000471242005005479 0.000470499013317749 0.000471270002890378 0.000472018989967182 0.000472362007712945 0.000472399988211691 0.000472437997814268 0.000472387007903308 0.00047224698937498 0.000472106999950483 0.000471967010525987 0.000471973005915061 0.000472028012154624 0.00047226098831743 0.000472640007501468 0.000472795014502481 0.000472582993097603 0.000472862011520192 0.000473424006486312 0.000474144006147981 0.000474247004603967 0.00047477098996751 0.000475262000691146 0.000475696986541152 0.000476132001494989 0.000476568005979061 0.00047729499056004 0.000478119996841997 0.000478945992654189 0.000479773996630684 0.000480432994663715 0.000480897986562923 0.000480911985505372 0.000480863993288949 0.000480627990327775 0.000481238996144384
0.000468884012661874 0.000470391998533159 0.000470325991045684 0.000469911989057437 0.000469388003693894 0.000469279009848833 0.000469485996291041 0.000469694001367316 0.000470614992082119 0.0004716620023828 0.000471989013021812 0.000472916988655925 0.000473535008495674 0.000474152999231592 0.000474678992759436 0.000474686996312812 0.000474091008072719 0.000473424006486312 0.000472759013064206 0.000472545012598857 0.000472481013275683 0.00047249099588953 0.000472551007987931 0.000473379011964425 0.000473855994641781 0.000473708001663908 0.000474522006697953 0.000475620996439829 0.000475615001050755 0.0004749940126203 0.000475101987831295 0.000475553009891883 0.000476006011012942 0.000477538997074589 0.000478909001685679 0.000478973001008853 0.000479037989862263 0.000480827002320439 0.000481100985780358 0.000481650000438094 0.000482544011902064 0.000483226991491392 0.000483268988318741 0.000483312003780156
0.000468651996925473 0.00046885700430721 0.000469060993054882 0.000469255988718942 0.000469485996291041 0.000469888997031376 0.00047037799959071 0.000470533996121958 0.000471217004815117 0.000471286009997129 0.0004716620023828 0.000472101004561409 0.000472060986794531 0.000472020998131484 0.000471981998998672 0.00047194299986586 0.000471904000733048 0.000471865001600236 0.000471826002467424 0.000471951992949471 0.000472132000140846 0.000472312996862456 0.000472493993584067 0.000472977000754327 0.000474183994811028 0.000475531007396057 0.000475214008474723 0.000474909989861771 0.00047540498781018 0.000476379995234311 0.000477333989692852 0.000478603004012257 0.000480552000226453 0.000481644994579256 0.000482125004054978 0.000482998002553359 0.000484020012663677 0.000484749994939193 0.000485756987472996 0.000486765988171101 0.000487776997033507 0.000488581019453704 0.000488759018480778 0.000488937017507851
0.000468874990474433 0.000469257996883243 0.000469602993689477 0.000469947000965476 0.000470252009108663 0.000470544007839635 0.000470836006570607 0.000471128994831815 0.000471481995191425 0.000472715997602791 0.000474080006824806 0.000473647000035271 0.000474391999887303 0.00047540498781018 0.000476376997539774 0.000476474990136921 0.00047646599705331 0.000476456014439464 0.000476446992252022 0.000476393004646525 0.000476323999464512 0.000476254004752263 0.000476512999739498 0.000476290995720774 0.000476070010336116 0.000475768989417702 0.00047565100248903 0.000476406014058739 0.000476990011520684 0.00047858600737527 0.000480371003504843 0.000481580005725846 0.00048279098700732 0.000484032003441826 0.000485741009470075 0.000487265002448112 0.000488500983919948 0.000489392026793212 0.000489905010908842 0.000489909027237445 0.000490124977659434 0.000489822006784379 0.000489922997076064 0.000490402977447957
0.00046904498594813 0.000469377991976216 0.00046954199206084 0.000469694990897551 0.000470297003630549 0.000470525003038347 0.000470752012915909 0.000471125007607043 0.000471628998639062 0.000472134008305147 0.000472771003842354 0.000473082007374614 0.000473394000437111 0.00047415800509043 0.000474364002002403 0.000474417000077665 0.000475667009595782 0.000476443005027249 0.000476365006761625 0.000476293003885075 0.000476221990538761 0.000475859007565305 0.000476117013022304 0.000476057990454137 0.000476676010293886 0.00047729499056004 0.000477964000310749 0.000479540001833811 0.000481190014397725 0.000483090989291668 0.000484191987197846 0.000484979012981057 0.000485952012240887 0.000487053010147065 0.000488773977849633 0.000489772006403655 0.000490994018036872 0.000492298975586891 0.000492796010803431 0.000493293977342546 0.000493621977511793 0.000494110980071127 0.000495141022838652 0.000496332999318838
0.00046894300612621 0.000469279009848833 0.00046986699453555 0.000470736995339394 0.000471067003672943 0.000471364008262753 0.000471425009891391 0.00047172699123621 0.000472129002446309 0.000472451007226482 0.00047334999544546 0.000473924999823794 0.000474050000775605 0.00047491499572061 0.000475523993372917 0.000475698005175218 0.00047505900147371 0.000475314998766407 0.000476427987450734 0.000476459012134001 0.000477888010209426 0.000479440001072362 0.000480077986139804 0.000479640992125496 0.000479484995594248 0.000481199997011572 0.000483073003124446 0.000485033000586554 0.000487268000142649 0.000490018981508911 0.000490338017698377 0.00049151002895087 0.000492352992296219 0.000493073021061718 0.000493609986733645 0.000494422973133624 0.00049593101721257 0.000497443019412458 0.00049828999908641 0.000499138026498258 0.000499987974762917 0.000500902009662241 0.000501915987115353 0.000502432987559587
0.00047192198690027 0.000472473009722307 0.000472965999506414 0.000473852007417008 0.000474583997856826 0.000475559005280957 0.000476362998597324 0.000477300985949114 0.000478363013826311 0.00047922000521794 0.000480420014355332 0.000480438000522554 0.000480410002637655 0.000481371011119336 0.000482953008031473 0.000484558986499906 0.000486506003653631 0.000488736026454717 0.000490619975607842 0.000491097976919264 0.000491446990054101 0.0004923110245727 0.000493173021823168 0.000495076994411647 0.000497213972266763 0.000499385001603514 0.000499451998621225 0.000501164002344012 0.000501857022754848 0.000503421004395932 0.000505956006236374 0.000507419987116009 0.000508949975483119 0.000509842007886618 0.000509486999362707 0.000509865989442915 0.000510246027261019 0.000510476005729288 0.00050969299627468 0.000510480022057891 0.000510721001774073 0.000511398015078157 0.00051213800907135 0.000512110011186451
0.00048103099106811 0.000481588998809457 0.000482267991174012 0.000484196993056685 0.000485125987324864 0.000485041993670166 0.000486581993754953 0.000487693992909044 0.000488948018755764 0.000489737023599446 0.000490762002300471 0.000491702987346798 0.000492439023219049 0.000493713014293462 0.000494610983878374 0.00049501599278301 0.000497293018270284 0.000499808986205608 0.000501318019814789 0.000502459995914251 0.000502938986755908 0.00050357001600787 0.000505818985402584 0.000506902986671776 0.000507885008119047 0.000509679026436061 0.000512728001922369 0.000514935003593564 0.000517094973474741 0.000517559004947543 0.000518020009621978 0.000519410008564591 0.000519861991051584 0.000520315021276474 0.00052042497554794 0.000519416993483901 0.000519137014634907 0.000519517983775586 0.000520154018886387 0.000519894994795322 0.000519637018442154 0.000520606990903616 0.000520716013852507 0.000520348025020212
0.0004920230130665 0.000493063009344041 0.000493897998239845 0.000494120002258569 0.000494449981488287 0.000495197018608451 0.000496164022479206 0.000497224973514676 0.000497943023219705 0.000498662004247308 0.000499381974805146 0.000500287977047265 0.000501027971040457 0.000502352020703256 0.000504226016346365 0.000506802985910326 0.000508592987898737 0.000509674020577222 0.000509698002133518 0.000509482983034104 0.000510910002049059 0.000513460021466017 0.000515995023306459 0.000517257023602724 0.000519283988978714 0.000521569978445768 0.000521868001669645 0.000523142982274294 0.000524398987181485 0.000525426003150642 0.000527296971995384 0.00052735599456355 0.000527416006661952 0.000527477008290589 0.000528054020833224 0.000528215023223311 0.000527215015608817 0.000527634983882308 0.000527618976775557 0.000527905009221286 0.000527655007317662 0.000527517986483872 0.000527236028574407 0.000526999006979167
0.000504750991240144 0.000505650998093188 0.000506551994476467 0.000507134012877941 0.000507546996232122 0.000507757009472698 0.000507968012243509 0.00050880602793768 0.000509398989379406 0.000509992998559028 0.000510587997268885 0.000510228972416371 0.000512370024807751 0.000513138016685843 0.000513615028467029 0.000514411018230021 0.000515016028657556 0.00051621999591589 0.000517459993716329 0.000518386019393802 0.000520155997946858 0.000522978021763265 0.000524007016792893 0.000526099000126123 0.000526486022863537 0.000527577998582274 0.000530958001036197 0.000533631013240665 0.000534738006535918 0.000535740982741117 0.000537134998012334 0.000537728017661721 0.000537818996235728 0.000538162013981491 0.000538319000042975 0.000538065971340984 0.000537373009137809 0.000537218991667032 0.00053715001558885 0.000535473984200507 0.0005338040064089 0.00053218100219965 0.000530685007106513 0.000529562996234745
0.000513329985551536 0.000512078986503184 0.000512582017108798 0.00051342899678275 0.000513768987730145 0.000514088023919612 0.000514407991431653 0.000514853978529572 0.000515070976689458 0.000515284016728401 0.000515496009029448 0.000516653992235661 0.000517465989105403 0.000518621993251145 0.000519095978233963 0.000520076020620763 0.000520646979566664 0.000522352987900376 0.00052199698984623 0.000523667025845498 0.000526078976690769 0.000527309020981193 0.000530769990291446 0.000532005971763283 0.000533289974555373 0.000534501974470913 0.000535538012627512 0.000536491977982223 0.000539876986294985 0.000541581015568227 0.00054051197366789 0.00053919100901112 0.000539642001967877 0.000540230015758425 0.000539916974958032 0.00053863599896431 0.000538826978299767 0.000536856998223811 0.000534890976268798 0.000533803016878664 0.000533664016984403 0.000533287005964667 0.000532193982508034 0.000531104975380003
0.000524170987773687 0.00052500597666949 0.00052342499839142 0.000523074995726347 0.000522051006555557 0.000521779002156109 0.000520880974363536 0.000520077010150999 0.000518955988809466 0.0005194729892537 0.0005194449913688 0.000521745008882135 0.000522785005159676 0.000525137002114207 0.000525053997989744 0.000526588992215693 0.000526156974956393 0.000526470015756786 0.000527774973306805 0.000530389021150768 0.000531962024979293 0.000533377984538674 0.000535590981598943 0.000537361018359661 0.000536979001481086 0.000538952997885644 0.000540022971108556 0.000539738975930959 0.000539457018021494 0.000539519998710603 0.000540726992767304 0.000541108020115644 0.000541445973794907 0.000541623972821981 0.00054100202396512 0.00054023799020797 0.000539553991984576 0.000538684020284563 0.000536856008693576 0.000536817009560764 0.000536778999958187 0.000535868981387466 0.000534470018465072 0.000532653997652233
0.00053114298498258 0.000530502991750836 0.000530101009644568 0.000529556011315435 0.00052839401178062 0.000528138014487922 0.000527484982740134 0.000527754018548876 0.000528584001585841 0.000528722011949867 0.000527811993379146 0.000528527016285807 0.000528799020685256 0.000528839009348303 0.000528924982063472 0.000529095996171236 0.000529136974364519 0.000529850018210709 0.000531738973222673 0.000533058017026633 0.000536290986929089 0.000535763974767178 0.000537825981155038 0.000538670981768519 0.000537952000740916 0.000538407999556512 0.00053986901184544 0.000540946028195322 0.000541989982593805 0.000542948022484779 0.000542328984010965 0.000541214016266167 0.000540720007847995 0.000540754001121968 0.000539836008101702 0.000538796011824161 0.000537834013812244 0.000536874984391034 0.000536675972398371 0.000535733997821808 0.000534945982508361 0.000534209015313536 0.000532814010512084 0.00053142401156947
0.000535428000148386 0.00053453998407349 0.000533525017090142 0.000532786012627184 0.000532690028194338 0.000532681006006896 0.000532671983819455 0.000532904989086092 0.000532410980667919 0.000533143000211567 0.000532850972376764 0.000531908997800201 0.000530702993273735 0.000531397003214806 0.000532136997207999 0.000532213016413152 0.000531685014721006 0.000533091020770371 0.000532609992660582 0.000533078971784562 0.000536093022674322 0.000537052983418107 0.000537077023182064 0.000537016021553427 0.000539141008630395 0.000538196007255465 0.000537733023520559 0.000538634019903839 0.000539536005817354 0.000540441018529236 0.000540848006494343 0.000540766981430352 0.000540933979209512 0.000540652021300048 0.000539424014277756 0.000537407002411783 0.000535717001184821 0.000534486025571823 0.000533624028321356 0.000532764999661595 0.000531908008269966 0.000530768011230975 0.000528778007719666 0.000526797026395798
0.000540332985110581 0.000538423017133027 0.000537102983798832 0.000535785977263004 0.000535628001671284 0.000535646977368742 0.000535752973519266 0.000535683997441083 0.000536056002601981 0.000536009029019624 0.000535763974767178 0.00053632102208212 0.000535177998244762 0.000534618971869349 0.000535444996785372 0.000535301980562508 0.000535335973836482 0.00053511600708589 0.000535522995050997 0.000535994011443108 0.000535578990820795 0.000536913983523846 0.000537468993570656 0.000538253982085735 0.000539863016456366 0.000539069005753845 0.000539388973265886 0.000540518027264625 0.000541649991646409 0.000542783993296325 0.000543348025530577 0.000543339003343135 0.000543329981155694 0.000541712972335517 0.000538559979759157 0.000537084008101374 0.000535334984306246 0.000532939971890301 0.000531443976797163 0.000529371027369052 0.000528283999301493 0.000525952025782317 0.000523991009686142 0.000522038026247174
0.000544249021913856 0.000542084977496415 0.000541603018064052 0.00054028001613915 0.000539445027243346 0.000538873020559549 0.00053880299674347 0.000538734020665288 0.000539147993549705 0.000539325003046542 0.000539758009836078 0.000539119995664805 0.000538456020876765 0.0005377929774113 0.000537131971213967 0.000536490988451988 0.000537558982614428 0.000537190993782133 0.000538467022124678 0.000537966028787196 0.000535590981598943 0.000535843020770699 0.000536751991603523 0.000538461026735604 0.000539688975550234 0.000537918996997178 0.000539327971637249 0.000539448985364288 0.00053896801546216 0.000538465974386781 0.000537485000677407 0.000536079984158278 0.000535157974809408 0.000534782011527568 0.000534127000719309 0.00053319800645113 0.000532270991243422 0.000531345023773611 0.000530650024302304 0.000529956014361233 0.000528217002283782 0.000525369017850608 0.000523174996487796 0.000521255016792566
0.000547536998055875 0.000546729017514735 0.000546420982573181 0.00054601498413831 0.00054499797988683 0.000544841983355582 0.000544689013622701 0.000543878995813429 0.000543321017175913 0.000542821013368666 0.00054220698075369 0.000542403024155647 0.000541659013833851 0.000540739973075688 0.000539914006367326 0.000539219006896019 0.00053933501476422 0.000538856023922563 0.000539346016012132 0.000538854976184666 0.00054085801821202 0.000539526983629912 0.000536849023774266 0.00053630699403584 0.000536180974449962 0.000538223015610129 0.000537829007953405 0.000539447995834053 0.000539942004252225 0.000539097003638744 0.000538891006726772 0.000538723019417375 0.000537223007995635 0.000535685976501554 0.000533515005372465 0.000531908997800201 0.000530568009708077 0.000529230979736894 0.000528228003531694 0.000527228985447437 0.00052616698667407 0.000524881994351745 0.000521361012943089 0.000518600980285555
