results/Predictions/Median/Anisian.asc
NCOLS 360 
NROWS 180 
XLLCORNER -180 
YLLCORNER -90 
CELLSIZE 1 
NODATA_value -3.4e+38 
[rows 0 to 19 of 180, columns 88 to 131 of 360]
-3.4e+38 -3.4e+38 -3.4e+38 -3.4e+38 -3.4e+38 -3.4e+38 -3.4e+38 -3.4e+38 -3.4e+38 -3.4e+38 -3.4e+38 -3.4e+38 -3.4e+38 -3.4e+38 -3.4e+38 -3.4e+38 -3.4e+38 -3.4e+38 -3.4e+38 -3.4e+38 -3.4e+38 -3.4e+38 -3.4e+38 -3.4e+38 -3.4e+38 -3.4e+38 -3.4e+38 -3.4e+38 -3.4e+38 -3.4e+38 -3.4e+38 -3.4e+38 -3.4e+38 -3.4e+38 -3.4e+38 -3.4e+38 -3.4e+38 -3.4e+38 -3.4e+38 -3.4e+38 -3.4e+38 -3.4e+38 -3.4e+38 -3.4e+38
-3.4e+38 -3.4e+38 -3.4e+38 -3.4e+38 -3.4e+38 -3.4e+38 -3.4e+38 -3.4e+38 -3.4e+38 -3.4e+38 -3.4e+38 -3.4e+38 -3.4e+38 -3.4e+38 -3.4e+38 -3.4e+38 -3.4e+38 -3.4e+38 -3.4e+38 -3.4e+38 -3.4e+38 -3.4e+38 -3.4e+38 -3.4e+38 -3.4e+38 -3.4e+38 -3.4e+38 -3.4e+38 -3.4e+38 -3.4e+38 -3.4e+38 -3.4e+38 -3.4e+38 -3.4e+38 -3.4e+38 -3.4e+38 -3.4e+38 -3.4e+38 -3.4e+38 -3.4e+38 -3.4e+38 -3.4e+38 -3.4e+38 -3.4e+38
0.00145402003545314 0.00146974995732307 0.00147370004560798 0.00141959998290986 0.00144779996480793 0.00144775002263486 0.00146572000812739 0.00146326003596187 0.00147450994700193 0.00147391995415092 0.00147493998520076 0.001483179978095 0.00149748998228461 0.00150676001794636 0.00151130999438465 0.0015126500511542 0.00109339994378388 0.0010561200324446 0.000984943006187677 -3.4e+38 -3.4e+38 -3.4e+38 -3.4e+38 -3.4e+38 -3.4e+38 -3.4e+38 -3.4e+38 -3.4e+38 -3.4e+38 -3.4e+38 -3.4e+38 -3.4e+38 -3.4e+38 -3.4e+38 -3.4e+38 -3.4e+38 -3.4e+38 -3.4e+38 -3.4e+38 -3.4e+38 -3.4e+38 -3.4e+38 -3.4e+38 -3.4e+38
0.000174219996551983 0.000495080021210015 0.000942191982176155 0.00100352999288589 0.00102180999238044 0.00120628997683525 0.00123457994777709 0.00124541996046901 0.00125583005137742 0.00127610994968563 0.00127776002045721 0.00130026997067034 0.00131945998873562 0.00134093000087887 0.00135640997905284 0.00136820995248854 0.00137044000439346 0.00135266000870615 0.00130232004448771 0.00124804000370204 0.00120811001397669 0.00117427995428443 0.000827184994705021 -3.4e+38 -3.4e+38 -3.4e+38 -3.4e+38 -3.4e+38 -3.4e+38 -3.4e+38 -3.4e+38 -3.4e+38 -3.4e+38 -3.4e+38 -3.4e+38 -3.4e+38 -3.4e+38 -3.4e+38 -3.4e+38 -3.4e+38 -3.4e+38 -3.4e+38 -3.4e+38 -3.4e+38
5.54324003587681e-07 5.52979997792136e-07 5.51949995042378e-07 5.50869003745902e-07 5.62877005449991e-07 6.02489024004171e-07 8.56430972362432e-07 2.66801998805022e-06 1.90930004464462e-05 3.3065298339352e-05 0.000108403997728601 0.000272489007329568 0.000538352993316948 0.000823320995550603 0.000955444993451238 0.00105369999073446 0.00111038004979491 0.00112264999188483 0.00111197994556278 0.00110144005157053 0.00108564004767686 0.00107199000194669 0.00104802998248488 0.00104278000071645 0.000985082006081939 0.000959034019615501 0.000922415987588465 0.000882387976162136 0.000845068017952144 0.000838469015434384 0.000609337002970278 0.000597254023887217 -3.4e+38 -3.4e+38 -3.4e+38 -3.4e+38 -3.4e+38 -3.4e+38 -3.4e+38 -3.4e+38 -3.4e+38 -3.4e+38 -3.4e+38 -3.4e+38
5.68961979752203e-07 5.68081020446698e-07 5.67659981243196e-07 5.67698975828534e-07 5.67737004075752e-07 5.67775998661091e-07 5.67769973258692e-07 5.67188976674515e-07 5.66609003271878e-07 5.66028973025823e-07 5.63567027711542e-07 5.61115996333683e-07 5.58675026240962e-07 5.56215979941044e-07 5.86700025451137e-07 7.51130983189796e-07 1.24895996123087e-06 5.9173398767598e-06 2.19997000385774e-05 6.43695020698942e-05 0.000188973994227126 0.000380721990950406 0.000727867009118199 0.000797985994722694 0.000868534028995782 0.000920175982173532 0.000915897020604461 0.000895893026608974 0.000882452994119376 0.000859596999362111 0.000852480996400118 0.000843173998873681 0.000843380985315889 0.000845477974507958 0.000844978028908372 0.000836375984363258 0.000822849979158491 0.000813696999102831 0.000801134970970452 -3.4e+38 -3.4e+38 -3.4e+38 -3.4e+38 -3.4e+38
6.29148985353822e-07 6.30236002052698e-07 6.31188015631778e-07 6.32002013389865e-07 6.32818000667612e-07 6.33633021607238e-07 6.36891002159246e-07 6.40258974726748e-07 6.41761005226726e-07 6.4362302509835e-07 6.46668013359886e-07 6.49726018764341e-07 6.52798007649835e-07 6.54409006983769e-07 6.53613994927582e-07 6.52818982871395e-07 6.52026017178287e-07 6.46970022444293e-07 6.38432027244562e-07 6.31120997240942e-07 6.23893981810397e-07 6.15673002357653e-07 6.93251024586061e-07 1.05505000647099e-06 9.66993957263185e-06 5.98176011408214e-05 0.000156301000970416 0.00035286700585857 0.000591664982493967 0.000637826975435019 0.000697232026141137 0.000777398003265262 0.000848318974021822 0.000848526018671691 0.000832467980217189 0.000817667983938009 0.000806392985396087 0.000786700984463096 0.000759930000640452 0.00075351499253884 0.000736080983188003 0.000698862015269697 0.000674951996188611 0.000650839996524155
6.9329098550952e-07 6.98765006745816e-07 7.04965998465923e-07 7.09302014456625e-07 7.08321977072046e-07 7.07343019712425e-07 7.14277973656863e-07 7.24736025858874e-07 7.35348976377281e-07 7.42268014164438e-07 7.50404012705985e-07 7.56998986162216e-07 7.63650007229444e-07 7.72574026086659e-07 7.80009997924935e-07 7.87517990374909e-07 7.95098003436578e-07 7.97127995610936e-07 7.92048012954183e-07 7.85099018685287e-07 7.78211983742949e-07 7.58406997647398e-07 7.31606007775554e-07 7.09721973635169e-07 6.86122973547754e-07 6.51271022888977e-07 6.18611011304893e-07 6.70471990815713e-07 9.61342038863222e-07 6.37229004496476e-06 4.20838005084079e-05 0.000175938999745995 0.00045873099588789 0.000572373974137008 0.000652929011266679 0.00069650198565796 0.000767008983530104 0.000740234972909093 0.000694059999659657 0.000654825009405613 0.000640919024590403 0.000615452008787543 0.000588816008530557 0.000570262025576085
6.26644975909585e-07 6.30688020919479e-07 6.29114992989344e-07 6.19705019744288e-07 6.0987997585471e-07 6.003489829709e-07 5.92229014273471e-07 5.84211022669479e-07 5.77107016397349e-07 5.68648999887955e-07 5.79255981847382e-07 5.9005998309658e-07 6.0106600585641e-07 6.16858983448765e-07 6.47384013063856e-07 6.79421987115347e-07 7.13046972578013e-07 7.43833027172514e-07 7.71424026879686e-07 8.03570003427012e-07 8.38194978314277e-07 8.49815990022762e-07 8.53687026847183e-07 8.57576026191964e-07 8.61482988057105e-07 8.33903982311313e-07 8.07214007636503e-07 7.78858975536423e-07 7.46993976008525e-07 7.05632999142836e-07 6.65029972424236e-07 7.11571999545413e-07 1.11206998099078e-06 2.42868991335854e-05 0.000216296000871807 0.000628050998784602 0.000696801987942308 0.000800055975560099 0.000825966999400407 0.00089375302195549 0.000894307973794639 0.000867369992192835 0.00083008297951892 0.000807525007985532
5.59614022677124e-07 5.66175003768876e-07 5.60175010377861e-07 5.41978977253166e-07 5.26967994574079e-07 5.11683992954204e-07 4.93434015425009e-07 4.74878987688498e-07 4.57025009836798e-07 4.3984800868202e-07 4.5013200633548e-07 4.60659009604569e-07 4.71432997528609e-07 4.88873979520577e-07 5.32140006725967e-07 5.79255981847382e-07 6.29737996860058e-07 6.87645979269291e-07 7.60843988700799e-07 8.29082011932769e-07 9.02265014701698e-07 9.51949004956987e-07 9.91779984360619e-07 1.03802994999569e-06 1.08590995751001e-06 1.06421998680162e-06 1.04295997971349e-06 1.02213004993246e-06 9.93131948234804e-07 9.42276017212862e-07 8.96157985152968e-07 8.51396976031538e-07 8.12547000350605e-07 7.80023015067854e-07 7.6302097795633e-07 1.09791994873376e-06 6.58930002828129e-05 0.000795596977695823 0.000851279008202255 0.00095074501587078 0.00117280997801572 0.00119698001071811 0.00117994996253401 0.00113128998782486
5.38048027465265e-07 5.455170253299e-07 5.39767995633156e-07 5.22394998370146e-07 5.0688998953774e-07 4.91202001740021e-07 4.74222986213135e-07 4.57264007991398e-07 4.40402999402068e-07 4.23731989940279e-07 4.366810060219e-07 4.49952011649657e-07 4.63615009493878e-07 4.83332996736863e-07 5.26366022768343e-07 5.72617011584953e-07 6.20676985363389e-07 6.74026011893147e-07 7.32443027118279e-07 8.05447996299336e-07 8.8141399601227e-07 9.36155004183092e-07 9.8760096989281e-07 1.04188995919685e-06 1.09479003640445e-06 1.09667996639473e-06 1.09967004391365e-06 1.10848998247093e-06 1.10605003555975e-06 1.07381003999762e-06 1.04336004369543e-06 1.01293005627667e-06 9.8536304449226e-07 9.61515979724936e-07 9.39306005420804e-07 9.1761199882967e-07 8.92263017249206e-07 8.67386972913664e-07 2.5739300326677e-06 0.000234380000620149 0.00104174995794892 0.00157799001317471 0.00165895000100136 0.00159442995209247
5.58714020826301e-07 5.63947025966627e-07 6.17091984622675e-07 3.2247201033897e-06 0.000120429998787586 0.000762250972911716 0.000738340022508055 0.000393079011701047 0.000124785001389682 3.64547995559406e-05 1.06579000203055e-05 6.99572979101504e-07 5.71580017094675e-07 5.92241008234851e-07 6.17731018337508e-07 6.44297017515782e-07 6.73879981150094e-07 7.00514988238865e-07 7.24269000329514e-07 7.4883200795739e-07 7.74229022226791e-07 7.97965014953661e-07 8.23324000975845e-07 8.53363019359676e-07 8.88815975486068e-07 9.20854006380978e-07 9.53893959376728e-07 9.88600049822708e-07 1.02024000625534e-06 1.04280002233281e-06 1.0655400046744e-06 1.08876997728657e-06 1.10323003355006e-06 1.10855000912125e-06 1.11747999653744e-06 1.13085002340085e-06 1.12053999146156e-06 1.10257997221197e-06 1.08372000795498e-06 1.0646599548636e-06 1.0290300451743e-06 9.91944034467451e-07 9.55731024987472e-07 1.17154002055031e-06
0.00134875997900963 0.00143299996852875 0.00149798998609185 0.00149348005652428 0.00148662005085498 -3.4e+38 -3.4e+38 0.00140865996945649 0.00141649995930493 0.00134254002477974 0.00111249997280538 0.000704326026607305 2.1438900148496e-05 9.374509772897e-07 7.18184026027302e-07 7.2630302838661e-07 7.36716003757465e-07 7.30414001282043e-07 7.07443007286201e-07 6.86959026552358e-07 6.67310018798162e-07 6.69900998673256e-07 6.80340008329949e-07 6.92334026552999e-07 7.04761021097511e-07 7.6155998840477e-07 8.15645023521938e-07 8.80130983205163e-07 9.41079974836612e-07 1.01186003576004e-06 1.09909001366759e-06 1.20068000342144e-06 1.27370003610849e-06 1.32891000248492e-06 1.38755001444224e-06 1.44878003993654e-06 1.45286003316869e-06 1.43829004173313e-06 1.42388000767824e-06 1.40953000027366e-06 1.37889003326563e-06 1.34956997044355e-06 1.31855995277874e-06 1.2722199471682e-06
0.00149058003444225 0.00148333003744483 0.00148465996608138 0.00147075997665524 0.00146395002957433 0.00146238994784653 0.00147628004197031 0.00149588997010142 0.00114168995060027 0.00148209999315441 0.00144334998913109 0.0013913499424234 0.000631185015663505 3.24712004839967e-06 7.04356011738128e-07 7.21980995876947e-07 7.42298993827717e-07 7.56613019348151e-07 7.64557000820787e-07 7.72584996866499e-07 7.80697007485287e-07 8.01942974248959e-07 8.22577021608595e-07 8.42682027268893e-07 8.65954973505723e-07 8.92486980319518e-07 9.24803998714196e-07 9.54393044594326e-07 9.83033032753156e-07 1.00844999906258e-06 1.03409001894761e-06 1.05635001546034e-06 1.08245001229079e-06 1.09907000478415e-06 1.11443000605504e-06 1.12999998691521e-06 1.13851001515286e-06 1.14870999823324e-06 1.15953002932656e-06 1.17044999115024e-06 1.1703799600582e-06 1.17032004709472e-06 1.17025001600268e-06 1.16785997761326e-06
0.00147136999294162 0.00146689999382943 0.00146038003731519 0.00145125994458795 0.00144506001379341 0.00144061003811657 0.00144949997775257 0.00146236002910882 0.00147709995508194 0.00148489000275731 0.00150697003118694 0.00148084003012627 0.00108396995346993 6.39024983684067e-06 6.89656985741749e-07 7.1337797180604e-07 7.37923016913555e-07 7.71593022363959e-07 8.13011979516887e-07 8.56661984016682e-07 9.02663998658682e-07 9.40812981298222e-07 9.7681402166927e-07 1.01420005194086e-06 1.05302001429664e-06 1.04998002825596e-06 1.046950046657e-06 1.04392995581293e-06 1.03500997283845e-06 1.00881004527764e-06 9.83267000265187e-07 9.58374016590824e-07 9.44698001603683e-07 9.41771986617823e-07 9.37063987294096e-07 9.31609008603118e-07 9.40977997743175e-07 9.53985022533743e-07 9.67173036769964e-07 9.86541976999433e-07 1.0092400088979e-06 1.03246998151008e-06 1.0562299621597e-06 1.07937000848324e-06
0.00148678000550717 0.00147995003499091 0.00147523998748511 0.00147274998016655 0.0014720200560987 0.00147129001561552 0.00148326996713877 0.00149983004666865 0.00152019003871828 0.0015813399804756 0.00121874001342803 0.00161281996406615 0.00151915999595076 0.000191187995369546 7.06678008555173e-07 7.36484992103215e-07 7.74157001615094e-07 8.19443982891244e-07 8.71982990702236e-07 9.22243998502381e-07 9.75424995885987e-07 1.01604996416427e-06 1.05301000985492e-06 1.09131997305667e-06 1.13102998966497e-06 1.11915994693845e-06 1.10739995307085e-06 1.09578002138733e-06 1.0777999932543e-06 1.04127002487076e-06 1.00599004326796e-06 9.71897975432512e-07 9.52800974118873e-07 9.47837975218135e-07 9.42901976941357e-07 9.36405001539242e-07 9.46911995924893e-07 9.61027012635896e-07 9.75311991169292e-07 9.90864009509096e-07 1.01831994925305e-06 1.04654998267506e-06 1.07315997865953e-06 1.09950997284614e-06
0.00151033001020551 0.00151344004552811 0.00151556998025626 0.00152557995170355 0.00153949996456504 0.00155313999857754 0.00157273001968861 0.00159740995150059 0.00162635999731719 0.00166196003556252 0.00130442995578051 0.00175466004293412 0.00170511996839195 0.000966664985753596 7.70855024256889e-07 8.06386026397377e-07 8.47323974539904e-07 8.88176998614654e-07 9.22836022709816e-07 9.58836039899325e-07 9.96250037132995e-07 1.02030003290565e-06 1.03991999367281e-06 1.05992000953847e-06 1.08030997125752e-06 1.08788003672089e-06 1.09551001514774e-06 1.10319001578318e-06 1.10893995497463e-06 1.10829000732338e-06 1.10728001345706e-06 1.10628002403246e-06 1.11025997284742e-06 1.11975998606795e-06 1.1355300557625e-06 1.15153000024293e-06 1.16312003228813e-06 1.17313004466268e-06 1.18322998332587e-06 1.19340995752282e-06 1.2041599575241e-06 1.22075005037914e-06 1.23523000183923e-06 1.2457500133678e-06
0.00152493000496179 0.00153516000136733 0.00154904997907579 0.0015692999586463 0.00159380002878606 0.00161867996212095 0.0016504799714312 0.00168840005062521 0.00172576995100826 0.00176985003054142 0.00186265003867447 0.00143655005376786 0.00186770001892 0.00141162995714694 8.40909024191205e-07 8.82947972513648e-07 9.2743397317463e-07 9.56878011493245e-07 9.76678052211355e-07 9.9689100352407e-07 1.01752004866285e-06 1.02456999684364e-06 1.02700005299994e-06 1.0294299954694e-06 1.03187005606742e-06 1.05747994894045e-06 1.08170002022234e-06 1.10627001959074e-06 1.13397004497529e-06 1.17193997084541e-06 1.21711002520897e-06 1.2642899491766e-06 1.30485000227054e-06 1.34436004373129e-06 1.38386997150519e-06 1.42066994612833e-06 1.43473005209671e-06 1.44027001169889e-06 1.4458299801845e-06 1.45029002851516e-06 1.44060004458879e-06 1.43076999847835e-06 1.42138003411674e-06 1.41102998441056e-06
0.00156762998085469 0.00158228003419936 0.00160556996706873 0.0016358100110665 0.00166903994977474 0.00170293997507542 0.00174990005325526 0.00180633005220443 0.00185918994247913 0.00191359000746161 0.00149513001088053 0.00206669000908732 0.00205784011632204 0.00190539995674044 9.71724034570798e-07 9.53274025050632e-07 9.89252953331743e-07 1.01818000075582e-06 1.03936997675191e-06 1.06100003449683e-06 1.0817999509527e-06 1.09265999981289e-06 1.10056998892105e-06 1.10854000467953e-06 1.1165600426466e-06 1.13363000764366e-06 1.15096997888031e-06 1.16856995191483e-06 1.18820003081055e-06 1.21139999009756e-06 1.23506004001683e-06 1.25916994875297e-06 1.28100998608716e-06 1.30040996282332e-06 1.31623994548136e-06 1.33047001327213e-06 1.33507001010003e-06 1.33644005018141e-06 1.33779997213423e-06 1.33917001221562e-06 1.34508002247458e-06 1.35102004605869e-06 1.36128994654428e-06 1.37319000259595e-06
0.00161826005205512 0.00163527997210622 0.00165991997346282 0.00170158001128584 0.00175268005114049 0.00179848005063832 0.00186475994996727 0.00193827995099127 0.00200951006263494 0.00207868008874357 0.00213434989564121 0.00213400996290147 0.00215613003820181 0.000901122984942049 9.87400994745258e-07 1.02051001249492e-06 1.05473998246453e-06 1.08050994640507e-06 1.1008199862772e-06 1.12240002181352e-06 1.14703004783223e-06 1.16471994715539e-06 1.18016998840176e-06 1.1958300092374e-06 1.21170000966231e-06 1.22093001664325e-06 1.23125994377915e-06 1.24332996165322e-06 1.25232998016145e-06 1.25220003610593e-06 1.25661995298287e-06 1.26106999687181e-06 1.26280997392314e-06 1.25787994420534e-06 1.25194003430806e-06 1.24603002404911e-06 1.24500002129935e-06 1.24559005598712e-06 1.24617997698806e-06 1.24678001611755e-06 1.26656004795223e-06 1.28666999898996e-06 1.30709997847589e-06 1.32972002120368e-06
