results/Predictions/Median/Anisian.asc
NCOLS 360 
NROWS 180 
XLLCORNER -180 
YLLCORNER -90 
CELLSIZE 1 
NODATA_value -3.4e+38 
[rows 100 to 119 of 180, columns 44 to 87 of 360]
0.000457521004136652 0.000453996006399393 0.000452262000180781 0.000449727987870574 0.000448186008725315 0.000444987002993003 0.000441101001342759 0.000438518007285893 0.000435674010077491 0.00043226798879914 0.000426495011197403 0.000422982004238293 0.00042005701106973 0.00041861500358209 0.0004175610083621 0.000416513008531183 0.000415370013797656 0.000412653986131772 0.000411607994465157 0.00041068799328059 0.000408140011131763 0.000406712992116809 0.000404316000640392 0.000400877994252369 0.00039618500159122 0.000391331006539986 0.000385088002076373 0.000377843010937795 0.000371303001884371 0.000365685002179816 0.000359377008862793 0.000355288997525349 0.000350001995684579 0.000343446008628234 0.000339454010827467 0.000335649005137384 0.0003318719973322 0.000326023990055546 0.000322217994835228 0.000318436999805272 0.000313647993607447 0.000310150004224852 0.000307353009702638 0.000304837012663484
0.000455987988971174 0.000452067004516721 0.000448960985522717 0.000446351012215018 0.000444490986410528 0.000442212010966614 0.00043710699537769 0.000433318986324593 0.00043152499711141 0.000427451013820246 0.000421467004343867 0.000417993986047804 0.000413834000937641 0.00041168401367031 0.000408116000471637 0.000406298000598326 0.000404046993935481 0.000400596007239074 0.000397327006794512 0.000391943991417065 0.000387453008443117 0.00038120400859043 0.000373499991837889 0.000366288004443049 0.000360167992766947 0.000354454998159781 0.000350466987583786 0.000344677013345063 0.000340433995006606 0.000333719013724476 0.00032945501152426 0.000325453991536051 0.000320069986628368 0.000315490004140884 0.000311564013827592 0.000307951995637268 0.000304051995044574 0.0002991349902004 0.000293802004307508 0.000289677991531789 0.000285380985587835 0.000282197986962274 0.000279042986221611 0.000276028004009277
0.000458433991298079 0.000451811996754259 0.000448147999122739 0.000443958007963374 0.000439586990978569 0.000435074995039031 0.000431032996857539 0.000429228995926678 0.000426168000558391 0.000420327007304877 0.000415677990531549 0.000409795989980921 0.000404835009248927 0.000399534997995943 0.000395878014387563 0.000388952990761027 0.000383184000384063 0.000376151991076767 0.000370244000805542 0.000361265003448352 0.000354940013494343 0.000349937006831169 0.000343932013493031 0.000338254001690075 0.000330940005369484 0.000323782995110378 0.00031905499054119 0.000314945995341986 0.000309594004647806 0.000304765009786934 0.000300957006402314 0.000297057995339856 0.000293382006930187 0.000289215007796884 0.000284751004073769 0.000280597014352679 0.00027423701249063 0.000267666997388005 0.000264592992607504 0.000260956003330648 0.000255808001384139 0.000250632001552731 0.000245983013883233 0.000240595007198863
0.000457471003755927 0.000451414991402999 0.000446371996076778 0.000441985001089051 0.000437493989011273 0.000432528991950676 0.000427989987656474 0.000425601989263669 0.000422140990849584 0.000418051989981905 0.000415826012613252 0.000408262014389038 0.000403905985876918 0.000398447009501979 0.000390820001484826 0.000383087986847386 0.000375541014363989 0.000368204986443743 0.000360403006197885 0.000354268006049097 0.000346591987181455 0.000339146004989743 0.000331933988491073 0.000325217988574877 0.000318170990794897 0.000313055992592126 0.000307787995552644 0.000302948988974094 0.000299084989819676 0.000295345991617069 0.000290638010483235 0.000286719005089253 0.000282661989331245 0.000278421997791156 0.000272609002422541 0.000268625997705385 0.000264184986008331 0.000259382009971887 0.000253984006121755 0.000248795986408368 0.000244035996729508 0.000239253000472672 0.000233389000641182 0.000227765995077789
0.000458026013802737 0.000449662999017164 0.000443764991359785 0.000440097996033728 0.000436506001278758 0.00043029899825342 0.000425209989771247 0.000422493991209194 0.000420950003899634 0.000417534989537671 0.000410790991736576 0.000405947997933254 0.000398539006710052 0.000389944005291909 0.000382358994102105 0.000373643008060753 0.000365410989616066 0.000356333010131493 0.000349573994753882 0.000341570004820824 0.00033493700902909 0.00032776000443846 0.00032026699045673 0.000314484001137316 0.000308576010866091 0.000302778003970161 0.000297090009553358 0.000292579003144056 0.000287848000880331 0.000283552013570443 0.000278916006209329 0.000274002988589928 0.000269489013589919 0.000265968003077433 0.000260958011494949 0.000256752013228834 0.000251991994446144 0.000246015988523141 0.00023994900402613 0.000235864004935138 0.000231425001402386 0.00022651300241705 0.000221273992792703 0.000216308006201871
0.000461538991658017 0.000454975990578532 0.000450788007583469 0.000445912010036409 0.0004393570125103 0.000434716988820583 0.000431008986197412 0.000426171987783164 0.000423479010351002 0.00041942999814637 0.000417962990468368 0.000413419998949394 0.00040408200584352 0.00039710701094009 0.000387707987101749 0.00037903300835751 0.0003691159945447 0.000361159996828064 0.000353281997377053 0.000345815991749987 0.00033874501241371 0.0003317279915791 0.000324886990711093 0.000317908998113126 0.000312399002723396 0.000306422007270157 0.000299109990010038 0.000294054014375433 0.000289104995317757 0.000284393987385556 0.000279784988379106 0.00027479199343361 0.000270632997853681 0.000265087990555912 0.00025975500466302 0.000254721991950646 0.000249500008067116 0.000243600006797351 0.000238673994317651 0.00023333499848377 0.000228014003369026 0.000223616007133387 0.000217292006709613 0.000211637001484632
0.000470875005703419 0.000465983001049608 0.00046018700231798 0.000452114007202908 0.000448975013568997 0.000445863988716155 0.000441923999460414 0.000437128008343279 0.000432942004408687 0.00042868300806731 0.000425350008299574 0.000421191012719646 0.000417089991969988 0.00041556399082765 0.000409030995797366 0.000401966011850163 0.00039309699786827 0.000384273997042328 0.000375372008420527 0.000367730011930689 0.000358541990863159 0.000350221991539001 0.000342612009262666 0.000335021992214024 0.000328222988173366 0.000323118991218507 0.000314781995257363 0.000308779010083526 0.000302583008306101 0.000296935002552345 0.00029128699679859 0.000286319002043456 0.000281163986073807 0.000275636004516855 0.000270218006335199 0.00026512099429965 0.000259280990576372 0.000252670986810699 0.000247315998421982 0.000242605005041696 0.00023534000501968 0.00022925999655854 0.000223848997848108 0.000216796004679054
0.000480235990835354 0.00047463399823755 0.00047146700671874 0.000464503013063222 0.00046034500701353 0.000456917012343183 0.000451360014267266 0.00044838699977845 0.00044264699681662 0.000441207987023517 0.00043709299643524 0.000432131986599416 0.000428331986768171 0.000425907986937091 0.000421472999732941 0.000418087001889944 0.000416082999436185 0.000411352986702695 0.000401085999328643 0.000390094006434083 0.000382260011974722 0.000374774012016132 0.000366500986274332 0.000357282988261431 0.000347788009094074 0.000340777012752369 0.000334084004862234 0.000328205002006143 0.000318217003950849 0.000310931005515158 0.000304933986626565 0.000296632992103696 0.000291009986540303 0.000285491987597197 0.000278744992101565 0.000272926990874112 0.000267522991634905 0.000262410001596436 0.000255483988439664 0.000249200995313004 0.000242643000092357 0.0002371799928369 0.000230660996749066 0.000224111994612031
0.000488258985569701 0.000484388991026208 0.000478125002700835 0.000476012006402016 0.000473416992463171 0.000470086990389973 0.000468531012302265 0.000466539000626653 0.000459894014056772 0.000455531000625342 0.000448540988145396 0.000442694989033043 0.000441857002442703 0.000440444011474028 0.000438040995504707 0.000434516987297684 0.000432006985647604 0.000428564992034808 0.000428127008490264 0.000425153004471213 0.000421842007199302 0.000414537003962323 0.000406743987696245 0.000397872005123645 0.00038868299452588 0.000380495999706909 0.00037248499575071 0.000365657004294917 0.000356982985977083 0.000349009002093226 0.000341473001753911 0.000334412005031481 0.000326882989611477 0.00031878799200058 0.000307851005345583 0.000301288004266098 0.000294799014227465 0.000288396986434236 0.000283039989881217 0.000276144011877477 0.000270024000201374 0.000262084999121726 0.000255436985753477 0.000249920994974673
0.000494550971779972 0.0004909040289931 0.000489762984216213 0.000487479992443696 0.000485069991555065 0.000481519993627444 0.000477867986774072 0.000475381006253883 0.000474088010378182 0.000472804997116327 0.000470673985546455 0.000465424993308261 0.000463041011244059 0.000458735012216493 0.000455572997452691 0.000449841987574473 0.000447289989097044 0.000444703997345641 0.000443316996097565 0.000441337993834168 0.000438846996985376 0.000435702997492626 0.000431485997978598 0.000428372004535049 0.000425454985816032 0.000421603996073827 0.000415754009736702 0.000405405997298658 0.000397788011468947 0.000390128989238292 0.00038356299046427 0.00037371800863184 0.000365562998922542 0.000356684002326801 0.000348939996911213 0.000341712002409622 0.000332152005285025 0.000325486995279789 0.00031497998861596 0.000308173999655992 0.000298316997941583 0.000292793993139639 0.000284328998532146 0.000277232989901677
0.000502381008118391 0.000498929002787918 0.000498288020025939 0.00049542699707672 0.000492815976031125 0.000491692975629121 0.000490122009068727 0.00048889999743551 0.000486740987980738 0.000484329997561872 0.000481858005514368 0.00047891100984998 0.000474278000183403 0.000473079009680077 0.000472157000331208 0.000471561012091115 0.000470016995677724 0.000467959995148703 0.000462955009425059 0.000460312003269792 0.000457768997875974 0.000455192988738418 0.000452951993793249 0.000449154002126306 0.000445476995082572 0.000444169010734186 0.000440986012108624 0.000439132010797039 0.000434646004578099 0.00043146699317731 0.000423488003434613 0.000416177994338796 0.000405364000471309 0.000396927003748715 0.000388688000384718 0.000380885001504794 0.000371617992641404 0.000362874998245388 0.000355914002284408 0.000346276996424422 0.000335971999447793 0.000327418994856998 0.000318940990837291 0.000309347989968956
0.000522114976774901 0.000515768013428897 0.000509510980919003 0.00050343998009339 0.000502709997817874 0.000501766975503415 0.000500546011608094 0.00049605401000008 0.000495244981721044 0.000494446023367345 0.000492796010803431 0.000490261998493224 0.000487417011754587 0.000485805998323485 0.000483346986584365 0.000479526002891362 0.000475907989311963 0.000476148998131976 0.000476487999549136 0.000476827990496531 0.000475929002277553 0.000474661006592214 0.000469738995889202 0.000466247001895681 0.00046429899521172 0.000463606003904715 0.000460301002021879 0.000457088986877352 0.000454152992460877 0.000452264008345082 0.00045061600394547 0.000448787002824247 0.00044465801329352 0.000440386007539928 0.00043153201113455 0.000422960001742467 0.000413648987887427 0.00040677998913452 0.00039952399674803 0.000388178013963625 0.000378710014047101 0.000369020999642089 0.000358305987901986 0.000347246008459479
0.000526216987054795 0.0005262810154818 0.0005262530175969 0.000526225019712001 0.000526198011357337 0.000525492010638118 0.00051997002447024 0.000513500010129064 0.000509129022248089 0.000507843971718103 0.000503832008689642 0.000499046000186354 0.000497850007377565 0.000497326022014022 0.000496801978442818 0.00049627898260951 0.000495883985422552 0.000494529027491808 0.000492213992401958 0.000491118989884853 0.000490109028760344 0.000489128986373544 0.000488581019453704 0.000487384008010849 0.000486704986542463 0.000486028002342209 0.000484677002532408 0.000483812007587403 0.000482189992908388 0.000480087997857481 0.00047823999193497 0.000476132001494989 0.00047364499187097 0.000469413003884256 0.000466480996692553 0.000462174008134753 0.000457826012279838 0.000453064014436677 0.000448353996034712 0.000437109003541991 0.000427588005550206 0.000416764989495277 0.000403065991122276 0.000392702990211546
0.000524351024068892 0.000523592985700816 0.000522994028870016 0.000522396003361791 0.000521799025591463 0.000520997971761972 0.000520817004144192 0.000521623995155096 0.000521779991686344 0.000521846988704056 0.000520738016348332 0.000515335996169597 0.000513187027536333 0.000511110993102193 0.000509043980855495 0.000506986980326474 0.00050605897558853 0.000505850010085851 0.000503978983033448 0.000502079026773572 0.000501703005284071 0.000498734007123858 0.000495554006192833 0.000493374012876302 0.000492840015795082 0.000492836988996714 0.000492832972668111 0.000492946011945605 0.000493408995680511 0.00049278000369668 0.000495337997563183 0.0004968480207026 0.000495343992952257 0.000495695974677801 0.000492903986014426 0.000491775979753584 0.000485894008306786 0.000481836003018543 0.000478069006931037 0.000474583997856826 0.000462260999483988 0.000447157013695687 0.000434563989983872 0.000418868992710486
0.000524137984029949 0.000522828020621091 0.000521701003890485 0.000520578003488481 0.000520156987477094 0.000520428991876543 0.000520611007232219 0.000520795001648366 0.000520978006534278 0.000520672998391092 0.000519111985340714 0.00051755498861894 0.000517369015142322 0.000517949985805899 0.000518532993737608 0.000519116001669317 0.000519447028636932 0.00051952397916466 0.000519600987900048 0.000519677996635437 0.000518765999004245 0.000517527980264276 0.000516292988322675 0.000512183993123472 0.000509268022142351 0.000509040022734553 0.00050899398047477 0.000509025994688272 0.000509290024638176 0.000509553996380419 0.000509972975123674 0.000510669022332877 0.000511310005094856 0.000510048004798591 0.00051004602573812 0.000508537981659174 0.000505220028571784 0.000501922972034663 0.000494776992127299 0.000486828008433804 0.000482214993098751 0.000480860995594412 0.000474594009574503 0.000463712000055239
0.000523018999956548 0.00052352697821334 0.00052416097605601 0.000524796021636575 0.000525431998539716 0.000525676005054265 0.000524662027601153 0.000523651018738747 0.000522641988936812 0.000521653972100466 0.000520668982062489 0.000519685971084982 0.000518649001605809 0.000517443986609578 0.000516241998411715 0.000515434017870575 0.000515222025569528 0.000515339022967964 0.000515876978170127 0.000516415981110185 0.000515843974426389 0.000514855026267469 0.000513907987624407 0.000513605016749352 0.000513557984959334 0.000513510021846741 0.000513462990056723 0.00051362399244681 0.000514410028699785 0.000515197985805571 0.000514722021762282 0.000513495004270226 0.000511616002768278 0.000510815007146448 0.000510899990331382 0.000510570011101663 0.000509903009515256 0.000502837006933987 0.000503128976561129 0.000501510978210717 0.00049617700278759 0.000488797028083354 0.000484263990074396 0.000481755996588618
0.000517242006026208 0.000517709995619953 0.000518259010277689 0.000518806977197528 0.000519356981385499 0.00051985599566251 0.000520339992363006 0.000520823989063501 0.000521307985763997 0.000521280977409333 0.000521067995578051 0.000520854024216533 0.000520865025464445 0.000521988025866449 0.000523113994859159 0.000522891001310199 0.000521747977472842 0.000520538014825433 0.000519905996043235 0.000519803026691079 0.000519638007972389 0.000519453024026006 0.000519267981871963 0.000519083987455815 0.000519048015121371 0.000519011984579265 0.000518976012244821 0.000519109016750008 0.000519753026310354 0.00052039697766304 0.000521040987223387 0.00052156497258693 0.000519783003255725 0.000517589971423149 0.000515408988576382 0.000510887999553233 0.000509587000124156 0.000507194024976343 0.000505063973832875 0.000502570997923613 0.000497218978125602 0.000492026971187443 0.000486447010189295 0.000482316012494266
0.000507681979797781 0.000507728022057563 0.000507741002365947 0.000508058990817517 0.00051057297969237 0.00051344302482903 0.000514355022460222 0.000514862011186779 0.00051536998944357 0.000515585008542985 0.000515798979904503 0.000516013999003917 0.000516360974870622 0.000517104985192418 0.000517646025400609 0.000518142012879252 0.000518798013217747 0.000519611989147961 0.000520428002346307 0.00052187597611919 0.000522852991707623 0.000523520982824266 0.000523190014064312 0.000522353977430612 0.000522135000210255 0.00052238698117435 0.000522640009876341 0.000522033020388335 0.000521345995366573 0.000520543020684272 0.000519625027664006 0.000518259999807924 0.000516451022122055 0.000514753977768123 0.000513819977641106 0.000511355989146978 0.000509070989210159 0.000507814984302968 0.000503227987792343 0.000501749978866428 0.000497004017233849 0.000491846003569663 0.000488638994283974 0.000484854012029245
0.000497976026963443 0.00049848499475047 0.000499129004310817 0.000499774003401399 0.000500419992022216 0.000500845024362206 0.00050146400462836 0.000502709008287638 0.00050302199088037 0.000503264018334448 0.000503270013723522 0.000503084971569479 0.000502882001455873 0.000502621987834573 0.000502513023093343 0.000504688010551035 0.000505027011968195 0.000505471020005643 0.000506888027302921 0.00050877797184512 0.000509933975990862 0.000510845973622054 0.000510460988152772 0.000509964011143893 0.00050962797831744 0.000509292993228883 0.000508958008140326 0.000508475990500301 0.000507557007949799 0.000506639014929533 0.000506741984281689 0.000506839016452432 0.00050687202019617 0.000506905023939908 0.000506938027683645 0.000504318973980844 0.000499311019666493 0.00049732398474589 0.000491942977532744 0.000490563979838043 0.000483145006000996 0.000479951995657757 0.00047656599781476 0.000468824990093708
0.000481413007946685 0.000482889008708298 0.000483790005091578 0.000484693009639159 0.000485597993247211 0.00048620899906382 0.000486723001813516 0.000487237004563212 0.000487751996843144 0.000488667981699109 0.00049026298802346 0.000491863000206649 0.000492952996864915 0.000493966974318027 0.000494442996568978 0.000494919018819928 0.000495875021442771 0.000495410000439733 0.00049570802366361 0.000496012973599136 0.000498323002830148 0.000498483015689999 0.000499628018587828 0.000499818997923285 0.000499129993841052 0.000498441979289055 0.000498462992254645 0.00049993401626125 0.000499391986522824 0.000498851004522294 0.000498311012052 0.000497722008731216 0.000497084984090179 0.000496449007187039 0.00049440999282524 0.000492679013404995 0.000489677011501044 0.000486295000882819 0.000481221999507397 0.00047409298713319 0.000470853003207594 0.000467106990981847 0.000461780990008265 0.000451858999440446
