results/Predictions/Median/Aptian.asc
NCOLS 360 
NROWS 180 
XLLCORNER -180 
YLLCORNER -90 
CELLSIZE 1 
NODATA_value -3.4e+38 
[rows 100 to 119 of 180, columns 315 to 359 of 360]
0.000510997022502124 0.000511092017404735 0.000511187012307346 0.000511282007209957 0.000511493999511003 0.000515020976308733 0.00051971897482872 0.000524458999279886 0.000528306001797318 0.000530591001734138 0.000530629011336714 0.000537297979462892 0.000545439019333571 0.000550621014554054 0.000555048987735063 0.000558276020456105 0.000560519983991981 0.000562346016522497 0.000563448003958911 0.00056430499535054 0.00056497601326555 0.000565499009098858 0.0005660509923473 0.000567230978049338 0.000568413990549743 0.000569052994251251 0.000568889023270458 0.000569031981285661 0.000569230993278325 0.000569506024476141 0.000570325006265193 0.00057169102365151 0.000572610995732248 0.000573407975025475 0.00057451898464933 0.000575992977246642 0.000577553000766784 0.000579116982407868 0.000581682019401342 0.000584491994231939 0.000587315997108817 0.000590152980294079 0.00059300399152562 -3.4e+38 -3.4e+38
0.000507964985445142 0.00050814199494198 0.000508319004438818 0.000508496013935655 0.000508651020936668 0.000508851022459567 0.000509564997628331 0.000513689999934286 0.000517315987963229 0.000520967005286366 0.000524644972756505 0.000527162977959961 0.000527606985997409 0.000529130978975445 0.000536293024197221 0.000542403024155647 0.000544201990123838 0.00054576201364398 0.000546856026630849 0.000547058996744454 0.000546964001841843 0.000546869006939232 0.000546775001566857 0.000547583971638232 0.00054839497897774 0.000549206975847483 0.000550025026313961 0.000550857977941632 0.0005516919773072 0.000552527024410665 0.000553700025193393 0.000554404978174716 0.00055505201453343 0.000555699982214719 0.000556772982235998 0.000557989988010377 0.000559210020583123 0.000560431974008679 0.000562705972697586 0.000564988993573934 0.000567280978430063 0.000569691997952759 0.00057303998619318 -3.4e+38 -3.4e+38
0.000506178999785334 0.000505578005686402 0.000505543022882193 0.000505754025653005 0.000505843025166541 0.000505993026308715 0.000506144016981125 0.000506295007653534 0.00050651200581342 0.000508102006278932 0.000511199003085494 0.000514377024956048 0.000517758016940206 0.000521162000950426 0.000524588976986706 0.000525305978953838 0.00052560301264748 0.00052589998813346 0.000526197021827102 0.00052631797734648 0.000526380026713014 0.000526506977621466 0.000526638992596418 0.000526701973285526 0.000526765012182295 0.000526828982401639 0.000526900985278189 0.000527001975569874 0.000527121999766678 0.000527249998413026 0.000527429976500571 0.000528482021763921 0.000530116027221084 0.000532715988811105 0.000536799023393542 0.000539812026545405 0.000541464018169791 0.000542364025022835 0.000544662994798273 0.000546971976291388 0.000549291027709842 0.000551618984900415 0.000554021971765906 -3.4e+38 -3.4e+38
0.000515781983267516 0.000515122024808079 0.000514463987201452 0.000513806007802486 0.000513111997861415 0.000512406986672431 0.000511701975483447 0.000511052028741688 0.000510450976435095 0.000509932986460626 0.000509422970935702 0.000509068020619452 0.000508576980791986 0.000508085999172181 0.000507596007082611 0.000508751021698117 0.00050975801423192 0.000510261976160109 0.000510766985826194 0.000510592013597488 0.000510192010551691 0.000509792007505894 0.000509392004460096 0.000509693985804915 0.000509996025357395 0.00051029899623245 0.00051063799764961 0.000511083984747529 0.000511529971845448 0.000511977006681263 0.000512650003656745 0.000513551000040025 0.00051445298595354 0.000515367020852864 0.000516657019034028 0.000518064014613628 0.000519473978783935 0.000520888017490506 0.000522808986715972 0.000524736999068409 0.000525144976563752 0.000525402021594346 0.000525659008417279 -3.4e+38 -3.4e+38
0.000505145988427103 0.00050605001160875 0.000506955024320632 0.00050787499640137 0.000508514000102878 0.000509227975271642 0.000510681013111025 0.000512262980919331 0.000514106010086834 0.00051544199232012 0.000515709980390966 0.000516002008225769 0.000516359985340387 0.000516718020662665 0.000517009000759572 0.000516658008564264 0.000516457017511129 0.000516256026457995 0.000516056024935097 0.00051592499949038 0.000515817024279386 0.00051570899086073 0.000515601015649736 0.000515380990691483 0.000515161023940891 0.000514940998982638 0.000514707004185766 0.000514429004397243 0.000514151994138956 0.000513874983880669 0.000513671024236828 0.000513539998792112 0.000513410021085292 0.000513279985170811 0.000513128994498402 0.000512972008436918 0.000512813974637538 0.000512656988576055 0.000512583006639034 0.000512509024702013 0.000512434984557331 0.000512361992150545 0.000512304017320275 -3.4e+38 -3.4e+38
0.000496425025630742 0.000496004999149591 0.000498245004564524 0.00049649499123916 0.000496707973070443 0.00050395802827552 0.000506035983562469 0.000507330987602472 0.000509091012645513 0.000510859012138098 0.000511950987856835 0.000512244994752109 0.000510759011376649 0.000511454010847956 0.000512149010319263 0.000512612983584404 0.000512844999320805 0.000513078004587442 0.000513310020323843 0.000513329985551536 0.000513279985170811 0.000513228995259851 0.000513178005348891 0.000513205013703555 0.000513232022058219 0.000513260019943118 0.000513323990162462 0.000513497972860932 0.000513672013767064 0.000513845996465534 0.000514040992129594 0.000514256011229008 0.000514473998919129 0.00051469897152856 0.000515008985530585 0.000515348976477981 0.000515623018145561 0.000515825988259166 0.000516063009854406 0.000516298983711749 0.000516536005306989 0.000516774016432464 0.000517010979820043 -3.4e+38 -3.4e+38
0.000476640008855611 0.000476076995255426 0.000477783993119374 0.000477719004265964 0.000477379013318568 0.000477577006677166 0.000478570989798754 0.000480017013614997 0.000481956987641752 0.000492764986120164 0.00049267802387476 0.000495555985253304 0.000495977001264691 0.000495999993290752 0.000501538976095617 0.000496383989229798 0.000496484979521483 0.000496584980282933 0.000496684981044382 0.000496714026667178 0.000496718974318355 0.000496722990646958 0.000496727996505797 0.000503566989209503 0.00050355598796159 0.000503543997183442 0.000503565010149032 0.000497465021908283 0.000503805989865214 0.00050418998580426 0.000510367972310632 0.000510678975842893 0.000510826008394361 0.000510973972268403 0.000511132995598018 0.000511297024786472 0.00051146000623703 0.000511623977217823 0.000511855003423989 0.000512085971422493 0.000512316997628659 0.000512548023834825 0.000512779981363565 -3.4e+38 -3.4e+38
0.000476757006254047 0.000479098001960665 0.000480246992083266 0.00047996299690567 0.000479515001643449 0.000479723996249959 0.000481199997011572 0.000481475988635793 0.000481667986605316 0.000481794006191194 0.000480869988678023 0.000479873007861897 0.000481755007058382 0.000482967006973922 0.000483168987557292 0.000482878007460386 0.000482667004689574 0.000482972012832761 0.000483300013002008 0.000483154988614842 0.000482851988635957 0.000482967996504158 0.000483250012621284 0.000483429001178592 0.000483607989735901 0.000483715994050726 0.000483748997794464 0.000483813986647874 0.000483827985590324 0.000483871001051739 0.0004839519970119 0.000484070013044402 0.000484963995404541 0.000487706012791023 0.000487732002511621 0.000490663980599493 0.000493613013532013 0.000495613028760999 0.000496676017064601 0.000500373018439859 0.000500718015246093 0.00049998500617221 0.000500252994243056 -3.4e+38 -3.4e+38
0.00047566500143148 0.000474211003165692 0.000473232008516788 0.0004732410016004 0.000474563013995066 0.00047391199041158 0.000474867993034422 0.000473986001452431 0.0004744179896079 0.000476916990010068 0.000478397007100284 0.000479073991300538 0.000479856011224911 0.000480070011690259 0.000480282993521541 0.000480438990052789 0.000480535993119702 0.00048063398571685 0.000481360999401659 0.000481970986584201 0.000482475006720051 0.000482979987282306 0.000482622999697924 0.000482433999422938 0.000482244009617716 0.000482197996461764 0.000482417992316186 0.000482690986245871 0.000482964009279385 0.000483237003209069 0.00048348298878409 0.000483703013742343 0.000483923009596765 0.000483904004795477 0.000484601012431085 0.000485464988742024 0.000485778000438586 0.00048631100798957 0.000486603996250778 0.000486897013615817 0.000487779005197808 0.000490289996378124 0.000491066020913422 -3.4e+38 -3.4e+38
0.000473091000458226 0.000472979008918628 0.00047186401207 0.000471934006782249 0.000472412997623906 0.000473268999485299 0.000472357001854107 0.000472199986688793 0.000472840009024367 0.00047348000225611 0.00047412101412192 0.000474719010526314 0.000475190987344831 0.000476109009468928 0.000477939989650622 0.000478825008030981 0.000479195005027577 0.000479606998851523 0.000479818001622334 0.000480537011753768 0.000481288006994873 0.000482039991766214 0.000482753006508574 0.000482942996313795 0.000483131996588781 0.000483321986394003 0.000483570998767391 0.000483996991533786 0.000484246993437409 0.000484274001792073 0.000484299001982436 0.000484502990730107 0.000484707998111844 0.000484913005493581 0.000485441996715963 0.000486511009512469 0.000486992008518428 0.000488177000079304 0.00048867502482608 0.000489566999021918 0.000490506005007774 0.000491985003463924 0.000493596016895026 -3.4e+38 -3.4e+38
0.000474867003504187 0.000474764994578436 0.000474662985652685 0.000474561995361 0.000474731990834698 0.000475306995213032 0.000475942011689767 0.000475611013825983 0.000475721986731514 0.000475928012747318 0.00047613400965929 0.000476362009067088 0.000476657005492598 0.000476952001918107 0.000477246998343617 0.000477452005725354 0.000477566005429253 0.000477680005133152 0.000477824010886252 0.000478469009976834 0.000479175010696054 0.000479882000945508 0.000480426009744406 0.00048028799938038 0.00048015100765042 0.000480012997286394 0.000479912006994709 0.000480632006656379 0.000481997994938865 0.00048336701001972 0.00048434198834002 0.000484919000882655 0.000485497992485762 0.000486077013192698 0.000486581993754953 0.000487012992380187 0.000487445009639487 0.000487876997794956 0.000488354009576142 0.000490094011183828 0.000492465973366052 0.000493207015097141 0.000493574014399201 -3.4e+38 -3.4e+38
0.000474419008241966 0.000474444997962564 0.000474613014375791 0.000473788997624069 0.000474278989713639 0.00047555600758642 0.00047587399603799 0.000476192013593391 0.000476421002531424 0.000476649991469458 0.000476879009511322 0.000477116991532966 0.000477379013318568 0.000477641995530576 0.000477905006846413 0.0004781240131706 0.00047829799586907 0.000478472007671371 0.000478645990369841 0.000478792004287243 0.000478928006486967 0.000479064998216927 0.000479201000416651 0.000479512993479148 0.00048061300185509 0.000481711991596967 0.000481617986224592 0.00048158600111492 0.000483084004372358 0.000484385993331671 0.000484685995616019 0.000484969990793616 0.000485253985971212 0.00048553801025264 0.000485908996779472 0.000486309989355505 0.000486711011035368 0.000487112003611401 0.000487649987917393 0.000489450001623482 0.000490033009555191 0.000490650010760874 0.000491898972541094 -3.4e+38 -3.4e+38
0.000474767992272973 0.000475119013572112 0.00047547000576742 0.000475537002785131 0.000475615001050755 0.000475465989438817 0.000476026994874701 0.000475493987323716 0.000475159991765395 0.000475101987831295 0.00047612699563615 0.000477132009109482 0.000478072994155809 0.000478333997307345 0.000478564004879445 0.000478797010146081 0.000479276990517974 0.000479918002383783 0.000480560003779829 0.000480732007417828 0.000481124996440485 0.00048135599354282 0.00048158600111492 0.000481822004076093 0.000482058007037267 0.000482294009998441 0.000482475996250287 0.000482497009215876 0.000483200012240559 0.00048312998842448 0.000483456999063492 0.000484910007799044 0.00048495500232093 0.000485005002701655 0.00048687300295569 0.000488799007143825 0.000489813974127173 0.000490009027998894 0.000490427017211914 0.000490845006424934 0.000493597006425261 0.000496570020914078 0.000497638015076518 -3.4e+38 -3.4e+38
0.000476149987662211 0.00047594599891454 0.000475401990115643 0.000474358996143565 0.000474405009299517 0.000474814005428925 0.000475225009722635 0.000475637993076816 0.000475831009680405 0.000476024986710399 0.000474119995487854 0.000472901010653004 0.000473027990665287 0.0004731549997814 0.000473282008897513 0.000473704014439136 0.000474422995466739 0.000475142005598173 0.000475862994790077 0.000476579996757209 0.000477296009194106 0.000479520007502288 0.000480402988614514 0.000480598013382405 0.000480776012409478 0.000480955000966787 0.00048141399747692 0.000482189992908388 0.000482867006212473 0.000483915006043389 0.000484362011775374 0.000484488002257422 0.000486011995235458 0.000489466008730233 0.000492223014589399 0.000494432984851301 0.000494260981213301 0.000494087988045067 0.000494530017022043 0.000494915002491325 0.000495041022077203 0.00049516698345542 0.000495293003041297 -3.4e+38 -3.4e+38
0.000475787004688755 0.000474233005661517 0.00047293899115175 0.000472157000331208 0.000471817009383813 0.000472079002065584 0.00047200100379996 0.000470947008579969 0.000469627004349604 0.000469771010102704 0.000469914986751974 0.000470058002974838 0.000470194994704798 0.000470331986434758 0.000470469996798784 0.000470892002340406 0.000471284001832828 0.000471025006845593 0.000470464001409709 0.000470306986244395 0.000471236009616405 0.00047221701242961 0.000474883010610938 0.000476456014439464 0.000477547000627965 0.000478147005196661 0.000480098999105394 0.000483632989926264 0.000485950004076585 0.000486773991724476 0.000486839999211952 0.000486915989313275 0.000488299003336579 0.000488394987769425 0.000489059020765126 0.000489073980133981 0.000489088008180261 0.000489103025756776 0.000489166006445885 0.000489228987134993 0.000489292026031762 0.000489355006720871 0.000491012004204094 -3.4e+38 -3.4e+38
0.000471084989840165 0.000471484003355727 0.000471882987767458 0.00047228200128302 0.000471778999781236 0.000469696999061853 0.000467897014459595 0.00046550200204365 0.000465374003397301 0.000465246004750952 0.000465120014268905 0.00046409698552452 0.000464540993561968 0.000464662007289007 0.000464018987258896 0.000463967007817701 0.00046444998588413 0.000464279000880197 0.000464643002487719 0.000466118013719097 0.000468095997348428 0.000468552985694259 0.000472399988211691 0.000475693988846615 0.000476993009215221 0.000477680994663388 0.000478373985970393 0.000479418988106772 0.00048116099787876 0.000483365991385654 0.000483767013065517 0.000483720010379329 0.000484165997477248 0.000484819989651442 0.000485363008920103 0.000485869008116424 0.000486965989693999 0.00048936199164018 0.000490328995510936 0.000490439997520298 0.000490550009999424 0.000490661012008786 0.000490594014991075 -3.4e+38 -3.4e+38
0.000469522987259552 0.000469102989882231 0.000469893013359979 0.000469043996417895 0.000468003010610119 0.000464809010736644 0.000462397001683712 0.000460531009593979 0.000458860013168305 0.00045694099389948 0.000454882014309987 0.000453824002761394 0.000453107990324497 0.000452392006991431 0.000451916013844311 0.000451380998129025 0.000451499014161527 0.000451617001090199 0.000451764004537836 0.000454764987807721 0.000458580994745716 0.000463134987512603 0.000466619996586815 0.000466991012217477 0.000467361998744309 0.000468560989247635 0.000470753002446145 0.000472518004244193 0.000474889006000012 0.000477825989946723 0.000478333997307345 0.00047847701353021 0.000479492999147624 0.000480510992929339 0.000481466006021947 0.000482089992146939 0.000482375005958602 0.000482962001115084 0.000484195013996214 0.000485432014102116 0.000486672011902556 0.000487915007397532 0.000487977988086641 -3.4e+38 -3.4e+38
0.000457630987511948 0.00045684800716117 0.000456209003459662 0.000455567991593853 0.00045414300984703 0.00045246200170368 0.000450786988949403 0.000448028004029766 0.000443927012383938 0.000443391007138416 0.000443369004642591 0.000441746000433341 0.000440956995589659 0.000440167990745977 0.000439594994531944 0.000439794006524608 0.000439986004494131 0.000440178002463654 0.000440600008005276 0.000442507996922359 0.000442749995272607 0.000446977006504312 0.000447695987531915 0.000450716004706919 0.000453794986242428 0.000456565001513809 0.000458736991276965 0.00046107399975881 0.000464250013465062 0.000465432007331401 0.000466711993794888 0.0004668369947467 0.000466961995698512 0.000468221987830475 0.00046889900113456 0.000469243008410558 0.000469585997052491 0.000469930004328489 0.000472173996968195 0.000472846993943676 0.000472887011710554 0.000472927000373602 0.000473416002932936 -3.4e+38 -3.4e+38
0.000437831011367962 0.000437270995462313 0.000436100002843887 0.000435143010690808 0.000434838002547622 0.000433982000686228 0.000432389992056414 0.000430371990660205 0.000428627012297511 0.000427166989538819 0.00042571101221256 0.000424780999310315 0.000425412988988683 0.000425523990998045 0.000424778991146013 0.000424138008384034 0.000423599994974211 0.00042379999649711 0.000424558995291591 0.000425962003646418 0.000428013008786365 0.000431460008258 0.000433208013419062 0.000433734006946906 0.000434957008110359 0.000435207999544218 0.000438896997366101 0.0004404179926496 0.000443152996012941 0.000446957012172788 0.000449465995188802 0.000449170009233057 0.000448875012807548 0.000448579987278208 0.000449014012701809 0.000450130988610908 0.000451125990366563 0.000452105014119297 0.000454491004347801 0.000456845998996869 0.000457404006738216 0.000457962014479563 0.000459022005088627 -3.4e+38 -3.4e+38
0.000415901013184339 0.000415738002629951 0.000415574992075562 0.000414884008932859 0.000414407986681908 0.000413409987231717 0.000412841996876523 0.000412466994021088 0.000411735993111506 0.000410846987506375 0.000408819993026555 0.000407454994274303 0.000408137013437226 0.000408819993026555 0.000409505009884015 0.000410242006182671 0.000410718988860026 0.000410589011153206 0.000410459004342556 0.000410764012485743 0.0004112150054425 0.000411665998399258 0.000412116991356015 0.000413775007473305 0.000415801012422889 0.000417884002672508 0.000418699986767024 0.000420035008573905 0.000421373988501728 0.000421850010752678 0.000421853008447215 0.00042275499436073 0.000423293007770553 0.000423254008637741 0.00042325901449658 0.000423277990194038 0.000423296994995326 0.000423315999796614 0.000424143014242873 0.000425095000537112 0.000426156009780243 0.00042721998761408 0.00042828600271605 -3.4e+38 -3.4e+38
