results/Predictions/Median/Aptian.asc
NCOLS 360 
NROWS 180 
XLLCORNER -180 
YLLCORNER -90 
CELLSIZE 1 
NODATA_value -3.4e+38 
[rows 60 to 79 of 180, columns 135 to 179 of 360]
0.000435435009421781 0.000433659006375819 0.000430962012615055 0.000429289997555315 0.000420316006056964 0.000404118007281795 0.000389477994758636 0.000374524010112509 0.000354891002643853 0.000334879994625226 0.000317931000608951 0.0211526993662119 0.417306005954742 0.408013999462128 0.399017989635468 0.393711000680923 0.404926002025604 0.409527003765106 0.0239163003861904 0.000308707996737212 0.000317249010549858 0.000329578993842006 0.000342298997566104 0.000350376998540014 0.000359981990186498 0.000368125998647884 0.000373705988749862 0.000376068986952305 0.000378260010620579 0.000378897006157786 0.000374528986867517 0.000366622000001371 0.000356856995495036 0.000344258005497977 0.000329581002006307 0.00031873700208962 0.000303073000395671 0.000287692004349083 0.000281999004073441 0.000275825004791841 0.000268555013462901 0.000261428998783231 0.000257297011557966 0.000254026992479339 0.000251096003921703
0.00043756898958236 0.000435115012805909 0.000432926986832172 0.000431102002039552 0.00042793300235644 0.000424141006078571 0.000418215000536293 0.000408394989790395 0.000392340996768326 0.000377446005586535 0.000358711986336857 0.0138277001678944 0.447661995887756 0.442294001579285 0.437209010124207 0.43741700053215 0.442485004663467 0.292688012123108 0.000352776987710968 0.000362991995643824 0.000374275987269357 0.000384537997888401 0.00039294600719586 0.000394533009966835 0.00039816100616008 0.000398725009290501 0.000398845004383475 0.000395985000068322 0.000393650989281014 0.000388727989047766 0.000383359991246834 0.000376704992959276 0.000371948000974953 0.000362897000741214 0.000353453011484817 0.000343911000527442 0.000337831006618217 0.000329836009768769 0.000317931000608951 0.000308796996250749 0.000297396996757016 0.000288078997982666 0.000286268012132496 0.000285833986708894 0.000285462010651827
0.000441493990365416 0.000437479000538588 0.000436411995906383 0.000476001005154103 0.000821673020254821 0.116543002426624 0.395186007022858 0.370737999677658 0.000482892006402835 0.000413152010878548 0.000403648009523749 0.107716001570225 0.483747005462646 0.478125989437103 0.4757060110569 0.477411985397339 0.481956988573074 0.486092001199722 0.000404654012527317 0.000410150998504832 0.000415562011767179 0.000420264987042174 0.000424080004449934 0.000423046993091702 0.000420775992097333 0.000418885989347473 0.000414420006563887 0.000408610998420045 0.000402064993977547 0.000395863986341283 0.000392771005863324 0.000387159001547843 0.000381886988179758 0.000376726995455101 0.000376564014004543 0.000374650000594556 0.000374799012206495 0.000366674008546397 0.000353659008396789 0.000342521001584828 0.000326645007589832 0.000315084005706012 0.000318987993523479 0.000318862003041431 0.000320118997478858
0.000443853990873322 0.000441406999016181 0.0260642003268003 0.418502986431122 0.488931000232697 0.502861976623535 0.50101500749588 0.500586986541748 0.322111994028091 0.000547792995348573 0.000446005986304954 0.147839993238449 0.490226000547409 0.491614997386932 0.491454988718033 0.491952002048492 0.493124008178711 0.493964999914169 0.124007001519203 0.000421433011069894 0.00042377901263535 0.000426868995418772 0.000429885985795408 0.000427433988079429 0.000424800004111603 0.000421456003095955 0.000416386988945305 0.000410431006457657 0.000404744001571089 0.000400896999053657 0.000395548995584249 0.00039127201307565 0.000386246014386415 0.000378525000996888 0.000371086993254721 0.000366321008186787 0.000361617014277726 0.000356081989593804 0.000344742002198473 0.000333078991388902 0.000322665000567213 0.000315565994242206 0.000313402008032426 0.000310059986077249 0.000308274000417441
0.000447822007117793 0.00559969013556838 0.507577002048492 0.507121980190277 0.506029009819031 0.505052983760834 0.503594994544983 0.501196026802063 0.489706009626389 0.0150670995935798 0.00560445990413427 0.0501746982336044 0.238883003592491 0.493447005748749 0.497422993183136 0.498340994119644 0.497260987758636 0.498272985219955 0.499484986066818 0.000428772997111082 0.000430637010140345 0.000432513013947755 0.000434985995525494 0.000431593012763187 0.000427682010922581 0.000422101002186537 0.000415988004533574 0.000414957001339644 0.000411833985708654 0.000405408005462959 0.000402013014536351 0.000396106013795361 0.00038616600795649 0.000377925985958427 0.000363925006240606 0.000353578012436628 0.000344697997206822 0.000335265998728573 0.000330510985804722 0.000325800996506587 0.000322568987030536 0.000315788987791166 0.00032181799178943 0.000332889001583681 0.000344455009326339
0.00102097005583346 0.0773549005389214 0.506569027900696 0.508183002471924 0.506968975067139 0.506295025348663 0.504550993442535 0.50397801399231 0.264052003622055 0.0200088005512953 0.00320386001840234 0.00473242998123169 0.0280757993459702 0.297167986631393 0.499868005514145 0.50008499622345 0.505038022994995 0.503087997436523 0.504561007022858 0.385975003242493 0.00043586001265794 0.000437832000898197 0.000438830989878625 0.000433773995609954 0.000428877014201134 0.000423790013883263 0.00042284801020287 0.000421378004830331 0.000416482012951747 0.000412522000260651 0.000407591986004263 0.000401986995711923 0.000393611000617966 0.000385983003070578 0.000368158012861386 0.0003533219860401 0.000336571014486253 0.000319779996061698 0.000319782993756235 0.000315865006996319 0.000385852006729692 0.000630054972134531 0.000425556005211547 0.000432024011388421 0.112704999744892
0.0657934993505478 0.164972007274628 0.509288012981415 0.507116973400116 0.506938993930817 0.506627976894379 0.506398975849152 0.491979002952576 0.0733110010623932 0.0015227299882099 0.000638459983747452 0.000578692008275539 0.000736513989977539 0.00984058994799852 0.347979992628098 0.48929101228714 0.501667022705078 0.506084978580475 0.507284998893738 0.507161021232605 0.000441810989286751 0.000441696000052616 0.00044020899804309 0.000436338013969362 0.000432901986641809 0.000430960993980989 0.000429423002060503 0.00042573400423862 0.000421842007199302 0.00042106700129807 0.000415518006775528 0.000409278989536688 0.000403168989578262 0.000397822994273156 0.000383840990252793 0.000360328995157033 0.000337380013661459 0.000309855997329578 0.251078009605408 0.4252769947052 0.424982011318207 0.43164399266243 0.441439986228943 0.452578008174896 0.455763012170792
0.486995995044708 0.501039981842041 0.507032990455627 0.506653010845184 0.506389975547791 0.505581974983215 0.484086006879807 0.0537863001227379 0.000728885992430151 0.000476056011393666 0.000442085001850501 0.00044306498602964 0.000444239005446434 0.000474670989206061 0.000690401997417212 0.00871654041111469 0.162983000278473 0.510908007621765 0.511577010154724 0.511786997318268 0.00077403400791809 0.000444634002633393 0.000444756005890667 0.000443221011664718 0.00043919900781475 0.000434844987466931 0.000431255990406498 0.00042971401126124 0.000426259008236229 0.000423390010837466 0.000421366014052182 0.000417072995333001 0.000413844012655318 0.000412630994105712 0.000395287992432714 0.000366838998161256 0.000338470010319725 0.392733007669449 0.413874000310898 0.41380500793457 0.411664009094238 -3.4e+38 -3.4e+38 -3.4e+38 -3.4e+38
0.508459985256195 0.507609009742737 0.507435023784637 0.508274018764496 0.509887993335724 0.504889011383057 0.00573681993409991 0.000457574991742149 0.00044237999827601 0.00044309301301837 0.00044321600580588 0.000443299999460578 0.00044382899068296 0.000444861012510955 0.000447470985818654 0.000449463987024501 0.000474002998089418 0.417308002710342 0.513158977031708 0.513092994689941 0.512229979038239 0.000497879984322935 0.00044728399370797 0.000445142009994015 0.000442146003479138 0.000437721988419071 0.000432667002314702 0.000426150014391169 0.000422412005718797 0.000415593007346615 0.000407599989557639 0.000400279997847974 0.000385788996936753 0.000374219991499558 0.000350723013980314 0.000321528001222759 0.341318994760513 0.397390991449356 -3.4e+38 -3.4e+38 -3.4e+38 -3.4e+38 -3.4e+38 -3.4e+38 -3.4e+38
0.504809021949768 0.508220970630646 0.50933301448822 0.516937017440796 -3.4e+38 0.00351674994453788 0.000443133991211653 0.000442924007074907 0.000443369004642591 0.000443219003500417 0.000446268008090556 0.00044804101344198 0.000449746003141627 0.000451508996775374 0.000452534994110465 0.000451689993496984 0.000453315005870536 0.000453168991953135 0.0948584973812103 0.514391005039215 0.514459013938904 0.100732997059822 0.000453852990176529 0.000446927995653823 0.000444027013145387 0.000439705996541306 0.000432297994848341 0.000422287004766986 0.000415110989706591 0.000409331987611949 0.000397813011659309 0.000372704002074897 0.000356089993147179 0.000328602007357404 0.000300151004921645 0.000284726003883407 0.392670005559921 0.400678008794785 -3.4e+38 -3.4e+38 -3.4e+38 -3.4e+38 -3.4e+38 -3.4e+38 -3.4e+38
0.495555996894836 0.503947019577026 0.50782698392868 0.513018012046814 0.00114843994379044 0.000442282995209098 0.000442657998064533 0.000442616990767419 0.000444534991402179 0.000446221005404368 0.000446983991423622 0.00044726999476552 0.000447838014224544 0.000447891012299806 0.000449051993200555 0.000451366999186575 0.000450227991677821 0.000452515989309177 0.000453007989563048 0.000500695023220032 0.000761226983740926 0.000453443004516885 0.000451695988886058 0.000446307996753603 0.000441676995251328 0.000436970993177965 0.00043050100794062 0.00042274800944142 0.00041445399983786 0.000406230014050379 0.000396715011447668 0.000376056006643921 0.00035647299955599 0.000337161007337272 0.000304393994156271 0.000608988979365677 0.401059001684189 -3.4e+38 -3.4e+38 -3.4e+38 -3.4e+38 -3.4e+38 -3.4e+38 -3.4e+38 -3.4e+38
0.000440178002463654 0.000496787019073963 0.00044054799946025 0.000441898009739816 0.000440933014033362 0.000439778988948092 0.000440800009528175 0.00044067099224776 0.000440044008428231 0.000439350988017395 0.000441907992353663 0.000441678013885394 0.000442730000941083 0.000440153991803527 0.000441793003119528 0.000441412004875019 0.000442801014287397 0.000443310011178255 0.000443463010014966 0.000445671990746632 0.0004451849963516 0.000444698001956567 0.000447456986876205 0.00044227100443095 0.000436691014328972 0.000430443993536755 0.000426254002377391 0.000421776989242062 0.000418109004385769 0.000412507011787966 0.000406545004807413 0.000400499993702397 0.000389997003367171 0.00038141300319694 0.000536674982868135 0.390244007110596 0.411949008703232 -3.4e+38 -3.4e+38 -3.4e+38 -3.4e+38 -3.4e+38 -3.4e+38 -3.4e+38 -3.4e+38
0.000439366995124146 0.000438713002949953 0.000439211988123134 0.000438299000961706 0.000439024006482214 0.000436359987361357 0.000437307986430824 0.000439022987848148 0.000439341994933784 0.000438210990978405 0.000438280985690653 0.000439688010374084 0.000438087008660659 0.000439007009845227 0.000437789014540613 0.000436247006291524 0.000434857996879146 0.000435051013482735 0.000433700013672933 0.000435746012954041 0.000438807008322328 0.000440714997239411 0.00044097300269641 0.000436403992353007 0.000431444001151249 0.00042675799340941 0.000420642987592146 0.000417681992985308 0.00041474201134406 0.000411823013564572 0.000410704989917576 0.000410393986385316 0.000408094987506047 0.000600348983425647 0.42196199297905 0.486270010471344 -3.4e+38 -3.4e+38 -3.4e+38 -3.4e+38 -3.4e+38 -3.4e+38 -3.4e+38 -3.4e+38 -3.4e+38
0.000626327993813902 0.000425553997047246 0.000421366014052182 0.000415459013311192 0.000407707993872464 0.000398956006392837 0.000389260007068515 0.0326904989778996 0.0134589998051524 0.000727009028196335 0.0027295199688524 0.00051623402396217 0.000388243002817035 0.000396813993575051 0.000402198988012969 0.000407263985835016 0.000413203000789508 0.000415037997299805 0.000418468000134453 0.000420104013755918 0.000419877993408591 0.000420653988840058 0.000422484998125583 0.000420994008891284 0.000420511001721025 0.000420419004512951 0.00041815300937742 0.000413350004237145 0.000407590996474028 0.000403546990128234 0.000399193988414481 0.000393418013118207 0.208165004849434 0.404074996709824 0.469478011131287 -3.4e+38 -3.4e+38 -3.4e+38 -3.4e+38 -3.4e+38 -3.4e+38 -3.4e+38 -3.4e+38 -3.4e+38 -3.4e+38
0.0471974983811378 0.000454908004030585 0.000391645997297019 0.000367550004739314 0.000331301998812705 0.000848538998980075 0.339531987905502 0.317214995622635 0.366578012704849 0.377988010644913 0.37227800488472 0.265841990709305 0.0260537005960941 0.000492202001623809 0.000497144996188581 0.000639880017843097 0.000623982981778681 0.000587378977797925 0.0189577993005514 0.00132951000705361 0.000409208005294204 0.000414687005104497 0.000421937002101913 0.000419171992689371 0.0004171869950369 0.000418471987359226 0.000419288990087807 0.000414570007706061 0.000407862011343241 0.000400427990825847 0.000397100986447185 0.000420606986153871 0.39198499917984 0.470984995365143 -3.4e+38 -3.4e+38 -3.4e+38 -3.4e+38 -3.4e+38 -3.4e+38 -3.4e+38 -3.4e+38 -3.4e+38 -3.4e+38 -3.4e+38
0.00040409600478597 0.152116999030113 0.000357012992026284 0.000322511012200266 0.000281502987490967 0.370819002389908 0.279455006122589 0.285190999507904 0.316630989313126 0.341533005237579 0.365938007831573 0.383423000574112 0.383706003427505 0.388375997543335 0.363642007112503 0.404100000858307 0.434433996677399 0.466648995876312 0.479021996259689 0.465290009975433 0.473453998565674 0.102590002119541 0.000886329973582178 0.000430226005846635 0.000428570987423882 0.000426062993938103 0.000424655998358503 0.000418951007304713 0.00041452600271441 0.000409870001021773 0.000408226012950763 0.407927989959717 0.470757991075516 0.484849005937576 -3.4e+38 -3.4e+38 -3.4e+38 -3.4e+38 -3.4e+38 -3.4e+38 -3.4e+38 -3.4e+38 -3.4e+38 -3.4e+38 -3.4e+38
0.000397488998714834 0.00051129498751834 0.00036061299033463 0.000323343992931768 0.00073561497265473 0.330590009689331 0.285293996334076 0.25960499048233 0.291718989610672 0.32872998714447 0.35828098654747 0.38255101442337 0.389420986175537 -3.4e+38 -3.4e+38 -3.4e+38 -3.4e+38 0.473890990018845 0.481047987937927 0.492987006902695 0.498784989118576 0.505034983158112 0.494176000356674 0.00414930982515216 0.000472788000479341 0.000461338000604883 0.000474303000373766 0.000437826005509123 0.000449940009275451 0.000441087991930544 0.137586995959282 0.487278997898102 -3.4e+38 -3.4e+38 -3.4e+38 -3.4e+38 -3.4e+38 -3.4e+38 -3.4e+38 -3.4e+38 -3.4e+38 -3.4e+38 -3.4e+38 -3.4e+38 -3.4e+38
0.000390067987609655 0.000371716014342383 0.25729900598526 0.000320853985613212 0.0492908991873264 0.219911992549896 0.26248300075531 0.22486400604248 0.26485601067543 0.311695009469986 -3.4e+38 -3.4e+38 -3.4e+38 -3.4e+38 -3.4e+38 -3.4e+38 -3.4e+38 -3.4e+38 -3.4e+38 -3.4e+38 -3.4e+38 -3.4e+38 0.519555985927582 0.33712700009346 0.00514334021136165 0.00083216599887237 0.00096328102517873 0.00302137993276119 0.030554199591279 0.478873014450073 0.461116999387741 0.513531029224396 -3.4e+38 -3.4e+38 -3.4e+38 -3.4e+38 -3.4e+38 -3.4e+38 -3.4e+38 -3.4e+38 -3.4e+38 -3.4e+38 -3.4e+38 -3.4e+38 -3.4e+38
0.000388998014386743 0.00037501601036638 0.0946879982948303 0.00032307900255546 0.0437120012938976 0.301250010728836 0.360859006643295 0.354247003793716 0.362331002950668 0.371538013219833 -3.4e+38 -3.4e+38 -3.4e+38 -3.4e+38 -3.4e+38 -3.4e+38 -3.4e+38 -3.4e+38 -3.4e+38 -3.4e+38 -3.4e+38 -3.4e+38 -3.4e+38 0.497833013534546 0.0586284995079041 0.0154905002564192 0.0148222995921969 0.158953994512558 0.302933007478714 0.325304001569748 0.361865013837814 -3.4e+38 -3.4e+38 -3.4e+38 -3.4e+38 -3.4e+38 -3.4e+38 -3.4e+38 -3.4e+38 -3.4e+38 -3.4e+38 -3.4e+38 -3.4e+38 -3.4e+38 -3.4e+38
0.000391187990317121 0.000375576986698434 0.205890998244286 0.00046858299174346 0.00660825008526444 0.422944009304047 0.45151299238205 0.466338008642197 0.445277005434036 -3.4e+38 -3.4e+38 -3.4e+38 -3.4e+38 -3.4e+38 -3.4e+38 -3.4e+38 -3.4e+38 -3.4e+38 -3.4e+38 -3.4e+38 -3.4e+38 -3.4e+38 -3.4e+38 -3.4e+38 0.504980027675629 0.178813993930817 0.117109999060631 0.331232994794846 0.377534002065659 0.388336002826691 0.398770987987518 0.504585027694702 -3.4e+38 -3.4e+38 -3.4e+38 -3.4e+38 -3.4e+38 -3.4e+38 -3.4e+38 -3.4e+38 -3.4e+38 -3.4e+38 -3.4e+38 -3.4e+38 -3.4e+38
