results/Predictions/Median/Aptian.asc
NCOLS 360 
NROWS 180 
XLLCORNER -180 
YLLCORNER -90 
CELLSIZE 1 
NODATA_value -3.4e+38 
[rows 20 to 39 of 180, columns 45 to 89 of 360]
1.23744001712112e-07 1.26686003909526e-07 1.29653997760215e-07 1.32688001031056e-07 1.36010996243385e-07 1.39492001949293e-07 1.43061996027427e-07 1.46722996419157e-07 1.51322993247049e-07 1.56067997636455e-07 1.60960993866865e-07 1.66285005320788e-07 1.72648000784648e-07 1.79254996623968e-07 1.86113993549952e-07 1.93562001982173e-07 2.017099944851e-07 2.10199999628458e-07 2.19048004623801e-07 2.29940994245226e-07 2.42792992821705e-07 2.55853990438482e-07 2.68522995838794e-07 2.90083988829792e-07 3.14781004817632e-07 3.4421199757162e-07 3.76808003466067e-07 4.11975008773879e-07 4.54575996400308e-07 4.98951976624085e-07 5.27290978880046e-07 5.45661976047995e-07 5.60119985948404e-07 5.75945023228996e-07 5.84319991503435e-07 5.88585976402101e-07 5.93551988004037e-07 5.98222982262087e-07 6.09972005349846e-07 6.21438005055097e-07 6.33545994332962e-07 6.46708997464884e-07 6.67866004278039e-07 6.82275981489511e-07 6.97780023983796e-07
1.35107001142387e-07 1.38182997488911e-07 1.41328001745933e-07 1.44533998991392e-07 1.47841006992167e-07 1.51245004076372e-07 1.5472799930194e-07 1.58291001639554e-07 1.6328100116425e-07 1.68430005942355e-07 1.73740005493528e-07 1.79552003487515e-07 1.86598995810527e-07 1.93776003243329e-07 2.00922997350972e-07 2.08657993994166e-07 2.17028002680308e-07 2.25733998604483e-07 2.34789993669438e-07 2.4415300003966e-07 2.53870013011692e-07 2.64331987409605e-07 2.76815995903235e-07 2.91193003931767e-07 3.06320998788578e-07 3.22847995448683e-07 3.42515988904779e-07 3.64085991577667e-07 3.85143010817046e-07 4.08401007234716e-07 4.26690007770958e-07 4.39927987372357e-07 4.52063005695891e-07 4.65253009451772e-07 4.79553989407577e-07 4.94552011787164e-07 5.09502001477813e-07 5.23227981830132e-07 5.46166972981155e-07 5.70116981180036e-07 5.98467011059256e-07 6.28138991487504e-07 6.54468976790668e-07 6.81910989897005e-07 7.11801988018124e-07
1.47514001014315e-07 1.50719003499944e-07 1.5399500341573e-07 1.57341006001843e-07 1.60691996597961e-07 1.63989000157017e-07 1.67344992973995e-07 1.70771002672154e-07 1.76184997258133e-07 1.81771000029585e-07 1.87533004236684e-07 1.93608997278716e-07 2.01006002953363e-07 2.08686003588809e-07 2.16659998386604e-07 2.24931994807775e-07 2.33513006264729e-07 2.4242100948868e-07 2.51669007411692e-07 2.59248992051653e-07 2.66368004986361e-07 2.73683014029302e-07 2.81637994703487e-07 2.91557995524272e-07 2.99416001325881e-07 3.06700002283833e-07 3.14260006462064e-07 3.22305993449845e-07 3.30559004169118e-07 3.3734698945409e-07 3.47754991025795e-07 3.58208012585237e-07 3.65295989013248e-07 3.74879988385146e-07 3.90613990930433e-07 4.10332006595127e-07 4.3104500946356e-07 4.5280501126399e-07 4.90585023271706e-07 5.29186991116148e-07 5.6779697388265e-07 6.09278004048974e-07 6.4389797671538e-07 6.83195992223773e-07 7.24895983239549e-07
1.63276993703221e-07 1.66462001516265e-07 1.69710006048263e-07 1.73020993088357e-07 1.76908997673308e-07 1.81016005740275e-07 1.85147001730002e-07 1.89372997283499e-07 1.95737996477874e-07 2.01955998591075e-07 2.08290003911316e-07 2.15024996919055e-07 2.22604995769871e-07 2.3045299712976e-07 2.38577996469758e-07 2.46651012503207e-07 2.54646010944271e-07 2.62901011183203e-07 2.71423004960525e-07 2.79732006447375e-07 2.88128006786792e-07 2.96776988761849e-07 3.07468013716061e-07 3.18887003913915e-07 3.3073200711442e-07 3.43020985837938e-07 3.54922008227732e-07 3.66128006135114e-07 3.78255009536588e-07 3.90654008697311e-07 4.007220013591e-07 4.09445988225343e-07 4.1905400394171e-07 4.29869004392458e-07 4.47139001380492e-07 4.67813009663587e-07 4.91698017413e-07 5.15493979946768e-07 5.46659975952934e-07 5.78782021420921e-07 6.15281976479309e-07 6.55061000998103e-07 6.83769997067429e-07 7.11457971647178e-07 7.39495988000272e-07
1.80724001097587e-07 1.83850005441855e-07 1.87029002063355e-07 1.90264003663287e-07 1.94763003946719e-07 1.99783002585718e-07 2.04751003707315e-07 2.09391998851061e-07 2.16404004049764e-07 2.23650999942038e-07 2.31141001449942e-07 2.38814010344868e-07 2.46528998104623e-07 2.54494011642237e-07 2.62715985854811e-07 2.70468007101954e-07 2.77693004591129e-07 2.85111013909045e-07 2.92728003614684e-07 3.01893010146159e-07 3.1264301014744e-07 3.23686009551238e-07 3.35685996333268e-07 3.52476007492442e-07 3.69714001635657e-07 3.88159008934963e-07 4.02410989863711e-07 4.15091989225402e-07 4.28426005782967e-07 4.42910987885625e-07 4.56607011756205e-07 4.69263994773428e-07 4.82272014323826e-07 4.95641018005699e-07 5.15768988407217e-07 5.36015022589709e-07 5.57059991024289e-07 5.78934020722954e-07 6.07604988545063e-07 6.39094025700615e-07 6.69975008804613e-07 6.97346024480794e-07 7.19064018994686e-07 7.40888026484754e-07 7.61262015203101e-07
2.02989994591007e-07 2.06126998136824e-07 2.09313000709699e-07 2.12548002309632e-07 2.17278994796288e-07 2.22113001768776e-07 2.27054997026244e-07 2.32106998510062e-07 2.40127008055424e-07 2.48426005100555e-07 2.57012004567514e-07 2.65649987341021e-07 2.73817988727387e-07 2.83079003793318e-07 2.93482003144163e-07 3.02014996123035e-07 3.0849699328428e-07 3.15118995786179e-07 3.21885011089762e-07 3.32584988882445e-07 3.44958010600749e-07 3.57792004024304e-07 3.69758993201685e-07 3.90747004530567e-07 4.09825986480428e-07 4.27808004133112e-07 4.47540998038676e-07 4.63253996940693e-07 4.80918004086561e-07 4.99501027206861e-07 5.16131990480062e-07 5.28975988345337e-07 5.41505983164825e-07 5.543340080294e-07 5.73166971662431e-07 5.9641001826094e-07 6.21470974238036e-07 6.47585977731069e-07 6.7616701926454e-07 7.00438988587848e-07 7.26702978681715e-07 7.51101026708056e-07 7.69992993809865e-07 7.89049011018506e-07 8.06143020781747e-07
2.31366001912647e-07 2.3460299303224e-07 2.37573999584129e-07 2.40381012872604e-07 2.44492014189746e-07 2.49104999738847e-07 2.53805012562225e-07 2.58594013757829e-07 2.67530992914544e-07 2.76777001317896e-07 2.86344999267385e-07 2.96668986266013e-07 3.07694989487572e-07 3.19131999049205e-07 3.3099598795161e-07 3.40594993986088e-07 3.47709999459767e-07 3.5497498629411e-07 3.62392995612026e-07 3.72913007140596e-07 3.84277996090532e-07 3.96589996398689e-07 4.10967004427221e-07 4.32533994398909e-07 4.49823005510552e-07 4.7239700506907e-07 4.94459982292028e-07 5.12793008056178e-07 5.30885984062479e-07 5.48383980003564e-07 5.63329990654893e-07 5.76089973947091e-07 5.90047989135201e-07 6.06431001415331e-07 6.29555017894745e-07 6.55751989597775e-07 6.82503014104441e-07 7.08478012256819e-07 7.33641002170771e-07 7.61905994295375e-07 7.92725984410936e-07 8.20551974811679e-07 8.43378984427545e-07 8.66531024712458e-07 8.86834016000648e-07
2.62682988250162e-07 2.65502990259847e-07 2.6835400035452e-07 2.71234995352643e-07 2.75113990255704e-07 2.7937699087488e-07 2.83705986703353e-07 2.88102995682493e-07 2.98060996328786e-07 3.08365002865685e-07 3.20402989473223e-07 3.34195988216379e-07 3.46759009062225e-07 3.59213998990526e-07 3.69557000112763e-07 3.79274013084796e-07 3.8823600334581e-07 3.96324992379959e-07 4.03548995109304e-07 4.15250013929835e-07 4.29049009653681e-07 4.43309005504489e-07 4.567359894736e-07 4.75447990311295e-07 4.99049974678201e-07 5.23810001595848e-07 5.45892987702246e-07 5.63299010991614e-07 5.80609992084646e-07 5.99254974531505e-07 6.1722397504127e-07 6.33530987670383e-07 6.50268987101299e-07 6.66950995764637e-07 6.90134982050949e-07 7.17254977189441e-07 7.41699011541641e-07 7.68045026688924e-07 7.96383972101466e-07 8.3249398130647e-07 8.64729997829272e-07 8.96429980912217e-07 9.23767004223919e-07 9.51665981574479e-07 9.75648958956299e-07
3.07134996546665e-07 3.09368004991484e-07 3.11987008672077e-07 3.14626987574229e-07 3.1949301160239e-07 3.25183009408647e-07 3.31521988528038e-07 3.38245001785253e-07 3.51662009734355e-07 3.65613999520065e-07 3.79352002255473e-07 3.90102997016584e-07 4.00829009095105e-07 4.12103986491275e-07 4.24496988671308e-07 4.34761005863038e-07 4.44345005234936e-07 4.54906000868505e-07 4.65720006559422e-07 4.78226013456151e-07 4.93363984332973e-07 5.09397978021298e-07 5.2595100896724e-07 5.46493993169861e-07 5.65791026474471e-07 5.85765974392416e-07 6.07589015544363e-07 6.28653026524262e-07 6.50449010208831e-07 6.7300197770237e-07 6.92929972956335e-07 7.11472978309757e-07 7.30513022517698e-07 7.5006397537436e-07 7.72669977777696e-07 7.97544998931699e-07 8.22094023078535e-07 8.51230026910343e-07 8.82339008967392e-07 9.14589008971234e-07 9.48024990066187e-07 9.81595007942815e-07 1.01296996035671e-06 1.04535001810291e-06 1.07841003682552e-06
3.6425700500331e-07 3.65635003163334e-07 3.67018998304047e-07 3.68408990425451e-07 3.76174000393803e-07 3.86295994303509e-07 3.95966992527974e-07 4.05001003400685e-07 4.15438989875838e-07 4.28264996799044e-07 4.42413011114695e-07 4.54619993206506e-07 4.64039004555161e-07 4.73654012012048e-07 4.84650001908449e-07 4.96781012770953e-07 5.09767971834663e-07 5.23641006111575e-07 5.37891025942372e-07 5.53695997496106e-07 5.69349026591226e-07 5.85444013267988e-07 6.03139994836965e-07 6.22358015789359e-07 6.42786005755625e-07 6.63884975438123e-07 6.85765996877308e-07 7.0626799697493e-07 7.27045005533e-07 7.48433990338526e-07 7.6987197417111e-07 7.91327011029352e-07 8.15223984318436e-07 8.41370024318167e-07 8.69039979534136e-07 8.96576977993391e-07 9.2349398528313e-07 9.51223000811297e-07 9.77624949882738e-07 1.00475995168381e-06 1.03265995221591e-06 1.06416996459302e-06 1.10543999198853e-06 1.14831004793814e-06 1.18553998618154e-06
4.39484011849345e-07 4.40928999978496e-07 4.42380013510046e-07 4.43835006080917e-07 4.52280005447392e-07 4.63282987084312e-07 4.74283012863452e-07 4.86100020680169e-07 4.98348015298689e-07 5.10905977080256e-07 5.2378197779035e-07 5.36027982889209e-07 5.47611989532015e-07 5.59658985821443e-07 5.70442978187202e-07 5.83423002353811e-07 5.9958802012261e-07 6.16201020875451e-07 6.33275021755253e-07 6.51551999908406e-07 6.70606993935507e-07 6.88371983414982e-07 7.04594981471018e-07 7.22823017440533e-07 7.41523990654969e-07 7.60710008762544e-07 7.80682000822708e-07 8.02070019290113e-07 8.23884022338461e-07 8.46625994199712e-07 8.69782013523945e-07 8.97576001079869e-07 9.29844986785611e-07 9.59267026701127e-07 9.8639395673672e-07 1.01412001640711e-06 1.04262994682358e-06 1.07062999177288e-06 1.09719996999047e-06 1.12443001398788e-06 1.15235002340341e-06 1.18528998882539e-06 1.23265999718569e-06 1.27676003103261e-06 1.31835997763119e-06
5.41000986231666e-07 5.43707983524655e-07 5.46429987480224e-07 5.49283015516266e-07 5.5801598364269e-07 5.69741985145811e-07 5.80851974518737e-07 5.93615993693675e-07 6.05622972216224e-07 6.19035006366175e-07 6.33059983101703e-07 6.47379010842997e-07 6.61945989577362e-07 6.76841011681972e-07 6.91730008384184e-07 7.07434026026021e-07 7.25692984815396e-07 7.42163024369802e-07 7.59008003115014e-07 7.75443993461522e-07 7.91967011082306e-07 8.08843992672337e-07 8.26081020477432e-07 8.45482986733259e-07 8.66899995344284e-07 8.88031024715019e-07 9.09903974388726e-07 9.33007015646581e-07 9.56701001086913e-07 9.8099894785264e-07 1.00832994576194e-06 1.03890999980649e-06 1.0704200121836e-06 1.10225994376378e-06 1.13067994789162e-06 1.15789998744731e-06 1.18549996841466e-06 1.2137500107201e-06 1.24734003748017e-06 1.28187002701452e-06 1.31734998376487e-06 1.35595996653137e-06 1.40249005653459e-06 1.45440003507247e-06 1.49426000461972e-06
6.70176973471825e-07 6.74193984195881e-07 6.78236006024235e-07 6.8230298211347e-07 6.93155016051605e-07 7.06484001966601e-07 7.167660101004e-07 7.26202017631294e-07 7.3905897579607e-07 7.52143989757315e-07 7.6546098171093e-07 7.79157971919631e-07 7.93541005350562e-07 8.08188985956804e-07 8.22847027848184e-07 8.38817982184992e-07 8.57244003782398e-07 8.78418973115913e-07 9.00686984550703e-07 9.21068988191109e-07 9.38559992391674e-07 9.54475012804323e-07 9.70661972132802e-07 9.95069967757445e-07 1.02009994407126e-06 1.04574996839801e-06 1.07144001049164e-06 1.09585005247936e-06 1.12082000214286e-06 1.1463599776107e-06 1.17360002604983e-06 1.20262996006204e-06 1.23237998650438e-06 1.26285999613174e-06 1.29104000734515e-06 1.31879994569317e-06 1.34715003241581e-06 1.37868005367636e-06 1.42250996759685e-06 1.4614699921367e-06 1.50611003846279e-06 1.54644999383891e-06 1.58486000145786e-06 1.62421997629281e-06 1.66456004535576e-06
8.75628984431387e-07 8.74770989867102e-07 8.74296006259101e-07 8.73620990660129e-07 8.80716982010199e-07 8.91880972631043e-07 9.02059980489867e-07 9.12924974727503e-07 9.27613996282162e-07 9.40412974159699e-07 9.50096989527083e-07 9.6409303296241e-07 9.80506001724279e-07 1.00041995665379e-06 1.02074000096763e-06 1.0430200063638e-06 1.06737002170121e-06 1.09227994471439e-06 1.11778001610219e-06 1.13375995169918e-06 1.14657996164169e-06 1.15955003821e-06 1.17266995403043e-06 1.20408003567718e-06 1.23634004012274e-06 1.26945997180883e-06 1.30212004023633e-06 1.33147000269673e-06 1.36176004161825e-06 1.39218002459529e-06 1.41827001698402e-06 1.44384000577702e-06 1.469849962632e-06 1.49309994412761e-06 1.52923996665777e-06 1.56479995894188e-06 1.60119998326991e-06 1.64138998570706e-06 1.68220003615716e-06 1.71578994923038e-06 1.75004004177026e-06 1.78686002527684e-06 1.82274004600913e-06 1.85935004992643e-06 1.89669003702875e-06
1.12211000669049e-06 1.1179599823663e-06 1.11382996692555e-06 1.11689996629138e-06 1.12912005079124e-06 1.14408999252191e-06 1.15926002308697e-06 1.1746400332413e-06 1.17912998121028e-06 1.18363004730782e-06 1.18816001304367e-06 1.19801995879243e-06 1.22416997783148e-06 1.25089002267487e-06 1.27819998851919e-06 1.30437001644168e-06 1.32924003537482e-06 1.35472998863406e-06 1.38063001031696e-06 1.39598000714614e-06 1.4130499721432e-06 1.42521002999274e-06 1.43747001857264e-06 1.48052004078636e-06 1.51893004840531e-06 1.55048996930418e-06 1.58278999151662e-06 1.61806997311942e-06 1.65413996455754e-06 1.68577003023529e-06 1.71069996213191e-06 1.72583997937181e-06 1.74675994912832e-06 1.75556999693072e-06 1.8010999838225e-06 1.84664997959771e-06 1.88993999472586e-06 1.93424989447522e-06 1.97129998014134e-06 2.0090599264222e-06 2.04753996513318e-06 2.08371989174339e-06 2.11128008231753e-06 2.13920998248796e-06 2.167510047002e-06
1.48112997067074e-06 1.4804400052526e-06 1.47976004427619e-06 1.47900004776602e-06 1.48997003179829e-06 1.49992001752253e-06 1.5099400343388e-06 1.52543998410692e-06 1.53139001213276e-06 1.54282997755217e-06 1.55237000853958e-06 1.56116004745854e-06 1.58663999627606e-06 1.60575996233092e-06 1.62510002610361e-06 1.64942002811586e-06 1.68095004937641e-06 1.70445002822817e-06 1.72827003552811e-06 1.74915999195946e-06 1.76596995515865e-06 1.78432003394846e-06 1.79777998710051e-06 1.83453005320189e-06 1.87397995432548e-06 1.90817991096992e-06 1.94812992049265e-06 1.98529005501769e-06 2.02315004571574e-06 2.06172990147024e-06 2.08837991522159e-06 2.09417999030848e-06 2.10399002753547e-06 2.11495989788091e-06 2.15521004065522e-06 2.1963298877381e-06 2.26569000005838e-06 2.3151899313234e-06 2.35377001445158e-06 2.3930099359859e-06 2.43288991441659e-06 2.46715990215307e-06 2.4829000722093e-06 2.49874005930906e-06 2.49632989834936e-06
1.99195005734509e-06 1.97624990505574e-06 1.96569999388885e-06 1.95032998817624e-06 1.96771998162149e-06 1.9756901110668e-06 1.99112992049777e-06 2.00435010810907e-06 2.01343004846422e-06 2.01291004486848e-06 2.02359001377772e-06 2.03474996851583e-06 2.04724005925527e-06 2.05979995371308e-06 2.07254993256356e-06 2.10915004572598e-06 2.14177998714149e-06 2.17419005821284e-06 2.20709989662282e-06 2.22872995436774e-06 2.246629946967e-06 2.24585005526023e-06 2.25929011321568e-06 2.29201009460667e-06 2.33797004511871e-06 2.39072005570051e-06 2.43665999732912e-06 2.48300989369454e-06 2.53023995355761e-06 2.57836995842808e-06 2.60550996245001e-06 2.61096988651843e-06 2.58820000453852e-06 2.58989007306809e-06 2.62035996456689e-06 2.70250006906281e-06 2.75871002486383e-06 2.81361008092063e-06 2.8680399282166e-06 2.92352001451945e-06 2.9800899028487e-06 3.01706995742279e-06 2.99247994917096e-06 2.96800999421976e-06 2.94365008812747e-06
2.66490997091751e-06 2.63768993136182e-06 2.60888009506743e-06 2.57394003710942e-06 2.56531006925798e-06 2.58858995039191e-06 2.63138008449459e-06 2.64318009612907e-06 2.6473899197299e-06 2.64297000285296e-06 2.62522007687949e-06 2.61524996858498e-06 2.62837011177908e-06 2.64156005869154e-06 2.65481003225432e-06 2.6978900677932e-06 2.74253989118733e-06 2.78338006864942e-06 2.82482005786733e-06 2.84510997516918e-06 2.85826990875648e-06 2.8715001008095e-06 2.8461699912441e-06 2.89771992356691e-06 2.95021004603768e-06 3.00319993584708e-06 3.04783998217317e-06 3.10566997541173e-06 3.16711998493702e-06 3.24070992974157e-06 3.26506005876581e-06 3.2423799893877e-06 3.22444998346327e-06 3.1949900858308e-06 3.23023004966672e-06 3.3114399684564e-06 3.39287998940563e-06 3.45343005392351e-06 3.49256993104063e-06 3.5321399991517e-06 3.57215003532474e-06 3.60004992217e-06 3.58685997525754e-06 3.52800998371094e-06 3.47010995938035e-06
3.5917000786867e-06 3.54652001988143e-06 3.50190998688049e-06 3.45786997968389e-06 3.46155002262094e-06 3.46622005054087e-06 3.50761001755018e-06 3.51663993569673e-06 3.5203299830755e-06 3.52404003933771e-06 3.51581002178136e-06 3.51439007317822e-06 3.52447000295797e-06 3.53227005689405e-06 3.53668997377099e-06 3.56835994352878e-06 3.62725995728397e-06 3.6871299471386e-06 3.72796989722701e-06 3.75322997570038e-06 3.76778007193934e-06 3.770310058826e-06 3.77284004571266e-06 3.81675999960862e-06 3.861200184474e-06 3.90616014556144e-06 3.95875986214378e-06 4.03098010792746e-06 4.08675987273455e-06 4.14327996622887e-06 4.16746979681193e-06 4.15875001635868e-06 4.12295003116014e-06 4.08181995226187e-06 4.12167992180912e-06 4.18940999225015e-06 4.23643996327883e-06 4.2723099795694e-06 4.30773980042432e-06 4.34346020483645e-06 4.3794498196803e-06 4.40102985521662e-06 4.37857988799806e-06 4.35521997133037e-06 4.28436987931491e-06
4.89033982375986e-06 4.82320001538028e-06 4.75698016089154e-06 4.69166980110458e-06 4.67390009362134e-06 4.65947005068301e-06 4.67423978989245e-06 4.6847299017827e-06 4.68547978016431e-06 4.686240117735e-06 4.68698999611661e-06 4.68658981844783e-06 4.68195003122673e-06 4.6774698603258e-06 4.67299014417222e-06 4.70159011456417e-06 4.75136994282366e-06 4.79082018500776e-06 4.8305701056961e-06 4.85818009110517e-06 4.88178011437412e-06 4.90548018206027e-06 4.92928984385799e-06 4.96674010719289e-06 5.00447004014859e-06 5.04249010191415e-06 5.08541006638552e-06 5.14304019816336e-06 5.20547018822981e-06 5.27323982169037e-06 5.28858981851954e-06 5.25503992321319e-06 5.22787013323978e-06 5.20160983796814e-06 5.21516994922422e-06 5.23853987033363e-06 5.26194980920991e-06 5.29176986674429e-06 5.32616013515508e-06 5.36078005097806e-06 5.3956300689606e-06 5.40573000762379e-06 5.34148011865909e-06 5.29947010363685e-06 5.25944005858037e-06
