results/Predictions/Median/Aptian.asc
NCOLS 360 
NROWS 180 
XLLCORNER -180 
YLLCORNER -90 
CELLSIZE 1 
NODATA_value -3.4e+38 
[rows 140 to 159 of 180, columns 225 to 269 of 360]
-3.4e+38 -3.4e+38 -3.4e+38 0.0163266994059086 0.0166606996208429 0.0190373994410038 0.00996456015855074 0.0115115996450186 0.0168977994471788 0.00787585973739624 0.0166221000254154 0.0184339005500078 -3.4e+38 -3.4e+38 0.016813799738884 0.0157749000936747 0.0157725997269154 0.0159587003290653 0.0140220001339912 0.015820199623704 0.0150338998064399 0.00773662980645895 0.01495820004493 0.0139185003936291 0.0101351998746395 0.00907474011182785 0.0049998601898551 0.00117317005060613 4.8889298341237e-05 7.42980000723037e-06 6.45849013380939e-06 9.34851959755179e-06 0.0167725998908281 8.55393955134787e-06 1.06401002994971e-05 1.57814993144711e-05 2.40102999669034e-05 3.55055017280392e-05 4.4269698264543e-05 5.34013015567325e-05 6.58419012324885e-05 7.34424975235015e-05 7.20836032996885e-05 7.85478987381794e-05 0.000158780996571295
2.896559999499e-05 0.000254865997703746 0.0223213993012905 -3.4e+38 -3.4e+38 0.01779880002141 0.00182020000647753 0.00186968001071364 0.00128541002050042 0.000795082014519721 0.000525218027178198 0.000214607993257232 0.000131744003738277 0.000186795994522981 0.000177006993908435 1.60468007379677e-05 1.04385999293299e-05 8.12065991340205e-06 8.10636993264779e-06 7.54664006308303e-06 7.50609979149885e-06 7.3303199314978e-06 7.41167013984523e-06 6.94968002790119e-06 6.06316007178975e-06 5.66648986932705e-06 5.34430000698194e-06 5.26568010172923e-06 5.24987990502268e-06 5.23445987710147e-06 5.41350982530275e-06 5.78030994802248e-06 6.2415001593763e-06 6.61143985780654e-06 8.6169002315728e-06 1.22741002996918e-05 1.67989001056412e-05 2.25718995352509e-05 2.80099993688054e-05 3.33612006215844e-05 3.95790011680219e-05 4.56316993222572e-05 0.000556450977455825 0.0143333999440074 0.0425182990729809
1.67040998348966e-05 1.29870995806414e-05 9.52758000494214e-06 0.000552903977222741 0.00314350007101893 0.0030856600496918 0.002651940099895 0.00176782999187708 0.00109347002580762 0.000173719992744736 1.35016998683568e-05 8.29511009214912e-06 7.84920030127978e-06 7.54982011130778e-06 7.28034001440392e-06 7.12677001502016e-06 7.06891978552449e-06 7.0575902100245e-06 6.96134020472527e-06 6.93716992827831e-06 7.08422021489241e-06 6.98570011081756e-06 7.08482002664823e-06 6.12950998402084e-06 5.36873994860798e-06 4.60713999927975e-06 4.23199981014477e-06 4.28009980169008e-06 4.32874003308825e-06 4.39871018897975e-06 4.55490999229369e-06 4.9072400543082e-06 5.24660981682246e-06 5.51375978830038e-06 6.82729978507268e-06 8.81021969689755e-06 1.13703999886638e-05 1.461969986849e-05 1.77188994712196e-05 2.08827004826162e-05 2.46635008807061e-05 2.79214000329375e-05 0.0409292988479137 0.0347426012158394 0.0369202010333538
1.50323003254016e-05 1.21439998110873e-05 9.91217984847026e-06 4.16264992963988e-05 0.00214090989902616 0.0031500100158155 0.0055291298776865 0.00311686005443335 0.00180935999378562 0.000352269998984411 9.87470957625192e-06 6.95172002451727e-06 6.45835007162532e-06 6.08205982643995e-06 5.68010000279173e-06 5.38993981535896e-06 5.40518021807657e-06 5.3403300626087e-06 5.31347996002296e-06 5.29041017216514e-06 5.32049989487859e-06 5.36591005584341e-06 5.5114901442721e-06 4.98552981298417e-06 4.62782008980867e-06 4.21555978391552e-06 3.92446008845582e-06 3.97713984057191e-06 4.04601996706333e-06 4.11172004533e-06 4.3530799302971e-06 4.62543994217413e-06 5.04380977872643e-06 5.50493996342993e-06 6.22223979007686e-06 7.07399021848687e-06 8.05943000159459e-06 9.30816986510763e-06 1.08924996311544e-05 1.26523000290035e-05 1.41294003697112e-05 1.55241996253608e-05 0.0079465601593256 0.0343169011175632 0.0359745994210243
1.35433001560159e-05 1.16541996248998e-05 1.29964000734617e-05 0.0101399002596736 -3.4e+38 -3.4e+38 -3.4e+38 0.0241841003298759 0.0203395001590252 0.00283135008066893 0.000269985990598798 5.74871000935673e-06 5.25718996868818e-06 4.7996900320868e-06 4.30226009484613e-06 4.13580983149586e-06 4.03942021875991e-06 3.9625901990803e-06 3.89468004868831e-06 3.98142992708017e-06 4.11417977375095e-06 4.16489001509035e-06 4.2629499148461e-06 4.11380005971296e-06 3.97686017095111e-06 3.87049021810526e-06 3.79376001546916e-06 3.79849007003941e-06 3.8032299016777e-06 3.83534006687114e-06 4.00629005525843e-06 4.43790986537351e-06 4.89986996399239e-06 5.41465988135315e-06 5.5976202020247e-06 5.65631989957183e-06 5.71564987694728e-06 5.77559012526763e-06 6.46504986434593e-06 7.21484002497164e-06 7.83788982516853e-06 8.49974003358511e-06 1.59439005074091e-05 0.0236048009246588 0.0265839006751776
1.16477003757609e-05 1.0719199963205e-05 1.15437997010304e-05 0.0138232996687293 -3.4e+38 -3.4e+38 -3.4e+38 -3.4e+38 -3.4e+38 -3.4e+38 -3.4e+38 0.0113893002271652 0.000734176021069288 5.95339006395079e-05 6.75212004352943e-06 3.77895003111917e-06 3.58050010618172e-06 3.47320997207134e-06 3.36814991896972e-06 3.38644008479605e-06 3.42206999448535e-06 3.51595008396544e-06 3.55736005985818e-06 3.52695997207775e-06 3.47938998856989e-06 3.45060993822699e-06 3.43973010785703e-06 3.48227990798478e-06 3.52535994352365e-06 3.56897999154171e-06 3.79304992748075e-06 4.22694984081318e-06 4.70551003672881e-06 5.23312019140576e-06 4.87852003061562e-06 5.29406997884507e-06 5.0430498959031e-06 3.86386000172934e-06 4.13390989706386e-06 9.57861993811093e-06 0.0006086400244385 0.00732049020007253 0.015666900202632 0.0187864992767572 0.0215150006115437
9.34980016609188e-06 9.36654032557271e-06 9.04318039829377e-06 9.08787023945479e-06 0.00012053699902026 0.00554628018289804 -3.4e+38 -3.4e+38 -3.4e+38 -3.4e+38 -3.4e+38 -3.4e+38 -3.4e+38 -3.4e+38 0.00938689988106489 0.00730384001508355 0.000314239994622767 3.4723900625977e-06 3.3049900594051e-06 3.24448001265409e-06 3.21437005368352e-06 3.20046001434093e-06 3.17834997076716e-06 3.13393002215889e-06 3.09865004055609e-06 3.06380002257356e-06 3.05976004710828e-06 3.14862995764997e-06 3.24009010910231e-06 3.33420007336827e-06 3.57020007868414e-06 3.90747982237372e-06 4.37758990301518e-06 4.90194997837534e-06 4.14290980188525e-06 0.000585290021263063 0.00210498995147645 0.00453200004994869 0.00637503992766142 0.00790197961032391 0.00996963027864695 0.0122394999489188 0.0147620998322964 0.0181428007781506 0.0212274007499218
7.81280959927244e-06 8.14293980511138e-06 8.42320969240973e-06 8.66209029481979e-06 8.65771016833605e-06 5.23224989592563e-05 0.00906438007950783 -3.4e+38 0.0160559006035328 -3.4e+38 -3.4e+38 -3.4e+38 -3.4e+38 -3.4e+38 -3.4e+38 0.00890962965786457 0.00633841985836625 4.54391010862309e-06 3.24213010571839e-06 3.11140001940657e-06 3.01990007756103e-06 2.93980997412291e-06 2.85310011349793e-06 2.80424001175561e-06 2.75986008091422e-06 2.72072998086514e-06 2.72221996056032e-06 2.84742009171168e-06 2.97838005280937e-06 3.05213006868144e-06 3.2243099212792e-06 3.65140999747382e-06 4.04025013267528e-06 4.49208982900018e-06 3.41888994626061e-06 0.00401157978922129 0.00403463002294302 0.00289984000846744 0.00406183023005724 0.00570623017847538 0.00789918005466461 0.0102690001949668 0.0101576996967196 -3.4e+38 -3.4e+38
6.81031997373793e-06 7.11100983608048e-06 7.51724019210087e-06 7.77322020439897e-06 7.82839015300851e-06 7.66480025049532e-06 3.0526800401276e-05 0.00034001498715952 0.00214522005990148 0.0141099002212286 -3.4e+38 -3.4e+38 -3.4e+38 -3.4e+38 -3.4e+38 0.0103951003402472 0.00837208982557058 0.00754575990140438 3.74475007447472e-06 3.5502100672602e-06 3.36148991664231e-06 3.18285992761957e-06 3.01376007882936e-06 2.87837997348106e-06 2.7491400942381e-06 2.62577009380038e-06 2.57154010796512e-06 2.71477006208443e-06 2.80748008663068e-06 2.89969989353267e-06 3.11837993649533e-06 3.41919007951219e-06 3.74878004549828e-06 4.09082986152498e-06 3.45878993357474e-06 0.00346824992448092 0.00524869002401829 0.00415955996140838 0.00531898019835353 0.00659250002354383 0.00833598989993334 0.0101384995505214 -3.4e+38 -3.4e+38 -3.4e+38
5.90565014135791e-06 6.23270989308367e-06 6.60939986119047e-06 7.03261002854561e-06 7.05579986970406e-06 6.9929801611579e-06 7.40480982130975e-06 7.59705017117085e-06 8.11765039543388e-06 0.00123294000513852 0.0136818001046777 -3.4e+38 -3.4e+38 -3.4e+38 -3.4e+38 0.0118319001048803 0.00792474020272493 0.00167517003137618 4.15782005802612e-06 3.85782004741486e-06 3.57339990841865e-06 3.34228002429882e-06 3.12263000523672e-06 2.91340006697283e-06 2.7256201065029e-06 2.53050006904232e-06 2.41847010329366e-06 2.53174994213623e-06 2.6602499474393e-06 2.77878007182153e-06 2.96226994578319e-06 3.20173990076e-06 3.46046999766259e-06 3.73327998204331e-06 3.46212004842528e-06 0.00701761012896895 0.00651577999815345 0.00582227017730474 0.00668539991602302 0.00769919995218515 -3.4e+38 -3.4e+38 -3.4e+38 -3.4e+38 -3.4e+38
5.80639016334317e-06 5.5361101658491e-06 5.98245014771237e-06 7.93227991380263e-06 9.48214983509388e-06 9.12769974092953e-06 6.61145986668998e-06 6.00971998210298e-06 5.89289993513376e-06 5.7670099522511e-06 5.64380979994894e-06 0.000134736998006701 0.000264178990619257 0.0001553110050736 5.17600983584998e-06 8.85186000232352e-06 4.93585002914187e-06 4.47197999164928e-06 4.41054999100743e-06 4.14157011618954e-06 3.81392010240234e-06 3.52119991475774e-06 3.24982011079555e-06 3.01467002827849e-06 2.80711992672877e-06 2.62304001807934e-06 2.53526991400577e-06 2.68301005235116e-06 2.83689996649628e-06 2.97560995932145e-06 3.1108600069274e-06 3.24159009323921e-06 3.37780988957093e-06 3.51975995727116e-06 3.40005999532877e-06 0.00758294016122818 0.00721899000927806 0.00687807984650135 -3.4e+38 -3.4e+38 -3.4e+38 -3.4e+38 -3.4e+38 -3.4e+38 -3.4e+38
0.0073625398799777 0.00525717018172145 0.00986506976187229 0.0109438002109528 0.01120510045439 0.00318514998070896 6.06477005931083e-05 5.06605010741623e-06 4.84808015244198e-06 4.81470988233923e-06 4.76852983410936e-06 4.67521022073925e-06 4.44699981017038e-06 4.22679977418738e-06 3.99768987335847e-06 3.92919992009411e-06 4.02362002205336e-06 4.13470979765407e-06 4.12938015870168e-06 4.0285899558512e-06 3.91561979995458e-06 3.79564994545945e-06 3.5947000469605e-06 3.48458002008556e-06 3.38595009452547e-06 3.29007002619619e-06 3.2466400625708e-06 3.3557400911377e-06 3.46850993082626e-06 3.58506008524273e-06 3.60755007022817e-06 3.5340399335837e-06 3.4672900710575e-06 3.41785994351085e-06 3.26814006257337e-06 0.00735280988737941 0.00704979989677668 -3.4e+38 -3.4e+38 -3.4e+38 -3.4e+38 -3.4e+38 -3.4e+38 -3.4e+38 -3.4e+38
0.00924912001937628 0.00964253023266792 0.00952463038265705 0.00963624007999897 0.00982685014605522 0.00972128007560968 0.00920828990638256 0.000707164988853037 4.96402981298161e-06 4.87723991682287e-06 4.32145998274791e-06 3.99415011997917e-06 3.77474998458638e-06 3.58975989911414e-06 3.37376991410565e-06 3.35995991918026e-06 3.44548993780336e-06 3.44019008480245e-06 3.46374008586281e-06 3.5125199246977e-06 3.5882399060938e-06 3.70568000107596e-06 3.62452010449488e-06 3.63616004506184e-06 3.73250009033654e-06 3.829110028164e-06 3.86489000447909e-06 3.99462987843435e-06 4.12538020100328e-06 4.23648998548742e-06 4.14520991398604e-06 3.80452001991216e-06 3.51516996488499e-06 3.25638006870577e-06 0.000437954993685707 0.00741752004250884 -3.4e+38 -3.4e+38 -3.4e+38 -3.4e+38 -3.4e+38 -3.4e+38 -3.4e+38 -3.4e+38 -3.4e+38
-3.4e+38 -3.4e+38 -3.4e+38 -3.4e+38 -3.4e+38 -3.4e+38 -3.4e+38 -3.4e+38 -3.4e+38 -3.4e+38 0.00898917019367218 0.00888384971767664 0.00847158022224903 0.0080144302919507 0.00702401995658875 0.000340856990078464 2.52658992394572e-05 6.21097979092156e-06 5.58414012630237e-06 5.60684020456392e-06 7.63688967708731e-06 7.57741008783341e-06 5.02890998177463e-06 3.1375900562125e-06 3.14855992655794e-06 3.22464006785594e-06 3.46015008290124e-06 4.51854020866449e-06 3.87575983040733e-06 3.57682006324467e-06 3.19676996696217e-06 3.27550992551551e-06 4.7083499339351e-06 0.00678155990317464 -3.4e+38 -3.4e+38 -3.4e+38 -3.4e+38 -3.4e+38 -3.4e+38 -3.4e+38 -3.4e+38 -3.4e+38 -3.4e+38 -3.4e+38
-3.4e+38 -3.4e+38 -3.4e+38 -3.4e+38 -3.4e+38 -3.4e+38 -3.4e+38 -3.4e+38 -3.4e+38 -3.4e+38 -3.4e+38 -3.4e+38 -3.4e+38 0.00833586975932121 0.00757877994328737 0.00712898001074791 0.0062509598210454 0.00518477987498045 0.00401752023026347 0.00280134007334709 0.0019530700519681 0.00247339997440577 0.00324666989035904 0.00525220017880201 0.00576021010056138 0.00617296015843749 0.00632832990959287 0.00612004986032844 0.00592490984126925 0.00607249978929758 0.00628348998725414 0.00645921006798744 -3.4e+38 -3.4e+38 -3.4e+38 -3.4e+38 -3.4e+38 -3.4e+38 -3.4e+38 -3.4e+38 -3.4e+38 -3.4e+38 -3.4e+38 -3.4e+38 -3.4e+38
-3.4e+38 -3.4e+38 -3.4e+38 -3.4e+38 -3.4e+38 -3.4e+38 -3.4e+38 -3.4e+38 -3.4e+38 -3.4e+38 -3.4e+38 -3.4e+38 -3.4e+38 -3.4e+38 -3.4e+38 -3.4e+38 -3.4e+38 -3.4e+38 -3.4e+38 -3.4e+38 -3.4e+38 0.00491188978776336 0.00478095980361104 0.00389173999428749 0.00325524993240833 0.0027279700152576 0.00249067996628582 0.00312172994017601 0.00386177003383636 -3.4e+38 -3.4e+38 -3.4e+38 -3.4e+38 -3.4e+38 -3.4e+38 -3.4e+38 -3.4e+38 -3.4e+38 -3.4e+38 -3.4e+38 -3.4e+38 -3.4e+38 -3.4e+38 -3.4e+38 -3.4e+38
-3.4e+38 -3.4e+38 -3.4e+38 -3.4e+38 -3.4e+38 -3.4e+38 -3.4e+38 -3.4e+38 -3.4e+38 -3.4e+38 -3.4e+38 -3.4e+38 -3.4e+38 -3.4e+38 -3.4e+38 -3.4e+38 -3.4e+38 -3.4e+38 -3.4e+38 -3.4e+38 -3.4e+38 -3.4e+38 -3.4e+38 0.0025023699272424 0.00134901003912091 0.000713842979166657 0.00052983098430559 0.00098217895720154 0.0018870800267905 -3.4e+38 -3.4e+38 -3.4e+38 -3.4e+38 -3.4e+38 -3.4e+38 -3.4e+38 -3.4e+38 -3.4e+38 -3.4e+38 -3.4e+38 -3.4e+38 -3.4e+38 -3.4e+38 -3.4e+38 -3.4e+38
-3.4e+38 -3.4e+38 -3.4e+38 -3.4e+38 -3.4e+38 -3.4e+38 -3.4e+38 -3.4e+38 -3.4e+38 -3.4e+38 -3.4e+38 -3.4e+38 -3.4e+38 -3.4e+38 -3.4e+38 -3.4e+38 -3.4e+38 -3.4e+38 -3.4e+38 -3.4e+38 -3.4e+38 -3.4e+38 -3.4e+38 -3.4e+38 8.62216984387487e-05 8.55691978358664e-05 8.33236990729347e-05 8.24437011033297e-05 -3.4e+38 -3.4e+38 -3.4e+38 -3.4e+38 -3.4e+38 -3.4e+38 -3.4e+38 -3.4e+38 -3.4e+38 -3.4e+38 -3.4e+38 -3.4e+38 -3.4e+38 -3.4e+38 -3.4e+38 -3.4e+38 -3.4e+38
-3.4e+38 -3.4e+38 -3.4e+38 -3.4e+38 -3.4e+38 -3.4e+38 -3.4e+38 -3.4e+38 -3.4e+38 -3.4e+38 -3.4e+38 -3.4e+38 -3.4e+38 -3.4e+38 -3.4e+38 -3.4e+38 -3.4e+38 -3.4e+38 -3.4e+38 -3.4e+38 -3.4e+38 -3.4e+38 -3.4e+38 -3.4e+38 -3.4e+38 -3.4e+38 -3.4e+38 -3.4e+38 -3.4e+38 -3.4e+38 -3.4e+38 -3.4e+38 -3.4e+38 -3.4e+38 -3.4e+38 -3.4e+38 -3.4e+38 -3.4e+38 -3.4e+38 -3.4e+38 -3.4e+38 -3.4e+38 -3.4e+38 -3.4e+38 -3.4e+38
-3.4e+38 -3.4e+38 -3.4e+38 -3.4e+38 -3.4e+38 -3.4e+38 -3.4e+38 -3.4e+38 -3.4e+38 -3.4e+38 -3.4e+38 -3.4e+38 -3.4e+38 -3.4e+38 -3.4e+38 -3.4e+38 -3.4e+38 -3.4e+38 -3.4e+38 -3.4e+38 -3.4e+38 -3.4e+38 -3.4e+38 -3.4e+38 -3.4e+38 -3.4e+38 -3.4e+38 -3.4e+38 -3.4e+38 -3.4e+38 -3.4e+38 -3.4e+38 -3.4e+38 -3.4e+38 -3.4e+38 -3.4e+38 -3.4e+38 -3.4e+38 -3.4e+38 -3.4e+38 -3.4e+38 -3.4e+38 -3.4e+38 -3.4e+38 -3.4e+38
