results/Predictions/Median/Aquitanian.asc
NCOLS 360 
NROWS 180 
XLLCORNER -180 
YLLCORNER -90 
CELLSIZE 1 
NODATA_value -3.4e+38 
[rows 133 to 151 of 180, columns 0 to 43 of 360]
5.12014012201689e-05 0.0104916002601385 0.113738998770714 -3.4e+38 -3.4e+38 0.128497004508972 0.129348993301392 0.0288862008601427 6.47974011371844e-05 7.02449033269659e-05 7.6664102380164e-05 8.16383035271429e-05 8.20860004751012e-05 8.25359020382166e-05 8.29880009405315e-05 8.19678025436588e-05 7.95287996879779e-05 7.71619015722536e-05 7.49789978726767e-05 7.26724028936587e-05 7.03269033692777e-05 6.78272990626283e-05 6.53136012260802e-05 6.29058995400555e-05 6.05870991421398e-05 5.83102009841241e-05 5.59602012799587e-05 5.38724998477846e-05 5.18146007379983e-05 4.97680011903867e-05 4.77087014587596e-05 4.56880006822757e-05 4.4071399315726e-05 4.25122016167734e-05 4.10915999964345e-05 3.97453986806795e-05 3.84433988074306e-05 3.71841015294194e-05 3.61938000423834e-05 3.5181401472073e-05 3.41845989169087e-05 3.32581003021915e-05 3.24795983033255e-05 3.17343983624596e-05
0.0897540971636772 0.0976170003414154 0.109844997525215 -3.4e+38 -3.4e+38 0.115648001432419 0.11311099678278 0.000369134999345988 5.67354982194956e-05 6.13621014053933e-05 6.74672992317937e-05 7.24955971236341e-05 7.25915015209466e-05 7.26876023691148e-05 7.27837032172829e-05 7.19304007361643e-05 6.99856027495116e-05 6.79178992868401e-05 6.59112993162125e-05 6.36348995612934e-05 6.13888987572864e-05 5.92221003898885e-05 5.71318014408462e-05 5.50769000255968e-05 5.30961006006692e-05 5.11867983732373e-05 4.92192011734005e-05 4.70876984763891e-05 4.50488005299121e-05 4.31404987466522e-05 4.13757989008445e-05 3.95360002585221e-05 3.79894991056062e-05 3.65966989193112e-05 3.51980015693698e-05 3.38419995387085e-05 3.25783985317685e-05 3.13620985252783e-05 3.04682998830685e-05 2.95757999992929e-05 2.87091006612172e-05 2.77619001280982e-05 2.69962001766544e-05 2.62516005022917e-05
0.064210899174213 0.0557920001447201 -3.4e+38 -3.4e+38 0.0449693016707897 0.0552267991006374 0.000438858987763524 4.01276993216015e-05 4.32521010225173e-05 4.73715990665369e-05 5.27810989296995e-05 5.73795005038846e-05 5.79666011617519e-05 5.85591988055967e-05 5.91573989368044e-05 5.88867987971753e-05 5.77596983930562e-05 5.66542985325214e-05 5.55699989490677e-05 5.40731016371865e-05 5.24766983289737e-05 5.09275996591896e-05 4.94242012791801e-05 4.77239009342156e-05 4.60344999737572e-05 4.43618991994299e-05 4.26500009780284e-05 4.07166990044061e-05 3.8871199649293e-05 3.73957991541829e-05 3.57948993041646e-05 3.411609941395e-05 3.25188011629507e-05 3.12125011987519e-05 2.99984003504505e-05 2.89019008050673e-05 2.7739199140342e-05 2.64849004452117e-05 2.55564991675783e-05 2.46458002948202e-05 2.37747008213773e-05 2.29992001550272e-05 2.24140003410866e-05 2.18438999581849e-05
-3.4e+38 -3.4e+38 -3.4e+38 -3.4e+38 0.0399005003273487 2.10342004720587e-05 2.39013006648747e-05 2.70701002591522e-05 2.99809998978162e-05 3.32052004523575e-05 3.7244099075906e-05 4.12305998906959e-05 4.24499012297019e-05 4.37050002801698e-05 4.49969993496779e-05 4.55672015959863e-05 4.53877983090933e-05 4.52091990155168e-05 4.50311999884434e-05 4.43518983956892e-05 4.3519201426534e-05 4.27023005613592e-05 4.19007010350469e-05 4.05577011406422e-05 3.92223992093932e-05 3.79312004952226e-05 3.66056992788799e-05 3.52809984178748e-05 3.38618992827833e-05 3.24321008520201e-05 3.09331990138162e-05 2.93806006084196e-05 2.80396998277865e-05 2.68929998128442e-05 2.5597200874472e-05 2.43810991378268e-05 2.33096998272231e-05 2.22753005800769e-05 2.14183000935009e-05 2.06500008061994e-05 1.99011992663145e-05 1.91570998140378e-05 1.85491007869132e-05 1.79603994183708e-05
-3.4e+38 -3.4e+38 0.040165800601244 0.0382099002599716 0.00161984004080296 1.7648899302003e-05 1.81001996679697e-05 1.86762008524965e-05 2.10755006264662e-05 2.36995001614559e-05 2.6735600840766e-05 2.95271001959918e-05 3.08792004943825e-05 3.24475986417383e-05 3.4088301617885e-05 3.51697017322294e-05 3.56343007297255e-05 3.61050006176811e-05 3.65718988177832e-05 3.64539009751752e-05 3.61435013473965e-05 3.58358010998927e-05 3.55306983692572e-05 3.4476299333619e-05 3.34789983753581e-05 3.27654015563894e-05 3.17332996928599e-05 3.03450997307664e-05 2.90176994894864e-05 2.77948001894401e-05 2.6596999305184e-05 2.53216003329726e-05 2.41076995735057e-05 2.29523993766634e-05 2.18204004340805e-05 2.07479006348876e-05 1.97233002836583e-05 1.87495006684912e-05 1.79933995241299e-05 1.72645995917264e-05 1.64931007020641e-05 1.58438997459598e-05 1.5326699212892e-05 1.48263998198672e-05
-3.4e+38 0.0295297000557184 0.0275910999625921 0.0260828007012606 0.0254235006868839 0.0264551006257534 0.0262743998318911 0.0263743996620178 0.0298369992524385 0.0339950993657112 0.0361738987267017 0.0393613018095493 0.0409706011414528 0.0400767996907234 0.0012977400328964 2.22391008719569e-05 2.30146997637348e-05 2.3817299734219e-05 2.45942992478376e-05 2.5068000468309e-05 2.54758997471072e-05 2.59354001173051e-05 2.6403000447317e-05 2.62180001300294e-05 2.60488995991182e-05 2.58801992458757e-05 2.55357008427382e-05 2.46945000981214e-05 2.38806005654624e-05 2.31026006076718e-05 2.22228009079117e-05 2.11696005862905e-05 2.01067996385973e-05 1.9097200492979e-05 1.81304003490368e-05 1.72132004081504e-05 1.63363001774997e-05 1.55069992615608e-05 1.48585004353663e-05 1.42371000038111e-05 1.36417002067901e-05 1.31045999296475e-05 1.26850000015111e-05 1.22787996588158e-05
0.022664800286293 0.0204913001507521 0.0192086007446051 0.018249899148941 0.0178171992301941 0.0165609996765852 0.00260587991215289 8.84658038557973e-06 1.32108998514013e-05 1.10510000013164e-05 1.29147001644014e-05 3.17566991725471e-05 0.000149409999721684 0.000332463008817285 0.000748615013435483 1.40075999297551e-05 1.4794900380366e-05 1.56265996338334e-05 1.65052006195765e-05 1.73576008819509e-05 1.80222996277735e-05 1.88034991879249e-05 1.9618499209173e-05 1.98639991140226e-05 2.01118000404676e-05 2.03621002583532e-05 2.04278003366198e-05 1.99400001292815e-05 1.94630993064493e-05 1.90021000889828e-05 1.83336996997241e-05 1.74724991666153e-05 1.66257996170316e-05 1.58696002472425e-05 1.50645000758232e-05 1.4281399671745e-05 1.35390000650659e-05 1.28435003716731e-05 1.23162999443593e-05 1.17861000035191e-05 1.1297000128252e-05 1.08591002572211e-05 1.05246999737574e-05 1.01918003565515e-05
0.0174072999507189 0.0100835002958775 1.23514000733849e-05 5.88646980759222e-06 5.57828980163322e-06 5.46564979231334e-06 5.35529989065253e-06 5.24719007444219e-06 5.59897989660385e-06 5.97990992901032e-06 6.427970220102e-06 6.92591993356473e-06 7.47403009881964e-06 8.06550997367594e-06 8.68448023538804e-06 9.30116038944107e-06 9.95717982732458e-06 1.06645002233563e-05 1.13881997094722e-05 1.21188995763077e-05 1.28814999698079e-05 1.36922999445233e-05 1.45539997902233e-05 1.49835996126058e-05 1.53707005665638e-05 1.57386002683779e-05 1.60165000124834e-05 1.58021994138835e-05 1.5590700058965e-05 1.53821001731558e-05 1.49547995533794e-05 1.43284996738657e-05 1.37780998556991e-05 1.31528004203574e-05 1.25320002553053e-05 1.1920200449822e-05 1.13301002784283e-05 1.07644000308937e-05 1.03285001387121e-05 9.85621045401786e-06 9.39530036703218e-06 9.04256012290716e-06 8.77310958458111e-06 8.50068954605376e-06
0.00921687018126249 0.000197576999198645 5.43121996088303e-06 4.93405013912707e-06 4.70896020487999e-06 4.5606097955897e-06 4.40264011558611e-06 4.23341998612159e-06 4.46046988145099e-06 4.68557982458151e-06 4.90243019157788e-06 5.13725990458624e-06 5.38087988388725e-06 5.68033010495128e-06 6.035610113031e-06 6.44882993583451e-06 6.9364200498967e-06 7.46108980820281e-06 7.99935969553189e-06 8.55930011312012e-06 9.21618993743323e-06 9.94065976556158e-06 1.07350997495814e-05 1.12126999738393e-05 1.17117997433525e-05 1.22331002785359e-05 1.26200002341648e-05 1.25426004160545e-05 1.24655998661183e-05 1.24354000945459e-05 1.21798002510332e-05 1.17236995720305e-05 1.12847001219052e-05 1.08620997707476e-05 1.03927995951381e-05 9.91384968074271e-06 9.39664005272789e-06 8.90023966348963e-06 8.5567799033015e-06 8.24450034997426e-06 7.93486015027156e-06 7.65073036745889e-06 7.43680993764428e-06 7.2250300036103e-06
0.0128752002492547 0.0112629998475313 0.000731768028344959 7.28226996216108e-06 4.07992001782986e-06 3.76940988644492e-06 3.57592989530531e-06 3.4174399843323e-06 3.49824995282688e-06 3.59584009856917e-06 3.69615008821711e-06 3.80100004804262e-06 3.96903988075792e-06 4.17336013924796e-06 4.38816005043918e-06 4.59831016996759e-06 4.92046001454582e-06 5.27485008205986e-06 5.65844993616338e-06 6.09648986937827e-06 6.6502998379292e-06 7.27477981854463e-06 7.88730994827347e-06 8.34314960229676e-06 8.82613039721036e-06 9.36011019803118e-06 9.81097036856227e-06 9.88497959042434e-06 9.94533002085518e-06 1.00056995506748e-05 9.85719998425338e-06 9.5094001153484e-06 9.17386023502331e-06 8.85012013895903e-06 8.47101000545081e-06 8.12828966445522e-06 7.82520965003641e-06 7.52119012759067e-06 7.23802986613009e-06 6.96011011314113e-06 6.6979600887862e-06 6.48180002826848e-06 6.31629018243984e-06 6.1550099417218e-06
0.0102676004171371 0.00854139029979706 0.00642595021054149 0.00782399997115135 0.00709140999242663 0.00700009986758232 2.86395993498445e-06 2.74561989499489e-06 2.79594996754895e-06 2.83792996924603e-06 2.88055002783949e-06 2.94383994514646e-06 3.08187009068206e-06 3.23770996146777e-06 3.3768499179132e-06 3.59995010512648e-06 3.8634298107354e-06 4.13425004808232e-06 4.43886983703123e-06 4.82740006191307e-06 5.27224983670749e-06 5.72609997107065e-06 6.26315977569902e-06 6.6520701693662e-06 7.08760990164592e-06 7.49756009099656e-06 7.85475003795e-06 7.93295021139784e-06 8.01734040578594e-06 8.11281006463105e-06 8.03489001555135e-06 7.82188999437494e-06 7.62798981668311e-06 7.43890996091068e-06 7.20602020010119e-06 6.9648399403377e-06 6.68594020680757e-06 6.43665998723009e-06 6.2352901295526e-06 6.04021988692693e-06 5.85126008445513e-06 5.67825009056833e-06 5.53968993699527e-06 5.40449991603964e-06
0.00822877045720816 0.00717390980571508 0.00694019021466374 0.00643394002690911 0.000154622000991367 2.44746001953899e-06 2.33160994866921e-06 2.22100993596541e-06 2.2374699710781e-06 2.25405005949142e-06 2.2707499738317e-06 2.30617001761857e-06 2.39972996496363e-06 2.4971100174298e-06 2.59847001871094e-06 2.76281002697942e-06 2.97247993330529e-06 3.215599917894e-06 3.46410001839104e-06 3.76702996618405e-06 4.15557997257565e-06 4.55746021543746e-06 5.00064015795942e-06 5.32984995516017e-06 5.70725978832343e-06 6.11547011430957e-06 6.45633008389268e-06 6.55737994748051e-06 6.65927018417278e-06 6.76313993608346e-06 6.73941985951387e-06 6.59371016809018e-06 6.45380987407407e-06 6.31036982667865e-06 6.12919984632754e-06 5.93577988183824e-06 5.74286013943492e-06 5.55425003767596e-06 5.39836992174969e-06 5.25286986885476e-06 5.11164989802637e-06 4.97437986268778e-06 4.85861983179348e-06 4.74556009066873e-06
0.00714252982288599 0.00610498012974858 0.00023299700114876 2.32038996728079e-06 2.17791989598481e-06 2.07079006031563e-06 1.96153996512294e-06 1.8479199752619e-06 1.84617999821057e-06 1.84444002115924e-06 1.84270004410791e-06 1.85979001798842e-06 1.9350500224391e-06 2.01299008040223e-06 2.09388008443057e-06 2.20874994738551e-06 2.38012989939307e-06 2.5862900656648e-06 2.78962011179829e-06 3.06264996652317e-06 3.355479975653e-06 3.71956002709339e-06 4.08961977882427e-06 4.41542988482979e-06 4.76926015835488e-06 5.09111987412325e-06 5.36937977813068e-06 5.46536011825083e-06 5.56713985133683e-06 5.67081997360219e-06 5.67672987017431e-06 5.58457986699068e-06 5.49393007531762e-06 5.40475002708263e-06 5.26996018379577e-06 5.12208998770802e-06 4.97834980706102e-06 4.84219981444767e-06 4.71946987090632e-06 4.59920011053327e-06 4.48231003247201e-06 4.37241988038295e-06 4.27701979788253e-06 4.18370018451242e-06
2.84599991573486e-05 2.3635900561203e-06 2.18333002521831e-06 2.03346007765504e-06 1.91935009752342e-06 1.80665995230811e-06 1.70060002346872e-06 1.60078002409136e-06 1.58548004947079e-06 1.57032002334745e-06 1.55955001446273e-06 1.56388000505103e-06 1.61225000283594e-06 1.66211998475774e-06 1.71352996858332e-06 1.80863003151899e-06 1.96830001186754e-06 2.13301996154769e-06 2.31970989261754e-06 2.56888006333611e-06 2.84562997876492e-06 3.13221994474588e-06 3.47003992828832e-06 3.72899989997677e-06 4.01794977733516e-06 4.34913999924902e-06 4.63492006019806e-06 4.71585008199327e-06 4.79820982945967e-06 4.88203977511148e-06 4.88856994707021e-06 4.81751021652599e-06 4.74749003842589e-06 4.67848985863384e-06 4.56514999314095e-06 4.45092018708237e-06 4.34187995779212e-06 4.23552000938798e-06 4.13645011576591e-06 4.03970989282243e-06 3.94523021896021e-06 3.85624980481225e-06 3.77894002667745e-06 3.70318002751446e-06
2.2307099243335e-06 2.06010008696467e-06 1.9192900708731e-06 1.78029995367979e-06 1.66682002600282e-06 1.56765997871844e-06 1.47441994613473e-06 1.39534995469148e-06 1.37528002142062e-06 1.35549998958595e-06 1.33598996399087e-06 1.32903994654043e-06 1.35942002543743e-06 1.39049996050744e-06 1.42228998356586e-06 1.49672996485606e-06 1.62772994372062e-06 1.77839001480606e-06 1.92533002518758e-06 2.14360989048146e-06 2.39289011005894e-06 2.6577999960864e-06 2.94670007860987e-06 3.16663999910816e-06 3.40568999490642e-06 3.66280005437147e-06 3.90706009056885e-06 3.99138980355929e-06 4.07754987463704e-06 4.16556986237993e-06 4.17784985984326e-06 4.11638984587626e-06 4.07069001084892e-06 4.02549994760193e-06 3.95039978684508e-06 3.86680994779454e-06 3.78497998099192e-06 3.70489010492747e-06 3.62575997314707e-06 3.54831990989624e-06 3.47253990184981e-06 3.40104998031165e-06 3.33889011017163e-06 3.27787006426661e-06
1.88053002148081e-06 1.76108994764945e-06 1.64268999469641e-06 1.53226994825673e-06 1.44374996580154e-06 1.36838002617878e-06 1.30329999592504e-06 1.24961002256896e-06 1.23450001865422e-06 1.21957998544531e-06 1.20484003218735e-06 1.2002100220343e-06 1.22867004392901e-06 1.25785004456702e-06 1.28904002849595e-06 1.35639004383847e-06 1.47400999139791e-06 1.60278000294056e-06 1.72253999153327e-06 1.90492005458509e-06 2.12169993574207e-06 2.35161996897659e-06 2.59049011219759e-06 2.77881008514669e-06 2.97398992188391e-06 3.18654997499834e-06 3.37266010319581e-06 3.440610043981e-06 3.50992991116073e-06 3.58064994543383e-06 3.60099011231796e-06 3.57011003870866e-06 3.53950008502579e-06 3.50915001945395e-06 3.45297007697809e-06 3.38917993758514e-06 3.32658009938314e-06 3.26513008985785e-06 3.20516005558602e-06 3.14629005515599e-06 3.08836001750024e-06 3.02415992337046e-06 2.967929958686e-06 2.91818992081971e-06
1.58531997840328e-06 1.49354002587643e-06 1.40706004003732e-06 1.32560001020465e-06 1.25918995763641e-06 1.21063999358739e-06 1.16547994366556e-06 1.12202997115673e-06 1.11021995508054e-06 1.09883001186972e-06 1.08762003492302e-06 1.08505003026949e-06 1.1180100045749e-06 1.15161003577668e-06 1.18285004191421e-06 1.23401002838364e-06 1.33480000386044e-06 1.44450996231171e-06 1.54892995851696e-06 1.69271004324401e-06 1.87364003068069e-06 2.07399989449186e-06 2.27915006689727e-06 2.42264991356933e-06 2.59704006566608e-06 2.77532990367035e-06 2.92514005195699e-06 2.98080999527883e-06 3.03752995023387e-06 3.09533993458899e-06 3.11519988827058e-06 3.09636993733875e-06 3.07766003970755e-06 3.05905996356159e-06 3.01821000903146e-06 2.97059000331501e-06 2.92025993076095e-06 2.86562999463058e-06 2.81424991044332e-06 2.76456989922735e-06 2.71315002464689e-06 2.66480992650031e-06 2.62354001279164e-06 2.58290992860566e-06
1.32615002712555e-06 1.26036002257024e-06 1.1978299880866e-06 1.14593001399044e-06 1.10738994862913e-06 1.07140999716648e-06 1.03662000583427e-06 1.0029799568656e-06 9.96545054476883e-07 9.90155967883766e-07 9.83808035925904e-07 9.86201030173106e-07 1.0152399454455e-06 1.04514003851364e-06 1.0827300229721e-06 1.14170995857421e-06 1.22002995794901e-06 1.31505998979264e-06 1.41044995416451e-06 1.52343000081601e-06 1.67298003361793e-06 1.83805002507142e-06 2.01948000722041e-06 2.15160002881021e-06 2.27708005695604e-06 2.42446003539953e-06 2.55617010225251e-06 2.60412002717203e-06 2.65326002590882e-06 2.70272994384868e-06 2.7228099952481e-06 2.70830992121773e-06 2.69187989943021e-06 2.68124995272956e-06 2.64855998466373e-06 2.6068601073348e-06 2.56583007285371e-06 2.52543009082729e-06 2.48534001912049e-06 2.44586999542662e-06 2.40756003222486e-06 2.3778000013408e-06 2.35050993069308e-06 2.32354000218038e-06
1.10079997739376e-06 1.06248000975029e-06 1.02869000784267e-06 9.95990035335126e-07 9.6702103746793e-07 9.38689993290609e-07 9.08317986159091e-07 8.78929995451472e-07 8.79791002716956e-07 8.80652009982441e-07 8.81515006767586e-07 8.91657975898852e-07 9.30678027089016e-07 9.64933974501037e-07 9.98508994598524e-07 1.05285994322912e-06 1.12555005671311e-06 1.20799995784182e-06 1.29398995341035e-06 1.39631004003604e-06 1.51049005125969e-06 1.64506002420239e-06 1.791670001694e-06 1.90175001080206e-06 2.01862007997988e-06 2.13681005334365e-06 2.2290200831776e-06 2.27409009312396e-06 2.32425009016879e-06 2.37551989812346e-06 2.39331006923749e-06 2.38147003983613e-06 2.36969003708509e-06 2.35796005654265e-06 2.33324999499018e-06 2.30449995797244e-06 2.27968007493473e-06 2.25797998609778e-06 2.23339998228766e-06 2.20909009840398e-06 2.18504010263132e-06 2.16155990528932e-06 2.13923999581311e-06 2.11589008358715e-06
