results/Predictions/Median/Aquitanian.asc
NCOLS 360 
NROWS 180 
XLLCORNER -180 
YLLCORNER -90 
CELLSIZE 1 
NODATA_value -3.4e+38 
[rows 76 to 94 of 180, columns 264 to 307 of 360]
0.000462157011497766 0.000462185998912901 0.000462677999166772 0.00046587799442932 0.000469461985630915 0.000479201989946887 0.000481080001918599 0.00780592020601034 0.543021976947784 0.544758021831512 -3.4e+38 -3.4e+38 -3.4e+38 -3.4e+38 -3.4e+38 -3.4e+38 -3.4e+38 -3.4e+38 -3.4e+38 -3.4e+38 -3.4e+38 -3.4e+38 -3.4e+38 0.543883979320526 0.195516005158424 0.0736415013670921 0.524878978729248 0.512097001075745 0.514765977859497 0.529175996780396 -3.4e+38 0.5242919921875 0.000453838991234079 0.000454160996014252 0.000454897002782673 0.000454977998742834 0.000455559988040477 0.000522180984262377 0.000812369980849326 0.519113004207611 0.513610005378723 0.496838986873627 0.000453888002084568 0.000453713990282267
0.000461598014226183 0.000462019990663975 0.000462375988718122 0.000466913013951853 0.000472571002319455 0.000483535986859351 0.000486200995510444 0.291859000921249 0.546876013278961 0.549039006233215 -3.4e+38 -3.4e+38 -3.4e+38 -3.4e+38 -3.4e+38 -3.4e+38 -3.4e+38 -3.4e+38 -3.4e+38 -3.4e+38 -3.4e+38 -3.4e+38 -3.4e+38 0.546105027198792 0.227310001850128 0.167684003710747 0.5346400141716 0.525467991828918 0.527508020401001 0.516734004020691 0.0138188004493713 0.000480370013974607 0.000455764995422214 0.000455642002634704 0.000455920991953462 0.000507596007082611 -3.4e+38 0.520330011844635 -3.4e+38 0.510074973106384 0.401870995759964 0.524497985839844 0.00362692005001009 0.000457176996860653
0.000463158008642495 0.000463928998215124 0.000465413002530113 0.000469518010504544 0.000478392990771681 0.000480801012599841 0.000485925993416458 0.135353997349739 0.542200982570648 0.536917984485626 -3.4e+38 -3.4e+38 -3.4e+38 -3.4e+38 -3.4e+38 -3.4e+38 -3.4e+38 -3.4e+38 -3.4e+38 -3.4e+38 -3.4e+38 -3.4e+38 -3.4e+38 0.553816974163055 0.519293010234833 0.339197009801865 0.52215301990509 0.5276700258255 0.535320997238159 0.520491003990173 0.000560278014745563 0.000464524986455217 0.000459722010418773 0.000460406008642167 0.000460164999822155 0.498445004224777 0.213364005088806 0.000462889001937583 0.00138036999851465 0.509316027164459 0.000465274002635852 0.000465963006718084 0.000964191975072026 0.000468240992631763
0.000465099990833551 0.000466485013021156 0.000470767001388595 0.000473016989417374 0.000477266003144905 0.000480090006021783 0.000484399002743885 0.00316836009733379 0.488505005836487 0.472427010536194 -3.4e+38 -3.4e+38 -3.4e+38 -3.4e+38 -3.4e+38 -3.4e+38 -3.4e+38 -3.4e+38 -3.4e+38 -3.4e+38 -3.4e+38 -3.4e+38 0.556997001171112 0.555409014225006 0.550068020820618 0.537576973438263 0.53754597902298 0.534888029098511 0.531508028507233 -3.4e+38 0.0611278004944324 0.526135981082916 0.0700977966189384 0.200414001941681 0.00195139995776117 0.483566999435425 0.000469249003799632 0.000471356994239613 0.000472427986096591 0.000474522006697953 0.000476960995001718 0.000479932990856469 0.000481202994706109 0.000482864998048171
0.0004670390044339 0.000469143007649109 0.000471026985906065 0.000473318010335788 0.000477714987937361 0.0004820849862881 0.000487571989651769 0.000552840007003397 0.248274996876717 0.249904006719589 0.548524975776672 0.560187995433807 -3.4e+38 -3.4e+38 -3.4e+38 -3.4e+38 -3.4e+38 -3.4e+38 -3.4e+38 -3.4e+38 -3.4e+38 -3.4e+38 -3.4e+38 0.557714998722076 0.556744992733002 0.551183998584747 0.54620897769928 0.541260004043579 0.539606988430023 0.544520974159241 0.545202970504761 0.535924017429352 -3.4e+38 0.524878978729248 0.00101187999825925 0.000479050999274477 0.000481149996630847 0.000482403993373737 0.000485805998323485 0.000487793004140258 0.000489020021632314 0.000490912003442645 0.000493208994157612 0.000497563974931836
0.000464309006929398 0.000464120996184647 0.000468151993118227 0.000474722008220851 0.000482205010484904 0.000487354991491884 0.00050010799895972 0.000509387988131493 0.0847370028495789 0.332688987255096 0.557805001735687 0.558107018470764 -3.4e+38 -3.4e+38 -3.4e+38 -3.4e+38 -3.4e+38 -3.4e+38 -3.4e+38 -3.4e+38 -3.4e+38 -3.4e+38 -3.4e+38 -3.4e+38 -3.4e+38 -3.4e+38 0.558493971824646 0.550449013710022 0.545440971851349 0.547863006591797 -3.4e+38 0.537967026233673 0.530398011207581 0.000487621990032494 0.000488545978441834 0.000487093988340348 0.000488826015498489 0.000493030005600303 0.000496267981361598 0.000501436006743461 0.000502748996950686 0.000503241026308388 0.000504339986946434 0.00050684402231127
0.000464226992335171 0.000466894009150565 0.00047430201084353 0.000483318988699466 0.000489067984744906 0.000496495980769396 0.000512555008754134 0.000515970983542502 0.0383989997208118 0.554427027702332 0.558562994003296 0.555962026119232 0.569005012512207 0.579369008541107 -3.4e+38 -3.4e+38 -3.4e+38 -3.4e+38 -3.4e+38 -3.4e+38 -3.4e+38 -3.4e+38 -3.4e+38 -3.4e+38 -3.4e+38 -3.4e+38 -3.4e+38 -3.4e+38 0.559674024581909 -3.4e+38 -3.4e+38 0.55358099937439 0.527428984642029 0.000501291011460125 0.000497808970976621 0.000495877000503242 0.000497424975037575 0.000503372983075678 0.000506177020724863 0.000509865989442915 0.000512474973220378 0.000514312006998807 0.000514733023010194 0.000514579005539417
0.000465626013465226 0.000472521991468966 0.00047834898578003 0.000488933001179248 0.000489856989588588 0.000510865997057408 0.000517137988936156 0.000522419984918088 0.000874220975674689 0.551746010780334 0.567555010318756 0.561641991138458 0.562295973300934 0.570461988449097 0.574413001537323 -3.4e+38 -3.4e+38 -3.4e+38 -3.4e+38 -3.4e+38 -3.4e+38 -3.4e+38 -3.4e+38 -3.4e+38 -3.4e+38 -3.4e+38 -3.4e+38 -3.4e+38 -3.4e+38 -3.4e+38 -3.4e+38 -3.4e+38 0.547469019889832 0.000584696012083441 0.000502126989886165 0.000501024012919515 0.000501859001815319 0.000505901989527047 0.000510526995640248 0.00051442498806864 0.000516409985721111 0.000519344001077116 0.000521044014021754 0.000524142989888787
0.000472037005238235 0.000478506000945345 0.00048420499661006 0.000488327990751714 0.000495716987643391 0.000504440977238119 0.000514559971634299 0.000516974017955363 0.000521406007464975 0.0949871987104416 0.555585026741028 0.5538529753685 0.564383983612061 0.558785021305084 0.563403010368347 0.571565985679626 -3.4e+38 -3.4e+38 -3.4e+38 -3.4e+38 -3.4e+38 -3.4e+38 -3.4e+38 -3.4e+38 -3.4e+38 -3.4e+38 -3.4e+38 -3.4e+38 -3.4e+38 -3.4e+38 -3.4e+38 -3.4e+38 0.543600976467133 0.545009970664978 0.000503206974826753 0.000501520000398159 0.00050352601101622 0.000508215976879001 0.000512360013090074 0.000511592021211982 0.000510521000251174 0.000508899975102395 0.00050888501573354 0.000506889016833156
0.000476142013212666 0.000480593997053802 0.000486619013827294 0.00048721898929216 0.00050106702838093 0.000512387021444738 0.00050769402878359 0.000513310020323843 0.000520074972882867 0.000522380985785276 0.523899972438812 0.555765986442566 0.553964018821716 0.564830005168915 0.559113025665283 0.560611009597778 0.564067006111145 -3.4e+38 -3.4e+38 -3.4e+38 -3.4e+38 -3.4e+38 -3.4e+38 -3.4e+38 -3.4e+38 -3.4e+38 -3.4e+38 -3.4e+38 -3.4e+38 -3.4e+38 -3.4e+38 0.546582996845245 0.539453029632568 0.545226991176605 0.519424974918365 0.000506068987306207 0.000505908974446356 0.000501970003824681 0.267852008342743 0.541975975036621 0.000491645012516528 0.000488705991301686 0.000488180987304077 0.000488561985548586
0.000481533992569894 0.000485669006593525 0.000488904013764113 0.000492394028697163 0.000504926021676511 0.000512306985910982 0.000512392027303576 0.000517448992468417 0.000520332017913461 0.000522305024787784 0.000523920985870063 0.550302028656006 0.560523986816406 0.557196974754333 -3.4e+38 0.55942702293396 0.556361973285675 0.559628009796143 0.568221986293793 -3.4e+38 -3.4e+38 -3.4e+38 -3.4e+38 -3.4e+38 -3.4e+38 -3.4e+38 -3.4e+38 -3.4e+38 -3.4e+38 -3.4e+38 0.554386019706726 0.536629974842072 0.537707984447479 0.538484990596771 0.540601015090942 0.535794973373413 -3.4e+38 0.531611025333405 0.522895991802216 0.312490999698639 0.000475453009130433 0.000476751010864973 0.000476777990115806 0.000476356013678014
0.000488263991428539 0.000490773993078619 0.000490768987219781 0.000508804980199784 0.000511488004121929 0.000513923994731158 0.000516853993758559 0.000518960005138069 0.000520589004736394 0.000522229005582631 0.000523703987710178 0.000525126990396529 0.537559986114502 0.558239996433258 0.55859100818634 -3.4e+38 0.557117998600006 0.556159019470215 0.561580002307892 0.571525990962982 0.581286013126373 -3.4e+38 -3.4e+38 -3.4e+38 -3.4e+38 -3.4e+38 -3.4e+38 -3.4e+38 -3.4e+38 -3.4e+38 0.555194020271301 0.54535698890686 0.538178026676178 0.540556013584137 0.530970990657806 -3.4e+38 0.541243016719818 0.531884014606476 0.345730006694794 0.000464315991848707 0.00046214199392125 0.000462133000837639 0.000464025011751801 0.000462720985524356
0.000491503975354135 0.000494537001941353 0.000493280997034162 0.000508795026689768 0.000513806007802486 0.000515814987011254 0.000517298991326243 0.00051849998999387 0.000520300993230194 0.000521774985827506 0.000523143971804529 0.000524482980836183 0.000525059003848583 0.175082996487617 0.556200981140137 0.555917978286743 -3.4e+38 0.558829009532928 0.560456991195679 0.569757997989655 0.582006990909576 -3.4e+38 -3.4e+38 -3.4e+38 -3.4e+38 -3.4e+38 -3.4e+38 -3.4e+38 -3.4e+38 -3.4e+38 0.559828996658325 0.546775996685028 0.540782988071442 0.532738983631134 0.528567016124725 0.523051977157593 -3.4e+38 0.514828026294708 0.000826680974569172 0.000460999988717958 0.000460589013528079 0.000460387993371114 0.000460234994534403 0.000460534007288516
0.000496205990202725 0.000497609027661383 0.000499946007039398 0.00051153200911358 0.000514413986820728 0.00051598297432065 0.000517416978254914 0.000518710992764682 0.000520012981723994 0.000521912996191531 0.000522586982697248 0.000523841008543968 0.000522904971148819 0.000521957990713418 0.00180273002479225 0.557358980178833 0.561482012271881 -3.4e+38 0.560437023639679 0.567516982555389 0.582453012466431 -3.4e+38 -3.4e+38 -3.4e+38 -3.4e+38 -3.4e+38 -3.4e+38 -3.4e+38 -3.4e+38 0.56098198890686 0.555796027183533 0.545740008354187 0.541351974010468 0.534888029098511 0.530632972717285 0.523751020431519 -3.4e+38 0.518324017524719 0.0881453976035118 0.000461401999928057 0.000461344985524192 0.00045915599912405 0.000457946007372811 0.000457104004453868
0.000498862995300442 0.000499180983752012 0.000502849987242371 0.000511687016114593 0.000514342973474413 0.00051699997857213 0.000517138978466392 0.000518293003551662 0.000519453024026006 0.000521445996128023 0.000522101006936282 0.000523045018780977 0.000524273025803268 0.000524470000527799 0.000526489980984479 0.000606553978286684 0.541363000869751 0.556325018405914 0.558815002441406 0.558465003967285 0.569321990013123 -3.4e+38 -3.4e+38 -3.4e+38 -3.4e+38 -3.4e+38 0.568556010723114 -3.4e+38 0.565825998783112 0.561702013015747 0.550460994243622 0.543832004070282 0.543008029460907 0.540992021560669 0.534673988819122 0.526413023471832 0.530310988426208 -3.4e+38 0.302940994501114 0.000461274990811944 0.000460784998722374 0.000459255010355264 0.000458349008113146 0.000456606008810923
0.000498656008858234 0.000501440023072064 0.000504527997691184 0.000511749007273465 0.000513832026626915 0.000516936008352786 0.000516547006554902 0.000517582986503839 0.000519122986588627 0.000520423986017704 0.000520856992807239 0.000522099027875811 0.00052334601059556 0.000524598988704383 0.000526675023138523 0.000530363002326339 0.000691575987730175 0.541548013687134 0.559463977813721 0.557619988918304 0.561300992965698 0.571012020111084 -3.4e+38 -3.4e+38 0.569990992546082 0.569049000740051 0.569182991981506 0.568598985671997 0.566717028617859 0.562216997146606 0.551527976989746 0.54186600446701 0.543434023857117 0.541338980197906 0.529646992683411 0.527435004711151 0.524115979671478 0.53456699848175 0.218006998300552 0.000461237010313198 0.000461437011836097 0.000460732990177348 0.00045971799409017 0.000459289003629237
0.000500285997986794 0.000502433977089822 0.000502969021908939 0.000511944002937526 0.000513360020704567 0.000514785991981626 0.000515959982294589 0.000517012027557939 0.000517798005603254 0.00051872298354283 0.000519895984325558 0.000521156995091587 0.00052376399980858 0.000528507982380688 0.000529996992554516 0.000531413010321558 0.000532833975739777 0.000564388989005238 0.357152998447418 0.562690019607544 0.560496985912323 -3.4e+38 -3.4e+38 0.573360979557037 0.571838974952698 0.572338998317719 0.569736003875732 -3.4e+38 0.569280028343201 0.563808023929596 0.55671101808548 0.542484998703003 0.542500019073486 0.522814989089966 0.00134119996801019 0.000478042988106608 0.000471973005915061 0.000468181999167427 0.000464634998934343 0.000463509990368038 0.000462739990325645 0.000463095988379791 0.000463242002297193 0.000462722004158422
0.000502403010614216 0.000502253009472042 0.000502248003613204 0.000511577993165702 0.000512242026161402 0.000514006009325385 0.000514774990733713 0.000515379011631012 0.000516187981702387 0.000517019012477249 0.000519226014148444 0.000522551999893039 0.000525900977663696 0.000529273995198309 0.000531252997461706 0.000532730016857386 0.000535005994606763 0.00053632800700143 0.000538135005626827 0.000830654986202717 0.400501012802124 0.507633984088898 0.552020013332367 0.552223026752472 0.544197022914886 0.544947981834412 0.556038975715637 0.557444989681244 0.562893986701965 0.556281983852386 0.55560302734375 0.551187992095947 0.545002996921539 0.496286004781723 0.000490750011522323 0.000486825010739267 0.000482400006148964 0.000478225003462285 0.000475465989438817 0.000472268991870806 0.000467942008981481 0.000466325000161305 0.000467042002128437 0.000464704004116356
0.000503532006405294 0.000501891016028821 0.000503354996908456 0.000507541000843048 0.000513634004164487 0.000518009997904301 0.000519445980899036 0.000519653025548905 0.000519799010362476 0.000520185974892229 0.00052230799337849 0.000524325994774699 0.000526744988746941 0.000529175973497331 0.000531335012055933 0.000533703016117215 0.000535601982846856 0.000537816027645022 0.000539043976459652 0.000539629021659493 0.000539855973329395 0.000541427987627685 0.000544044014532119 0.000545830989722162 0.000578526000026613 0.00075460399966687 0.000663615006487817 0.000599784019868821 0.000604730972554535 0.000537794025149196 0.000919218990020454 0.00066083698766306 0.134921997785568 0.000599878025241196 0.000515847990754992 0.000493842992000282 0.000493902014568448 0.000490708975121379 0.000489627011120319 0.000485219003167003 0.000483448005979881 0.000479831011034548 0.000478156987810507 0.000475414999527857
