results/Predictions/Median/Aquitanian.asc
NCOLS 360 
NROWS 180 
XLLCORNER -180 
YLLCORNER -90 
CELLSIZE 1 
NODATA_value -3.4e+38 
[rows 76 to 94 of 180, columns 0 to 43 of 360]
0.000440587988123298 0.000439483992522582 0.000437862006947398 0.000437292008427903 0.000435750000178814 0.000434665009379387 0.000434694986324757 0.000433856010204181 0.000433214998338372 0.000432906002970412 0.000432903005275875 0.000432575005106628 0.000432420987635851 0.000433044013334438 0.000433442008215934 0.000433573994087055 0.000433750014053658 0.00043392600491643 0.000434348999988288 0.000434752990258858 0.000435216992627829 0.000435682013630867 0.000436147005530074 0.000436956994235516 0.000438207993283868 0.000438649993157014 0.000438691989984363 0.000438738992670551 0.000439569004811347 0.000440386997070163 0.00044170199544169 0.000443564000306651 0.000444512988906354 0.000445349985966459 0.000446043006377295 0.000446746009401977 0.000447450001956895 0.000448531995061785 0.000449646002380177 0.0004512149898801 0.000452458014478907 0.000454555003670976 0.00045465599396266 0.000455500994576141
0.000440367992268875 0.000438713002949953 0.000438713002949953 0.000438042014138773 0.000437888986198232 0.000437890004832298 0.000436970993177965 0.000436039001215249 0.000435393012594432 0.00043503800407052 0.000435169000411406 0.00043534699943848 0.000435138994362205 0.000435758993262425 0.000436233996879309 0.000436587986769155 0.000437248003436252 0.000438354996731505 0.000438713002949953 0.000438713002949953 0.000438724004197866 0.000439157010987401 0.00043919900781475 0.000439430994447321 0.000440386997070163 0.000440686999354511 0.000441443989984691 0.0004423430073075 0.000443305005319417 0.000444147997768596 0.000445493991719559 0.00044740698649548 0.000449362007202581 0.000450555991847068 0.000452006002888083 0.000452920998213813 0.000454032007837668 0.000454908004030585 0.000456270994618535 0.000457638991065323 0.000459099013824016 0.000460629002191126 0.000462858995888382 0.000465369987068698
0.000442152988398448 0.000441618991317227 0.000441104988567531 0.000440581992734224 0.000439727009506896 0.000439294992247596 0.000439680006820709 0.000439905998064205 0.000440206989878789 0.000439464987721294 0.000439377006841823 0.000439388997619972 0.000439411000115797 0.000439433002611622 0.000439455005107448 0.00043994199950248 0.00044058301136829 0.000441093987319618 0.000441062991740182 0.000441421987488866 0.0004419109900482 0.000442463991930708 0.000443792989244685 0.000446566002210602 0.00044768801308237 0.000448814011178911 0.000449487008154392 0.000450852006906644 0.000452211010269821 0.000453735003247857 0.000455183006124571 0.000456887006293982 0.000458597001852468 0.000460826995549724 0.000463481992483139 0.000466099008917809 0.000468513986561447 0.000472020998131484 0.000474777014460415 0.000477279012557119 0.000479795009596273 0.000482111994642764 0.000483796990010887 0.000485488009871915
0.000444462988525629 0.000444301986135542 0.000444186996901408 0.000443639000877738 0.000442924996605143 0.000442579010268673 0.000442518998170272 0.000442668999312446 0.00044261000584811 0.000442299991846085 0.000442535005277023 0.000442996999481693 0.000443372002337128 0.000443361001089215 0.000443386001279578 0.000443869997980073 0.00044463700032793 0.000445743004092947 0.000446707999799401 0.000448886014055461 0.000451050989795476 0.000451758998678997 0.000452467997092754 0.000453635992016643 0.000457001995528117 0.000458980008261278 0.00046052600373514 0.000461915013147518 0.000463306991150603 0.000465647986857221 0.000468318990897387 0.000471479987027124 0.000475128006655723 0.000478878995636478 0.00048225000500679 0.000485631986521184 0.000488416000735015 0.000491079001221806 0.00049360899720341 0.000496153021231294 0.00049826898612082 0.000500385998748243 0.000501486007124186 0.000502392009366304
0.000452692009275779 0.000452520995168015 0.00045236200094223 0.000451789994258434 0.000451364001492038 0.000451172003522515 0.000450772990006953 0.000450294988695532 0.000450340012321249 0.00045055098598823 0.00045078998664394 0.000451681989943609 0.000452726992079988 0.000452854990726337 0.000452906999271363 0.000454127002740279 0.000456498004496098 0.000458644994068891 0.000459705013781786 0.000460965005913749 0.000463156000478193 0.000464926997665316 0.000466383993625641 0.00046807699254714 0.000470272003440186 0.000472206011181697 0.000474046013550833 0.000479025999084115 0.000482514005852863 0.000486169010400772 0.000488979974761605 0.000491374987177551 0.000493377970997244 0.000494455976877362 0.000497073982842267 0.000499594025313854 0.00050344702322036 0.000507375982124358 0.000509971985593438 0.000512583006639034 0.000515207997523248 0.00051769200945273 0.000519714027177542 0.000521552981808782
0.000464567012386397 0.000464200013084337 0.000463834003312513 0.000463976000901312 0.000463881995528936 0.000463814008980989 0.000463745993329212 0.000463676988147199 0.0004641390114557 0.00046460100566037 0.000465063989395276 0.000465691002318636 0.000467800011392683 0.000468687998363748 0.000470567989395931 0.000472290004836395 0.000474500993732363 0.000476507993880659 0.000478508009109646 0.000481800001580268 0.000483170006191358 0.000484660005895421 0.000486708013340831 0.000489128986373544 0.000491817016154528 0.000495077983941883 0.000498117005918175 0.000501570990309119 0.000505050993524492 0.000508036988321692 0.000510165991727263 0.000512516999151558 0.000514879007823765 0.000517253007274121 0.000518472981639206 0.000521056994330138 0.000523786002304405 0.000522492977324873 0.000520565023180097 0.00051864399574697 0.000516731000971049 0.000514673010911793 0.000512171012815088 0.000512265018187463
0.000480234011774883 0.000479963986435905 0.00048002100083977 0.000480068003525957 0.000480198010336608 0.000480140006402507 0.000480082991998643 0.000480024988064542 0.000480504997540265 0.000481258000945672 0.000482495001051575 0.000484109012177214 0.000485288997879252 0.000486470991745591 0.000487656012410298 0.000489110010676086 0.000491305021569133 0.000493608007673174 0.000496303022373468 0.000499468005727977 0.000502806971780956 0.000506167998537421 0.000509126984979957 0.000511631020344794 0.000512818980496377 0.000512444006744772 0.000512204016558826 0.00051165500190109 0.000511054007802159 0.000510454003233463 0.000509570993017405 0.000508404977153987 0.0005072409985587 0.000506078999023885 0.000504812982399017 0.000503514020238072 0.000501577975228429 0.000500975991599262 0.000499290996231139 0.000497671018820256 0.000498335983138531 0.000497891975101084 0.00049748900346458 0.000495471991598606
0.000489922007545829 0.000489727011881769 0.000489532016217709 0.000489337020553648 0.000489365018438548 0.000489643018227071 0.00049059500452131 0.000490913982503116 0.000491969985887408 0.000493626983370632 0.000495074025820941 0.000493792991619557 0.000492885999847203 0.000492441991809756 0.000492645020131022 0.000492643972393125 0.000492250022944063 0.00049185601528734 0.000490666017867625 0.000490166014060378 0.000490015023387969 0.000489863974507898 0.000489373982418329 0.000487926998175681 0.000486806995468214 0.000486490986077115 0.000487487995997071 0.000486742006614804 0.000486052013002336 0.000485939992358908 0.000485875993035734 0.000486137985717505 0.000486283999634907 0.000486428994918242 0.000486325996462256 0.000486139004351571 0.000485952012240887 0.000485875003505498 0.000487268989672884 0.000487192010041326 0.000488566001877189 0.000490012986119837 0.000490285980049521 0.000490463979076594
0.000492931983899325 0.000493218016345054 0.000493668019771576 0.000493949977681041 0.000492829014547169 0.000491558981593698 0.000490291975438595 0.000488900986965746 0.000487960991449654 0.000487988989334553 0.000487688987050205 0.000487520010210574 0.000488289981149137 0.000490137026645243 0.000490321021061391 0.00049029802903533 0.0004896359751001 0.000489518977701664 0.000490322010591626 0.000490043021272868 0.000489868980366737 0.000489442027173936 0.000489503028802574 0.000489633006509393 0.000489845988340676 0.000490057980641723 0.000490287027787417 0.000490573002025485 0.000491185986902565 0.000491824990604073 0.000492707011289895 0.000492936000227928 0.000496105989441276 0.000497795990668237 0.000498085981234908 0.000497370027005672 0.000498228007927537 0.000498161010909826 0.000497240980621427 0.000497377011924982 0.000497198023367673 0.000497513974551111 0.000496922002639621 0.000497527013067156
0.00049037899589166 0.000490245001856238 0.000490163976792246 0.000489365018438548 0.000489465019199997 0.000489550991915166 0.00048865401186049 0.000487609999254346 0.000487242999952286 0.000487782992422581 0.000488026009406894 0.000487528013763949 0.000487943005282432 0.000490189995616674 0.000491384998895228 0.000492554972879589 0.000494097010232508 0.000495732005219907 0.000496348016895354 0.000496536027640104 0.000496684981044382 0.000496833003126085 0.000496982014738023 0.000497272005304694 0.000497274973895401 0.000497740984428674 0.000497855013236403 0.000499802001286298 0.000500682974234223 0.000500760972499847 0.000500919006299227 0.000500674999784678 0.00050250202184543 0.000503815012052655 0.000503738992847502 0.000503633986227214 0.000503528979606926 0.000503366987686604 0.000502881011925638 0.00050243700388819 0.000501927977893502 0.000501369009725749 0.000500419002491981 0.000499518006108701
0.000481978000607342 0.000481688999570906 0.00048163000610657 0.000481571012642235 0.000481566006783396 0.000481794006191194 0.000482406001538038 0.000482962990645319 0.000482191011542454 0.00048243798664771 0.000482358998851851 0.000483226001961157 0.00048632500693202 0.000486619013827294 0.000487698009237647 0.000489562982693315 0.000490287027787417 0.000491690007038414 0.000492279010359198 0.000493846018798649 0.00049377599498257 0.000493781990371644 0.000493970990646631 0.000495565996970981 0.000496481021400541 0.000496651977300644 0.000496846972964704 0.000497337023261935 0.000497776025440544 0.00049889599904418 0.00049959501484409 0.000499756017234176 0.00050072802696377 0.000501279020681977 0.000501591013744473 0.000501825008541346 0.000502853014040738 0.000504227005876601 0.000504282012116164 0.000504220020957291 0.000504157971590757 0.000502767972648144 0.000501491012983024 0.000500308990012854
0.000482736009871587 0.00048264701035805 0.000482558010844514 0.000482470000861213 0.000483192008687183 0.000483137991977856 0.000483576994156465 0.000485613010823727 0.000486909004393965 0.000487370998598635 0.000487373996293172 0.000489222002215683 0.000492118007969111 0.000493482977617532 0.000494201027322561 0.000494555977638811 0.00049664598191157 0.000497982022352517 0.000498506997246295 0.00049891701200977 0.000500170979648829 0.000501871982123703 0.000505367002915591 0.000506106996908784 0.000506847980432212 0.000507591001223773 0.000508292985614389 0.000511049991473556 0.000512850005179644 0.000513621023856103 0.000514379004016519 0.000514896993990988 0.000514040002599359 0.000512883998453617 0.000511595979332924 0.000510266982018948 0.00050894299056381 0.00050762202590704 0.000505726027768105 0.000503838004078716 0.000501957023516297 0.000500098976772279 0.000498291978146881 0.000496490974910557
0.000477703986689448 0.000478052999824286 0.000478402012959123 0.000478755013318732 0.000479170004837215 0.000479100999655202 0.000478794012451544 0.000479006004752591 0.000479373004054651 0.000479103997349739 0.000479486014228314 0.000480279006296769 0.000481099006719887 0.000483907002490014 0.000486514996737242 0.000487549987155944 0.000488369027152658 0.000489188998471946 0.000490851991344243 0.000493802013806999 0.000494613021146506 0.000495265005156398 0.000496034976094961 0.00049821101129055 0.000500170979648829 0.000498918991070241 0.000497340981382877 0.000497390981763601 0.000497733009979129 0.000498076027724892 0.000497672997880727 0.000496527005452663 0.00049538497114554 0.000494336010888219 0.000492986990138888 0.000491935992613435 0.000491194019559771 0.000490452977828681 0.000489453028421849 0.000487351004267111 0.000484285992570221 0.000481919007143006 0.00048020901158452 0.000478027010103688
0.000468593003461137 0.000469213002361357 0.000469666003482416 0.000470213009975851 0.000470605998998508 0.000470992003101856 0.000471673993160948 0.00047220999840647 0.000471904000733048 0.000471934006782249 0.00047443900257349 0.000475784006994218 0.000477168010547757 0.000478556990856305 0.000478683010442182 0.000479759008157998 0.000481591006973758 0.000482398987514898 0.000483279000036418 0.000485778000438586 0.000486150005599484 0.000490119971800596 0.00049103400669992 0.000490400998387486 0.000489770027343184 0.000491140002850443 0.000492530001793057 0.000492174993269145 0.000492435996420681 0.000491467013489455 0.000490523991174996 0.000488995981868356 0.00048747198889032 0.000485953991301358 0.000484127987874672 0.000482191011542454 0.000478670001029968 0.00047517500934191 0.000472310988698155 0.000470788014354184 0.00046926800860092 0.000466335011878982 0.000464670010842383 0.000462716998299584
0.000467851990834 0.000471292005386204 0.00047320598969236 0.000473307009087875 0.000472285988507792 0.000471882987767458 0.000472092011477798 0.000471748993732035 0.000472512008855119 0.000473322987090796 0.000473835010780022 0.000473082007374614 0.000473101012175903 0.000476476008770987 0.000480474001960829 0.000482676987303421 0.000484871008666232 0.00048660600441508 0.000488504010718316 0.000488776015117764 0.000488787016365677 0.00048880698159337 0.000489010009914637 0.000489183992613107 0.000489444006234407 0.00048987299669534 0.000489546975586563 0.000487790995975956 0.000486467994051054 0.000484288990264758 0.000481775990920141 0.000480187009088695 0.000478002009913325 0.000476630986668169 0.000475501001346856 0.000474355008918792 0.000472488987725228 0.000469997990876436 0.000468735990580171 0.000464840006316081 0.000463672011392191 0.000462313997559249 0.000460576004115865 0.000457822985481471
0.000471080013085157 0.000471553998067975 0.000472028012154624 0.000472501997137442 0.000472759013064206 0.000472674990305677 0.000472590996650979 0.000472507002996281 0.000473213993245736 0.000471970997750759 0.000474811997264624 0.000476815999718383 0.000478481000754982 0.000481127004604787 0.00048230099491775 0.000483264011563733 0.000483715994050726 0.000484170013805851 0.000484624993987381 0.00048488299944438 0.000485075986944139 0.000486509990878403 0.000488165998831391 0.000487909012008458 0.000487654004245996 0.000487398006953299 0.000486559001728892 0.00048460898688063 0.000484415999380872 0.000484223011881113 0.000483498995890841 0.000481055001728237 0.000479204987641424 0.000477471010526642 0.000475194014143199 0.000474553991807625 0.000473827007226646 0.000472526997327805 0.000470353988930583 0.000469065009383485 0.000467589998152107 0.000465159013401717 0.00046295698848553 0.000460348994238302
0.000473307998618111 0.000474769010907039 0.000475525012006983 0.00047547699068673 0.000477193010738119 0.00048012999468483 0.000480468006571755 0.00048091501230374 0.000480869988678023 0.000480276008602232 0.000480629998492077 0.000481060997117311 0.000481555005535483 0.000482125993585214 0.000483182986499742 0.000483974989037961 0.000484071002574638 0.000483985990285873 0.000483409006847069 0.000482300005387515 0.000481324008433148 0.000481494993437082 0.000481738010421395 0.000481458991998807 0.000481180002680048 0.000480899994727224 0.000480638002045453 0.000480601011076942 0.000478673988254741 0.000478278001537547 0.000477450987091288 0.000476196990348399 0.000475603010272607 0.000475309992907569 0.000475140986964107 0.000475014996482059 0.000474887987365946 0.000474244996439666 0.000472994986921549 0.000471951003419235 0.000469535996671766 0.000469141989015043 0.000467228004708886 0.000465796008938923
0.000465235003503039 0.000464984012069181 0.000464806013042107 0.000465115997940302 0.000465619988972321 0.00046677200589329 0.000468148995423689 0.000468766986159608 0.000468568003270775 0.000468362006358802 0.000468154990812764 0.000467953999759629 0.000468154990812764 0.000468037003884092 0.00046784701407887 0.000467537000076845 0.000467106990981847 0.000466678000520915 0.000466249010059983 0.000465977005660534 0.000465716992039233 0.000465287012048066 0.000465315009932965 0.000464976008515805 0.000464526005089283 0.000464000011561438 0.000463619013316929 0.000463278993265703 0.000462942000012845 0.0004626460140571 0.000462338008219376 0.00046201900113374 0.000461699004517868 0.000461437011836097 0.000461151998024434 0.000460876995930448 0.000460434006527066 0.000459636008599773 0.000459166010841727 0.000459114991826937 0.000459063012385741 0.000458900001831353 0.000458603986771777 0.000458544993307441
0.000466380995931104 0.000465419987449422 0.000465035001980141 0.000464826007373631 0.000464554002974182 0.000464376993477345 0.000464835000457242 0.00046559699694626 0.000465716992039233 0.000465822988189757 0.000465685006929561 0.000465866993181407 0.000465285003883764 0.000465633987914771 0.000466625991975889 0.000467114005004987 0.000466539000626653 0.000465880002593622 0.00046483101323247 0.000463681994006038 0.000463247008156031 0.000462811993202195 0.000462158001028001 0.000461521005490795 0.000460885989014059 0.000460426992503926 0.000460409006336704 0.000460526993265375 0.000460062001366168 0.000459597998997197 0.000459272996522486 0.000459564995253459 0.000459887000033632 0.000460209994344041 0.000460782990558073 0.000461440999060869 0.000462608993984759 0.000464356999145821 0.000466214987682179 0.000466817989945412 0.000467348989332095 0.000468089012429118 0.000468573998659849 0.000469772989163175
