results/Predictions/Median/Aquitanian.asc
NCOLS 360 
NROWS 180 
XLLCORNER -180 
YLLCORNER -90 
CELLSIZE 1 
NODATA_value -3.4e+38 
[rows 57 to 75 of 180, columns 88 to 131 of 360]
-3.4e+38 -3.4e+38 -3.4e+38 -3.4e+38 -3.4e+38 -3.4e+38 -3.4e+38 -3.4e+38 -3.4e+38 -3.4e+38 -3.4e+38 -3.4e+38 -3.4e+38 -3.4e+38 -3.4e+38 -3.4e+38 -3.4e+38 -3.4e+38 -3.4e+38 0.164409995079041 0.000289140007225797 7.45010984246619e-05 0.000105637998785824 0.000144809004268609 0.000198886002181098 0.000227451993850991 0.000256094004726037 0.000279980013146996 0.000299411010928452 0.000307557987980545 0.000314531003823504 0.000321620987961069 0.000324294989695773 0.000322508014505729 0.000321213010465726 0.000317027006531134 0.000316418998409063 0.000316152989398688 0.000315615994622931 0.000314153003273532 0.000313203985569999 0.000313300988636911 0.000312266987748444 0.000311709009110928
-3.4e+38 -3.4e+38 -3.4e+38 -3.4e+38 -3.4e+38 -3.4e+38 -3.4e+38 -3.4e+38 -3.4e+38 -3.4e+38 -3.4e+38 -3.4e+38 -3.4e+38 -3.4e+38 -3.4e+38 -3.4e+38 0.354914993047714 0.32199901342392 0.269663989543915 0.00475772982463241 0.000128857005620375 0.000150892999954522 0.000195264001376927 0.000249928998528048 0.000299653998808935 0.000320585997542366 0.00033578000147827 0.000353475013980642 0.000367189000826329 0.000368239008821547 0.000369292014511302 0.000370347988791764 0.000369199988199398 0.00036503400770016 0.000359758007107303 0.000354371004505083 0.00035124400164932 0.000348942005075514 0.000346654996974394 0.000344381987815723 0.000343332008924335 0.000341436010785401 0.000337764999130741 0.000334123003995046
-3.4e+38 -3.4e+38 -3.4e+38 -3.4e+38 -3.4e+38 -3.4e+38 -3.4e+38 0.403816998004913 0.417212009429932 0.431290000677109 0.428566992282867 0.42417100071907 0.414638996124268 0.408360004425049 0.388592004776001 0.369408011436462 0.35165399312973 0.28752601146698 0.00141469994559884 0.000234549996093847 0.000243289992795326 0.000273454003036022 0.000315048004267737 0.000364761013770476 0.000418017996707931 0.000425961014116183 0.000434368994319811 0.000442888005636632 0.000447416998213157 0.000440729985712096 0.00043414399260655 0.000421489996369928 0.000413317000493407 0.000403874000767246 0.000397205993067473 0.000390406989026815 0.000385397986974567 0.00038159399991855 0.000377554999431595 0.000373785005649552 0.000370502995792776 0.000366308988304809 0.000362738006515428 0.000359007011866197
-3.4e+38 -3.4e+38 0.460541009902954 0.443300008773804 0.434127986431122 0.393130004405975 0.400346994400024 0.421853005886078 0.441352009773254 0.45533299446106 0.447194993495941 0.443129003047943 0.438872992992401 -3.4e+38 0.418998003005981 0.40318301320076 0.36751601099968 0.0186276007443666 0.000329341011820361 0.00031110001145862 0.000342032988555729 0.000376959011191502 0.000415465008700266 0.000457791000371799 0.000500415975693613 0.000503366987686604 0.000505777017679065 0.000505745992995799 0.000502778973896056 0.000489566999021918 0.000477054010843858 0.000464688986539841 0.000452370004495606 0.000442571996245533 0.000434009009040892 0.00042414601193741 0.000418704992625862 0.000412432011216879 0.000406906008720398 0.000404641003115103 0.000398309988668188 0.000392724992707372 0.000388181011658162 0.000382255006115884
0.437157988548279 0.351639002561569 0.0465447008609772 0.0433247983455658 0.0548305995762348 0.0154825001955032 0.00834797043353319 0.0223722998052835 0.260006994009018 0.4981290102005 0.492170006036758 0.489351987838745 0.495932012796402 -3.4e+38 0.476455003023148 0.459939986467361 0.395823985338211 0.0123734995722771 0.000377941003534943 0.000399888987885788 0.000437487004091963 0.000462658994365484 0.000490484992042184 0.000516121974214911 0.000536793028004467 0.000532904989086092 0.000526217976585031 0.000524299975950271 0.000515989027917385 0.000505556003190577 0.000492515973746777 0.000479489011922851 0.000469793012598529 0.000463870004750788 0.000456874986412004 0.000448245002189651 0.000442554999608546 0.000437856011558324 0.000432155997259542 0.000426968006649986 0.000419899995904416 0.000413589994423091 0.000407185987569392 0.000399375014239922
0.0444895997643471 0.000754975015297532 0.000605785986408591 0.0007414779975079 0.000737880996894091 0.00056087999837473 0.000512140977662057 0.000468154001282528 0.000459467002656311 0.000749627011828125 0.532634019851685 0.530436992645264 0.54272598028183 0.551374018192291 0.540099024772644 0.526467025279999 0.480783998966217 0.064663402736187 0.000490255013573915 0.000493526982609183 0.000515595020260662 0.000526526011526585 0.000529688026290387 0.000532835023477674 0.000536002975422889 0.000532471982296556 0.000525493989698589 0.000522357004228979 0.000514253973960876 0.000507163989823312 0.000500454974826425 0.000494375010021031 0.000483977986732498 0.000478152011055499 0.000473697989946231 0.000467865989776328 0.000462583993794397 0.000457615999039263 0.000454041000921279 0.000450918014394119 0.000442701013525948 0.000434142013546079 0.000425323989475146 0.000415896996855736
0.000485288008349016 0.000440211995737627 0.000461944990092888 0.000482297007692978 0.000491172017063946 0.00049622799269855 0.000493851024657488 0.000490924983751029 0.000486943987198174 0.000483523006550968 0.000648043002001941 0.545028984546661 0.545228004455566 0.553106009960175 0.549641013145447 0.540790975093842 0.512978971004486 0.128542006015778 0.00107908004429191 0.000511125021148473 0.000522901013027877 0.000525760988239199 0.000528248026967049 0.000530878023710102 0.000533521990291774 0.000528862001374364 0.000525604002177715 0.000522298971191049 0.00051751802675426 0.000511299993377179 0.000507811026182026 0.000502226990647614 0.000496837019454688 0.000491957005579025 0.000488196004880592 0.000481630995636806 0.000476580986287445 0.000469804013846442 0.000461043004179373 0.000453454995295033 0.000443956989329308 0.000434357993071899 0.000423738994868472 0.000412891997257248
0.000476924993563443 0.000478366011520848 0.000489304016809911 0.000499902002047747 0.000505346979480237 0.000506067997775972 0.000505477015394717 0.000504801981151104 0.000497546978294849 0.000493369007017463 0.000495778978802264 0.540897011756897 0.550728023052216 0.555110991001129 0.554898977279663 0.553956985473633 0.523773014545441 0.538486003875732 0.441049993038177 0.000518581015057862 0.000523924012668431 0.000525244977325201 0.000526862975675613 0.000528185977600515 0.000528385979123414 0.000525415001902729 0.000524121976923198 0.000520644010975957 0.000516725995112211 0.000514079991262406 0.000511455000378191 0.000509079021867365 0.00050598697271198 0.00050430599367246 0.000501719012390822 0.000497106986586004 0.000488154008053243 0.00047839799663052 0.000468443991849199 0.000457098009064794 0.000444287987193093 0.000434321991633624 0.000422092009102926 0.00040988001273945
0.000516992004122585 0.000515991996508092 0.000516117026563734 0.000519900990184397 0.00051857897778973 0.000514538027346134 0.000511462974827737 0.000508904980961233 0.000505702977534384 0.00050158699741587 0.000503381015732884 0.323370009660721 0.555211007595062 0.556302011013031 0.555962026119232 0.556201994419098 0.381734997034073 0.55265998840332 0.548385977745056 0.000632965995464474 0.00052424002205953 0.000525359995663166 0.000525744981132448 0.000526799005456269 0.000527344003785402 0.000525457027833909 0.000524234026670456 0.000522729009389877 0.000519749009981751 0.000518154993187636 0.000516252010129392 0.000513693026732653 0.000511160003952682 0.000508652999997139 0.000503444985952228 0.000498827022965997 0.000487898010760546 0.000476958986837417 0.000462208990938962 0.000447747006546706 0.000435952009866014 0.000424711004598066 0.000411937013268471 0.000397783005610108
0.000554392987396568 0.000554675993043929 0.000549604999832809 0.000538609980139881 0.00052987999515608 0.000517477979883552 0.000517253007274121 0.000727217993699014 0.000634639989584684 0.000512312981300056 0.000514564977493137 0.00492009008303285 0.525089025497437 0.446904003620148 0.537415027618408 0.521955013275146 0.227884992957115 0.551532983779907 0.529690027236938 0.555315017700195 0.000525515002664179 0.000523491995409131 0.000524968025274575 0.000526623975019902 0.000526928983163089 0.000525204988662153 0.000522547983564436 0.000521289010066539 0.000517604988999665 0.000516284024342895 0.000513901002705097 0.000511531019583344 0.000508419005200267 0.000502817973028868 0.000496009015478194 0.000486976001411676 0.000472885003546253 0.000456854002550244 0.000443703000200912 0.000432427012128755 0.000419894000515342 0.000406298990128562 0.000390022003557533 0.000376387004507706
0.000580505991820246 0.000574966019485146 0.000565605994779617 0.000552206998690963 0.000570494972635061 0.00279514002613723 0.0936990007758141 0.349983006715775 0.2151899933815 0.00188720994628966 0.00118519004900008 0.0355768986046314 0.413747012615204 0.475412011146545 0.484481006860733 0.241392001509666 0.107923999428749 0.550140023231506 0.534536004066467 0.550843000411987 0.506045997142792 0.000526549003552645 0.000525397015735507 0.000526406976860017 0.000527503027115017 0.000525995972566307 0.000523873022757471 0.000517141015734524 0.000514256011229008 0.000512611004523933 0.000510972982738167 0.000509341014549136 0.000503984978422523 0.000497985980473459 0.000487193989101797 0.000471811013994738 0.000455917994258925 0.000441532989498228 0.000428122002631426 0.000417178001953289 0.000402267003664747 0.000385519000701606 0.000372201990103349 0.000361084006726742
0.000545607006642967 0.000545876973774284 0.000539690023288131 0.000830468023195863 0.155615001916885 0.519321978092194 0.540410995483398 0.544067025184631 0.535224974155426 0.293545991182327 0.0996363013982773 0.540544986724854 0.554880976676941 0.543982982635498 0.543446004390717 -3.4e+38 0.21645300090313 0.195910006761551 0.387760013341904 0.556868970394135 0.557334005832672 0.429814994335175 0.000521384994499385 0.000519922992680222 0.000518969027325511 0.000516731000971049 0.000514010025653988 0.000510593003127724 0.000506436976138502 0.00050340301822871 0.000499194022268057 0.00049402000149712 0.000489228987134993 0.000475807988550514 0.00045958100236021 0.000444922014139593 0.000429834995884448 0.000418684008764103 0.000408942985814065 0.000393288006307557 0.000379150995286182 0.000366193999070674 0.000352256000041962 0.000339533988153562
0.000510605983436108 0.000513855018652976 0.000581392028834671 0.0999564006924629 0.537395000457764 0.538811981678009 0.539699018001556 0.542868971824646 0.546630024909973 0.000881609972566366 0.00050739198923111 0.000511529971845448 0.171101003885269 0.351458013057709 0.523436009883881 0.400539010763168 0.534404993057251 0.550750970840454 0.200816005468369 0.24243700504303 0.27590599656105 0.527404010295868 0.539332985877991 0.00433233985677361 0.000510971993207932 0.000506329990457743 0.000504360999912024 0.00050202599959448 0.000493914994876832 0.000492135004606098 0.00048856798093766 0.000480077986139804 0.000466216006316245 0.000451631000032648 0.000435107998782769 0.000419195013819262 0.000410612003179267 0.000398117990698665 0.000383470003725961 0.000369618006516248 0.000356522999936715 0.000342932005878538 0.000330648006638512 0.000321684987284243
0.000570832984521985 0.000507485994603485 0.000896134006325155 0.0824450999498367 0.545175015926361 0.543085992336273 0.54399299621582 0.539435029029846 0.0716907978057861 0.000493601022753865 0.000496805005241185 0.000502058013807982 0.000540053995791823 0.00151490001007915 0.00250345002859831 0.00390593009069562 0.0504603013396263 0.521992027759552 0.552560985088348 0.552079021930695 0.386362999677658 0.188246995210648 0.518552005290985 0.162000998854637 0.0370732992887497 0.000547246017958969 0.000490312988404185 0.000487499986775219 0.000482989998999983 0.000479328999063 0.000470041995868087 0.000458607013570145 0.000449773011496291 0.000432103988714516 0.00041602601413615 0.000404130987590179 0.000389769003959373 0.000377027987269685 0.000362588005373254 0.000351858005160466 0.000340962986228988 0.000328599009662867 0.000318750011501834 0.000308007001876831
0.0134985996410251 0.0163416005671024 0.0638447999954224 0.131805002689362 0.541400015354156 -3.4e+38 0.539996027946472 0.531286001205444 0.00048095200327225 0.000477786990813911 0.000484054005937651 0.000490304024424404 0.000495503016281873 0.000499869987834245 0.000497311004437506 0.000496326014399529 0.000876247999258339 0.0530542992055416 0.102113001048565 0.13621099293232 0.296618014574051 0.304307013750076 0.314509987831116 0.0740540027618408 0.000908940972294658 0.000528612989000976 0.00048186699859798 0.00047748300130479 0.000472501007607207 0.000463801989099011 0.00045251299161464 0.000440500996774063 0.000428428000304848 0.0004144310078118 0.000403212994569913 0.000389076012652367 0.000380148005206138 0.000365826999768615 0.000353256007656455 0.000340723985573277 0.000330236012814566 0.0003193799930159 0.000310139992507175 0.000300282990792766
0.509136021137238 0.516951978206635 0.523303985595703 0.530847012996674 0.535188972949982 0.533720016479492 0.526979029178619 0.472692012786865 0.000466182013042271 0.0004576770006679 0.000468818994704634 0.000479395996080711 0.000486461009131745 0.000491128012072295 0.000490791979245842 0.000489549012854695 0.000515133026055992 0.000748618971556425 0.00100250996183604 0.0159237999469042 0.514464974403381 0.521529972553253 0.302177995443344 0.00632771989330649 0.000809249002486467 0.00049664598191157 0.000472298008389771 0.000465905002783984 0.000460159004433081 0.000450735009508207 0.000439155002823099 0.000423260993557051 0.000413145986385643 0.000402231002226472 0.000389514985727146 0.000376512005459517 0.000364184990758076 0.00035262099117972 0.000339688995154575 0.000329767994116992 0.000320575985824689 0.000312093005049974 0.000301513005979359 0.00029381801141426
-3.4e+38 -3.4e+38 -3.4e+38 0.525044977664948 0.516242980957031 0.510076999664307 0.509352028369904 0.203266993165016 0.000451937987236306 0.000456062989542261 0.000461849005660042 0.000467414996819571 0.000472980987979099 0.000479114998597652 0.000478395988466218 0.000476762012112886 0.00047554899356328 0.00047621299745515 0.000476635002996773 0.00047948700375855 0.00487258983775973 0.503790974617004 0.245543003082275 0.0521745011210442 0.000540692009963095 0.00048224299098365 0.000463492004200816 0.000459608010714874 0.000454513996373862 0.000450457009719685 0.000442832009866834 0.000432745990110561 0.000420606986153871 0.000408285006415099 0.000397255003917962 0.000384293001843616 0.000372278009308502 0.000362162012606859 0.000350690999766812 0.000340611994033679 0.000330418988596648 0.000323248008498922 0.000313346012262627 0.000304629007587209
-3.4e+38 -3.4e+38 -3.4e+38 0.530376970767975 0.521503984928131 0.512201011180878 0.50537097454071 0.189487993717194 0.00590325007215142 0.000601398991420865 0.000624558015260845 0.000531652010977268 0.000463039003079757 0.000466628989670426 0.000465307006379589 0.000464923010440543 0.000464943994302303 0.000463092990685254 0.000463086005765945 0.000463078991742805 0.000463103991933167 0.000462558004073799 0.00046133401338011 0.000459836999652907 0.000457387999631464 0.000454847002401948 0.000826261995825917 0.000451636995421723 0.000449320010375232 0.000443694996647537 0.00043989100959152 0.00043531900155358 0.000426438986323774 0.000415841001085937 0.000403201993322 0.000392885995097458 0.000381102989194915 0.000370076013496146 0.000358285993570462 0.000348648987710476 0.000339062011335045 0.00033363199327141 0.000327329995343462 0.000321539002470672
-3.4e+38 -3.4e+38 -3.4e+38 -3.4e+38 0.525081992149353 0.519109010696411 0.518751978874207 0.517618000507355 0.502451002597809 0.504221975803375 0.49787101149559 0.315239012241364 0.000528907985426486 0.000454513006843626 0.000453730986919254 0.000453777989605442 0.000454113993328065 0.00045398500515148 0.000453765009297058 0.000453545013442636 0.000453324988484383 0.000452123989816755 0.000451044994406402 0.00044978701043874 0.000447583995992318 0.000445963989477605 0.0035117301158607 0.000443700002506375 0.000441749987658113 0.000439054012531415 0.000434985005995259 0.000431183987529948 0.000426905986387283 0.000420953991124406 0.00041489300201647 0.000407687010010704 0.000399151991587132 0.000388446991564706 0.000381527992431074 0.000373265997041017 0.000367397005902603 0.000359942991053686 0.00035153899807483 0.000344636995578185
