results/Predictions/Median/Bajocian.asc
NCOLS 360 
NROWS 180 
XLLCORNER -180 
YLLCORNER -90 
CELLSIZE 1 
NODATA_value -3.4e+38 
[rows 40 to 59 of 180, columns 264 to 307 of 360]
-3.4e+38 -3.4e+38 -3.4e+38 -3.4e+38 -3.4e+38 -3.4e+38 -3.4e+38 -3.4e+38 0.0146418996155262 0.0253731999546289 -3.4e+38 -3.4e+38 -3.4e+38 -3.4e+38 -3.4e+38 -3.4e+38 -3.4e+38 -3.4e+38 -3.4e+38 -3.4e+38 -3.4e+38 -3.4e+38 -3.4e+38 -3.4e+38 -3.4e+38 -3.4e+38 -3.4e+38 -3.4e+38 -3.4e+38 -3.4e+38 -3.4e+38 -3.4e+38 -3.4e+38 -3.4e+38 -3.4e+38 -3.4e+38 -3.4e+38 -3.4e+38 -3.4e+38 -3.4e+38 -3.4e+38 -3.4e+38 -3.4e+38 -3.4e+38
0.00550875021144748 0.00540842022746801 0.00535251013934612 0.00446145981550217 -3.4e+38 -3.4e+38 0.00377492001280189 0.00751469004899263 0.0133122997358441 0.013141299597919 0.0271828006953001 0.030647199600935 -3.4e+38 -3.4e+38 -3.4e+38 -3.4e+38 -3.4e+38 -3.4e+38 -3.4e+38 -3.4e+38 -3.4e+38 -3.4e+38 -3.4e+38 -3.4e+38 -3.4e+38 -3.4e+38 -3.4e+38 -3.4e+38 -3.4e+38 -3.4e+38 -3.4e+38 -3.4e+38 -3.4e+38 -3.4e+38 -3.4e+38 -3.4e+38 -3.4e+38 -3.4e+38 -3.4e+38 -3.4e+38 -3.4e+38 -3.4e+38 -3.4e+38 -3.4e+38
-3.4e+38 0.00850552972406149 0.00529635976999998 -3.4e+38 0.00359262991696596 0.00288569997064769 0.00375851010903716 0.00750266015529633 0.0135038997977972 0.0116662997752428 0.0247994996607304 0.0700211003422737 0.114946998655796 0.174803003668785 -3.4e+38 -3.4e+38 -3.4e+38 -3.4e+38 -3.4e+38 -3.4e+38 -3.4e+38 -3.4e+38 -3.4e+38 -3.4e+38 -3.4e+38 -3.4e+38 -3.4e+38 0.0236517004668713 0.00935706961899996 0.012809400446713 0.0176350995898247 0.0230055991560221 0.0274899993091822 -3.4e+38 -3.4e+38 -3.4e+38 -3.4e+38 -3.4e+38 -3.4e+38 -3.4e+38 -3.4e+38 -3.4e+38 -3.4e+38 -3.4e+38
0.0268399007618427 0.0215198006480932 0.0168161001056433 0.0138429002836347 0.0110938996076584 0.00891933962702751 0.0106859998777509 0.0181767996400595 0.0287167001515627 0.0248572006821632 0.072392001748085 0.0991097018122673 -3.4e+38 0.180924996733665 0.179726004600525 0.190865993499756 0.199550002813339 0.212179005146027 0.213241994380951 0.214539006352425 0.223894000053406 0.222386002540588 0.224748000502586 0.226446002721786 0.224792003631592 0.162764996290207 0.101055003702641 0.0574983991682529 0.0326113998889923 0.0399397015571594 0.0492165014147758 0.0606909990310669 0.070193700492382 0.0761919990181923 -3.4e+38 -3.4e+38 -3.4e+38 -3.4e+38 -3.4e+38 -3.4e+38 -3.4e+38 -3.4e+38 -3.4e+38 -3.4e+38
0.0496024005115032 0.0512043014168739 0.050009198486805 0.0399672985076904 0.0314733982086182 0.0260806009173393 0.0282029993832111 0.0402044989168644 0.00679219979792833 0.0836381986737251 0.121422000229359 0.133333995938301 0.142778992652893 0.00102057994809002 0.000120039003377315 0.000549004005733877 0.0523823983967304 0.193055003881454 0.203868001699448 0.212346002459526 0.213632002472878 0.22087100148201 -3.4e+38 0.227200999855995 0.225398004055023 0.198448002338409 0.167851001024246 0.138962000608444 0.112268999218941 0.123322002589703 0.135152995586395 0.145814001560211 0.150684997439384 0.131545007228851 0.112815998494625 0.0967987030744553 -3.4e+38 -3.4e+38 -3.4e+38 -3.4e+38 -3.4e+38 -3.4e+38 -3.4e+38 -3.4e+38
0.0849744975566864 0.0981232970952988 0.105844996869564 0.0848259031772614 0.0669917017221451 0.0519067011773586 9.55334980972111e-05 3.62721984856762e-05 5.17197004228365e-05 0.135142996907234 0.154908001422882 0.0655089989304543 9.06206987565383e-05 9.5985502412077e-05 0.000100737997854594 0.000106309002148919 0.000111872002889868 0.000115764996735379 0.000118087998998817 0.000136140995891765 0.00021602600463666 0.0204578004777431 0.0770168974995613 0.221476003527641 0.227287992835045 0.22995300590992 0.222249999642372 0.215924993157387 0.205371007323265 0.205498993396759 0.209343999624252 0.209772005677223 0.217828005552292 0.272469013929367 0.31139600276947 0.348039001226425 -3.4e+38 -3.4e+38 -3.4e+38 -3.4e+38 -3.4e+38 -3.4e+38 -3.4e+38 -3.4e+38
0.124141000211239 0.134975001215935 0.139155000448227 0.00510396016761661 6.84154001646675e-05 5.43284986633807e-05 5.5769800383132e-05 6.61263984511606e-05 7.87844983278774e-05 0.173083007335663 0.0720561966300011 0.000100183999165893 0.000103368998679798 0.000106541003333405 0.000112094996438827 0.000116629998956341 0.000123053003335372 0.000128586994833313 0.000133470006403513 0.000138853007229045 0.000144131001434289 0.000149020997923799 0.000153845001477748 0.000158726004883647 0.000160362993483432 0.000159975999849848 0.000157868998940103 0.000153310000314377 0.000149347994010895 0.00013974099420011 0.00013022699567955 0.000121632001537364 0.000411565997637808 0.150554999709129 0.299311012029648 -3.4e+38 0.366264998912811 0.371607005596161 -3.4e+38 -3.4e+38 -3.4e+38 -3.4e+38 -3.4e+38 -3.4e+38
0.000128373998450115 0.000104067999927793 0.000113280999357812 0.000112212997919414 0.000111202003608923 0.000110200002382044 0.000110514003608841 0.000126883998746052 0.0897713005542755 0.137204006314278 0.000115547001769301 0.000116174996946938 0.00011703500058502 0.00011734999861801 0.000123318997793831 0.000129576001199894 0.000136023998493329 0.000143122000736184 0.000150794992805459 0.000158142996951938 0.000166579993674532 0.000173976994119585 0.000180019997060299 0.000186111006769352 0.000193497995496728 0.000197867004317231 0.000201011003809981 0.000204205003683455 0.000207452001632191 0.000178885005880147 0.000155657005961984 0.000132272994960658 0.000125834994832985 0.0271370001137257 0.305151998996735 -3.4e+38 0.373410999774933 -3.4e+38 -3.4e+38 -3.4e+38 -3.4e+38 -3.4e+38 -3.4e+38 -3.4e+38
0.000115627997729462 0.000128735002363101 0.000142121003591456 0.000143459998071194 0.000144778998219408 0.000153799002873711 0.239035993814468 0.258448004722595 0.265424996614456 0.0438321009278297 0.000144010002259165 0.000142470002174377 0.000140945994644426 0.000139381998451427 0.000144717007060535 0.000150965002831072 0.000156809997861274 0.000163311997312121 0.0001722110027913 0.00018377999367658 0.000195012995391153 0.000205196993192658 0.000212949002161622 0.000220021000131965 0.00022568300482817 0.000230461999308318 0.000236463994951919 0.000240449997363612 0.000242615002207458 0.000231180994887836 0.000217275999602862 0.000201528004254214 0.000203022005734965 0.338858008384705 0.393783986568451 0.417661011219025 0.43265500664711 -3.4e+38 -3.4e+38 -3.4e+38 -3.4e+38 -3.4e+38 -3.4e+38 -3.4e+38
0.0001458350016037 0.000161673000548035 0.000250229990342632 0.047758799046278 0.295621991157532 0.314902991056442 0.321220993995667 0.313533991575241 0.0189488995820284 0.000181455005076714 0.000175944995135069 0.000171955995028839 0.000168127997312695 0.0001643849973334 0.000170515006175265 0.000175912005943246 0.000181455005076714 0.000188753998372704 0.000201927992748097 0.000216030006413348 0.000229110999498516 0.000240965004195459 0.000248399999691173 0.000254765007412061 0.000260720000369474 0.000265462993411347 0.000272211007541046 0.000277282000752166 0.000280981999821961 0.000286447000689805 0.00029125899891369 0.000296793004963547 0.392583012580872 0.441202998161316 0.453639000654221 0.46068400144577 0.47434800863266 -3.4e+38 -3.4e+38 -3.4e+38 -3.4e+38 -3.4e+38 -3.4e+38 -3.4e+38
0.000498067995067686 0.25374299287796 0.352685004472733 0.364311009645462 -3.4e+38 0.379388004541397 0.374933987855911 0.0028901700861752 0.000233614002354443 0.000227038995944895 0.000220781003008597 0.000214781000977382 0.00020788999972865 0.000200202004634775 0.00020710400713142 0.000212779006687924 0.000217524997424334 0.000224778006668203 0.000238313994486816 0.000253667996730655 0.000269898999249563 0.000280737003777176 0.000288298004306853 0.00029447500128299 0.00029856400215067 0.000304655986838043 0.000309060997096822 0.000314041011733934 0.000319498009048402 0.000333422009134665 0.000345598004059866 0.0888120979070663 -3.4e+38 0.474299997091293 0.468317002058029 0.475333005189896 0.485698997974396 -3.4e+38 -3.4e+38 -3.4e+38 -3.4e+38 -3.4e+38 -3.4e+38 -3.4e+38
0.000259811000432819 0.041762501001358 -3.4e+38 -3.4e+38 0.427881985902786 0.426288992166519 0.0328607000410557 0.00029337199521251 0.000284378998912871 0.000277515006018803 0.000270031014224514 0.000262110988842323 0.000254407990723848 0.000243886999669485 0.000252286001341417 0.000258812011452392 0.000266156013822183 0.000276208011200652 0.000288426992483437 0.00030132700339891 0.000316935009323061 0.000325948989484459 0.000328379013808444 0.000331171992002055 0.000334479991579428 0.000340645987307653 0.000348466011928394 0.000356842996552587 0.000364484003512189 0.000376276002498344 0.0047587500885129 0.488938003778458 0.495902985334396 0.479443997144699 0.471653997898102 0.471356987953186 0.478747010231018 -3.4e+38 -3.4e+38 -3.4e+38 -3.4e+38 -3.4e+38 -3.4e+38 -3.4e+38
0.000323312997352332 0.000339015008648857 0.00688377022743225 0.455309003591537 0.457033008337021 0.00107316998764873 0.000351032998878509 0.000344425992807373 0.000339124992024153 0.0003305230056867 0.000322087988024577 0.000311546988086775 0.000304723012959585 0.000297310994938016 0.00030419699032791 0.00031022701296024 0.000316366989864036 0.000323888001730666 0.000337739998940378 0.000349639012711123 0.000357977987732738 0.000361745012924075 0.000361715006874874 0.000361618993338197 0.000361524987965822 0.000370013003703207 0.000383259990485385 0.000396504998207092 0.000404438003897667 0.00041820399928838 0.499940007925034 0.516533017158508 0.509525001049042 0.491383999586105 0.478080987930298 0.469310998916626 -3.4e+38 -3.4e+38 -3.4e+38 -3.4e+38 -3.4e+38 -3.4e+38 -3.4e+38 -3.4e+38
0.000375584990251809 0.000388262007618323 0.000394886010326445 0.000395432987716049 0.000395982002373785 0.000396532006561756 0.000392982998164371 0.000386889005312696 0.000378635013476014 0.000367527012713253 0.000361976999556646 0.000356528995325789 0.000350757996784523 0.000342137005645782 0.000352798990206793 0.000358997989678755 0.000365179002983496 0.000371786009054631 0.000384245009627193 0.000392351998016238 0.000398825999582186 0.000402592995669693 0.000403576006647199 0.000403746002120897 0.000403487996663898 0.000412802008213475 0.000423791992943734 0.000431285006925464 0.000438769988249987 0.215308994054794 -3.4e+38 0.530445992946625 0.518200993537903 0.498775988817215 0.485947012901306 0.478742003440857 -3.4e+38 -3.4e+38 -3.4e+38 -3.4e+38 -3.4e+38 -3.4e+38 -3.4e+38 -3.4e+38
0.000425848993472755 0.000430629996117204 0.000433231005445123 0.000432536005973816 0.000431535998359323 0.000429960986366495 0.000425981997977942 0.000419496005633846 0.00041082501411438 0.000403859012294561 0.000397433002945036 0.000392657006159425 0.000388095009839162 0.000383584992960095 0.000395145994843915 0.000403929996537045 0.00041163299465552 0.00042168700019829 0.000424520985689014 0.000425579986767843 0.000429275998612866 0.000431212014518678 0.000432299013482407 0.000432995002483949 0.000435591995483264 0.000440061005065218 0.000448842998594046 0.000455205998150632 0.000462261989014223 0.508727014064789 -3.4e+38 0.536556005477905 0.528032004833221 0.504601001739502 0.491142988204956 0.488166004419327 -3.4e+38 -3.4e+38 -3.4e+38 -3.4e+38 -3.4e+38 -3.4e+38 -3.4e+38 -3.4e+38
0.000452978012617677 0.000454177992651239 0.00045474199578166 0.000453554006526247 0.000452209002105519 0.000449427985586226 0.000448390987003222 0.000444036995759234 0.000436840986367315 0.000434087996836752 0.000432188011473045 0.000431143009336665 0.000430017011240125 0.000428833998739719 0.000432484986959025 0.000438830000348389 0.000443836994236335 0.000446096993982792 0.000447525002527982 0.000448678008979186 0.00045039301039651 0.00045173498801887 0.000452973006758839 0.000453315995400771 0.000454207009170204 0.000459903007140383 0.000466669007437304 0.000474748987471685 0.00110314995981753 0.539779007434845 -3.4e+38 0.545152008533478 0.53193598985672 0.508293986320496 0.498331010341644 0.496767997741699 -3.4e+38 -3.4e+38 -3.4e+38 -3.4e+38 -3.4e+38 -3.4e+38 -3.4e+38 -3.4e+38
0.000471709994599223 0.000472282990813255 0.00047224698937498 0.000470389000838622 0.000469096994493157 0.000468109996290877 0.000464821991045028 0.000460832001408562 0.000457585003459826 0.000453304994152859 0.000452370004495606 0.00045231101103127 0.000453526998171583 0.000454357010312378 0.000457769987406209 0.000458874012110755 0.000462661992060021 0.000464982003904879 0.000465669989353046 0.000466025987407193 0.00046623800881207 0.000466919009340927 0.000468410988105461 0.000469746999442577 0.000471106002805755 0.000474723987281322 0.000482656992971897 0.000485374999698251 0.520162999629974 -3.4e+38 0.546877026557922 0.539967000484467 0.530721008777618 0.511762022972107 0.50519597530365 0.504186987876892 -3.4e+38 -3.4e+38 -3.4e+38 -3.4e+38 -3.4e+38 -3.4e+38 -3.4e+38 -3.4e+38
0.000485708995256573 0.00048551699728705 0.000484900985611603 0.000483009993331507 0.000481121009215713 0.000479234004160389 0.000476690009236336 0.000473504012916237 0.000470575992949307 0.000468212994746864 0.000467770005343482 0.000467965990537778 0.000468160986201838 0.000468415004434064 0.000471095001557842 0.000473135994980112 0.000474469998152927 0.000475817010737956 0.000476284010801464 0.000475625012768432 0.000476607994642109 0.000477533991215751 0.00048050400801003 0.000482197006931528 0.000483031006297097 0.000486297998577356 0.000491659971885383 0.0686435997486115 -3.4e+38 0.55350399017334 0.54382598400116 0.537218987941742 0.529839992523193 0.517749011516571 0.514393985271454 0.514190971851349 -3.4e+38 -3.4e+38 -3.4e+38 -3.4e+38 -3.4e+38 -3.4e+38 -3.4e+38 -3.4e+38
0.000489705998916179 0.000488860008772463 0.000487924990011379 0.000484868010971695 0.000483206007629633 0.000481054012198001 0.000480416987556964 0.000479982001706958 0.000479295995319262 0.000476796005386859 0.000477741006761789 0.00047857899335213 0.000478583999210969 0.000478815985843539 0.000479295005789027 0.000480001006508246 0.00048040400724858 0.000480380986118689 0.000480162008898333 0.000480268994579092 0.000481272989418358 0.00048232200788334 0.000483877985971048 0.000486100005218759 0.00048823599354364 0.000493235012982041 0.000498417997732759 0.531177997589111 -3.4e+38 0.555499970912933 0.545417010784149 0.542093992233276 0.53802102804184 0.521323025226593 0.516288995742798 0.514333009719849 -3.4e+38 -3.4e+38 -3.4e+38 -3.4e+38 -3.4e+38 -3.4e+38 -3.4e+38 -3.4e+38
0.000489587022457272 0.000488898018375039 0.000488165998831391 0.000487696990603581 0.000486965989693999 0.000486236007418483 0.000484907010104507 0.000484077987493947 0.000483354000607505 0.00048318799235858 0.00048321599024348 0.000483301992062479 0.000483387993881479 0.000483475014334545 0.000483471987536177 0.000483470008475706 0.000483468000311404 0.000483571988297626 0.000483993004309013 0.000484554009744897 0.000486692995764315 0.000488144985865802 0.000489506986923516 0.000491125974804163 0.000492784020025283 0.00049563602078706 0.00050066999392584 0.542384028434753 -3.4e+38 0.555680990219116 0.547107994556427 0.547510981559753 0.546836972236633 0.53608101606369 0.524314999580383 -3.4e+38 -3.4e+38 -3.4e+38 -3.4e+38 -3.4e+38 -3.4e+38 -3.4e+38 -3.4e+38 -3.4e+38
