results/Predictions/Median/Bajocian.asc
NCOLS 360 
NROWS 180 
XLLCORNER -180 
YLLCORNER -90 
CELLSIZE 1 
NODATA_value -3.4e+38 
[rows 80 to 99 of 180, columns 220 to 263 of 360]
0.554585993289948 0.554762005805969 0.5539870262146 0.557829976081848 0.557159006595612 0.556865990161896 0.000563643989153206 0.00057017698418349 0.000574328005313873 0.00057805998949334 0.000581339991185814 0.000581293017603457 0.000577864004299045 0.000574484991375357 0.00057180697331205 0.000570870004594326 0.000569815980270505 0.000569234020076692 0.000569771975278854 0.000567412003874779 0.000564532994758338 0.000562168017495424 0.000559812993742526 0.000557467981707305 0.000555987993720919 0.000554816971998662 0.000553646998014301 0.000552479992620647 0.000552072015125304 0.000551662989892066 0.000551255012396723 0.000550999015104026 0.000550288998056203 0.000549532996956259 0.000548624026123434 0.00054720597108826 0.000546703988220543 0.00054663501214236 0.000546604976989329 0.00054712500423193 0.000547827978152782 0.00054853199981153 0.00054923800053075 0.000549827003851533
0.54570597410202 0.552851974964142 0.554804027080536 0.563901007175446 0.56299901008606 0.554953992366791 0.529201984405518 0.000557225022930652 0.000569475989323109 0.000575442973058671 0.000577608996536583 0.00057886098511517 0.000580116000492126 0.000577189028263092 0.000573871016968042 0.000570571981370449 0.000567216018680483 0.000563652021810412 0.000560108979698271 0.000556728977244347 0.000553884019609541 0.000551423989236355 0.000548974028788507 0.000546535011380911 0.000545422022696584 0.000544616021215916 0.000543811009265482 0.000543006986845285 0.000542468973435462 0.000541988003533334 0.000541508023161441 0.000541155983228236 0.000541187007911503 0.000541216984856874 0.000541248009540141 0.000541582994628698 0.000542222987860441 0.000542865018360317 0.000543506990652531 0.000544373004231602 0.000545316026546061 0.000546259980183095 0.00054700201144442 0.000547221978195012
-3.4e+38 -3.4e+38 -3.4e+38 -3.4e+38 0.53973799943924 0.545423984527588 0.547424972057343 0.000535587023478001 0.000550395983736962 0.000558618979994208 0.000564419024158269 0.000569708994589746 0.000567210023291409 0.000564315007068217 0.00056143500842154 0.000558570027351379 0.000555642007384449 0.000552495999727398 0.000549367978237569 0.000547215982805938 0.000545608985703439 0.000544208975043148 0.000542735971976072 0.000541256973519921 0.000540409993845969 0.000538878026418388 0.000537317013368011 0.000535617000423372 0.000533915008418262 0.000532219011802226 0.000531011028215289 0.000531164987478405 0.000531389028765261 0.000531614001374692 0.000531838973984122 0.000532059988472611 0.000532275997102261 0.000532492995262146 0.000532709003891796 0.000533525017090142 0.000535672006662935 0.000537827028892934 0.000539991015102714 0.000541063025593758
-3.4e+38 -3.4e+38 -3.4e+38 0.54577499628067 0.537437975406647 0.544964015483856 0.54948502779007 0.000905602006241679 0.000537978019565344 0.00055135297589004 0.00055619899649173 0.000561331980861723 0.000561342982109636 0.000558596977498382 0.000555864011403173 0.000553145015146583 0.000548980024177581 0.000546334020327777 0.000543701986316592 0.000541082001291215 0.000536573003046215 0.000533804995939136 0.00053266400936991 0.000532810983713716 0.000532966980244964 0.000532957026734948 0.00053223199211061 0.000531508005224168 0.000531231984496117 0.000530954974237829 0.000530679011717439 0.000530604971572757 0.000531135010533035 0.000531667028553784 0.000532198988366872 0.000533170008566231 0.000534584978595376 0.000535235973075032 0.000535429979208857 0.000536121020559222 0.000540542998351157 0.000542166992090642 0.000543132016900927 0.000543934991583228
-3.4e+38 -3.4e+38 0.542635977268219 0.53746098279953 0.540619015693665 0.54721200466156 0.550167977809906 0.250458985567093 0.00053252000361681 0.000542672991286963 0.000551111006643623 0.00055772002087906 0.000559990992769599 0.000557833991479129 0.000555685022845864 0.000551947974599898 0.000546361028682441 0.000542027992196381 0.000538930005859584 0.000535251980181783 0.000533670012373477 0.000532163016032428 0.00053065997781232 0.000529161014128476 0.000528028991539031 0.000527021009474993 0.000526015006471425 0.000525009992998093 0.000524587987456471 0.000524203001987189 0.000524048984516412 0.000524130999110639 0.000524920993484557 0.000525713025126606 0.00052650598809123 0.000527722004335374 0.000529362994711846 0.000531008001416922 0.000532659003511071 0.000534437014721334 0.000536262989044189 0.000538094027433544 0.000538741995114833 0.00054174498654902
-3.4e+38 0.555001020431519 0.538124024868011 0.539954006671906 0.54286402463913 0.547294974327087 0.555195987224579 0.542070984840393 0.00052846601465717 0.000541373970918357 0.000549241027329117 0.000555503997020423 0.000561452005058527 0.000559855019673705 0.000558262981940061 0.000555657024960965 0.000547885021660477 0.000543947971891612 0.000540040025953203 0.000537349027581513 0.000537586980499327 0.000537747982889414 0.000536983017809689 0.000535744009539485 0.000534767983481288 0.000533881015144289 0.000532994978129864 0.000532109988853335 0.000532004982233047 0.000531898986082524 0.000531793979462236 0.000531901023350656 0.000532647012732923 0.000533393991645426 0.000534142018295825 0.000535444007255137 0.00053730298532173 0.000539169006515294 0.000540553010068834 0.000540652021300048 0.000540736014954746 0.000540820008609444 0.000542121008038521 0.000546013994608074
-3.4e+38 0.548201024532318 0.53794801235199 0.541324019432068 0.543111026287079 0.548376023769379 0.554136991500854 0.556502997875214 0.20304100215435 0.000535845989361405 0.000544918002560735 0.000550699012819678 0.000557487015612423 0.00055586697999388 0.000554089026991278 0.00055239797802642 0.000550742028281093 0.000548888987395912 0.000547127972822636 0.000545364979188889 0.000544234993867576 0.000543739006388932 0.000543241971172392 0.000542744994163513 0.000542215013410896 0.000541673973202705 0.000541132991202176 0.000540887005627155 0.000541050976607949 0.000541214016266167 0.00054137798724696 0.00054154300596565 0.000541712972335517 0.000541882996913046 0.000542053021490574 0.000542195979505777 0.000542311987373978 0.00054269697284326 0.000544732029084116 0.000547219999134541 0.000549868971575052 0.000553813995793462 0.000558103027287871 0.000560461019631475
-3.4e+38 0.549233973026276 0.540883004665375 0.543280005455017 0.546458005905151 0.548955023288727 0.553045988082886 0.556728005409241 0.550742983818054 0.000699007010553032 0.000540257024113089 0.000550389988347888 0.000556381011847407 0.000555740029085428 0.000554875005036592 0.000554011028725654 0.000553057005163282 0.000551829987671226 0.000550605996977538 0.000549384974874556 0.000547776988241822 0.000547001021914184 0.000546225986909121 0.000545451999641955 0.00054477498633787 0.00054413202451542 0.000543489994015545 0.000543000001925975 0.000543361995369196 0.000543874979484826 0.000544390000868589 0.000545051996596158 0.000546161027159542 0.000547270989045501 0.000548383977729827 0.000549705000594258 0.000551606004592031 0.000553712015971541 0.000555826991330832 0.000558785977773368 0.00056204100837931 0.000565316004212946 0.000568608986213803 0.000572380027733743
-3.4e+38 0.555437982082367 0.542492985725403 0.544088006019592 0.548159003257751 0.551262974739075 0.552446007728577 0.557300984859467 0.556827008724213 0.251944988965988 0.000533349986653775 0.000538802007213235 0.000544950016774237 0.000544595997780561 0.000544241978786886 0.000543889007531106 0.000543411995749921 0.000542561989277601 0.000541715009603649 0.000541360990609974 0.000541754008736461 0.000542039982974529 0.000542327004950494 0.000542900001164526 0.000543702975846827 0.000543722009751946 0.000544029986485839 0.000544377020560205 0.000545451999641955 0.000546529015991837 0.000547609000932425 0.00054875499336049 0.000550181022845209 0.000552019977476448 0.000553864985704422 0.000556074024643749 0.000559262000024319 0.000561241002287716 0.000563843001145869 0.000567022012546659 0.000570408999919891 0.000573817000258714 0.000577243976294994 0.000581344997044653
-3.4e+38 0.555839002132416 0.547253012657166 0.546163976192474 0.548192977905273 0.550921022891998 0.552693009376526 0.55662202835083 0.556927978992462 0.549555003643036 0.000788823002949357 0.000534743012394756 0.000540342007298023 0.000540268025361001 0.000540194974746555 0.00054012198233977 0.000540204986464232 0.000540757027920336 0.000541310990229249 0.000541865010745823 0.000542284979019314 0.000542571011465043 0.000542855996172875 0.000543142028618604 0.00054343999363482 0.000543740985449404 0.000544043025001884 0.000545231974683702 0.000547474017366767 0.000549725024029613 0.000551984994672239 0.000553657999262214 0.000555611972231418 0.000558457977604121 0.000562941015232354 0.000563876004889607 0.000565788010135293 0.000568746007047594 0.000571530021261424 0.000574743025936186 0.000578114006202668 0.000581504020374268 0.000584913999773562 0.000589668983593583
-3.4e+38 0.554157018661499 0.550166010856628 0.547258973121643 0.547650992870331 0.549769997596741 0.551752984523773 0.555573999881744 0.556429028511047 0.557283997535706 0.330567985773087 0.000533803016878664 0.000535890983883291 0.000535711005795747 0.000535531027708203 0.000535350001882762 0.000535278988536447 0.000535533006768674 0.000535788014531136 0.000536043022293597 0.00053623499115929 0.000536362989805639 0.000538229010999203 0.000540603010449558 0.000543240981642157 0.000543560017831624 0.000543878995813429 0.000544199021533132 0.000544425973203033 0.00054465199355036 0.000545884016901255 0.0005483070272021 0.000550711993128061 0.000553128018509597 0.000556021986994892 0.000561424996703863 0.000563998008146882 0.000565977999940515 0.000569315976463258 0.000572939985431731 0.000576675985939801 0.000580437015742064 0.000584222027100623 0.000589074974413961
-3.4e+38 -3.4e+38 0.553835988044739 0.550866007804871 0.549582004547119 0.549502015113831 0.551356971263885 0.55409300327301 0.554894983768463 0.55690997838974 0.548906028270721 0.0613361001014709 0.000533852027729154 0.000533692014869303 0.000533532991539687 0.000533374026417732 0.000533304002601653 0.000533505983185023 0.000533708021976054 0.000533910992089659 0.000534089980646968 0.000534245977178216 0.000534403021447361 0.000534559017978609 0.000534790975507349 0.000535049010068178 0.000535306986421347 0.000537939020432532 0.000541393994353712 0.000543707981705666 0.000543945992831141 0.0005441689863801 0.000544345006346703 0.000544521026313305 0.000545451999641955 0.000548107025679201 0.000551422999706119 0.000555235019419342 0.000560453976504505 0.000563170993700624 0.000567374983802438 0.00057161197764799 0.000575879006646574 0.000580553023610264
-3.4e+38 -3.4e+38 0.552649974822998 0.551078975200653 0.550185978412628 0.550836026668549 0.552119016647339 0.553369998931885 0.553878009319305 0.555275976657867 0.555294990539551 0.534910023212433 0.00224203988909721 0.000531682977452874 0.000531543977558613 0.000531688972841948 0.000531853002030402 0.000531708996277303 0.000531636993400753 0.000531786994542927 0.000531954981852323 0.00053213897626847 0.000532324018422514 0.000532509002368897 0.000532731995917857 0.000532969017513096 0.000533205980900675 0.00053344399202615 0.000533773971255869 0.000534104998223484 0.000534829974640161 0.000538667023647577 0.000542394001968205 0.000543655012734234 0.000543856003787369 0.000544028996955603 0.000544173992238939 0.000545240996871144 0.000549015996512026 0.000553568010218441 0.000558224972337484 0.000562920991797 0.000567656010389328 0.000572055985685438
-3.4e+38 -3.4e+38 0.552196979522705 0.553201019763947 0.550737023353577 0.550557017326355 0.551357984542847 0.551855027675629 0.551900029182434 0.553387999534607 0.554947972297668 0.552462995052338 0.475957989692688 0.000527170021086931 0.000527025025803596 0.000526881020050496 0.000526799005456269 0.000526901974808425 0.000527005991898477 0.000527110998518765 0.000527281023096293 0.000527516996953636 0.000527753029018641 0.000527989002875984 0.000528311007656157 0.00052866101032123 0.000529011012986302 0.000529362005181611 0.000529653974808753 0.000529946002643555 0.000530237972270697 0.000530518009327352 0.000530764984432608 0.000531011028215289 0.00053439597832039 0.000537947984412313 0.000539581989869475 0.00054139900021255 0.000542181020136923 0.000542366004083306 0.000544619979336858 0.000548472977243364 0.000553362013306469 0.000557983003091067
-3.4e+38 -3.4e+38 0.552453994750977 0.553443014621735 0.550863027572632 0.550448000431061 0.55054497718811 0.550386011600494 0.550408005714417 0.550858020782471 0.552801012992859 0.556400001049042 0.543649971485138 0.00334513001143932 0.000522557005751878 0.000522407004609704 0.000522308982908726 0.000522368005476892 0.000522427028045058 0.000522486981935799 0.000522659975104034 0.000522946007549763 0.000523232971318066 0.00052351999329403 0.000523936992976815 0.000524397997651249 0.000524859991855919 0.00052532198606059 0.00052557501476258 0.00052582798525691 0.000526081013958901 0.000526348012499511 0.000526658026501536 0.000526968971826136 0.000527711992617697 0.000528004020452499 0.000528024975210428 0.00053064402891323 0.000532327976543456 0.000533965998329222 0.000535663974005729 0.000538731983397156 0.000540891021955758 0.000544260023161769
-3.4e+38 -3.4e+38 0.554970979690552 0.55417400598526 0.550988972187042 0.54883199930191 0.548644006252289 0.548286020755768 0.547818005084991 0.54908299446106 0.552284002304077 0.552836000919342 0.538984000682831 0.0210874006152153 0.000517631997354329 0.000517380016390234 0.000517192995175719 0.000517202017363161 0.000517210981342942 0.000517220003530383 0.000517396023496985 0.000517739972565323 0.000518085027579218 0.000518430024385452 0.000518882996402681 0.00051937298849225 0.00051986298058182 0.000520354020409286 0.000520635978318751 0.000520917004905641 0.000521199021022767 0.000521497975569218 0.000521847978234291 0.00052219902863726 0.000522550020832568 0.000522852002177387 0.000523106020409614 0.000523359980434179 0.000523613998666406 0.000523692986462265 0.000526666000951082 0.000530405028257519 0.000533424026798457 0.000536152976565063
-3.4e+38 -3.4e+38 0.555576026439667 0.552649974822998 0.548582971096039 0.546009004116058 0.545460999011993 0.545269012451172 0.545219004154205 0.546805024147034 0.553396999835968 0.554723024368286 0.533213019371033 0.0286918003112078 0.000517181993927807 0.000516353000421077 0.00051551399519667 0.000514639017637819 0.000513767008669674 0.00051289499970153 0.000512067985255271 0.000511927995830774 0.000512338010594249 0.000512748025357723 0.000513178994879127 0.000513617997057736 0.000514056999236345 0.00051449699094519 0.000514872022904456 0.00051524699665606 0.000515623018145561 0.00051599700236693 0.000516363012138754 0.000516731000971049 0.000517098989803344 0.000517436012160033 0.000517743988893926 0.00051805202383548 0.000518360990099609 0.000518553017172962 0.000518704997375607 0.000518858025316149 0.000519011984579265 0.000520368979778141
-3.4e+38 0.557376980781555 0.554506003856659 0.551262021064758 0.546752989292145 0.539321005344391 0.539285004138947 0.543236017227173 0.54262501001358 0.54101300239563 0.543437004089355 0.549907028675079 0.530744016170502 0.156139999628067 0.00057932100025937 0.000518573971930891 0.000519167981110513 0.000519716006238014 0.000518871005624533 0.000518027984071523 0.000517181004397571 0.000516330008395016 0.000515481980983168 0.00051463401177898 0.000514027022290975 0.0005135009996593 0.000512974977027625 0.000512450002133846 0.000511651975102723 0.000510854995809495 0.000510127982124686 0.000510574027430266 0.00051095598610118 0.000511338992509991 0.000511722988449037 0.0005120940040797 0.000512454018462449 0.000512815022375435 0.00051317602628842 0.000513478007633239 0.000513760023750365 0.000514042971190065 0.000514325976837426 0.000514546991325915
0.557111978530884 0.55664199590683 0.55358898639679 0.550749003887177 0.54746401309967 0.541799008846283 0.537742018699646 0.537374973297119 0.537199974060059 0.536189019680023 0.538389027118683 0.548883974552155 0.540911018848419 0.4704450070858 0.00125149998348206 0.000510660989675671 0.000511006976012141 0.000511878984980285 0.000512751983478665 0.000513625971507281 0.000514481973368675 0.000515320978593081 0.000516160973347723 0.000517002015840262 0.000517509004566818 0.00051784998504445 0.000518191023729742 0.00051851401804015 0.000518114014994353 0.000517731998115778 0.000517352018505335 0.000516892992891371 0.000516199972480536 0.000515507010277361 0.000514817016664892 0.000513949024025351 0.000512906000949442 0.000511866004671901 0.000510827987454832 0.000509841018356383 0.000508873024955392 0.000509592995513231 0.000510654994286597 0.000511493009980768
-3.4e+38 0.557016015052795 0.554219007492065 0.550911009311676 0.5485600233078 0.543623983860016 0.539898991584778 0.532791018486023 0.529489994049072 0.530257999897003 0.532711982727051 0.544076979160309 0.544463992118835 0.527028024196625 0.00242762011475861 0.000496605003718287 0.000496555003337562 0.000499802990816534 0.000507366028614342 0.000508313009049743 0.000508641009218991 0.000508897996041924 0.000509303994476795 0.000509711971972138 0.000511234975419939 0.000510302023030818 0.000511039979755878 0.000511778984218836 0.000512344995513558 0.00051291601266712 0.000513506995048374 0.000514260027557611 0.000515506020747125 0.000516287982463837 0.000516970991156995 0.000517711974680424 0.000518510001711547 0.00051909702597186 0.00051901099504903 0.000518760993145406 0.000517697015311569 0.000516636006068438 0.000515575986355543 0.000514668994583189
