results/Predictions/Median/Bajocian.asc
NCOLS 360 
NROWS 180 
XLLCORNER -180 
YLLCORNER -90 
CELLSIZE 1 
NODATA_value -3.4e+38 
[rows 40 to 59 of 180, columns 44 to 87 of 360]
3.77473006665241e-05 3.65734995284583e-05 3.5015898902202e-05 3.35030017595273e-05 3.20508988806978e-05 3.09743008983787e-05 3.00352003250737e-05 2.91037995339138e-05 2.8227399525349e-05 2.79623000096763e-05 2.77176004601642e-05 2.74752001132583e-05 2.72367997240508e-05 2.7090500225313e-05 2.69300999207189e-05 2.67676005023532e-05 2.64539994532242e-05 2.59800999629078e-05 2.55390004895162e-05 2.51290002779569e-05 2.48649994318839e-05 2.46699000854278e-05 2.44707007368561e-05 2.4310300432262e-05 2.42207006522221e-05 2.41313991864445e-05 2.4042499717325e-05 2.39362998399884e-05 2.3777800379321e-05 2.36203995882533e-05 2.34640992857749e-05 2.34151993936393e-05 2.34729996009264e-05 2.35308998526307e-05 2.35884999710834e-05 2.34053004533052e-05 2.31475005421089e-05 2.28908993449295e-05 2.26370993914315e-05 2.24889990931842e-05 2.23393999476684e-05 2.21888003579807e-05 2.20557994907722e-05 2.19717003346886e-05
6.07672991463915e-05 5.77366990910377e-05 5.50233999092598e-05 5.24384995514993e-05 4.99759989907034e-05 4.81651986774523e-05 4.66525016236119e-05 4.51634987257421e-05 4.37454982602503e-05 4.31414009653963e-05 4.25301004725043e-05 4.18636009271722e-05 4.12623994634487e-05 4.08326013712212e-05 4.0407401684206e-05 3.99599011871032e-05 3.92645015381277e-05 3.83346996386535e-05 3.74269984604325e-05 3.65406995115336e-05 3.5805300285574e-05 3.52546994690783e-05 3.45330990967341e-05 3.39721009368077e-05 3.36591983796097e-05 3.32993004121818e-05 3.29432004946284e-05 3.25654000334907e-05 3.21160005114507e-05 3.16838995786384e-05 3.12914016831201e-05 3.10516006720718e-05 3.09788010781631e-05 3.09060997096822e-05 3.08335002046078e-05 3.04531004076125e-05 2.99766998068662e-05 2.95078007184202e-05 2.90462994598784e-05 2.87071998172905e-05 2.83251993096201e-05 2.79483992926544e-05 2.76106002274901e-05 2.74009998975089e-05
9.70081018749624e-05 9.1903297288809e-05 8.69537980179302e-05 8.26280011096969e-05 7.83690993557684e-05 7.54837019485421e-05 7.30718966224231e-05 7.04893973306753e-05 6.78017968311906e-05 6.61133017274551e-05 6.45633990643546e-05 6.32497030892409e-05 6.19669008301571e-05 6.07223009865265e-05 5.97455982642714e-05 5.8885201724479e-05 5.76023012399673e-05 5.59586005692836e-05 5.4362099035643e-05 5.28115997440182e-05 5.14521016157232e-05 5.0105998525396e-05 4.88832010887563e-05 4.76476998301223e-05 4.6994500735309e-05 4.62032985524274e-05 4.54871988040395e-05 4.48005994257983e-05 4.40045987488702e-05 4.31316984759178e-05 4.24120007664897e-05 4.18134004576132e-05 4.11781984439585e-05 4.08113992307335e-05 4.02074983867351e-05 3.95222996303346e-05 3.87947984563652e-05 3.80655001208652e-05 3.74068004020955e-05 3.68572000297718e-05 3.63018007192295e-05 3.57034987246152e-05 3.520159953041e-05 3.47970017173793e-05
0.000133124005515128 0.000126084007206373 0.000119263997476082 0.000112850000732578 0.000107460000435822 0.000103951002529357 0.000100709999969695 9.7282201750204e-05 9.40024983719923e-05 9.18994992389344e-05 8.98380021681078e-05 8.78228020155802e-05 8.58889980008826e-05 8.41033979668282e-05 8.23541995487176e-05 8.06250973255374e-05 7.86750024417415e-05 7.65217992011458e-05 7.42163974791765e-05 7.15936985216103e-05 6.89583976054564e-05 6.70762019581161e-05 6.52727976557799e-05 6.35183969279751e-05 6.25183020019904e-05 6.12040967098437e-05 6.03459011472296e-05 5.90714007557835e-05 5.75974008825142e-05 5.6242301070597e-05 5.50896002096124e-05 5.41240988241043e-05 5.3024101362098e-05 5.19700988661498e-05 5.09370984218549e-05 4.99505003972445e-05 4.89060003019404e-05 4.78537003800739e-05 4.68245016236324e-05 4.58715003333054e-05 4.49381986982189e-05 4.40240000898484e-05 4.3183499656152e-05 4.25209982495289e-05
0.000177188005181961 0.000170059996889904 0.000163595002959482 0.00015575900033582 0.000147744998685084 0.000142688993946649 0.000139216004754417 0.000135744994622655 0.000132007000502199 0.00012809899635613 0.000124307000078261 0.000120960998174269 0.000117720002890565 0.000114561997179408 0.000111487002868671 0.000108419000753202 0.000105555998743512 0.000102669997431803 9.9488599516917e-05 9.56795993261039e-05 9.28191002458334e-05 8.98104990483262e-05 8.72289019753225e-05 8.47796982270665e-05 8.30642020446248e-05 8.12401995062828e-05 7.93994986452162e-05 7.73973006289452e-05 7.52242995076813e-05 7.3112198151648e-05 7.11639004293829e-05 6.9712201366201e-05 6.85643026372418e-05 6.74356997478753e-05 6.59799989080057e-05 6.43652965663932e-05 6.28253983450122e-05 6.1612699937541e-05 6.00183993810788e-05 5.84197987336665e-05 5.68639006814919e-05 5.53669015062042e-05 5.41976987733506e-05 5.3162901167525e-05
0.000227714001084678 0.000220155998249538 0.000209966994589195 0.0002002520050155 0.000190941995242611 0.000184528005775064 0.000180426999577321 0.000176375993760303 0.000171663996297866 0.000167270001838915 0.000163702003192157 0.000159247007104568 0.000154319001012482 0.000149807994603179 0.000145604994031601 0.00014157900295686 0.000137472001370043 0.000133331996039487 0.000129602005472407 0.000125987004139461 0.000122597004519776 0.000118344003567472 0.000114857997687068 0.000111512999865226 0.000108895997982472 0.00010593199840514 0.000103047997981776 0.000100110002676956 9.7151700174436e-05 9.44287967286073e-05 9.16631979634985e-05 8.95050980034284e-05 8.72485034051351e-05 8.47155024530366e-05 8.25329989311285e-05 8.05321978987195e-05 7.85649972385727e-05 7.66458979342133e-05 7.47736994526349e-05 7.31118998373859e-05 7.15037022018805e-05 6.97170980856754e-05 6.79044969729148e-05 6.63500977680087e-05
0.000269056996330619 0.000258726999163628 0.000249400007305667 0.00024317299539689 0.000236854000831954 0.000229490993660875 0.000222998001845554 0.000216721004107967 0.000212618993828073 0.00020848099666182 0.000204013995244168 0.000198274996364489 0.000192068997421302 0.000186289995326661 0.000181965006049722 0.000175433000549674 0.000170644998434 0.000167659993167035 0.000164351993589662 0.000160292998771183 0.000155913003254682 0.000151040992932394 0.0001472699950682 0.000142614997457713 0.000139374998980202 0.000136208996991627 0.000133178997202776 0.000129670006572269 0.000125838007079437 0.000121955999929924 0.000118137002573349 0.0001147930015577 0.000111692002974451 0.000108674001239706 0.000105737999547273 0.000102774996776134 9.9986900750082e-05 9.74334980128333e-05 9.49453024077229e-05 9.24182968446985e-05 8.99584993021563e-05 8.73769022291526e-05 8.48866984597407e-05 8.30157005111687e-05
0.000313992990413681 0.000305869005387649 0.000298539991490543 0.000291466014459729 0.000284559006104246 0.00027720199432224 0.000270972988801077 0.000264177011558786 0.000257328996667638 0.000250587007030845 0.000244021997787058 0.000237628002651036 0.000231454003369436 0.000225590993068181 0.000219876994378865 0.000214307001442648 0.00020926000433974 0.000204098003450781 0.000197479996131733 0.000192773004528135 0.000187648998689838 0.000184300006367266 0.000180235001607798 0.000176019995706156 0.000172212996403687 0.00016968599811662 0.000166230005561374 0.000163428005180322 0.000158983995788731 0.000154084002133459 0.000150951993418857 0.000146127000334673 0.000142271994263865 0.000138928997330368 0.000135665002744645 0.000131923996377736 0.00012799899559468 0.000124593003420159 0.00012093799887225 0.000117114002932794 0.000113517002318986 0.000110471999505535 0.000107423002191354 0.000105332997918595
0.000348864996340126 0.000340383994625881 0.000333275995217264 0.000326320005115122 0.000319512007990852 0.000312632997520268 0.000307954993331805 0.000302039989037439 0.000295514997560531 0.000288909999653697 0.00028224301058799 0.000276714999927208 0.00027117200079374 0.000265279988525435 0.000259016989730299 0.000251755001954734 0.000246852985583246 0.000241818997892551 0.000236887994105928 0.000232057005632669 0.000227267999434844 0.000222557995584793 0.000217954002437182 0.000213591993087903 0.000209963996894658 0.000206395998247899 0.000203054005396552 0.000199936999706551 0.000195557993720286 0.000190307997399941 0.000186197998118587 0.000181363997398876 0.000177887006429955 0.000173698004800826 0.000168693004525267 0.000164555996889248 0.000159557996084914 0.000154730005306192 0.000152331005665474 0.000148352002725005 0.000144128003739752 0.000140023999847472 0.000136476999614388 0.00013368199870456
0.000385369989089668 0.000380501995095983 0.000376707001123577 0.000370333000319079 0.00036227100645192 0.000354045012500137 0.000347866007359698 0.000341953011229634 0.000334688986185938 0.000328132009599358 0.000322562002111226 0.000317755009746179 0.000312615011353046 0.000307920010527596 0.000303420994896442 0.000297283986583352 0.000293676013825461 0.00028930400731042 0.000285390007775277 0.000281560001894832 0.000276281993137673 0.000271158991381526 0.000265350012341514 0.000260161003097892 0.000255480990745127 0.000250776007305831 0.000246473995503038 0.000242017995333299 0.000236349005717784 0.000229943005251698 0.000225312993279658 0.000220422996790148 0.000215526000829414 0.000211335995118134 0.000206094002351165 0.000200669004698284 0.000195508997421712 0.000190742997801863 0.00018609399558045 0.00018204799562227 0.000178115995367989 0.000174297994817607 0.000170497005456127 0.000166355006513186
0.000434758985647932 0.000428580999141559 0.000424667989136651 0.000421403994550928 0.000419177988078445 0.000410865002777427 0.000401666999096051 0.000396107992855832 0.000386958010494709 0.00038434800808318 0.00038077900535427 0.0003756360092666 0.000370910012861714 0.000362385995686054 0.000355980009771883 0.000350084010278806 0.000343889987561852 0.000339905003784224 0.00033661798806861 0.000334037002176046 0.000327674992149696 0.000322556006722152 0.000316904013743624 0.000311492010951042 0.000308071990730241 0.000304913002764806 0.000301068008411676 0.000296846992569044 0.000289079005597159 0.000283250992652029 0.000277542014373466 0.000270190997980535 0.000262571003986523 0.000256778002949432 0.000249589007580653 0.000242932001128793 0.000236805994063616 0.000230720994295552 0.000224311006604694 0.000219692999962717 0.000215068997931667 0.000210430996958166 0.000205907999770716 0.000201185001060367
0.000463659001979977 0.000463072006823495 0.000464001990621909 0.000464298005681485 0.000466527999378741 0.000463770003989339 0.000460803013993427 0.000457409012597054 0.000452820007922128 0.000451845000497997 0.000449490005848929 0.000446997000835836 0.000442699994891882 0.000435257010394707 0.00042833699262701 0.000422339013312012 0.000415198999689892 0.000413052999647334 0.000408919004257768 0.000404401012929156 0.00039736001053825 0.000390239001717418 0.000383245991542935 0.000375489005818963 0.000368904002243653 0.000363675004336983 0.000362504011718556 0.000356063013896346 0.000346485001500696 0.000338621000992134 0.000331752991769463 0.000322003994369879 0.000315888988552615 0.000309638009639457 0.000304821005556732 0.000295100995572284 0.000286850990960374 0.000280628999462351 0.000272461009444669 0.000265862006926909 0.000260892993537709 0.000253818987403065 0.000248021999141201 0.000241072993958369
0.000492568011395633 0.000491255021188408 0.000491346989292651 0.000490155012812465 0.000489812984596938 0.000487446988699958 0.000484704010887071 0.000483125011669472 0.000481536990264431 0.000482484989333898 0.00048223600606434 0.000481639988720417 0.000479537004139274 0.000478294998174533 0.000477177003631368 0.000475117994938046 0.000472271989565343 0.000469554011942819 0.000468601996544749 0.000467942008981481 0.000465924007585272 0.000460807990748435 0.000455547007732093 0.000450346997240558 0.000447266007540748 0.000441698997747153 0.000437946990132332 0.000430203013820574 0.000420147000113502 0.000410073000239208 0.000398550997488201 0.000389516993891448 0.000381188991013914 0.000369215005775914 0.000360979989636689 0.000352053000824526 0.000342715007718652 0.000333503005094826 0.000323484011460096 0.000317016994813457 0.000310258998069912 0.000305135996313766 0.000300240004435182 0.000291729986201972
0.000504265015479177 0.000503625022247434 0.000503284973092377 0.00050323799951002 0.000505177013110369 0.000504488009028137 0.000502971990499645 0.000500824011396617 0.000498574983794242 0.000498368986882269 0.000498099019750953 0.000497824978083372 0.000497532018925995 0.00049600302008912 0.000496243010275066 0.00049560097977519 0.000494479027111083 0.000492253981065005 0.000491898972541094 0.000491545011755079 0.000489616009872407 0.000486420991364866 0.000483181996969506 0.000480073998915032 0.000477372988825664 0.000475734006613493 0.000474816013593227 0.000472821004223078 0.000467465986730531 0.000460654002381489 0.000451227009762079 0.000444400007836521 0.000438159011537209 0.00042920300620608 0.000419771007727832 0.000410632987041026 0.000398447009501979 0.000386386993341148 0.000375947012798861 0.000365958985639736 0.000356397998984903 0.00034961401252076 0.000342523999279365 0.000332772004185244
0.000512078986503184 0.000512338010594249 0.000512645987328142 0.000513444014359266 0.000514242972712964 0.000514018000103533 0.000513452978339046 0.000513050996232778 0.000512705999426544 0.000512379978317767 0.000512406986672431 0.0005124980234541 0.000512461003381759 0.000511527003254741 0.000509771984070539 0.000508608995005488 0.000507985008880496 0.000507396005559713 0.000506807991769165 0.000506219977978617 0.000504756986629218 0.000501801026985049 0.000500030990224332 0.000498469977173954 0.000497463974170387 0.000496849010232836 0.000495046027936041 0.000492692983243614 0.000489674974232912 0.000486415985506028 0.000482837000163272 0.000479987997096032 0.000475517997983843 0.000471876002848148 0.000467795005533844 0.000462630006950349 0.00045538300764747 0.000445579004008323 0.000436294008977711 0.000428363011451438 0.000417742994613945 0.000407562009058893 0.000396894000004977 0.000383139005862176
0.000518126995302737 0.00051883899141103 0.000519123976118863 0.000519410998094827 0.000519696972332895 0.000519953027833253 0.000519749999511987 0.000519794004503638 0.000519978988450021 0.000520178989972919 0.000520378991495818 0.000520578993018717 0.000520605011843145 0.00052053399849683 0.000520462985150516 0.000520391971804202 0.000520341971423477 0.000520166009664536 0.000519688008353114 0.000519110995810479 0.000518545974045992 0.000518113025464118 0.000517576991114765 0.000515840016305447 0.000513528008013964 0.000510132987983525 0.000508785014972091 0.000507329008542001 0.000505539996083826 0.000501214002724737 0.000498930981848389 0.000495326996315271 0.000492885010316968 0.000490210019052029 0.000486789009300992 0.000482239993289113 0.000480499002151191 0.000476402987260371 0.000472983985673636 0.000469938007881865 0.000467153993668035 0.000461315008578822 0.000451244995929301 0.00043901099707
0.000523306021932513 0.00052449299255386 0.000525231007486582 0.000525238981936127 0.000524447998031974 0.000524564005900174 0.000524524017237127 0.000524090020917356 0.000523626978974789 0.000523302005603909 0.000522976974025369 0.00052265397971496 0.000522573012858629 0.000522640999406576 0.000522729998920113 0.000522913003806025 0.000523095019161701 0.00052327400771901 0.000523452996276319 0.000523632974363863 0.000523826980497688 0.000524026982020587 0.00052422599401325 0.000524418021086603 0.000523990020155907 0.000523453985806555 0.00052254501497373 0.000521412002854049 0.000517464010044932 0.000513549020979553 0.000510432990267873 0.000508256023749709 0.00050563202239573 0.000501948990859091 0.000498312001582235 0.000495402025990188 0.000492457009386271 0.000490078004077077 0.000486992998048663 0.000483648997033015 0.000480979011626914 0.00047863699728623 0.00047541200183332 0.000469844992039725
0.000531738973222673 0.000532319012563676 0.000532501027919352 0.000532681995537132 0.000532864010892808 0.000532654987182468 0.000532315985765308 0.000531976984348148 0.000531008990947157 0.000529884011484683 0.000529205019120127 0.000529329990968108 0.000529438024386764 0.000529496988747269 0.000529557000845671 0.000529616023413837 0.00052989402320236 0.00053039297927171 0.000530891004018486 0.000530922028701752 0.000530480989255011 0.000529929995536804 0.000529380980879068 0.0005288349930197 0.000527567986864597 0.000526305986568332 0.000525048992130905 0.000523782975506037 0.000522628019098192 0.000521981972269714 0.000520633009728044 0.000518732005730271 0.000515490013640374 0.000511870021000504 0.00050827901577577 0.000505039002746344 0.00050354702398181 0.00050023099174723 0.000498204026371241 0.000495566986501217 0.000492903986014426 0.00049025600310415 0.000487190001877025 0.000481786992168054
0.000533841026481241 0.000533763028215617 0.000533556973095983 0.000533352023921907 0.000533148006070405 0.000532726990059018 0.000532448990270495 0.000532375008333474 0.000532301026396453 0.000532176985871047 0.000532053003553301 0.000531929021235555 0.000531818019226193 0.000531747005879879 0.000531275989487767 0.000530706020072103 0.00053014000877738 0.000529579003341496 0.000529588025528938 0.000530137971509248 0.000529985001776367 0.000528721022419631 0.000527461001183838 0.000526206975337118 0.000524534028954804 0.000522896996699274 0.000521771027706563 0.000520933012012392 0.000520395988132805 0.000519859022460878 0.000519322988111526 0.000518797023687512 0.000518194981850684 0.000516669999342412 0.000514436978846788 0.000511726015247405 0.000506474985741079 0.000504522991832346 0.000502580020111054 0.000499791000038385 0.000496636028401554 0.000494015985168517 0.000490878010168672 0.000487306009745225
0.000536780979018658 0.000536443025339395 0.000536084990017116 0.000535655010025948 0.00053522497182712 0.000535303028300405 0.000535046972800046 0.00053460500203073 0.00053416402079165 0.000533442012965679 0.000532720994669944 0.000532002013642341 0.000531290017534047 0.000530601013451815 0.000529912998899817 0.000529227021615952 0.0005291230045259 0.00052939698798582 0.000529877026565373 0.000530255027115345 0.000529844022821635 0.00052895798580721 0.000528015021700412 0.000526950985658914 0.000525713025126606 0.000524680013768375 0.00052364997100085 0.000522606016602367 0.000521522015333176 0.000520439993124455 0.000518905988428742 0.000518195971380919 0.000517707027029246 0.000517138978466392 0.000516252999659628 0.000515278021339327 0.000513973995111883 0.00051265099318698 0.000511331018060446 0.000506235985085368 0.000502874027006328 0.000500104972161353 0.000495047017466277 0.000490611011628062
