results/Predictions/Median/Bajocian.asc
NCOLS 360 
NROWS 180 
XLLCORNER -180 
YLLCORNER -90 
CELLSIZE 1 
NODATA_value -3.4e+38 
[rows 60 to 79 of 180, columns 308 to 351 of 360]
-3.4e+38 0.546813011169434 0.550145983695984 0.551854014396667 0.542200982570648 0.469471991062164 0.353664994239807 0.348107010126114 0.362681001424789 0.399163991212845 0.4391930103302 0.441119998693466 0.40107399225235 0.35291600227356 0.361553996801376 0.438477993011475 0.477403998374939 0.522189021110535 0.533456027507782 0.0144713995978236 0.000543740985449404 0.000545854971278459 0.000546429015230387 0.000545173010323197 0.000544600014109164 0.000543660018593073 0.000540941022336483 0.000538789026904851 0.000536836974788457 0.000534116989001632 0.000528925971593708 0.000522611022461206 0.000517937995027751 0.000515168008860201 0.000514534011017531 0.000513611012138426 0.000510547019075602 0.00050990900490433 0.00050988100701943 0.000509109988342971 0.000508903001900762 0.000509670004248619 0.000512701983097941 0.000517087988555431
-3.4e+38 0.552550971508026 0.559535980224609 0.557372987270355 0.434572994709015 0.353727996349335 0.327517002820969 0.325637996196747 0.333974987268448 0.358579009771347 0.393276989459991 0.39003598690033 0.337411999702454 0.314420998096466 0.340599000453949 0.392526000738144 0.542904019355774 0.474009990692139 0.561029970645905 0.0885270982980728 0.000570875010453165 0.000569150026421994 0.000569108000490814 0.000568535004276782 0.000567962997592986 0.000565626018214971 0.000550303026102483 0.000546498980838805 0.000543690985068679 0.000540260982234031 0.000537751999218017 0.000535254017449915 0.000532366975676268 0.000527483993209898 0.000526286021340638 0.000524262024555355 0.000523126975167543 0.000522363989148289 0.000521060021128505 0.000522405025549233 0.000520357978530228 0.00052165100350976 0.000526515010278672 0.000531588972080499
-3.4e+38 0.563268005847931 0.571494996547699 0.55691397190094 0.373609989881516 0.349501997232437 0.339637994766235 0.350246995687485 0.340398013591766 0.336573004722595 0.356873989105225 0.36565300822258 0.45634400844574 0.5519859790802 0.568859994411469 0.5747150182724 -3.4e+38 0.581228971481323 0.572333991527557 0.000573743018321693 0.000573910016100854 0.000574029982089996 0.000573489989619702 0.000572422984987497 0.00056969397701323 0.000565223977901042 0.000569162017200142 0.000568079994991422 0.000560238026082516 0.000551836972590536 0.000546465977095068 0.00054350501159206 0.000541164015885442 0.000537976971827447 0.000536439998541027 0.000534907972905785 0.000533381011337042 0.00053448899416253 0.0005370780127123 0.000540068023838103 0.000541022978723049 0.000542373978532851 0.000548519019503146 0.000553503981791437
0.562183976173401 0.564774990081787 0.567462027072906 0.508472979068756 0.540162980556488 0.547082006931305 0.550235986709595 0.556411981582642 0.561798989772797 0.568250000476837 0.570836007595062 0.577692985534668 -3.4e+38 -3.4e+38 0.580775022506714 0.571650981903076 0.566691994667053 0.00535855023190379 0.00057524599833414 0.000575344020035118 0.000575114972889423 0.000574886973481625 0.000573560013435781 0.000571328972000629 0.000570323027204722 0.000569319992791861 0.00056850299006328 0.000557055987883359 0.00056699599372223 0.000566244008950889 0.000560184009373188 0.000556986022274941 0.000550127995666116 0.000545892980881035 0.000545007002074271 0.000544534996151924 0.000544556998647749 0.000545152986887842 0.000546259980183095 0.000547299976460636 0.000548009993508458 0.000550078984815627 0.0005528160254471 0.000558488012757152
0.567677021026611 0.567063987255096 0.555504024028778 0.569019973278046 -3.4e+38 -3.4e+38 -3.4e+38 -3.4e+38 0.564631998538971 0.570501983165741 0.578289985656738 0.57278299331665 0.574627995491028 0.374821990728378 0.000971066998317838 0.000574558973312378 0.000574606994632632 0.000573956000152975 0.000573403027374297 0.000573138997424394 0.000572875025682151 0.000571814016439021 0.000571126001887023 0.000570202013477683 0.000569208001252264 0.000568223011214286 0.000567272014450282 0.000567401002626866 0.000566995004191995 0.000559813983272761 0.000564780028071254 0.000564871996175498 0.000563941022846848 0.00056124699767679 0.000556153012439609 0.000555068021640182 0.000550487020518631 0.000550220021978021 0.000550239987205714 0.000550259021110833 0.000550876022316515 0.000555238977540284 0.000555231003090739 0.00055357301607728
0.550756990909576 0.538280010223389 0.323027998209 0.567915976047516 0.568424999713898 0.567517995834351 0.565636992454529 0.556955993175507 0.548740983009338 0.0248425006866455 0.00057492102496326 0.000575673009734601 0.000575214973650873 0.000573967001400888 0.000573246972635388 0.000573344004806131 0.000573279976379126 0.000573212979361415 0.000573289988096803 0.000571816985029727 0.000570091011468321 0.00056964997202158 0.000569126976188272 0.00056842400226742 0.000565839000046253 0.000565133988857269 0.000564871006645262 0.000566388014703989 0.000567906012292951 0.000568162999115884 0.000565553025808185 0.000562954985070974 0.000564021000172943 0.000563498993869871 0.000561913009732962 0.000561791996005923 0.000558504019863904 0.000556581013370305 0.000553526973817497 0.000553874007891864 0.000553226971533149 0.000553027028217912 0.000553662015590817 0.000554970989469439
0.00447785016149282 0.00283080991357565 0.00681971991434693 0.0180073007941246 0.00449316017329693 0.0124177001416683 0.00610963022336364 0.000979523989371955 0.000615890021435916 0.000566066999454051 0.000570266973227262 0.000571422977373004 0.000571327982470393 0.00057123601436615 0.000571144977584481 0.000571318028960377 0.000570811971556395 0.000570307020097971 0.000569912022911012 0.000569848984014243 0.00056978699285537 0.000569152005482465 0.000567227019928396 0.000566757982596755 0.000566334987524897 0.000565214024391025 0.00056640402181074 0.000568656018003821 0.00056939001660794 0.000569492985960096 0.000569420983083546 0.000569235009606928 0.000567516020964831 0.00056925998069346 0.00056517100892961 0.000562831992283463 0.000561662018299103 0.000559861015062779 0.000557989988010377 0.000557645980734378 0.000557647028472275 0.000558741972781718 0.000560933025553823 0.000561735010705888
0.000544185983017087 0.000543206988368183 0.00054775201715529 0.000563529029022902 0.000556495971977711 0.000559280975721776 0.000562036002520472 0.000564081012271345 0.000564810005016625 0.00056483200751245 0.000564854999538511 0.000565486028790474 0.000566321017686278 0.000567157985642552 0.000567910028621554 0.000567274983040988 0.000566640985198319 0.000566007976885885 0.000566304021049291 0.000566294009331614 0.000566283997613937 0.000566276023164392 0.000568007992114872 0.000568192976061255 0.000567930983379483 0.000567079987376928 0.000568138028029352 0.000569979019928724 0.000574685982428491 0.000576570979319513 0.000576418999116868 0.000575750018469989 0.000573407975025475 0.000573650992009789 0.000574512989260256 0.00057243398623541 0.000570046016946435 0.000568512012250721 0.000564623973332345 0.000566356990020722 0.000568612013012171 0.000570431991945952 0.000570370990317315 0.000571922981180251
0.000540254986844957 0.000544722017366439 0.000546907016541809 0.00054812798043713 0.000550287018995732 0.000552233017515391 0.000554297992493957 0.000553101999685168 0.000552156998310238 0.000553441990632564 0.000554730009753257 0.00055564398644492 0.000558096973691136 0.000558454019483179 0.000559606007300317 0.000560625980142504 0.000560124986805022 0.00055962399346754 0.000559823994990438 0.000561172026209533 0.000561963010113686 0.000563882989808917 0.000564948015380651 0.000566629983950406 0.000566393020562828 0.000569207011722028 0.000571328972000629 0.000572548015043139 0.0005751249846071 0.000577032973524183 0.000575606012716889 0.000574411998968571 0.000574265024624765 0.000573255005292594 0.000574513978790492 0.000574646983295679 0.000574928999412805 0.000574452977161855 0.000571760989259928 0.000572886026930064 0.000574535981286317 0.000576057005673647 0.000576784019358456 0.000576181977521628
0.000541693007107824 0.000538780994247645 0.000540370994713157 0.000541832996532321 0.000541999004781246 0.000542165013030171 0.000542331021279097 0.000543301983270794 0.000545064976904541 0.000546808005310595 0.00054853199981153 0.000548732001334429 0.000548986019566655 0.000549883989151567 0.000549775024410337 0.000550109019968659 0.000552040990442038 0.000553314981516451 0.000555019010789692 0.000558778992854059 0.000561119988560677 0.000561334018129855 0.000563597015570849 0.000565225025638938 0.000567606999538839 0.000572182994801551 0.000568231975194067 0.000569033029023558 0.000573755009099841 0.000575341982766986 0.000573235971387476 0.000574610021430999 0.000575985992327332 0.00057482102420181 0.000578316976316273 0.000578741019126028 0.000580148014705628 0.000575816025957465 0.000575456011574715 0.000577236001845449 0.000578520994167775 0.000579327985178679 0.000580355001147836 0.000580894004087895
0.00234217010438442 0.000533730024471879 0.000533628975972533 0.000534504011739045 0.000534612976480275 0.000535322003997862 0.000536032021045685 0.000536961015313864 0.000538113003131002 0.000539267028216273 0.00054042402189225 0.000540613022167236 0.000541638990398496 0.000542996975127608 0.000544358976185322 0.000546964991372079 0.000548917974811047 0.00055207998957485 0.000553476973436773 0.000554480007849634 0.000555916980374604 0.000560767017304897 0.000560916028916836 0.000565032998565584 0.000565006979741156 0.000565384980291128 0.000570415984839201 0.000569017021916807 0.000570803007576615 0.000577101018279791 0.000575627025682479 0.000575327023398131 0.000576696998905391 0.000579337007366121 0.00058082997566089 0.000582663982640952 0.000583397981245071 0.000579166982788593 0.000579189974814653 0.000580849999096245 0.00058232998708263 0.000583300017751753 0.000583664979785681 0.000584033026825637
0.536471009254456 0.0533068999648094 0.000787733006291091 0.000532391015440226 0.000531688972841948 0.000530989025719464 0.000530289020389318 0.000529716024175286 0.000529269978869706 0.000531876983586699 0.000535389990545809 0.000537839019671082 0.000539936008863151 0.000541487999726087 0.000541222980245948 0.000543482019566 0.000544404028914869 0.000547008996363729 0.000549032003618777 0.000552770972717553 0.000556536018848419 0.000559228996280581 0.000559221021831036 0.000560861022677273 0.000563392997719347 0.000567530980333686 0.000568069983273745 0.000568930001463741 0.000570405973121524 0.00057565001770854 0.000578689971007407 0.00058174500009045 0.00058481702581048 0.000576324004214257 0.000580221996642649 0.000581129977945238 0.000582724984269589 0.000578307022806257 0.000576624006498605 0.000573526020161808 0.000575525977183133 0.000576355028897524 0.000578726001549512 0.000579648010898381
0.558004021644592 0.554584980010986 0.426137000322342 0.062926396727562 0.00241252011619508 0.000586304988246411 0.00053540599765256 0.000536138017196208 0.000536755018401891 0.000537373009137809 0.000537990999873728 0.000538270978722721 0.000539909000508487 0.000540541019290686 0.000542514026165009 0.000543645990546793 0.000545290007721633 0.000546940020285547 0.000548876007087529 0.000551660021301359 0.000554459984414279 0.000557411985937506 0.000560420972760767 0.000561958004254848 0.000562276982236654 0.000561752996873111 0.000564660993404686 0.000571089971344918 0.000569643976632506 0.000573159020859748 0.000575630983803421 0.000578101025894284 0.000578375009354204 0.000579673971515149 0.000573902972973883 0.000581505009904504 0.000583719986025244 0.00057815999025479 0.000576390011701733 0.000574072997551411 0.00057434500195086 0.000574091973248869 0.000574406003579497 0.000575957004912198
0.559836983680725 0.55902898311615 0.559132993221283 0.555737018585205 0.54262101650238 0.346504002809525 0.000896679004654288 0.00054129702039063 0.000542122987098992 0.000542989990208298 0.000543839007150382 0.000545036979019642 0.000545815972145647 0.000547215982805938 0.000547801028005779 0.000547848991118371 0.000548448006156832 0.000548752024769783 0.000549270014744252 0.000550576020032167 0.000553746009245515 0.000555288977921009 0.000557700986973941 0.000557795981876552 0.000557108025532216 0.000556542014237493 0.000558450003154576 0.000560431974008679 0.000563498993869871 0.000566178001463413 0.000569329014979303 0.000571916985791177 0.000574517995119095 0.000575346988625824 0.000567128998227417 0.00057146797189489 0.000574643025174737 0.000568817020393908 0.000568492978345603 0.000568475981708616 0.00056836602743715 0.000566869974136353 0.000568058982025832 0.000569458992686123
0.560961008071899 0.561598002910614 0.563753008842468 0.563560009002686 0.561775028705597 0.5451740026474 0.0151006001979113 0.000548652024008334 0.000549333984963596 0.000550016004126519 0.000550776021555066 0.000551517005078495 0.000552624987903982 0.000553568010218441 0.000555225007701665 0.000556146027520299 0.000557069026399404 0.00055799400433898 0.000559078005608171 0.000560635002329946 0.000562196015380323 0.000561008986551315 0.000559467996936291 0.000559825974050909 0.000558471016120166 0.000557110994122922 0.000557637016754597 0.000558285973966122 0.000558712985366583 0.000559427018743008 0.000560974993277341 0.000562734028790146 0.000564611982554197 0.000568587973248214 0.000563824025448412 0.000566078990232199 0.000566880975384265 0.000565946975257248 0.000565373979043216 0.000563761976081878 0.000564082991331816 0.000560811022296548 0.000561161024961621 0.000563735025934875
0.564921975135803 0.565692007541656 0.56624299287796 0.566493988037109 0.564438998699188 0.549300014972687 0.00260486011393368 0.000554847007151693 0.000555663020350039 0.000557199004106224 0.000557837018277496 0.000558300991542637 0.000558707979507744 0.000560127024073154 0.000562023022212088 0.000563761976081878 0.000565506983548403 0.000566683011129498 0.000567719980608672 0.000567647977732122 0.000567024981137365 0.000566402974072844 0.00056571199093014 0.000563385023269802 0.000562457018531859 0.000562874018214643 0.000562990026082844 0.000563325011171401 0.00056394498096779 0.000564656977076083 0.000565123977139592 0.000565292022656649 0.000564498011954129 0.000566517002880573 0.000566939008422196 0.000563788984436542 0.000563947018235922 0.000561587978154421 0.000557716004550457 0.000558605999685824 0.00055911298841238 0.00055980501929298 0.000560462998691946 0.000559512991458178
0.564113974571228 0.565702974796295 0.566493988037109 0.567622005939484 0.568000018596649 0.551958024501801 0.00056274002417922 0.000563636014703661 0.000564816000405699 0.000566035974770784 0.000567028007935733 0.000567689014133066 0.000568262010347098 0.00056883500656113 0.000569409981835634 0.000570384028833359 0.000572087010368705 0.000573120021726936 0.000572493008803576 0.000571834971196949 0.000571572978515178 0.000570910982787609 0.000569764000829309 0.000568911025766283 0.000568802992347628 0.000569090014323592 0.000569429015740752 0.00056978699285537 0.000568919989746064 0.000569168012589216 0.00056980102090165 0.000571264012251049 0.000570624019019306 0.000570159987546504 0.00057043501874432 0.000569680007174611 0.000566365022677928 0.000566626025829464 0.000563922978471965 0.000562926987186074 0.00056294200476259 0.000561092980206013 0.000560196000151336 0.00055823300499469
0.572368025779724 0.57559198141098 -3.4e+38 0.57785701751709 0.571721017360687 0.0601360015571117 0.000571183976717293 0.000572328979615122 0.000574033998418599 0.000575744023080915 0.000577459984924644 0.000578904990106821 0.000579842017032206 0.000579771993216127 0.000579260988160968 0.00057863601250574 0.000578743987716734 0.000580410996917635 0.000580759020522237 0.00057832698803395 0.000575905025471002 0.000575046986341476 0.000574916019104421 0.000575067999307066 0.000575221027247608 0.000575374986510724 0.000575612997636199 0.000575879006646574 0.000576146994717419 0.000576151011046022 0.0005767039838247 0.000576993974391371 0.000576355028897524 0.000575175974518061 0.00057471398031339 0.000575680984184146 0.000571660988498479 0.000571435026358813 0.000571309996303171 0.000568429008126259 0.00056835898431018 0.000568140996620059 0.000567311013583094 0.000563474022783339
-3.4e+38 0.578876972198486 0.568943023681641 0.559306025505066 0.0256571006029844 0.000579531013499945 0.000580134976189584 0.000581239990424365 0.000582846987526864 0.000584459980018437 0.000584352004807442 0.000583878019824624 0.000583267014008015 0.000582656008191407 0.000582045991905034 0.000582790991757065 0.000584424997214228 0.000583525979891419 0.000581402971874923 0.000579577987082303 0.000578815001063049 0.00057885202113539 0.000579043990001082 0.000579222978558391 0.000579403014853597 0.000579582992941141 0.000579810002818704 0.000580053019803017 0.00058029597857967 0.000580827996600419 0.000580733991228044 0.000580400985199958 0.000579180021304637 0.000578347011469305 0.00057864299742505 0.00057893997291103 0.000577557017095387 0.000573365017771721 0.000575367012061179 0.000574504025280476 0.000570675008930266 0.000572989985812455 0.000571922981180251 0.00056938297348097
0.213891997933388 0.0197882000356913 0.000737319001927972 0.000583808985538781 0.000584607012569904 0.000585405970923603 0.000586208014283329 0.000587230024393648 0.000588058028370142 0.000587828981224447 0.000587600981816649 0.000586999987717718 0.000586310983635485 0.000585893983952701 0.00058698799693957 0.00058826501481235 0.000586207024753094 0.000584156019613147 0.000583968008868396 0.000583102984819561 0.000583101995289326 0.00058310100575909 0.000583202985581011 0.000583408982492983 0.000583614979404956 0.000583822024054825 0.000584037974476814 0.000584170978982002 0.000584856024943292 0.000585542991757393 0.000584537978284061 0.000583274988457561 0.000582016014959663 0.000581273983698338 0.00058062601601705 0.000580301973968744 0.000580212974455208 0.000579625018872321 0.000579154002480209 0.000580021005589515 0.000577709986828268 0.000575730984564871 0.000576435006223619 0.000573382014408708
