results/Predictions/Median/Barremian.asc
NCOLS 360 
NROWS 180 
XLLCORNER -180 
YLLCORNER -90 
CELLSIZE 1 
NODATA_value -3.4e+38 
[rows 140 to 159 of 180, columns 132 to 175 of 360]
1.49793004311505e-05 1.53387991304044e-05 1.57069007400423e-05 1.60991003212985e-05 1.6622199837002e-05 1.71045994648011e-05 1.74574997799937e-05 1.78268001036486e-05 1.80585993803106e-05 1.89682996278862e-05 0.0416842997074127 -3.4e+38 0.0414300002157688 0.00722545012831688 0.00352482008747756 0.00347020989283919 0.00690010003745556 0.0152134001255035 0.0185473002493382 0.0114817004650831 0.00591203011572361 0.0055985301733017 0.0104885995388031 0.0422677993774414 0.0440470986068249 -3.4e+38 -3.4e+38 0.0530344992876053 0.052726399153471 0.000655652023851871 3.44844011124223e-05 2.8089600164094e-05 2.59757998719579e-05 2.67712002823828e-05 2.69141000899253e-05 2.78297993645538e-05 2.86252998193959e-05 2.74624999292428e-05 2.70584005193086e-05 2.71049993898487e-05 2.65691996901296e-05 2.65649996435968e-05 2.44257007580018e-05 2.35014995269012e-05
1.34117999550654e-05 1.37160996018793e-05 1.40474003273994e-05 1.43909001053544e-05 1.48101999002392e-05 1.61875996127492e-05 1.57980994117679e-05 1.60978997882921e-05 1.64901994139655e-05 1.68921997101279e-05 0.00345990993082523 0.0386445000767708 0.0404721982777119 0.00818507000803947 0.00105076003819704 0.000734116998501122 0.0020152700599283 0.00938666984438896 0.0252337008714676 0.00943369977176189 0.00165299000218511 0.000513436971232295 0.000546142982784659 0.00181147002149373 0.0134223997592926 0.0396931990981102 0.0439820997416973 0.0122651001438498 5.68042996746954e-05 2.41489997279132e-05 2.3109800167731e-05 2.21154004975688e-05 2.13880994124338e-05 2.11169008252909e-05 2.0839999706368e-05 2.06530003197258e-05 2.06330005312338e-05 2.01972998183919e-05 1.99398000404472e-05 1.96842993318569e-05 1.93979994946858e-05 1.87841997103533e-05 1.8137599909096e-05 1.76652993104653e-05
1.20205004350282e-05 1.22683004519786e-05 1.25761998788221e-05 1.3707500329474e-05 5.80812993575819e-05 4.30869004048873e-05 1.4428799659072e-05 1.42804001370678e-05 1.46975999086862e-05 1.51271997310687e-05 1.55694997374667e-05 2.20764995901845e-05 0.00012838099792134 4.27382001362275e-05 2.95476002065698e-05 3.0135899578454e-05 5.57847997697536e-05 0.000591273012105376 0.0052687400020659 0.00130756001453847 6.26024993835017e-05 3.03155993606197e-05 2.57174997386755e-05 2.53649996011518e-05 2.61639997916063e-05 2.42740006797248e-05 2.12738996197004e-05 2.01598995772656e-05 2.0155299353064e-05 1.95775992324343e-05 1.85689004865708e-05 1.7612199371797e-05 1.67876005434664e-05 1.62169999384787e-05 1.57711001520511e-05 1.53289001900703e-05 1.48991002788534e-05 1.48005001392448e-05 1.47038999784854e-05 1.46599004438031e-05 1.46009997479268e-05 1.39517997013172e-05 1.34433003040613e-05 1.31406995933503e-05
1.09446000351454e-05 1.11998997454066e-05 1.70170005731052e-05 0.00433555990457535 0.022392900660634 0.00371200009249151 1.55246998474468e-05 1.28400997709832e-05 1.31119004436187e-05 1.34785996124265e-05 1.38555997182266e-05 1.42011003845255e-05 1.45513004099485e-05 1.51872000060393e-05 1.56883997988189e-05 1.6095600585686e-05 1.68916994880419e-05 1.91732997336658e-05 2.29944998864084e-05 2.06644999707351e-05 1.80591996468138e-05 1.80223996721907e-05 1.80721999640809e-05 1.79956005013082e-05 1.79192993527977e-05 1.80481001734734e-05 1.74110991792986e-05 1.67994003277272e-05 1.63006006914657e-05 1.57539998326683e-05 1.51171998368227e-05 1.4607800039812e-05 1.39891999424435e-05 1.38926998261013e-05 1.41681002787664e-05 1.44583000292187e-05 1.48831995829823e-05 1.47081000250182e-05 1.4668000403617e-05 1.48013996295049e-05 1.55158995767124e-05 2.22334001591662e-05 2.80575004580896e-05 1.39251997097745e-05
9.94057973002782e-06 4.68295002065133e-05 0.0199482999742031 0.0232794005423784 0.0250783991068602 0.00653565023094416 1.24099997265148e-05 1.14041004053433e-05 1.17012996270205e-05 1.20063996291719e-05 1.23193003673805e-05 1.25661999845761e-05 1.29298996398575e-05 1.33080002342467e-05 1.36570997710805e-05 1.40020001708763e-05 1.43627003126312e-05 1.47325999932946e-05 1.50925998241291e-05 1.53457003762014e-05 1.56353999045677e-05 1.55657999130199e-05 1.55625002662418e-05 1.55922007252229e-05 1.56221994984662e-05 1.56522000906989e-05 1.49034003698034e-05 1.41144000735949e-05 1.34151996462606e-05 1.28407000374864e-05 1.21647999549168e-05 1.16200999400462e-05 1.11318995550391e-05 1.14246004159213e-05 1.25781998576713e-05 1.50556998050888e-05 0.00190875004045665 0.0123773999512196 0.0317403003573418 -3.4e+38 -3.4e+38 0.0326884984970093 0.0313603989779949 0.0310232006013393
5.8299301599618e-05 0.0183946993201971 0.0207423008978367 0.0197803005576134 0.00255354004912078 7.04882986610755e-05 1.02084995887708e-05 1.01088999144849e-05 1.0177200238104e-05 1.0317899977963e-05 1.04766995718819e-05 1.0757799827843e-05 1.10941000457387e-05 1.14054000732722e-05 1.16677001642529e-05 1.19532996905036e-05 1.22459996418911e-05 1.25243996080826e-05 1.28073997984757e-05 1.30609996631392e-05 1.32667000798392e-05 1.31755996335414e-05 1.30946000354015e-05 1.30390999402152e-05 1.29869004013017e-05 1.29741001728689e-05 1.22148003356415e-05 1.15784996523871e-05 1.04615000964259e-05 9.61888963502133e-06 9.60436955210753e-06 9.64785976975691e-06 9.62547983363038e-06 1.47670998558169e-05 0.0203172992914915 -3.4e+38 -3.4e+38 -3.4e+38 -3.4e+38 -3.4e+38 -3.4e+38 -3.4e+38 -3.4e+38 -3.4e+38
0.0160115007311106 -3.4e+38 0.0185398999601603 0.00247849989682436 0.000336969998897985 1.67800008057384e-05 8.99414044397417e-06 8.67715971253347e-06 8.72296004672535e-06 8.70214989845408e-06 8.74895977176493e-06 8.97120025911136e-06 9.23545030673267e-06 9.47046009969199e-06 9.68375024967827e-06 9.91326032817597e-06 1.01531004474964e-05 1.04085002021748e-05 1.06292000054964e-05 1.08251997517073e-05 1.10112996480893e-05 1.11608997030999e-05 1.11088002086035e-05 1.10701002995484e-05 1.08607000584016e-05 1.06477000372251e-05 9.91958040685859e-06 8.88556041900301e-06 7.78038975113304e-06 7.15154010322294e-06 7.77564036980039e-06 8.83362008607946e-06 0.00540491985157132 -3.4e+38 -3.4e+38 -3.4e+38 -3.4e+38 -3.4e+38 -3.4e+38 -3.4e+38 -3.4e+38 -3.4e+38 -3.4e+38 -3.4e+38
0.0163605008274317 -3.4e+38 0.0153909996151924 0.00117391999810934 0.000203880001208745 1.95488992176251e-05 8.54042991704773e-06 7.33569004296442e-06 7.33776005290565e-06 7.33982005840517e-06 7.292129794223e-06 7.482959972549e-06 7.63250955060357e-06 7.7821096056141e-06 7.95110008766642e-06 8.17440013634041e-06 8.40399025037186e-06 8.64001958689187e-06 8.93758988240734e-06 9.07373032532632e-06 9.23823972698301e-06 9.43856957746902e-06 9.3568396550836e-06 9.19054036785383e-06 9.04656008060556e-06 8.9209497673437e-06 8.00264024292119e-06 6.83616008245735e-06 5.80285995965824e-06 5.0493099479354e-06 5.78168983338401e-05 0.00976508017629385 0.00985946971923113 -3.4e+38 -3.4e+38 -3.4e+38 -3.4e+38 -3.4e+38 -3.4e+38 -3.4e+38 -3.4e+38 -3.4e+38 -3.4e+38 -3.4e+38
-3.4e+38 0.0131595004349947 0.0106929996982217 0.00103861000388861 0.000231529993470758 6.61707017570734e-05 1.00174002000131e-05 5.90073977946304e-06 5.44375006938935e-06 5.362160209188e-06 5.19352988703758e-06 5.36546986040776e-06 5.56110990146408e-06 5.76386992179323e-06 5.93282993577304e-06 5.98181986788404e-06 6.1017599364277e-06 6.27608005743241e-06 6.45310001345933e-06 6.7043702074443e-06 6.96458982929471e-06 7.17779994374723e-06 7.20525986253051e-06 7.16205022399663e-06 7.02610986991203e-06 6.97556015438749e-06 6.41026008452172e-06 5.75785998080391e-06 1.19711003208067e-05 0.00993466004729271 0.0102529004216194 -3.4e+38 -3.4e+38 -3.4e+38 -3.4e+38 -3.4e+38 -3.4e+38 -3.4e+38 -3.4e+38 -3.4e+38 -3.4e+38 -3.4e+38 -3.4e+38 -3.4e+38
-3.4e+38 0.0104130003601313 0.00267161009833217 0.00083603902021423 0.000487374985823408 0.00039299699710682 0.000207382996450178 1.52690008690115e-05 4.66833989776205e-06 3.90020022678073e-06 3.75565991816984e-06 3.9337601265288e-06 4.12490999224246e-06 4.287930096325e-06 4.43192993770936e-06 4.52486983704148e-06 4.54295013696537e-06 4.64395998278633e-06 4.70772010885412e-06 4.92343997393618e-06 5.22199979968718e-06 5.48463003724464e-06 5.53608015252394e-06 5.48625985175022e-06 5.43061014468549e-06 5.38952008355409e-06 5.18093020218657e-06 0.00234956992790103 0.00936088990420103 0.00924189016222954 0.00968545023351908 -3.4e+38 -3.4e+38 -3.4e+38 -3.4e+38 -3.4e+38 -3.4e+38 -3.4e+38 -3.4e+38 -3.4e+38 -3.4e+38 -3.4e+38 -3.4e+38 -3.4e+38
-3.4e+38 -3.4e+38 0.00875199027359486 0.00765269994735718 0.00569973001256585 0.00448762020096183 0.00372184999287128 0.00266001001000404 0.00133633997756988 0.000215488995308988 4.9714899432729e-06 2.77344997812179e-06 2.92212007479975e-06 4.09800986744813e-06 2.62528992607258e-05 3.23878994095139e-05 5.39053007742041e-06 3.25407995660498e-06 3.33900993609859e-06 3.47092009178596e-06 3.66092990589095e-06 3.90757986679091e-06 4.00283988710726e-06 5.17991020387853e-06 4.1454299207544e-05 8.59567007864825e-05 0.00478046992793679 0.00903438031673431 0.00879159010946751 -3.4e+38 -3.4e+38 -3.4e+38 -3.4e+38 -3.4e+38 -3.4e+38 -3.4e+38 -3.4e+38 -3.4e+38 -3.4e+38 -3.4e+38 -3.4e+38 -3.4e+38 -3.4e+38 -3.4e+38
0.00926224980503321 0.00787081010639668 -3.4e+38 -3.4e+38 0.00870218966156244 0.00845470000058413 0.0082404101267457 0.00742503022775054 0.00605368008837104 0.00455350987613201 0.00311807007528841 0.00268496992066503 0.00263518001884222 0.00250315992161632 0.00230788998305798 0.00211457000114024 0.00224356004036963 0.0024464400485158 0.00104330002795905 0.000295629986794665 0.000175687993760221 0.000330754002789035 0.0034848100040108 0.0046912501566112 0.00700194016098976 0.00782814994454384 0.00793168041855097 -3.4e+38 -3.4e+38 -3.4e+38 -3.4e+38 -3.4e+38 -3.4e+38 -3.4e+38 -3.4e+38 -3.4e+38 -3.4e+38 -3.4e+38 -3.4e+38 -3.4e+38 -3.4e+38 -3.4e+38 -3.4e+38 -3.4e+38
0.000812351005151868 0.00373811996541917 0.00267495005391538 -3.4e+38 -3.4e+38 -3.4e+38 -3.4e+38 -3.4e+38 -3.4e+38 0.0020257500000298 0.00201655994169414 0.00211441004648805 0.00212818011641502 0.00212182989344001 0.00212933006696403 0.00212686997838318 0.00212452001869678 0.00204412988387048 0.00210258993320167 0.00252512004226446 0.0029907301068306 0.00367596000432968 0.00452469987794757 0.00515031022951007 0.00569945992901921 0.00598007021471858 -3.4e+38 -3.4e+38 -3.4e+38 -3.4e+38 -3.4e+38 -3.4e+38 -3.4e+38 -3.4e+38 -3.4e+38 -3.4e+38 -3.4e+38 -3.4e+38 -3.4e+38 -3.4e+38 -3.4e+38 -3.4e+38 -3.4e+38 -3.4e+38
2.02913997782161e-06 1.50135997500911e-06 5.65059017390013e-05 -3.4e+38 -3.4e+38 -3.4e+38 -3.4e+38 -3.4e+38 -3.4e+38 -3.4e+38 -3.4e+38 0.00206372002139688 0.00200351001694798 0.00188233994413167 0.00186259998008609 0.00191542005632073 0.00198917998932302 0.0020219199359417 0.00233767996542156 0.00284401001408696 0.0034305399749428 0.0043402099981904 0.00486824987456203 0.00536249997094274 0.00573747977614403 -3.4e+38 -3.4e+38 -3.4e+38 -3.4e+38 -3.4e+38 -3.4e+38 -3.4e+38 -3.4e+38 -3.4e+38 -3.4e+38 -3.4e+38 -3.4e+38 -3.4e+38 -3.4e+38 -3.4e+38 -3.4e+38 -3.4e+38 -3.4e+38 -3.4e+38
1.70420003087202e-06 1.33027003812458e-06 1.05875994904636e-06 2.60054002865218e-05 0.00168274994939566 -3.4e+38 -3.4e+38 -3.4e+38 -3.4e+38 -3.4e+38 -3.4e+38 -3.4e+38 0.00177673995494843 0.00159293005708605 0.00149463000707328 0.00165013002697378 0.0016844499623403 0.00181215000338852 0.00208111992105842 0.00268558994866908 0.00334501010365784 0.00422895001247525 0.00497282994911075 0.00529946014285088 -3.4e+38 -3.4e+38 -3.4e+38 -3.4e+38 -3.4e+38 -3.4e+38 -3.4e+38 -3.4e+38 -3.4e+38 -3.4e+38 -3.4e+38 -3.4e+38 -3.4e+38 -3.4e+38 -3.4e+38 -3.4e+38 -3.4e+38 -3.4e+38 -3.4e+38 -3.4e+38
1.72290003774833e-06 2.08570008908282e-06 2.04389998543775e-05 0.00159025995526463 0.00216002995148301 -3.4e+38 -3.4e+38 -3.4e+38 -3.4e+38 -3.4e+38 -3.4e+38 -3.4e+38 0.00119996001012623 0.00121706002391875 0.00127663998864591 0.00134259997867048 0.00148380000609905 0.00151015003211796 0.00150938995648175 -3.4e+38 -3.4e+38 -3.4e+38 -3.4e+38 -3.4e+38 -3.4e+38 -3.4e+38 -3.4e+38 -3.4e+38 -3.4e+38 -3.4e+38 -3.4e+38 -3.4e+38 -3.4e+38 -3.4e+38 -3.4e+38 -3.4e+38 -3.4e+38 -3.4e+38 -3.4e+38 -3.4e+38 -3.4e+38 -3.4e+38 -3.4e+38 -3.4e+38
0.00362294004298747 0.003038170048967 -3.4e+38 -3.4e+38 -3.4e+38 -3.4e+38 -3.4e+38 -3.4e+38 -3.4e+38 -3.4e+38 -3.4e+38 -3.4e+38 0.00105198996607214 0.00103919999673963 0.00108393002301455 0.00121457001660019 0.00132468994706869 0.00143347994890064 -3.4e+38 -3.4e+38 -3.4e+38 -3.4e+38 -3.4e+38 -3.4e+38 -3.4e+38 -3.4e+38 -3.4e+38 -3.4e+38 -3.4e+38 -3.4e+38 -3.4e+38 -3.4e+38 -3.4e+38 -3.4e+38 -3.4e+38 -3.4e+38 -3.4e+38 -3.4e+38 -3.4e+38 -3.4e+38 -3.4e+38 -3.4e+38 -3.4e+38 -3.4e+38
-3.4e+38 -3.4e+38 -3.4e+38 -3.4e+38 -3.4e+38 -3.4e+38 -3.4e+38 -3.4e+38 -3.4e+38 -3.4e+38 -3.4e+38 -3.4e+38 0.000864845991600305 0.000847254996187985 0.000857678009197116 0.000843590998556465 -3.4e+38 -3.4e+38 -3.4e+38 -3.4e+38 -3.4e+38 -3.4e+38 -3.4e+38 -3.4e+38 -3.4e+38 -3.4e+38 -3.4e+38 -3.4e+38 -3.4e+38 -3.4e+38 -3.4e+38 -3.4e+38 -3.4e+38 -3.4e+38 -3.4e+38 -3.4e+38 -3.4e+38 -3.4e+38 -3.4e+38 -3.4e+38 -3.4e+38 -3.4e+38 -3.4e+38 -3.4e+38
-3.4e+38 -3.4e+38 -3.4e+38 -3.4e+38 -3.4e+38 -3.4e+38 -3.4e+38 -3.4e+38 -3.4e+38 -3.4e+38 -3.4e+38 -3.4e+38 -3.4e+38 -3.4e+38 0.000848305993713439 0.000857512990478426 -3.4e+38 -3.4e+38 -3.4e+38 -3.4e+38 -3.4e+38 -3.4e+38 -3.4e+38 -3.4e+38 -3.4e+38 -3.4e+38 -3.4e+38 -3.4e+38 -3.4e+38 -3.4e+38 -3.4e+38 -3.4e+38 -3.4e+38 -3.4e+38 -3.4e+38 -3.4e+38 -3.4e+38 -3.4e+38 -3.4e+38 -3.4e+38 -3.4e+38 -3.4e+38 -3.4e+38 -3.4e+38
-3.4e+38 -3.4e+38 -3.4e+38 -3.4e+38 -3.4e+38 -3.4e+38 -3.4e+38 -3.4e+38 -3.4e+38 -3.4e+38 -3.4e+38 -3.4e+38 -3.4e+38 -3.4e+38 -3.4e+38 -3.4e+38 -3.4e+38 -3.4e+38 -3.4e+38 -3.4e+38 -3.4e+38 -3.4e+38 -3.4e+38 -3.4e+38 -3.4e+38 -3.4e+38 -3.4e+38 -3.4e+38 -3.4e+38 -3.4e+38 -3.4e+38 -3.4e+38 -3.4e+38 -3.4e+38 -3.4e+38 -3.4e+38 -3.4e+38 -3.4e+38 -3.4e+38 -3.4e+38 -3.4e+38 -3.4e+38 -3.4e+38 -3.4e+38
