results/Predictions/Median/Barremian.asc
NCOLS 360 
NROWS 180 
XLLCORNER -180 
YLLCORNER -90 
CELLSIZE 1 
NODATA_value -3.4e+38 
[rows 80 to 99 of 180, columns 44 to 87 of 360]
0.000529608980286866 0.000528316013514996 0.000526925025042146 0.000525550974998623 0.000524180009961128 0.000522457004990429 0.000520969973877072 0.000519625027664006 0.000518282002303749 0.000516625994350761 0.000514875981025398 0.000512917002197355 0.000510873971506953 0.000509168021380901 0.000507641001604497 0.000505601987242699 0.000503761984873563 0.000502015987876803 0.000500274007208645 0.000498534995131195 0.000496973982080817 0.000495767977554351 0.000494622974656522 0.000493480998557061 0.000492428021971136 0.000491378013975918 0.00048974301898852 0.000488295976538211 0.000487037003040314 0.000485886004753411 0.000485071999719366 0.000484137010062113 0.000483128998894244 0.000482100003864616 0.000481489987578243 0.000481060007587075 0.000480416987556964 0.000479773996630684 0.000479133013868704 0.000478461006423458 0.000477593013783917 0.000476730987429619 0.000476462999358773 0.000476457993499935
0.000535115017555654 0.000533756974618882 0.00053299602586776 0.000532059988472611 0.000530918012373149 0.00052985199727118 0.00052838702686131 0.000527410011272877 0.000525814015418291 0.000523713999427855 0.000522108981385827 0.000520690984558314 0.000519086024723947 0.000518003012984991 0.0005159109714441 0.000513950013555586 0.000512228987645358 0.000510737998411059 0.000509771984070539 0.000508869998157024 0.000508082972373813 0.000507333024870604 0.00050660502165556 0.000505685980897397 0.000504426017869264 0.000503087998367846 0.000501753005664796 0.000500452006235719 0.000499268993735313 0.000498106994200498 0.000496949010994285 0.000495851971209049 0.000494828971568495 0.000493808009196073 0.000492785999085754 0.000491834012791514 0.000490777019876987 0.000489731028210372 0.000488759018480778 0.000488152989419177 0.000487318000523373 0.000486336997710168 0.000485341006424278 0.000484432006487623
0.000538679014425725 0.000537551997695118 0.000536521023605019 0.000535816012416035 0.000534621009137481 0.000533397018443793 0.000532314006704837 0.000531234021764249 0.00053048599511385 0.00052968697855249 0.000528939999639988 0.000527672993484885 0.000526171003002673 0.000524465984199196 0.000523022026754916 0.000521745998412371 0.000520811998285353 0.000519828987307847 0.000519370019901544 0.00051891099428758 0.000518209999427199 0.000517198990564793 0.000515686988364905 0.000515129009727389 0.000514294020831585 0.000513313978444785 0.000512240978423506 0.000511354999616742 0.000510809011757374 0.000510398007463664 0.00050998997176066 0.000509336008690298 0.000508013006765395 0.000507186981849372 0.000505907984916121 0.00050471699796617 0.00050355598796159 0.000502398994285613 0.00050139200175181 0.000500625988934189 0.0004998620133847 0.000499099027365446 0.000498395005706698 0.000497862987685949
0.000537790008820593 0.000537481973879039 0.000537405023351312 0.000537328014615923 0.000537292973604053 0.000536872015800327 0.00053637899691239 0.000535756000317633 0.000535294006112963 0.000534787017386407 0.000534355000127107 0.00053398497402668 0.000533810001797974 0.000533483980689198 0.000533158017788082 0.000532832986209542 0.000532582984305918 0.000532422971446067 0.000532437989022583 0.000532453006599098 0.000532490026671439 0.000532532983925194 0.000532576988916844 0.000532620993908495 0.000532753998413682 0.000532905978616327 0.000532741018105298 0.000532783975359052 0.000532191013917327 0.000531814992427826 0.000531556026544422 0.000531289028003812 0.000531014986336231 0.000530741992406547 0.000530468008946627 0.000530168996192515 0.000529862008988857 0.000529295008163899 0.000527821015566587 0.000524591014254838 0.000522312999237329 0.000518782995641232 0.000515980005729944 0.000511849008034915
0.000523842987604439 0.000523342983797193 0.000523190014064312 0.000522885005921125 0.000522579997777939 0.000522750022355467 0.000523002003319561 0.000522948976140469 0.000523226975928992 0.000523915980011225 0.000524605973623693 0.000525298004504293 0.000526060990523547 0.000526859017554671 0.000527694006450474 0.000528529984876513 0.000529612996615469 0.000530474004335701 0.000531620986294001 0.000532769015990198 0.000534565013367683 0.000535077007953078 0.000535589002538472 0.0005354990134947 0.000535384984686971 0.000535271014086902 0.000535156985279173 0.000535029976163059 0.000534859020262957 0.000534688995685428 0.0005345189711079 0.000534888007678092 0.000534946972038597 0.00053372501861304 0.000532112026121467 0.000530814984813333 0.00052933202823624 0.00052843801677227 0.000527283991687 0.000525299983564764 0.000521751993801445 0.000517931010108441 0.000514283019583672 0.000511883001308888
0.000507541990373284 0.000507290009409189 0.000507207994814962 0.000507268996443599 0.000507140008267015 0.000507174001540989 0.000507472024764866 0.000507335003931075 0.000507012009620667 0.000506678014062345 0.000506345008034259 0.000506012991536409 0.000505754025653005 0.000505712989252061 0.000505673990119249 0.000505634990986437 0.000506160024087876 0.000507167016621679 0.000508241006173193 0.000509316974785179 0.000509903999045491 0.00051032897317782 0.000510750978719443 0.000510619021952152 0.00051024102140218 0.000509687000885606 0.000509107019752264 0.000507898977957666 0.000505317992065102 0.000502611976116896 0.000500523019582033 0.000498727022204548 0.000497106986586004 0.00049549201503396 0.000492897001095116 0.000491406011860818 0.000489948026370257 0.000489184982143342 0.000488443009089679 0.000487061013700441 0.000485299999127164 0.000482690986245871 0.000481010996736586 0.000480473012430593
0.000483234005514532 0.000482411996927112 0.000481447001220658 0.000480902002891526 0.000480190006783232 0.000479578011436388 0.000479006994282827 0.000478436006233096 0.000477863999549299 0.00047742499737069 0.000476468994747847 0.00047584599815309 0.000474291009595618 0.000472930987598374 0.000472253013867885 0.000471995997941121 0.000471706996904686 0.000471228995593265 0.000470817991299555 0.00047036400064826 0.000469949009129778 0.000469668011646718 0.000469775986857712 0.000469077000161633 0.000467156991362572 0.000465671007987112 0.000464189011836424 0.000461836985778064 0.000460023002233356 0.000458805996458977 0.000456042005680501 0.000454435008578002 0.00045223199413158 0.000449676008429378 0.000448434991994873 0.000447834987426177 0.00044750000233762 0.00044639699626714 0.000445871002739295 0.000444662990048528 0.000443110999185592 0.000442021992057562 0.00044109599548392 0.000440233998233452
0.000466830999357626 0.00046479600132443 0.000463434000266716 0.00046207700506784 0.000460723007563502 0.000458449998404831 0.000456009001936764 0.000454594992334023 0.000453779008239508 0.000452946987934411 0.000452117004897445 0.000450190011179075 0.000448172999313101 0.000446975987870246 0.000446032994659618 0.00044434898882173 0.000443552009528503 0.000442724995082244 0.000440831994637847 0.000438947987277061 0.000438713002949953 0.000437593000242487 0.000436453992733732 0.000434515997767448 0.000431646010838449 0.000430268002673984 0.0004300530126784 0.000429829000495374 0.000429575011366978 0.000429320993134752 0.000429069012170658 0.000428814004408196 0.000428558007115498 0.000427669991040602 0.000427404011134058 0.000426982005592436 0.000426812010118738 0.000426492013502866 0.000426456012064591 0.000426310987677425 0.000426168000558391 0.000426006008638069 0.000425729987910017 0.000425442005507648
0.000464295007986948 0.000462891010101885 0.000461124000139534 0.00045956700341776 0.000458015012554824 0.000455998000688851 0.000452984008006752 0.000451455009169877 0.000449079001555219 0.000446871010353789 0.000444873003289104 0.000443143013399094 0.000441407988546416 0.00044017200707458 0.000439044990343973 0.00043682599789463 0.000435327994637191 0.000433762004831806 0.000432783999713138 0.00043072400148958 0.000428038008976728 0.000426610989961773 0.000426201004302129 0.00042547399061732 0.000424830010160804 0.000423989986302331 0.000423154007876292 0.000422334996983409 0.000420997996116057 0.000420286000007764 0.000419357005739585 0.000418968993471935 0.000418051989981905 0.000418051989981905 0.000417967006796971 0.000417472008848563 0.000417008996009827 0.000416527997003868 0.000416049006162211 0.000415735004935414 0.000415423011872917 0.000415112997870892 0.000415110989706591 0.000415335001889616
0.000465321994852275 0.0004622999986168 0.000459676986793056 0.000457657995866612 0.000456025009043515 0.000453971995739266 0.000451434985734522 0.000449456012574956 0.000446571008069441 0.000443939003162086 0.000441323994891718 0.000438724993728101 0.000436194997746497 0.00043347300379537 0.000432230997830629 0.000430738989962265 0.00043003901373595 0.00042771000880748 0.000426760001573712 0.000425812002504244 0.000424155994551256 0.000421907985582948 0.000419430987676606 0.000418051989981905 0.000416677998146042 0.000415523012634367 0.000414556008763611 0.000413403002312407 0.000413314992329106 0.000413225992815569 0.000413041998399422 0.000411855988204479 0.000410336011555046 0.000410034990636632 0.000409969012252986 0.000409906002460048 0.00040984500083141 0.000409477011999115 0.000408710999181494 0.000408024992793798 0.000407343002734706 0.000406664999900386 0.000406473001930863 0.000406470993766561
0.000465665012598038 0.000462441996205598 0.000459606992080808 0.000457077985629439 0.00045500899432227 0.000452651001978666 0.00045081801363267 0.00044867699034512 0.000445918994955719 0.000442676013335586 0.000440189993241802 0.000437167997006327 0.000435113004641607 0.000433023000368848 0.000430869986303151 0.000428872997872531 0.000427616992965341 0.000425917009124532 0.000424992002081126 0.000424069992732257 0.000422218989115208 0.000420556985773146 0.000418743991758674 0.000418051989981905 0.000416057999245822 0.000414940004702657 0.000413825997384265 0.000413345987908542 0.000413255009334534 0.000413088011555374 0.000412177003454417 0.000410518987337127 0.000410031003411859 0.000409961008699611 0.000409891013987362 0.000409822998335585 0.000409653992392123 0.000408874999266118 0.000408101011998951 0.000407359009841457 0.000406620994908735 0.000406465987907723 0.000406462990213186 0.000406309001846239
0.000462639989564195 0.000459817005321383 0.000457399990409613 0.000455242989119142 0.000453317014034837 0.000451650004833937 0.000448823993792757 0.000446536985691637 0.000444987992523238 0.000442221993580461 0.000439024996012449 0.000436430011177436 0.000434416986536235 0.000433115987107158 0.000432511995313689 0.000431869993917644 0.000430829997640103 0.000429431995144114 0.000427908002166077 0.000427155988290906 0.000426321988925338 0.000425461999839172 0.000424605997977778 0.000422893004724756 0.000421108998125419 0.00041974798659794 0.000418523006374016 0.000418051989981905 0.000418051989981905 0.000417556992033496 0.000416571012465283 0.000416286988183856 0.000416019989643246 0.000415752991102636 0.000415487011196092 0.000415232992963865 0.000413981004385278 0.000413547008065507 0.000413472997024655 0.000413406989537179 0.00041334200068377 0.00041327701183036 0.000413189991377294 0.000412985013099387
0.000464592012576759 0.000462013995274901 0.000459131988463923 0.000456456997198984 0.000454694993095472 0.000452732987469062 0.000449640996521339 0.000446591002400964 0.000444784993305802 0.000442899006884545 0.000440595002146438 0.000438679999206215 0.000437796988990158 0.000435304013080895 0.000434009998571128 0.000433490989962593 0.000432923989137635 0.000432309985626489 0.000431697990279645 0.000430468004196882 0.000429237989010289 0.000428119004936889 0.000427629012847319 0.000427216989919543 0.000426854006946087 0.000426412996603176 0.000425595993874595 0.000424798985477537 0.000424063997343183 0.000423330988269299 0.000422468001488596 0.000421678996644914 0.000420722994022071 0.000419872987549752 0.000419468997279182 0.000418990995967761 0.000418265990447253 0.000417964009102434 0.000417708011809736 0.000417458999436349 0.000417208997532725 0.000416791008319706 0.000416705996030942 0.000416547001805156
0.000484677992062643 0.000482175993965939 0.000479390000691637 0.000476438988698646 0.000473869004053995 0.000470375991426408 0.000467857986222953 0.000464843004010618 0.000461847987025976 0.000458728987723589 0.000455969013273716 0.000453093991382048 0.000450143998023123 0.000447842990979552 0.000445932993898168 0.000444217002950609 0.000441087002400309 0.000440261996118352 0.000439947994891554 0.000437201000750065 0.000435012014349923 0.000433504988905042 0.000432892004027963 0.000431215012213215 0.000430899002822116 0.000430779007729143 0.000430443993536755 0.000428175000706688 0.000426598009653389 0.000425725011155009 0.000425006990553811 0.00042465899605304 0.000424327998189256 0.000424692989327013 0.000424172991188243 0.000423394987592474 0.000423032004619017 0.000422715995227918 0.000422401004470885 0.000422107987105846 0.000421814998844638 0.000421523000113666 0.000421239004936069 0.000420984986703843
0.000490929000079632 0.000488381017930806 0.000486617005662993 0.000485603988636285 0.000483246985822916 0.000480323011288419 0.000477603985927999 0.000474791013402864 0.000472773012006655 0.000470574013888836 0.000468868995085359 0.000466208002762869 0.000463904987554997 0.000460954994196072 0.000458596012322232 0.000456562993349507 0.000453793007181957 0.00044901599176228 0.000446171994553879 0.000445045996457338 0.000444412988144904 0.000441437994595617 0.000439147988799959 0.000438474991824478 0.000437871000031009 0.000436761998571455 0.000435911002568901 0.000435049005318433 0.000434145011240616 0.000434084009611979 0.00043315498623997 0.000432956992881373 0.000432717992225662 0.000432480010204017 0.00043200099025853 0.000431654014391825 0.000431466003647074 0.000431247986853123 0.000430395011790097 0.000429576990427449 0.00042880600085482 0.000428113009547815 0.000427432998549193 0.000426737999077886
0.000498729990795255 0.000495203013997525 0.000492315972223878 0.000490071019157767 0.000488271994981915 0.000484343996504322 0.000482214993098751 0.000478875997941941 0.000475573004223406 0.000473569991299883 0.00047099799849093 0.000469871010864154 0.000467253994429484 0.000464573997305706 0.000461549003375694 0.00045834100455977 0.000455092987976968 0.000452567997854203 0.000449723011115566 0.000447880011051893 0.000446285004727542 0.000444392004283145 0.000442490010755137 0.000439716997789219 0.000439040013588965 0.000438713002949953 0.000438713002949953 0.00043717899825424 0.000436892005382106 0.000436803995398805 0.000435831985669211 0.000434882997069508 0.000433959008660167 0.000433785986388102 0.000434074987424538 0.000434376997873187 0.000434340996434912 0.000433721987064928 0.000433104985859245 0.000432544999057427 0.000431986001785845 0.000431427994044498 0.000430885003879666 0.000430382002377883
0.000508902012370527 0.000506005017086864 0.000503019022289664 0.000498723005875945 0.000495454994961619 0.000491896993480623 0.000488533987663686 0.000485046999529004 0.000481880997540429 0.000478389003546908 0.000475537992315367 0.000472493993584067 0.000469109014375135 0.000463997013866901 0.000461263000033796 0.000457101006759331 0.00045304000377655 0.00045139598660171 0.000449904997367412 0.000447992992121726 0.000445673998910934 0.000443758995970711 0.000441823998698965 0.000440722011262551 0.000439563009422272 0.000438366987509653 0.000438377988757566 0.000438404997112229 0.000438479008153081 0.000438518996816128 0.000437484995927662 0.000436450995039195 0.000435414985986426 0.000435577996540815 0.00043586001265794 0.000435771013144404 0.000435141992056742 0.000434513000072911 0.000433882989455014 0.000433281005825847 0.000432678003562614 0.000432075001299381 0.000431474996730685 0.000430882995715365
0.00052098702872172 0.000517527980264276 0.000513137027155608 0.000510370999109 0.000506579992361367 0.000501814996823668 0.000497991975862533 0.000494526990223676 0.000490706996060908 0.000486084987642244 0.00048177401185967 0.000477494992082939 0.000473346008220688 0.000467779987957329 0.000463072996353731 0.000458702998002991 0.000454183988040313 0.000453246990218759 0.000451342988526449 0.000447859987616539 0.000446276011643931 0.000444758014054969 0.000443032011389732 0.000441813986981288 0.000440528005128726 0.000440386997070163 0.000440059986431152 0.000439575000200421 0.000439232011558488 0.000438927003415301 0.000438713002949953 0.000438057002611458 0.000437073991633952 0.000437350012362003 0.000436756992712617 0.000436108995927498 0.000435489986557513 0.000434871995821595 0.000434254005085677 0.000433673994848505 0.000433026987593621 0.000432363012805581 0.000431705004302785 0.000431853986810893
0.000531492987647653 0.000528417993336916 0.00052382901776582 0.000520166009664536 0.000516529020387679 0.000512038997840136 0.000507339020259678 0.000502974027767777 0.000497906992677599 0.000492684019263834 0.000487310986500233 0.00048414699267596 0.000479506008559838 0.000475234002806246 0.000469835009425879 0.000465738994535059 0.000460342009318992 0.000456571986433119 0.000451319006970152 0.000449871004093438 0.000447859987616539 0.000444915000116453 0.000443842000095174 0.000442287011537701 0.000440473988419399 0.000440386997070163 0.000439942989032716 0.000439263007137924 0.00043833299423568 0.000436559988884255 0.000435969006503001 0.000436241010902449 0.000436041009379551 0.000435371999628842 0.000434626010246575 0.000433856999734417 0.000432959001045674 0.000432377011748031 0.000431599008152261 0.000430780986789614 0.0004299670108594 0.000429945008363575 0.000430174986831844 0.000429689011070877
0.000543406000360847 0.000539067026693374 0.000535231025423855 0.000531759986188263 0.000527120020706207 0.000522324990015477 0.000517889973707497 0.000511052028741688 0.000505817995872349 0.00050022202776745 0.000495424028486013 0.000489400990772992 0.000483824987895787 0.000479100999655202 0.000475289998576045 0.000471195002319291 0.000466027995571494 0.00046059800661169 0.000457142014056444 0.00045270100235939 0.000449362996732816 0.000447100988822058 0.000444206001702696 0.000442466989625245 0.000441243988461792 0.000439172988990322 0.000437635986600071 0.000436516012996435 0.000435831985669211 0.000435149995610118 0.000434468995081261 0.000433737004641443 0.000432955013820902 0.000432033994002268 0.000430944986874238 0.000429892999818549 0.000428633997216821 0.000427982013206929 0.000427608989411965 0.000427023012889549 0.000427068996941671 0.000427410006523132 0.000427199003752321 0.000426242011599243
