results/Predictions/Median/Barremian.asc
NCOLS 360 
NROWS 180 
XLLCORNER -180 
YLLCORNER -90 
CELLSIZE 1 
NODATA_value -3.4e+38 
[rows 0 to 19 of 180, columns 88 to 131 of 360]
-3.4e+38 -3.4e+38 -3.4e+38 -3.4e+38 -3.4e+38 -3.4e+38 -3.4e+38 -3.4e+38 -3.4e+38 -3.4e+38 -3.4e+38 -3.4e+38 -3.4e+38 -3.4e+38 -3.4e+38 -3.4e+38 -3.4e+38 -3.4e+38 -3.4e+38 -3.4e+38 -3.4e+38 -3.4e+38 -3.4e+38 -3.4e+38 -3.4e+38 -3.4e+38 -3.4e+38 -3.4e+38 -3.4e+38 -3.4e+38 -3.4e+38 -3.4e+38 -3.4e+38 -3.4e+38 -3.4e+38 -3.4e+38 -3.4e+38 -3.4e+38 -3.4e+38 -3.4e+38 -3.4e+38 -3.4e+38 -3.4e+38 -3.4e+38
-3.4e+38 -3.4e+38 -3.4e+38 -3.4e+38 -3.4e+38 -3.4e+38 -3.4e+38 -3.4e+38 -3.4e+38 -3.4e+38 -3.4e+38 -3.4e+38 -3.4e+38 -3.4e+38 -3.4e+38 -3.4e+38 -3.4e+38 -3.4e+38 -3.4e+38 -3.4e+38 -3.4e+38 -3.4e+38 -3.4e+38 -3.4e+38 -3.4e+38 -3.4e+38 -3.4e+38 -3.4e+38 -3.4e+38 -3.4e+38 -3.4e+38 -3.4e+38 -3.4e+38 -3.4e+38 -3.4e+38 -3.4e+38 -3.4e+38 -3.4e+38 -3.4e+38 -3.4e+38 -3.4e+38 -3.4e+38 -3.4e+38 -3.4e+38
-3.4e+38 -3.4e+38 -3.4e+38 -3.4e+38 -3.4e+38 -3.4e+38 -3.4e+38 -3.4e+38 -3.4e+38 -3.4e+38 -3.4e+38 -3.4e+38 -3.4e+38 -3.4e+38 -3.4e+38 -3.4e+38 -3.4e+38 -3.4e+38 -3.4e+38 -3.4e+38 -3.4e+38 -3.4e+38 -3.4e+38 -3.4e+38 -3.4e+38 -3.4e+38 -3.4e+38 -3.4e+38 -3.4e+38 -3.4e+38 -3.4e+38 -3.4e+38 -3.4e+38 8.87498972588219e-05 8.20135028334334e-05 7.80308982939459e-05 7.68897007219493e-05 7.43596974643879e-05 7.32740008970723e-05 7.14902998879552e-05 7.32444023014978e-05 7.53108033677563e-05 7.57197994971648e-05 7.67497986089438e-05
-3.4e+38 -3.4e+38 -3.4e+38 -3.4e+38 -3.4e+38 -3.4e+38 -3.4e+38 -3.4e+38 -3.4e+38 -3.4e+38 -3.4e+38 -3.4e+38 -3.4e+38 -3.4e+38 -3.4e+38 -3.4e+38 -3.4e+38 -3.4e+38 -3.4e+38 -3.4e+38 8.66917980602011e-05 8.72437012731098e-05 8.66918999236077e-05 8.81739979377016e-05 8.79180006450042e-05 8.8323897216469e-05 9.08420988707803e-05 8.97684003575705e-05 8.79798026289791e-05 8.56628030305728e-05 8.45609974930994e-05 8.36717008496635e-05 8.20127970655449e-05 7.90209014667198e-05 7.6177399023436e-05 7.20391981303692e-05 6.74495022394694e-05 6.24673994025216e-05 5.8003901358461e-05 5.68360010220204e-05 5.35395993210841e-05 5.63528992643114e-05 5.87940994591918e-05 6.0428399592638e-05
-3.4e+38 -3.4e+38 -3.4e+38 -3.4e+38 -3.4e+38 -3.4e+38 -3.4e+38 -3.4e+38 -3.4e+38 -3.4e+38 -3.4e+38 -3.4e+38 -3.4e+38 -3.4e+38 -3.4e+38 7.65994991525076e-05 7.26284997654147e-05 7.42246993468143e-05 7.51998013583943e-05 7.71021004766226e-05 7.91162965469994e-05 8.12052967376076e-05 8.22759029688314e-05 7.88151010056026e-05 7.77766981627792e-05 7.66774974181317e-05 6.95807975716889e-05 5.51513003301807e-05 3.98435004171915e-05 5.51181983610149e-05 5.94461998844054e-05 6.5257801907137e-05 6.46955013507977e-05 6.14082964602858e-05 6.40637008473277e-05 6.22208026470616e-05 5.82044012844563e-05 6.47142005618662e-05 6.90278029651381e-05 6.22130974079482e-05 5.52687015442643e-05 6.01370011281688e-05 6.30653012194671e-05 6.20089995209128e-05
-3.4e+38 -3.4e+38 -3.4e+38 -3.4e+38 -3.4e+38 -3.4e+38 -3.4e+38 -3.4e+38 -3.4e+38 -3.4e+38 0.000103243000921793 0.000104662001831457 0.000112462003016844 0.000116704002721235 0.000105838997114915 9.43306004046462e-05 8.38284031488001e-05 7.97304019215517e-05 7.96985987108201e-05 7.95715022832155e-05 7.94851002865471e-05 7.99631015979685e-05 7.75395019445568e-05 5.41170011274517e-05 7.43349010008387e-05 4.48645987489726e-05 4.6081499021966e-05 7.06795981386676e-05 6.92530011292547e-05 7.27891019778326e-05 7.53408967284486e-05 7.56381996325217e-05 7.49265018384904e-05 8.04986993898638e-05 7.98601977294311e-05 7.66481971368194e-05 7.00629971106537e-05 7.21087999409065e-05 5.97809994360432e-05 5.4413299949374e-05 6.12161966273561e-05 9.36188007472083e-05 9.34767012950033e-05 8.38862979435362e-05
0.000109034997876734 0.000109022999822628 0.000108929998532403 0.000106774998130277 0.000104649996501394 0.000101776000519749 0.000100901001133025 0.000101493002148345 0.000100181001471356 9.99537005554885e-05 0.000102851001429372 0.000107036998088006 0.00011081800039392 0.000111121000372805 0.000105573002656456 9.93171997833997e-05 9.29520974750631e-05 8.92604002729058e-05 8.79539002198726e-05 8.51313016028143e-05 4.26231017627288e-05 3.41753002430778e-05 3.09796996589284e-05 3.10586001432966e-05 4.03101985284593e-05 4.31683984061237e-05 3.08068010781426e-05 3.65353989764117e-05 4.95827989652753e-05 5.358489943319e-05 3.70974012184888e-05 3.41334016411565e-05 7.65767981647514e-05 7.43467971915379e-05 7.30772007955238e-05 -3.4e+38 -3.4e+38 -3.4e+38 -3.4e+38 -3.4e+38 -3.4e+38 -3.4e+38 -3.4e+38 -3.4e+38
7.66738012316637e-05 7.6169402746018e-05 8.04833034635521e-05 8.16859974293038e-05 8.59150022733957e-05 8.93856995389797e-05 8.91021991265006e-05 9.25245985854417e-05 9.88307001534849e-05 9.60304023465142e-05 9.23108964343555e-05 9.62752019404434e-05 0.000100325996754691 0.000102609003079124 0.000102049998531584 0.000100639997981489 9.85674996627495e-05 9.59445969783701e-05 9.2673501058016e-05 8.7179898400791e-05 3.81071004085243e-05 3.49504007317591e-05 4.37859016528819e-05 4.4419699406717e-05 4.14964015362784e-05 3.75810013792943e-05 3.78492004529107e-05 3.92799993278459e-05 4.0592800360173e-05 4.01180986955296e-05 3.41685990861151e-05 2.3777300157235e-05 1.79964008566458e-05 1.65535002452089e-05 2.15874006244121e-05 3.624050077633e-05 5.57710009161383e-05 9.22288018045947e-05 0.000109576001705136 -3.4e+38 -3.4e+38 -3.4e+38 -3.4e+38 -3.4e+38
5.21221008966677e-05 5.28837008459959e-05 5.81833992328029e-05 7.14386987965554e-05 8.00386987975799e-05 8.49684001877904e-05 9.07681023818441e-05 8.37202023831196e-05 8.73707031132653e-05 8.95581033546478e-05 8.67695998749696e-05 8.9079600002151e-05 8.92117968760431e-05 9.33287010411732e-05 9.44277999224141e-05 9.94903966784477e-05 0.000103994003438856 0.000108143998659216 0.000110107997898012 9.96646995190531e-05 7.4688701715786e-05 6.07680012763012e-05 6.14488017163239e-05 6.25226020929404e-05 6.09669004916213e-05 5.96610989305191e-05 6.02662003075238e-05 6.08937007200439e-05 6.10009992669802e-05 6.03402004344389e-05 5.73401011934038e-05 5.0118200306315e-05 4.38884017057717e-05 4.01422985305544e-05 2.98278991976986e-05 1.82463008968625e-05 1.59983992489288e-05 4.00936987716705e-05 0.000120149998110719 -3.4e+38 -3.4e+38 -3.4e+38 -3.4e+38 -3.4e+38
3.25764995068312e-05 2.23178994929185e-05 3.1994601158658e-05 2.54815004154807e-05 3.46314009220805e-05 4.26736987719778e-05 4.9146699893754e-05 5.63547000638209e-05 6.21250001131557e-05 7.45556026231498e-05 8.23711015982553e-05 9.34147028601728e-05 9.81069024419412e-05 0.000105295002867933 9.23822008189745e-05 0.000105680999695323 0.000107339998066891 9.96628004941158e-05 0.000107954001578037 0.00012917400454171 0.00013769899669569 0.000149721003253944 0.000145479993079789 0.00013234700600151 0.000124054000480101 0.000114832000690512 0.000109141998109408 0.000103523998404853 9.7498603281565e-05 9.28607987589203e-05 9.1441601398401e-05 8.87603964656591e-05 7.99651024863124e-05 7.04858975950629e-05 6.41953010926954e-05 5.40600012755021e-05 4.70283994218335e-05 4.10015018132981e-05 0.000122159995953552 0.00013591100287158 0.000141419004648924 -3.4e+38 -3.4e+38 -3.4e+38
-3.4e+38 -3.4e+38 -3.4e+38 -3.4e+38 -3.4e+38 0.000199079004232772 0.000185440003406256 0.00010113199823536 4.34850990131963e-05 3.05786998069379e-05 2.4819000827847e-05 0.000139440002385527 6.63536993670277e-05 5.36498009751085e-05 5.56525992578827e-05 6.57479977235198e-05 7.26431026123464e-05 8.44937967485748e-05 0.000100555997050833 0.000133217996335588 0.000148909995914437 0.000257932988461107 0.00027119301375933 0.000272094010142609 0.000273229001322761 0.000252078985795379 0.000227655997150578 0.000201635994017124 0.000187819998245686 0.000166194993653335 0.000149950996274129 0.000139327996294014 0.000128881001728587 0.000116495997644961 0.000110660002974328 0.00010544100223342 9.76173032540828e-05 8.87864007381722e-05 8.11838035588153e-05 0.00015355899813585 0.000174204993527383 0.000185180993867107 0.000191266997717321 0.000161538002430461
5.9318599596736e-06 3.16224009111465e-06 8.60318978084251e-05 0.000112144996819552 0.000210240003070794 0.000203003000933677 0.000202114999410696 0.000204537995159626 0.000207584002055228 0.000210968995816074 0.000219123001443222 0.000216872998862527 0.000228870994760655 0.000246309005888179 0.000259513995843008 0.00027236100868322 0.000282294990029186 0.00028569099958986 0.00030119001166895 0.000175644992850721 0.000186011995538138 0.000265090988250449 0.000328763999277726 0.000332555006025359 0.00035687000490725 0.000344094005413353 0.00034369999775663 0.000335468008415774 0.000337147008394822 0.000324201013427228 0.000282133987639099 0.000233951999689452 0.000205000993446447 0.000188360994798131 0.000173813998117112 0.000161395000759512 0.000150934996781871 0.000135328999022022 0.000135466994834132 0.00018021599680651 0.000191683997400105 0.000187879006261937 0.00018424799782224 0.00016243000573013
1.18491001899201e-07 1.15081000728878e-07 1.12310999611509e-07 1.10248997486906e-07 1.51484002230973e-07 4.8648898882675e-06 1.35119998958544e-05 1.4737999663339e-05 1.43697998282732e-05 1.13787000373122e-05 8.26942959974986e-06 1.08069998532301e-05 1.05304998214706e-05 1.0751099580375e-05 1.08572003227891e-05 1.11758999992162e-05 1.24955995488563e-05 1.3384000340011e-05 1.62454998644534e-05 1.5168900063145e-05 1.50823998410488e-05 1.49115003296174e-05 1.70425992109813e-05 2.48504002229311e-05 3.15821016556583e-05 5.41365989192855e-05 9.43498016567901e-05 0.000173327993252315 0.000319092010613531 0.000452006992418319 0.000429673003964126 0.000372651003999636 0.000314314005663618 0.000297140009934083 0.000280401989584789 0.000253828009590507 0.000224607007112354 0.000199463000171818 0.000179145994479768 0.000170163999428041 0.000157474001753144 0.000145029000123031 0.00013143100659363 0.000111895998998079
1.79167003011571e-07 1.74548006270925e-07 1.67894995684037e-07 1.650119969554e-07 1.74232994254453e-07 4.98228985179594e-07 2.0377899545565e-06 2.79338996733713e-06 3.01163004223781e-06 2.88944011117565e-06 2.40057988776243e-06 1.92295010492671e-06 1.65728999945713e-06 1.8195700022261e-06 1.48200001603982e-06 1.219299974764e-05 7.20137031748891e-05 6.44847968942486e-05 0.000112964997242671 0.000115732997073792 0.000111519002530258 0.000110162000055425 0.000101840996649116 6.30888971500099e-05 3.80505989596713e-05 1.76296998688485e-05 1.38496998260962e-05 1.508629975433e-05 3.75585987058003e-05 0.000161304997163825 0.000319050013786182 0.00032055500196293 0.000324633991112933 0.000372531998436898 0.000354766991222277 0.000324222986819223 0.000302647007629275 0.000288462993921712 0.000277031998848543 0.000259916996583343 0.000236502994084731 0.000213634993997402 0.000191543993423693 0.000165061996085569
2.72015995506081e-07 2.59295006799221e-07 2.53519999660057e-07 2.68944006620586e-07 3.86718994604962e-07 1.33832998017169e-06 2.46908007284219e-06 3.1382799079438e-06 3.37072992806497e-06 3.13096006721025e-06 3.05644994114118e-06 3.08022003991937e-06 2.8226500035089e-06 2.83793997368775e-06 2.47872003455996e-06 1.9081500795437e-05 0.000121331999253016 0.000229137003771029 0.000308018003124744 0.000434462010161951 0.000446655991254374 0.000490422011353076 0.000568728020880371 0.00065603299299255 0.000752233027014881 0.000727940001524985 0.000662064994685352 0.000128771003801376 1.05610997707117e-05 1.29318996187067e-05 8.22114016045816e-05 0.000197025001398288 0.00026275499840267 0.000420658994698897 0.000384037004550919 0.000334053998813033 0.000305541994748637 0.000291131989797577 0.000281037006061524 0.000255741004366428 0.000234945997362956 0.000218414003029466 0.000202480994630605 0.000179355993168429
7.49487981011043e-07 1.68286005646223e-05 5.05917996633798e-05 5.91183015785646e-05 7.63823991292156e-05 5.16832005814649e-05 5.42478992429096e-05 3.30465009028558e-05 3.55166994268075e-05 2.44739003392169e-05 2.39999008044833e-05 2.16821008507395e-05 2.56632993114181e-05 1.81403993337881e-05 1.55762991198571e-05 1.33316998471855e-05 9.49454988585785e-06 1.02393996712635e-05 1.04498003565823e-05 1.12657999125076e-05 1.31116003103671e-05 1.59031005750876e-05 2.77845992968651e-05 3.46909000654705e-05 5.32789999851957e-05 8.40154025354423e-05 7.71233026171103e-05 4.81800998386461e-05 1.67262005561497e-05 1.62653996085282e-05 4.87895013066009e-05 0.000147851998917758 0.000359450001269579 0.000519293011166155 0.000417772011132911 0.000338334997650236 0.000311590993078426 0.000296921993140131 0.000274666992481798 -3.4e+38 -3.4e+38 -3.4e+38 -3.4e+38 -3.4e+38
0.000475153006846085 0.00118920998647809 0.00130711996462196 0.00126316002570093 -3.4e+38 -3.4e+38 -3.4e+38 -3.4e+38 0.000703199999406934 0.00053121498785913 0.000480346992844716 0.000446549005573615 0.000316621008096263 0.000224497998715378 0.000123118006740697 0.000413211993873119 0.000294883997412398 0.000178012996912003 8.58327985042706e-05 5.15446990903001e-05 3.55197007593233e-05 3.32271010847762e-05 2.77829003607621e-05 2.67817995336372e-05 3.11992989736609e-05 2.75227994279703e-05 2.5889499738696e-05 2.70510990958428e-05 3.23261992889456e-05 5.66808994335588e-05 0.000199813002836891 0.000855827005580068 0.000969648011960089 0.000713019981049001 -3.4e+38 -3.4e+38 -3.4e+38 -3.4e+38 -3.4e+38 -3.4e+38 -3.4e+38 -3.4e+38 -3.4e+38 -3.4e+38
1.05667995740077e-05 0.000194872001884505 0.0015263200039044 0.0017346499953419 0.00166889000684023 0.00153180002234876 0.0016160300001502 0.00165682996157557 -3.4e+38 -3.4e+38 -3.4e+38 -3.4e+38 -3.4e+38 -3.4e+38 -3.4e+38 -3.4e+38 -3.4e+38 -3.4e+38 -3.4e+38 0.0023958298843354 0.00225332006812096 0.00206550001166761 0.00103898998349905 0.00152742001228034 0.000606280984356999 0.000307323993183672 0.000161459000082687 0.000113246998807881 0.000126717000966892 0.000356397009454668 0.0016803799662739 0.0020607600454241 -3.4e+38 -3.4e+38 -3.4e+38 -3.4e+38 -3.4e+38 -3.4e+38 -3.4e+38 -3.4e+38 -3.4e+38 -3.4e+38 -3.4e+38 -3.4e+38
8.87590999809618e-07 1.05742003597697e-06 1.78128004790779e-06 9.36029973672703e-05 0.00142973999027163 0.0016601700335741 0.00177977001294494 0.00186027004383504 0.00192119996063411 0.0019651900511235 0.00198815995827317 0.00199212995357811 0.00204859999939799 0.00198676995933056 -3.4e+38 -3.4e+38 -3.4e+38 -3.4e+38 -3.4e+38 -3.4e+38 -3.4e+38 -3.4e+38 -3.4e+38 -3.4e+38 -3.4e+38 0.00229699001647532 0.00237803999334574 0.00156370003242046 0.000737351016141474 0.00113182002678514 0.00213432009331882 0.00206005992367864 0.0020179299172014 -3.4e+38 -3.4e+38 -3.4e+38 -3.4e+38 -3.4e+38 -3.4e+38 -3.4e+38 -3.4e+38 -3.4e+38 -3.4e+38 -3.4e+38
8.66454001879902e-07 8.68379004259623e-07 8.57985014590668e-07 8.36068011267344e-07 9.83836002887983e-07 3.037489932467e-06 5.36722982360516e-05 0.000309463997837156 0.00119831005576998 0.00191682996228337 0.00200663995929062 0.00210368004627526 0.00216153007932007 0.00219439994543791 0.00219353009015322 0.00218040007166564 0.00220644008368254 0.0022543400991708 0.00221690000034869 0.00223307008855045 0.00228802999481559 0.00214546010829508 -3.4e+38 -3.4e+38 -3.4e+38 -3.4e+38 0.00272480002604425 0.00315767992287874 0.00327719002962112 0.00279536005109549 0.00243482994847 0.00215148995630443 0.00201059994287789 0.00212145992554724 -3.4e+38 -3.4e+38 -3.4e+38 -3.4e+38 -3.4e+38 -3.4e+38 -3.4e+38 -3.4e+38 -3.4e+38 -3.4e+38
