results/Predictions/Median/Barremian.asc
NCOLS 360 
NROWS 180 
XLLCORNER -180 
YLLCORNER -90 
CELLSIZE 1 
NODATA_value -3.4e+38 
[rows 100 to 119 of 180, columns 264 to 307 of 360]
0.00051344302482903 -3.4e+38 0.000621214974671602 0.000513752980623394 0.000513743027113378 0.000513734004925936 0.000513584993313998 0.000513296981807798 0.000513009028509259 0.000512721017003059 0.000512283993884921 0.00051179900765419 0.000511314021423459 0.000510830024722964 0.000510015990585089 0.00050920300418511 0.000508391996845603 0.000507546006701887 0.000506594020407647 0.000506640004459769 0.000507029006257653 0.000507390999700874 0.000507728022057563 0.000508063996676356 0.000508401019033045 0.000508729019202292 0.000509053992573172 0.000509379024151713 0.000509704987052828 0.000510007026605308 0.000510309007950127 0.000510611978825182 0.000510882004164159 0.000511053018271923 0.000511225021909922 0.000511395977810025 0.000511560996528715 0.00051172001985833 0.000511878984980285 0.000512038997840136 0.000512189988512546 0.000512338010594249 0.000512485974468291 0.000512633996549994
0.00050854601431638 0.00168794998899102 -3.4e+38 0.000739594979677349 0.000510060985106975 0.000510238984134048 0.00051055900985375 0.000511021004058421 0.000511482998263091 0.000511945981997997 0.000512694008648396 0.000513538019731641 0.000514384009875357 0.000515230989549309 0.000516492000315338 0.000516730011440814 0.000515970983542502 0.000515155028551817 0.000514168990775943 0.000513184000737965 0.000512201979290694 0.000511273974552751 0.000510402023792267 0.000509531004354358 0.000508660974446684 0.000508015975356102 0.000507445016410202 0.000506874988786876 0.000506892974954098 0.000507201999425888 0.000507512013427913 0.000507822027429938 0.000508104974869639 0.000508304976392537 0.000508503988385201 0.000508704979438335 0.000508880999404937 0.000509034027345479 0.000509186997078359 0.000509340025018901 0.000509492005221546 0.000509644974954426 0.000509797013364732 0.000509949983097613
0.000503364019095898 0.000504425028339028 0.000833894999232143 -3.4e+38 0.546070992946625 0.000829962023999542 0.000530240999069065 0.000508696015458554 0.000507737975567579 0.000506781972944736 0.000504309020470828 0.000504008028656244 0.000504695985000581 0.000505384989082813 0.000506595999468118 0.000507811026182026 0.00050902902148664 0.000510309007950127 0.000511770020239055 0.000513235980179161 0.000514707004185766 0.00051609001820907 0.000517382984980941 0.000516959000378847 0.00051601801533252 0.000515334017109126 0.000514735991600901 0.000514138024300337 0.000513541977852583 0.000512829981744289 0.000512118975166231 0.000511408026795834 0.000510734971612692 0.000510170997586101 0.000509607023559511 0.000509042991325259 0.000508562021423131 0.000508162018377334 0.000507763004861772 0.00050736399134621 0.000506946991663426 0.000506984011735767 0.000507140008267015 0.000507296994328499
0.000496515014674515 0.000496343011036515 0.000496155989822 0.000496065011247993 0.000536435982212424 0.000495932996273041 0.328074008226395 0.0187327992171049 0.00049575901357457 0.000495648011565208 0.000495723972562701 0.000495771004352719 0.000495819025672972 0.000495865999255329 0.000496600987389684 0.000497735978569835 0.000496621010825038 0.000500117021147162 0.000505917007103562 0.000507044023834169 0.000504805997479707 0.000505430973134935 0.000506911019328982 0.000508396013174206 0.000509885023348033 0.000511166988871992 0.000512379978317767 0.000513596984092146 0.000514817016664892 0.000515968014951795 0.000516724016051739 0.000517481006681919 0.000517964013852179 0.000518309010658413 0.000518654996994883 0.000518059998285025 0.000517577980645001 0.000517221982590854 0.000516864995006472 0.000516508996952325 0.000516215979587287 0.000515943975187838 0.000515670981258154 0.000515398976858705
0.000475557986646891 0.000475846987683326 0.000476384011562914 0.000475373992230743 0.000475426990306005 0.000475701002869755 0.000475937995361164 0.000475457985885441 0.000474889995530248 0.000474761007353663 0.000474469998152927 0.00047434598673135 0.000474310014396906 0.000474274012958631 0.000475273991469294 0.000475190987344831 0.000474310014396906 0.000474608998047188 0.000475451000966132 0.000474898988613859 0.000487395009258762 0.000495415006298572 0.000497833010740578 0.000499570975080132 0.000496711989399046 0.000504275027196854 0.000504935975186527 0.000505597970914096 0.000506261014379561 0.000506990996655077 0.000507657998241484 0.00050835800357163 0.000509032979607582 0.000509631005115807 0.000510228972416371 0.000510827987454832 0.000511310994625092 0.00051167601486668 0.000512042024638504 0.000512406986672431 0.000512644997797906 0.000512839003931731 0.000513033010065556 0.000513228005729616
0.000473583000712097 0.000473663996672258 0.000474472995847464 0.000475111999548972 0.00047588101006113 0.000476356013678014 0.000476293993415311 0.0004761989985127 0.000475640001241118 0.000837625993881375 0.00047463399823755 0.000474227010272443 0.000473861990030855 0.00047452500439249 0.000475339009426534 0.000475526991067454 0.000475561013445258 0.000475901004392654 0.00047572300536558 0.000476028013508767 0.000476332992548123 0.000476774992421269 0.000477354013128206 0.000477074994705617 0.000477285007946193 0.000477386987768114 0.000477452005725354 0.000478670990560204 0.000479604001156986 0.000494746025651693 0.000496915017720312 0.000497494009323418 0.000497938017360866 0.000500169990118593 0.000500702008139342 0.000498056004289538 0.000498226028867066 0.000502002018038183 0.000502336013596505 0.000506935000885278 0.000507685996126384 0.000508449971675873 0.000509214005433023 0.000509980018250644
0.000475361011922359 0.000475364009616897 0.000475365988677368 0.000475770997582003 0.000475447013741359 0.000475879001896828 0.000475832988740876 0.000475311011541635 0.000475962006021291 0.000485828990349546 0.478585004806519 0.000557084975298494 0.000470266008051112 0.000469254999188706 0.000467578007373959 0.000466600991785526 0.000466019002487883 0.000465993012767285 0.000466728000901639 0.000467464997200295 0.000468657992314547 0.000468926999019459 0.000470049999421462 0.000473994994536042 0.000475940993055701 0.000475456996355206 0.000476149987662211 0.000476240995340049 0.000476974004413933 0.000477474008221179 0.000478361005662009 0.000479259004350752 0.000479314010590315 0.000479807000374421 0.000480377988424152 0.000481075985589996 0.000481866009067744 0.000482744013424963 0.000483503012219444 0.00048369899741374 0.00048416800564155 0.000484699994558468 0.000484735995996743 0.000485766999190673
0.000476993998745456 0.00047751801321283 0.000477997004054487 0.000477494002552703 0.00047743899631314 0.000478581001516432 0.000478280009701848 0.000476307002827525 0.00047396999434568 0.000473063992103562 0.000499809975735843 -3.4e+38 0.0628983974456787 0.000467712990939617 0.000467217992991209 0.000466630008304492 0.000465877004899085 0.000465657009044662 0.000466294994112104 0.000466642988612875 0.000466989993583411 0.000467344012577087 0.000467703997856006 0.00046856701374054 0.000468607991933823 0.000469871010864154 0.000470953003969043 0.00047217498649843 0.000474188011139631 0.00047498699859716 0.000475787004688755 0.00047658898984082 0.000477294001029804 0.000477847002912313 0.00047891799476929 0.000480262999190018 0.000481339986436069 0.000481994007714093 0.000482266012113541 0.000483442010590807 0.357098996639252 0.0489277988672256 0.000485249009216204 0.000485313998069614
0.000473010004498065 0.00047307601198554 0.000473830994451419 0.000475426990306005 0.000477030000183731 0.00047863699728623 0.000478639994980767 0.000477038003737107 0.000477471010526642 0.000476526998681948 0.000475167005788535 0.00303471996448934 -3.4e+38 0.000776202010456473 0.000470520986709744 0.000468640006147325 0.00046753601054661 0.000466597994090989 0.000467437988845631 0.000466833997052163 0.000466335011878982 0.00046763799036853 0.000468426995212212 0.000468776008347049 0.000469652994070202 0.000470027996925637 0.000470314989797771 0.00047102099051699 0.000471459003165364 0.000471723993541673 0.000471951992949471 0.000472031009849161 0.000472104002255946 0.000472921004984528 0.000473466003313661 0.000474800996016711 0.000475559994811192 0.000476165994768962 0.00047707901103422 0.000478303001727909 0.526916980743408 0.5276740193367 0.522068023681641 0.000480359012726694
0.000471776002086699 0.000473413005238399 0.00047533301403746 0.000475854991236702 0.000476376997539774 0.000477221008623019 0.000478561996715143 0.000479406007798389 0.000479987997096032 0.000481952010886744 0.00048212701221928 0.000481263006804511 0.00050985801499337 0.000532258010935038 0.519116997718811 0.000472860992886126 0.000469077000161633 0.00046796299284324 0.000466325000161305 0.000467620004201308 0.000467453006422147 0.000467628007754683 0.00046913098776713 0.000469544989755377 0.000469961989438161 0.000469966995297 0.000469835009425879 0.000469704013084993 0.00046961399493739 0.000469800987048075 0.000470250990474597 0.000470716011477634 0.000471286999527365 0.000472218001959845 0.00047382598859258 0.000474656990263611 0.000475245993584394 0.00047616200754419 0.000477080000564456 0.529793977737427 0.529017984867096 0.0353671982884407 0.000481772003695369 0.000482297997223213
0.000471217994345352 0.000471647013910115 0.000472798012197018 0.000474339991342276 0.000475579989142716 0.000476171990158036 0.000479439011542127 0.000481894996482879 0.000483487005112693 0.000484457006677985 0.000484448013594374 0.000484988995594904 0.000485268014017493 0.00048481099656783 0.538645029067993 -3.4e+38 0.0201101992279291 0.000466492987470701 0.000464904005639255 0.000465583987534046 0.000465143006294966 0.000465622986666858 0.000467022007796913 0.000468429992906749 0.000469844992039725 0.000470483995741233 0.000470966013381258 0.00047089799772948 0.000470939005026594 0.000471325998660177 0.000471714010927826 0.000472229992737994 0.000473494990728796 0.000474639993626624 0.000475047010695562 0.000475923996418715 0.000476860004710034 0.00047865099622868 0.526982009410858 0.527761995792389 0.528380990028381 0.000481243012472987 0.000482092000311241 0.000482878007460386
0.000474245985969901 0.000474750006105751 0.000475254986668006 0.00047595301293768 0.000476638990221545 0.000477032997878268 0.000477116991532966 0.000477839988889173 0.000479184003779665 0.000481450988445431 0.000486898992676288 0.000490433012600988 0.000490206992253661 0.000491566024720669 0.000485330005176365 -3.4e+38 -3.4e+38 0.125973999500275 0.00046325201401487 0.000463478005258366 0.000463514996226877 0.000463430013041943 0.000466010009404272 0.000469030987005681 0.000471653998829424 0.00047201500274241 0.000471659994218498 0.00047117201029323 0.000470803992357105 0.000471033010398969 0.00047111400635913 0.000471195002319291 0.000471443985588849 0.000473085005069152 0.000473780994070694 0.000474478991236538 0.00047526799608022 0.527666985988617 0.529011011123657 0.529357016086578 0.530463993549347 0.000478947011288255 0.000480376998893917 0.000481914990814403
0.00047259998973459 0.000473113002954051 0.000473983003757894 0.000475042994366959 0.000476106011774391 0.000477135006804019 0.000478319998364896 0.000477969995699823 0.000479304988402873 0.000480707007227466 0.000485939992358908 0.000495232990942895 0.000498684996273369 0.000507650023791939 0.00048020199756138 0.000465194985736161 0.518468022346497 -3.4e+38 0.518622994422913 0.000448525010142475 0.000450129009550437 0.000454972992883995 0.000462022988358513 0.000465769990114495 0.000471923995064571 0.000474342989036813 0.000474005006253719 0.000473669002531096 0.000473332998808473 0.000473504012916237 0.000473674008389935 0.000473935011541471 0.000474464992294088 0.000474931002827361 0.000475553999422118 0.000477649009553716 0.000480484013678506 0.529945015907288 0.530704021453857 0.531872987747192 0.532514989376068 0.521125018596649 0.000490265025291592 0.00049197202315554
0.000468693993752822 0.00047016199096106 0.000471564999315888 0.00047276500845328 0.000473961990792304 0.000475161010399461 0.000476879009511322 0.000477733992738649 0.00047867200919427 0.000478605012176558 0.00047959599760361 0.00048867502482608 0.000494262028951198 0.000500493973959237 0.000481636001495644 0.000467398000182584 0.000459459988633171 0.000588688999414444 -3.4e+38 -3.4e+38 0.000459772010799497 0.000460490991827101 0.000464490003651008 0.000473079999210313 0.000475023000035435 0.000474825996207073 0.000474961998406798 0.000474697008030489 0.000474325002869591 0.000474659987958148 0.00047505900147371 0.000475264008855447 0.000476326007628813 0.000477683002827689 0.000478217989439145 0.000506703974679112 0.532256007194519 0.531724989414215 0.532712996006012 0.533026993274689 0.533594012260437 0.534788012504578 0.000489637022837996 0.000490489997901022
0.000472056999569759 0.000472660991363227 0.000473307009087875 0.00047407898819074 0.000474853004561737 0.000475628999993205 0.000476738990982994 0.000477721012430266 0.000478355999803171 0.000478992005810142 0.000482078001368791 0.000486870005261153 0.000493043975438923 0.000495155982207507 0.000491073005832732 0.000481708004372194 0.000475159991765395 0.000471993000246584 0.000598490005359054 -3.4e+38 -3.4e+38 0.520497977733612 0.000475122011266649 0.000475473003461957 0.000474687985843047 0.000473944994155318 0.000473376014269888 0.00047381900367327 0.000472493993584067 0.000473963998956606 0.000474619999295101 0.000475834007374942 0.000476399000035599 0.000477271009003744 0.00068043201463297 0.534509003162384 0.531872987747192 0.533118009567261 0.533735990524292 0.522363007068634 0.534633994102478 0.536884009838104 0.000486339995404705 0.000488961988594383
0.000467283010948449 0.000467812002170831 0.000468370009912178 0.000468168000224978 0.000468382990220562 0.000468927988549694 0.00046977901365608 0.000472954008728266 0.000474584987387061 0.000480933988001198 0.000485731987282634 0.000487987010274082 0.000489262980408967 0.000490541977342218 0.000491809973027557 0.000491952989250422 0.000491901999339461 0.000490828009787947 0.000485639000544325 0.000484390009660274 0.000485322991153225 0.52291202545166 0.000478394998935983 0.000473172985948622 0.000471965002361685 0.000472170009743422 0.000472846004413441 0.000473521999083459 0.000474199012387544 0.000475709995953366 0.000476296991109848 0.000477349007269368 0.000479515001643449 0.0434332005679607 0.529614984989166 0.531473994255066 0.53217601776123 0.537304997444153 0.000727287027984858 0.000481511990074068 0.000485268014017493 0.000485989003209397 0.000486712000565603 0.000487435987452045
0.000464503013063222 0.00046553200809285 0.00046726199798286 0.000468370009912178 0.000468890008050948 0.000468905986053869 0.000470178987598047 0.000471253006253392 0.000472207990242168 0.000473310996312648 0.000476437999168411 0.000480632996186614 0.000482131988974288 0.000483282987261191 0.000483843992697075 0.000484407006297261 0.000484969990793616 0.000484663993120193 0.000482620991533622 0.000480782007798553 0.000478217989439145 0.000475592009024695 0.000475451000966132 0.000474339991342276 0.000471706996904686 0.000472674990305677 0.000474141997983679 0.000474530010251328 0.000474102998850867 0.000474291009595618 0.079942598938942 0.528024017810822 0.528320014476776 0.528770983219147 0.528303980827332 0.528814017772675 0.000791196012869477 0.000473510997835547 0.000474458996905014 0.000474822998512536 0.000476774002891034 0.000480485003208742 0.000482220988487825 0.000483067007735372
0.000462666008388624 0.000462452997453511 0.000463147007394582 0.000463005009805784 0.000462861993582919 0.000463041011244059 0.000462561001768336 0.000461374002043158 0.000461952004116029 0.000462706986581907 0.000463308999314904 0.000464990007458255 0.000469329999759793 0.000475464999908581 0.000475692009786144 0.000476587010780349 0.000477510009659454 0.000477668014355004 0.000476337998406962 0.000473502004751936 0.000470683997264132 0.000467081990791485 0.000463142991065979 0.000461643998278305 0.000460137991467491 0.000460162002127618 0.000460685987491161 0.000462044990854338 0.0004641390114557 0.000460568000562489 0.000459297996712849 0.000458691007224843 0.000459986011264846 0.00755413016304374 0.516807019710541 0.00773369986563921 0.000458121008705348 0.0004574469930958 0.000456774985650554 0.000456103996839374 0.000456517009297386 0.000457448011729866 0.000459892995422706 0.000461340008769184
0.000447286001872271 0.000448017002781853 0.000448339997092262 0.000448420003522187 0.000448500009952113 0.000448581005912274 0.000448320002760738 0.000448642997071147 0.00044897900079377 0.000449313985882327 0.000451563013484702 0.000454466993687674 0.000457338988780975 0.00045761201181449 0.000459859991678968 0.000461969990283251 0.000461872987216339 0.000461760006146505 0.000461598014226183 0.000461437011836097 0.000459647009847686 0.000455645989859477 0.000451049010735005 0.000446691992692649 0.000442551012383774 0.000441032985690981 0.000441551004769281 0.000440108007751405 0.000439630995970219 0.00043849999201484 0.000437368988059461 0.000435760011896491 0.00043493599514477 0.000435479014413431 0.000435580994235352 0.000434463989222422 0.000432569999247789 0.000429970008553937 0.000429001986049116 0.000427941995440051 0.000427188992034644 0.000426538987085223 0.000426048994995654 0.000427413004217669
0.000431983004091308 0.000431991997174919 0.000432036991696805 0.00043218900100328 0.000432341999839991 0.000432494009146467 0.000432661006925628 0.000432842003647238 0.000433023000368848 0.000433203997090459 0.00043353799264878 0.000433923007221892 0.00043430901132524 0.000434694986324757 0.000435280991951004 0.000436459988122806 0.000439507013652474 0.000440695992438123 0.000436281989095733 0.000434326997492462 0.000433190987678245 0.000432214990723878 0.000431399006629363 0.000430585991125554 0.000426379003329203 0.000422874989453703 0.000421350996475667 0.000417728995671496 0.000416074995882809 0.000415732007240877 0.000415985996369272 0.000415299989981577 0.000414442009059712 0.000414165988331661 0.000412914989283308 0.000411668006563559 0.000410270993597806 0.000408725987654179 0.000407187006203458 0.000405653001507744 0.000404516991693527 0.000403841986553743 0.000402514997404069 0.000401552009861916
