results/Predictions/Median/Bartonian.asc
NCOLS 360 
NROWS 180 
XLLCORNER -180 
YLLCORNER -90 
CELLSIZE 1 
NODATA_value -3.4e+38 
[rows 38 to 56 of 180, columns 0 to 43 of 360]
1.93976006812591e-06 2.00289991880709e-06 2.06989989237627e-06 2.13255998460227e-06 2.18382001548889e-06 2.22664993998478e-06 2.26901988753525e-06 2.30904993259173e-06 2.34284993894107e-06 2.37763993027329e-06 2.41481006924005e-06 2.44448006014863e-06 2.45821001954027e-06 2.47201001002395e-06 2.48589003604138e-06 2.47744992520893e-06 2.45249998442887e-06 2.42809005612799e-06 2.40727990785672e-06 2.36197001868277e-06 2.30307000492758e-06 2.25717008106585e-06 2.19426010517054e-06 2.27436999011843e-06 2.33579999076028e-06 2.41331008510315e-06 2.45596993408981e-06 2.45926003117347e-06 2.46254990088346e-06 2.44845000452187e-06 2.47835009759001e-06 2.53186999543686e-06 2.58878003478458e-06 2.64641994363046e-06 2.74311992143339e-06 2.86085992229346e-06 2.98365989692684e-06 3.12422002934909e-06 3.24623010783398e-06 3.3449800866947e-06 3.43070996677852e-06 3.53798009200545e-06 3.70993006981735e-06 3.90563991459203e-06
2.81872007690254e-06 2.85971009361674e-06 2.90621005660796e-06 2.93410994345322e-06 3.00350006909866e-06 3.03726005768112e-06 3.04128002426296e-06 3.04067998513347e-06 3.07215009343054e-06 3.103949893557e-06 3.13411010210984e-06 3.1341799058282e-06 3.12848010253219e-06 3.12279007630423e-06 3.1171200589597e-06 3.10974996864388e-06 3.07404002342082e-06 3.03697993331298e-06 3.00036003864079e-06 2.94339997708448e-06 2.90053003482171e-06 2.82508995042008e-06 2.77744993582019e-06 2.79225992017018e-06 2.82670998785761e-06 2.83376994048012e-06 2.83173994830577e-06 2.8216500140843e-06 2.80306994682178e-06 2.78765992334229e-06 2.79921005130745e-06 2.83792996924603e-06 2.88586011265579e-06 2.93398989015259e-06 3.00492001770181e-06 3.07278992295323e-06 3.15836996378493e-06 3.26558006236155e-06 3.37977007802692e-06 3.49796005139069e-06 3.61730008080485e-06 3.7678601074731e-06 3.9909600673127e-06 4.22112998421653e-06
4.8351098485e-06 4.82065979667823e-06 4.78778019896708e-06 4.71559997095028e-06 4.71734983875649e-06 4.72126021122676e-06 4.68335019832011e-06 4.56029010820203e-06 4.51740015705582e-06 4.47912998424727e-06 4.44256011178368e-06 4.39410996477818e-06 4.31513990406529e-06 4.23760002377094e-06 4.16144985138089e-06 4.09224003306008e-06 4.02245996156125e-06 3.95810002373764e-06 3.89786009691306e-06 3.83492988476064e-06 3.77260994355311e-06 3.70751990885765e-06 3.63181993634498e-06 3.60198009730084e-06 3.56477994500892e-06 3.53561995325435e-06 3.49545007338747e-06 3.45272997037682e-06 3.41053009833558e-06 3.36896005137532e-06 3.36058997163491e-06 3.38550989908981e-06 3.41061991093738e-06 3.42928001373366e-06 3.49504989571869e-06 3.57477006218687e-06 3.64466995961266e-06 3.7144100133446e-06 3.83955011784565e-06 3.95691995436209e-06 4.07788002121379e-06 4.23784013037221e-06 4.49399021817953e-06 4.76565992357791e-06
9.84390044322936e-06 9.51200036070077e-06 9.24631967791356e-06 8.97196969162906e-06 8.66988011694048e-06 8.34143975225743e-06 8.02547037892509e-06 7.71509985497687e-06 7.51943980503711e-06 7.25351992514334e-06 6.93496986059472e-06 6.65049992676359e-06 6.4794498939591e-06 6.22936022409704e-06 5.95472010900266e-06 5.74984005652368e-06 5.613059784082e-06 5.4988199735817e-06 5.39464008397772e-06 5.25596988154575e-06 5.12852011524956e-06 5.00610985909589e-06 4.88659998154617e-06 4.80193011753727e-06 4.72935016659903e-06 4.63916012449772e-06 4.56036013929406e-06 4.49893013865221e-06 4.42171995018725e-06 4.35811989518697e-06 4.31539001510828e-06 4.29091005571536e-06 4.26656015406479e-06 4.24234985985095e-06 4.3027798710682e-06 4.39301993537811e-06 4.48888022219762e-06 4.58383010482066e-06 4.70549002784537e-06 4.83213989355136e-06 4.95749009132851e-06 5.1250299293315e-06 5.42506995770964e-06 5.74804016650887e-06
2.05347005248768e-05 1.94291005755076e-05 1.83775991899893e-05 1.72978998307372e-05 1.64663997566095e-05 1.54668996401597e-05 1.44228997669416e-05 1.32886998471804e-05 1.2401499589032e-05 1.17089002742432e-05 1.11334002212971e-05 1.04930004454218e-05 9.75817965809256e-06 9.11523966351524e-06 8.63491004565731e-06 8.23724985821173e-06 8.01310034148628e-06 7.76695014792494e-06 7.5283601290721e-06 7.29040993974195e-06 7.04558988218196e-06 6.82669997331686e-06 6.62285992802936e-06 6.44395004201215e-06 6.25348002358805e-06 6.08149002800928e-06 5.91031994190416e-06 5.81806989430333e-06 5.72727003600448e-06 5.6378898989351e-06 5.54146981812664e-06 5.43842998013133e-06 5.31184014107566e-06 5.17911985298269e-06 5.25333007317386e-06 5.39874008609331e-06 5.52685014554299e-06 5.64538004255155e-06 5.76590991840931e-06 5.88675993640209e-06 6.01129022470559e-06 6.19893990005949e-06 6.54902987662354e-06 6.92612002239912e-06
3.73447001038585e-05 3.55381016561296e-05 3.38868994731456e-05 3.24641005136073e-05 3.08087983285077e-05 2.89954004983883e-05 2.72062006843043e-05 2.52151003223844e-05 2.35149000218371e-05 2.18476998270489e-05 2.03292001970112e-05 1.88892990991008e-05 1.75054992723744e-05 1.60657000378706e-05 1.48139997691032e-05 1.38701998366741e-05 1.32696995933657e-05 1.25018996186554e-05 1.17785002657911e-05 1.12299003376393e-05 1.07454998214962e-05 1.0283600204275e-05 9.88565989246126e-06 9.58820965024643e-06 9.29978978092549e-06 8.91985018824926e-06 8.5911497080815e-06 8.43632005853578e-06 8.28430984256556e-06 8.12886992207495e-06 7.94217976363143e-06 7.71923987485934e-06 7.52460982766934e-06 7.28546001482755e-06 7.35080993763404e-06 7.48007005313411e-06 7.60749981054687e-06 7.74845011619618e-06 7.86468990554567e-06 7.98266955825966e-06 8.10243000159971e-06 8.29512009659084e-06 8.67514972924255e-06 8.9964096332551e-06
6.702770042466e-05 6.42140003037639e-05 6.15184981143102e-05 5.86196983931586e-05 5.55783990421332e-05 5.28929995198268e-05 4.98750014230609e-05 4.69965998490807e-05 4.35036017734092e-05 4.01746983698104e-05 3.69324006896932e-05 3.40297010552604e-05 3.10208997689188e-05 2.83977005892666e-05 2.58909003605368e-05 2.38873999478528e-05 2.22993003262673e-05 2.06659005925758e-05 1.9152399545419e-05 1.79729995579692e-05 1.70103994605597e-05 1.61295993166277e-05 1.52774991875049e-05 1.45397998494445e-05 1.38455998239806e-05 1.31115002659499e-05 1.24809002954862e-05 1.22156998259015e-05 1.18951002150425e-05 1.15410002763383e-05 1.12050001916941e-05 1.08904996523052e-05 1.05450999399181e-05 1.01619998531532e-05 1.02162002804107e-05 1.03231996035902e-05 1.03941001725616e-05 1.03959000625764e-05 1.05033996078419e-05 1.06121997305308e-05 1.0722100341809e-05 1.08820004243171e-05 1.12159996206174e-05 1.16586998046841e-05
0.000110521999886 0.000106391998997424 0.000101862999144942 9.76372975856066e-05 9.19634985621087e-05 8.68487986736e-05 8.23984009912238e-05 7.80780028435402e-05 7.33096967451274e-05 6.91457971697673e-05 6.44032988930121e-05 5.92661017435603e-05 5.37958985660225e-05 4.85249001940247e-05 4.41759984823875e-05 4.04925012844615e-05 3.69894987670705e-05 3.40836013492662e-05 3.12689007841982e-05 2.921610030171e-05 2.74436006293399e-05 2.54727001447463e-05 2.39133005379699e-05 2.24079994950444e-05 2.10882008104818e-05 1.98654997802805e-05 1.88160993275233e-05 1.8315700799576e-05 1.78286991285859e-05 1.72050004039193e-05 1.66207992151612e-05 1.60919007612392e-05 1.54048993863398e-05 1.47664995893138e-05 1.47251002999838e-05 1.47072996696807e-05 1.4618300156144e-05 1.45362000694149e-05 1.45718004205264e-05 1.45912999869324e-05 1.46578995554592e-05 1.47962000482948e-05 1.52398997670389e-05 1.56314999912865e-05
0.000163161006639712 0.000159207993419841 0.000154092005686834 0.000148189006722532 0.000141866999911144 0.000134917994728312 0.000128576997667551 0.000121447003039066 0.000114148002467118 0.000107173997093923 0.00010189999738941 9.47231965255924e-05 8.71611991897225e-05 7.87237004260533e-05 7.20989992260002e-05 6.57783020869829e-05 6.03748012508731e-05 5.54163016204257e-05 5.09698002133518e-05 4.74666994705331e-05 4.44635006715544e-05 4.15897993661929e-05 3.87934996979311e-05 3.60222002200317e-05 3.36974990204908e-05 3.13441014441196e-05 2.9547200028901e-05 2.83050994767109e-05 2.71174994850298e-05 2.59572007053066e-05 2.49078002525494e-05 2.3966300432221e-05 2.30899004236562e-05 2.22492999455426e-05 2.17757005884778e-05 2.1458899936988e-05 2.11354999919422e-05 2.08520996238803e-05 2.07922003028216e-05 2.06689001061022e-05 2.05746000574436e-05 2.056720040855e-05 2.09932004509028e-05 2.1525800548261e-05
0.000231854995945469 0.000225598996621557 0.000219510999158956 0.000213587001780979 0.000204725001822226 0.000195579996216111 0.000187807003385387 0.000179673996171914 0.000172351996297948 0.000165649995324202 0.000156327005242929 0.000149104002048261 0.000138482995680533 0.000128592000692151 0.000119903997983783 0.000110186003439594 0.00010058400221169 9.18945006560534e-05 8.39130007079802e-05 7.76914966991171e-05 7.19279996701516e-05 6.6687396611087e-05 6.16527977399528e-05 5.72803000977729e-05 5.32515005033929e-05 4.96797983942088e-05 4.66780002170708e-05 4.43343014921993e-05 4.2082101572305e-05 3.99337004637346e-05 3.81840982299764e-05 3.65837004210334e-05 3.49215988535434e-05 3.33233983837999e-05 3.22638006764464e-05 3.14274984702934e-05 3.06129004457034e-05 2.98195991490502e-05 2.96694997814484e-05 2.96080997941317e-05 2.94773999485187e-05 2.92419008474099e-05 2.93617995339446e-05 2.94822002615547e-05
0.000286747992504388 0.000279702013358474 0.000272550998488441 0.000264472997514531 0.000257603998761624 0.000249675009399652 0.00024135599960573 0.000232777994824573 0.000223308001295663 0.000212762999581173 0.000203036004677415 0.000194923006347381 0.000186075994861312 0.000177139998413622 0.00016563999815844 0.000155735993757844 0.000146414997288957 0.000135067995870486 0.000123559002531692 0.000114895003207494 0.000107271996967029 9.96326998574659e-05 9.27567016333342e-05 8.64929024828598e-05 8.03110015112907e-05 7.45907964301296e-05 6.95507987984456e-05 6.56892007100396e-05 6.20420978520997e-05 5.85976995353121e-05 5.57923995074816e-05 5.34315004188102e-05 5.11707985424437e-05 4.8884998250287e-05 4.71132007078268e-05 4.55681984021794e-05 4.42716991528869e-05 4.30834988947026e-05 4.26828992203809e-05 4.18919007643126e-05 4.1264298488386e-05 4.09882995882072e-05 4.11709006584715e-05 4.10532011301257e-05
0.000345406006090343 0.000338320009177551 0.000328360998537391 0.000322169013088569 0.000315040000714362 0.000307412003166974 0.000300568004604429 0.000293938996037468 0.000282958004390821 0.000273171986918896 0.000259994994848967 0.000248299009399489 0.000237924003158696 0.000226219999603927 0.000217380002140999 0.00020786200184375 0.00019622000399977 0.000185698998393491 0.000176111003383994 0.000166197001817636 0.000156291003804654 0.000145886006066576 0.000135897993459366 0.000127330000395887 0.000119053998787422 0.000111316003312822 0.000104359998658765 9.84564976533875e-05 9.27092987694778e-05 8.73352983035147e-05 8.29299024189822e-05 7.86981036071666e-05 7.48613965697587e-05 7.12128021405078e-05 6.85405029798858e-05 6.59003999317065e-05 6.36074983049184e-05 6.16532997810282e-05 6.01022984483279e-05 5.85859015700407e-05 5.73528996028472e-05 5.62718996661715e-05 5.59776999580208e-05 5.57097991986666e-05
0.000403424986870959 0.000393249007174745 0.000385869992896914 0.000381216988898814 0.000372089998563752 0.000361426995368674 0.000350943009834737 0.000344125990523025 0.000335604010615498 0.00032306500361301 0.000313571013975888 0.00030357699142769 0.000293638004222885 0.000283028988633305 0.000273287994787097 0.000262162007857114 0.000248710013693199 0.000237940999795683 0.000226952994125895 0.000215533000300638 0.000203289993805811 0.000192765000974759 0.000182685005711392 0.000172757005202584 0.000162637996254489 0.000153450004290789 0.000144562000059523 0.000137110997457057 0.000130330998217687 0.000123250996693969 0.000117540002975147 0.000111462999484502 0.000105742001323961 0.000100721001217607 9.6815696451813e-05 9.33445990085602e-05 8.9998597104568e-05 8.67108028614894e-05 8.4355597209651e-05 8.20643981569447e-05 7.98355977167375e-05 7.79858964961022e-05 7.71549021010287e-05 7.60234979679808e-05
0.000442802003817633 0.000439102994278073 0.000437348004197702 0.000432778993854299 0.000424630998168141 0.000416950992075726 0.000409263011533767 0.000403838988859206 0.000392376008676365 0.000379564997274429 0.000364689010893926 0.000352884992025793 0.000339210004312918 0.000328441994497553 0.000318315986078233 0.000307676004013047 0.000296059995889664 0.000284617999568582 0.00027339399093762 0.00026134800282307 0.000251196004683152 0.000240092995227315 0.000229291006689891 0.000215777006815188 0.000205204996746033 0.000197268993360922 0.000186987002962269 0.00017896099598147 0.000171291001606733 0.000163859003805555 0.000156887006596662 0.000149984000017866 0.000143233002745546 0.000137825001729652 0.000133947993163019 0.000128597996081226 0.000123256002552807 0.000118135001685005 0.000114727001346182 0.000111631001345813 0.000108032996649854 0.000105507002444938 0.00010396700236015 0.000101603996881749
0.000462174997664988 0.000460646988358349 0.00046068400843069 0.000457460002508014 0.000454040011391044 0.00045068800682202 0.000448081002105027 0.000445621000835672 0.000438143004430458 0.0004326929920353 0.00042532299994491 0.000412799010518938 0.000401635013986379 0.000390381988836452 0.000378919008653611 0.000368234002962708 0.000349843990989029 0.000337442004820332 0.000325480999890715 0.000313964002998546 0.000301875988952816 0.000290260009933263 0.000280151987681165 0.000268750009126961 0.000258915009908378 0.000247618998400867 0.000237764994380996 0.000228314995183609 0.000217473003431223 0.000206986995181069 0.000199895002879202 0.000191993996850215 0.000185109005542472 0.00017912799376063 0.000172572006704286 0.000165435005328618 0.000159953997354023 0.000153625995153561 0.000150830994243734 0.000147636004840024 0.000142851000418887 0.000137576993438415 0.000134108995553106 0.000130940999952145
0.000473194988444448 0.0004717480042018 0.000471889012260363 0.00047174099017866 0.000470341998152435 0.000469163991510868 0.000465904013253748 0.000462661992060021 0.000459283997770399 0.000455708999652416 0.000452164997113869 0.000447658007033169 0.000443574012024328 0.000437681010225788 0.000428664003266022 0.000413906993344426 0.000401135999709368 0.000386711006285623 0.000369182991562411 0.000356094999006018 0.000344277010299265 0.000331471994286403 0.000319960992783308 0.000307943002553657 0.000297435995889828 0.000288076989818364 0.000277204992016777 0.000266788993030787 0.000257025007158518 0.00024739300715737 0.000237710002693348 0.000228787001105957 0.000220845002331771 0.000213613006053492 0.00020774599397555 0.00020053400658071 0.000193671992747113 0.000187872996320948 0.000183120995643549 0.000177819005330093 0.000173752996488474 0.000168672995641828 0.000163489996339194 0.00015945199993439
0.000483720010379329 0.000482683011796325 0.000480021990370005 0.000479173992061988 0.000478278991067782 0.000476999004604295 0.000476078013889492 0.000475620996439829 0.000474175991257653 0.000472285988507792 0.000471960986033082 0.000468195998109877 0.000464876997284591 0.000460418988950551 0.000457270012702793 0.000455072993645445 0.000451381987659261 0.000438462011516094 0.000421798002207652 0.000410059990826994 0.000397686002543196 0.000384396989829838 0.000367366999853402 0.00035328499507159 0.000340041995514184 0.000328669993905351 0.000316969002597034 0.000308168004266918 0.000299045990686864 0.000291266012936831 0.000279355997918174 0.000270607008133084 0.000261023000348359 0.000248422002186999 0.000239556000451557 0.00023323399364017 0.000229444995056838 0.000222096001380123 0.00021542799368035 0.000210102996788919 0.000204089999897406 0.00019808899378404 0.000193508007214405 0.000187537996680476
0.000492230989038944 0.000492328021209687 0.000491974991746247 0.000491997983772308 0.00049145397497341 0.00048916699597612 0.000486895994981751 0.000485392985865474 0.000484155985759571 0.000482717005070299 0.000481122988276184 0.000478075991850346 0.000477672991110012 0.000476874003652483 0.000475567998364568 0.000471369014121592 0.000464507000287995 0.000459008995676413 0.000455352012068033 0.00045210900134407 0.000443496013758704 0.000425261008786038 0.000415680988226086 0.00040128399268724 0.00038567598676309 0.000372548005543649 0.000358088000211865 0.000346181011991575 0.000334256998030469 0.000324346998240799 0.000315156998112798 0.000306147994706407 0.000299314997391775 0.000291042000753805 0.000281507993349805 0.000273618003120646 0.000264436006546021 0.000255396007560194 0.000249278004048392 0.000241850997554138 0.000234947001445107 0.000228307995712385 0.000221922993659973 0.000215659994864836
0.000493908009957522 0.00049369502812624 0.000493482977617532 0.000493274012114853 0.000492255028802902 0.000492717023007572 0.000493181985802948 0.000493596016895026 0.000492635008413345 0.0004911869764328 0.000491058977786452 0.000489861005917192 0.000485697004478425 0.000483615003759041 0.000481652998132631 0.000478314992506057 0.000477333989692852 0.000472279993118718 0.00046827900223434 0.000463397998828441 0.000458233989775181 0.000454977998742834 0.000448273000074551 0.000439418014138937 0.000422431010520086 0.000404877995606512 0.000392993999412283 0.000381373014533892 0.000369413988664746 0.000358173012500629 0.000345604988979176 0.000334737997036427 0.000325192988384515 0.000318437989335507 0.000310773000819609 0.000302750006085262 0.000294938014121726 0.000287423987174407 0.000279953994322568 0.000272700999630615 0.000265314010903239 0.000259471999015659 0.000251746998401359 0.000246681011049077
