results/Predictions/Median/Bartonian.asc
NCOLS 360 
NROWS 180 
XLLCORNER -180 
YLLCORNER -90 
CELLSIZE 1 
NODATA_value -3.4e+38 
[rows 38 to 56 of 180, columns 176 to 219 of 360]
0.0217444002628326 0.0224846005439758 0.0234324000775814 0.0245485007762909 0.0243158005177975 0.022350100800395 0.0203067008405924 0.0182453002780676 0.0166557002812624 0.0155546003952622 0.0146620003506541 -3.4e+38 -3.4e+38 -3.4e+38 -3.4e+38 -3.4e+38 -3.4e+38 -3.4e+38 -3.4e+38 -3.4e+38 -3.4e+38 -3.4e+38 -3.4e+38 -3.4e+38 -3.4e+38 -3.4e+38 0.00486304005607963 0.00428764009848237 0.00364479003474116 0.00301586999557912 0.00276840990409255 -3.4e+38 -3.4e+38 -3.4e+38 -3.4e+38 -3.4e+38 -3.4e+38 -3.4e+38 -3.4e+38 -3.4e+38 -3.4e+38 -3.4e+38 0.00313401990570128 0.00358629995025694
0.0222484990954399 0.0254359003156424 0.029253700748086 0.0338926017284393 0.0333930999040604 0.0274898000061512 0.0229429006576538 0.0187796000391245 0.0168423000723124 0.0157236997038126 0.0147499004378915 -3.4e+38 -3.4e+38 -3.4e+38 -3.4e+38 -3.4e+38 -3.4e+38 -3.4e+38 -3.4e+38 -3.4e+38 -3.4e+38 -3.4e+38 -3.4e+38 -3.4e+38 -3.4e+38 -3.4e+38 0.00507128983736038 0.00429097982123494 0.00360274990089238 0.00296675995923579 0.00273440009914339 0.00317907007411122 0.00364821008406579 0.00405305996537209 0.00424984004348516 0.00423766020685434 0.00422486010938883 0.00383663992397487 0.00364638003520668 -3.4e+38 -3.4e+38 -3.4e+38 0.00309182005003095 0.00355414999648929
-3.4e+38 -3.4e+38 0.0428792983293533 0.0433048009872437 -3.4e+38 -3.4e+38 -3.4e+38 -3.4e+38 -3.4e+38 -3.4e+38 -3.4e+38 -3.4e+38 -3.4e+38 -3.4e+38 -3.4e+38 -3.4e+38 -3.4e+38 -3.4e+38 -3.4e+38 -3.4e+38 -3.4e+38 -3.4e+38 0.0228879991918802 0.0178194008767605 0.0129973003640771 0.00921010971069336 0.00649935007095337 0.00567949982360005 0.00487201008945704 0.00411973986774683 0.00375912990421057 0.00424468982964754 0.00477678002789617 0.00510125001892447 0.00529754022136331 0.00523980986326933 0.00527701014652848 0.00522986007854342 0.00493150018155575 0.00466756988316774 0.00418878998607397 0.00377699011005461 0.00414022989571095 0.00461341999471188
-3.4e+38 -3.4e+38 -3.4e+38 -3.4e+38 -3.4e+38 -3.4e+38 -3.4e+38 -3.4e+38 -3.4e+38 -3.4e+38 -3.4e+38 -3.4e+38 -3.4e+38 -3.4e+38 -3.4e+38 -3.4e+38 -3.4e+38 0.0309670995920897 0.0305758994072676 0.0293097998946905 0.0272511001676321 0.0248751007020473 0.0227003991603851 0.0194997992366552 0.0166044998914003 0.0136778000742197 0.011264500208199 0.0100712003186345 0.00891873985528946 0.00787657033652067 0.00727450009435415 0.00752913020551205 0.00778649002313614 0.00808379985392094 0.00817220006138086 0.00822127982974052 0.008238909766078 0.00825094990432262 0.0079950699582696 0.00764168985188007 0.00728381983935833 0.006927739828825 0.00705664977431297 0.00718432012945414
-3.4e+38 -3.4e+38 -3.4e+38 -3.4e+38 -3.4e+38 -3.4e+38 -3.4e+38 -3.4e+38 -3.4e+38 -3.4e+38 -3.4e+38 -3.4e+38 -3.4e+38 -3.4e+38 0.0507082007825375 0.0330247990787029 0.0295103993266821 0.0282364003360271 0.0275791995227337 0.0268357992172241 0.0257767997682095 0.0239396002143621 0.0222999006509781 0.0214559007436037 0.020821800455451 0.0201047006994486 0.0193985998630524 0.0176378004252911 0.0155969997867942 0.0138341998681426 0.0127480002120137 0.0126868998631835 0.0126069998368621 0.0125182000920177 0.0124770002439618 0.0125487996265292 0.0126438997685909 0.0127547001466155 0.01247030030936 0.0120761003345251 0.0116993002593517 0.0113623002544045 0.0113645996898413 0.0113514000549912
-3.4e+38 -3.4e+38 -3.4e+38 -3.4e+38 -3.4e+38 -3.4e+38 -3.4e+38 -3.4e+38 0.146960005164146 0.158537000417709 0.174583002924919 0.187726005911827 0.132595002651215 0.08887729793787 0.0592372007668018 0.0327517986297607 0.0243167001754045 0.0240125991404057 0.0239870008081198 0.0246408004313707 0.0277839004993439 0.0346997007727623 0.033287301659584 0.0321816988289356 0.0309679005295038 0.0300206001847982 0.0289610996842384 0.0255405008792877 0.0224204994738102 0.0197714008390903 0.0179725997149944 0.0178351998329163 0.017679899930954 0.0175321996212006 0.0173138007521629 0.017051899805665 0.0169024001806974 0.0167928002774715 0.0163260996341705 0.0158123001456261 0.0152438003569841 0.0147556997835636 0.0148077998310328 0.0148510998114944
-3.4e+38 -3.4e+38 -3.4e+38 -3.4e+38 -3.4e+38 -3.4e+38 -3.4e+38 0.138205006718636 0.143864005804062 0.151951000094414 0.158539995551109 0.153986006975174 0.0751821994781494 0.038043700158596 0.0260824002325535 0.0363301001489162 0.0544148981571198 0.0463394001126289 0.045431099832058 0.0396519005298615 0.0216422006487846 0.0188202001154423 0.0411156006157398 0.0473095998167992 0.0460239984095097 0.0449514985084534 0.0428057983517647 0.0372985005378723 0.0325923003256321 0.0285960994660854 0.0257502999156713 0.0253069996833801 0.0249368008226156 0.0245620999485254 0.02403200045228 0.0233670994639397 0.0227889008820057 0.0222885999828577 0.0214661005884409 0.0207138992846012 0.0200174003839493 0.0193176995962858 0.0194809008389711 0.0196474008262157
-3.4e+38 -3.4e+38 -3.4e+38 -3.4e+38 -3.4e+38 -3.4e+38 0.159997001290321 0.145730003714561 0.135071992874146 0.0983655005693436 0.0772719010710716 0.0619740001857281 0.0578950010240078 0.0600585006177425 0.0860837996006012 0.0842408016324043 0.094404898583889 0.0933371037244797 0.102889001369476 0.0988959968090057 0.0888035967946053 0.0816755965352058 0.0616342984139919 0.0593015998601913 0.0615624003112316 0.0652064010500908 0.0697411000728607 0.0585274994373322 0.0494340993463993 0.0422452986240387 0.0382500998675823 0.0374874994158745 0.0370010994374752 0.0365971997380257 0.0353940017521381 0.0340975001454353 0.0330145992338657 0.0319584012031555 0.0305559001863003 0.0291029997169971 0.0278555005788803 0.0267449002712965 0.0267398990690708 0.0265852008014917
-3.4e+38 -3.4e+38 -3.4e+38 -3.4e+38 -3.4e+38 0.178082004189491 0.17093400657177 0.161895006895065 0.0848359987139702 0.0949131995439529 0.184154003858566 0.184318006038666 0.186809003353119 -3.4e+38 -3.4e+38 -3.4e+38 -3.4e+38 0.116446003317833 0.132468998432159 0.126735001802444 0.101810999214649 -3.4e+38 -3.4e+38 0.0667221024632454 0.0744860023260117 -3.4e+38 -3.4e+38 0.0825432986021042 0.0715064033865929 0.0632247030735016 0.0566705986857414 0.0564685985445976 0.0560306012630463 0.0556644983589649 0.0539039000868797 0.0513476990163326 0.0482379011809826 0.0467999987304211 -3.4e+38 -3.4e+38 0.0427759997546673 0.039639700204134 0.0375658012926579 0.0380141995847225
-3.4e+38 -3.4e+38 -3.4e+38 -3.4e+38 -3.4e+38 0.250164985656738 0.227089002728462 0.208709999918938 0.206612005829811 0.251994013786316 0.277323991060257 0.305923014879227 0.325940012931824 0.342997014522552 0.356878012418747 0.360689997673035 -3.4e+38 -3.4e+38 -3.4e+38 0.197578996419907 0.229754999279976 -3.4e+38 -3.4e+38 -3.4e+38 -3.4e+38 -3.4e+38 0.134789004921913 0.114543996751308 0.0990952029824257 0.0878001973032951 0.0816065967082977 0.0827225968241692 0.0830842033028603 0.0835909023880959 0.0813013017177582 0.0749875977635384 0.0698622986674309 0.0659418031573296 0.0637148022651672 0.0623407997190952 0.062363900244236 0.0585343018174171 0.0541808009147644 0.0530399009585381
-3.4e+38 -3.4e+38 -3.4e+38 -3.4e+38 -3.4e+38 -3.4e+38 0.26324799656868 0.271578013896942 0.263431012630463 0.296837002038956 0.325284987688065 0.347438007593155 0.356806010007858 0.360329002141953 0.366311013698578 0.36048299074173 0.320116013288498 0.293597012758255 0.257800996303558 0.0659969002008438 0.150588005781174 -3.4e+38 -3.4e+38 -3.4e+38 -3.4e+38 -3.4e+38 0.172279998660088 0.136956006288528 0.113300003111362 0.095073401927948 0.0868417024612427 -3.4e+38 -3.4e+38 -3.4e+38 0.115370996296406 0.103641003370285 0.100313000380993 0.0913468971848488 0.0856714993715286 -3.4e+38 -3.4e+38 0.0753969997167587 0.0745529979467392 0.0759676024317741
-3.4e+38 -3.4e+38 -3.4e+38 -3.4e+38 -3.4e+38 -3.4e+38 0.300848990678787 0.327935010194778 0.000222321003093384 0.000367311004083604 0.392426997423172 0.39725399017334 0.386999011039734 0.378978997468948 0.371903002262115 0.360601991415024 0.345658987760544 0.32940798997879 0.298005998134613 0.0833386033773422 0.0735315978527069 0.281049996614456 -3.4e+38 -3.4e+38 0.266840010881424 0.234738007187843 0.221774995326996 -3.4e+38 -3.4e+38 -3.4e+38 -3.4e+38 -3.4e+38 0.127556994557381 0.142316997051239 0.149114996194839 0.146580994129181 -3.4e+38 -3.4e+38 -3.4e+38 0.109953001141548 0.105238996446133 0.103128001093864 0.108462996780872 0.115331001579762
-3.4e+38 -3.4e+38 -3.4e+38 -3.4e+38 -3.4e+38 -3.4e+38 0.308234006166458 0.371710985898972 0.000286533002508804 0.000307970010908321 0.000690713000949472 0.449790000915527 0.42162498831749 0.412019014358521 0.398674994707108 0.381085008382797 0.358967989683151 0.363429009914398 -3.4e+38 0.337754994630814 0.30808699131012 0.237793996930122 0.30978199839592 0.297603011131287 0.233768001198769 0.144431993365288 0.285759001970291 0.31317999958992 -3.4e+38 -3.4e+38 -3.4e+38 -3.4e+38 0.202534005045891 0.197394996881485 0.188829004764557 0.177983999252319 0.16627399623394 0.156384006142616 0.144315004348755 0.134664997458458 0.13807800412178 -3.4e+38 -3.4e+38 -3.4e+38
-3.4e+38 -3.4e+38 -3.4e+38 -3.4e+38 -3.4e+38 -3.4e+38 0.394701987504959 0.108306996524334 0.00034424100886099 0.000355088996002451 0.000355891010258347 0.000664098013658077 0.457736998796463 -3.4e+38 0.439916014671326 0.427745997905731 0.40667000412941 0.397219985723495 0.409381985664368 -3.4e+38 -3.4e+38 -3.4e+38 0.365906000137329 0.298363000154495 0.154844999313354 0.120035000145435 0.240026995539665 0.347992986440659 0.351707011461258 0.358390003442764 0.214535996317863 0.220794007182121 0.22732700407505 0.234133005142212 -3.4e+38 0.230045005679131 0.213754996657372 0.204885005950928 0.189858004450798 0.0930271968245506 0.105324998497963 0.185438007116318 -3.4e+38 -3.4e+38
-3.4e+38 -3.4e+38 0.389400988817215 0.361189991235733 0.288589000701904 0.398901998996735 0.431313008069992 0.463474005460739 0.0415393002331257 0.000373349001165479 0.000378386990632862 0.000381846009986475 0.000449245009804145 -3.4e+38 -3.4e+38 0.480356991291046 0.467377990484238 0.454656988382339 0.449068993330002 -3.4e+38 0.421297997236252 0.424475997686386 0.420812994241714 0.173563003540039 0.0606718994677067 0.0876353979110718 0.243964999914169 0.441401988267899 -3.4e+38 -3.4e+38 -3.4e+38 0.36175400018692 0.323495000600815 0.295379996299744 -3.4e+38 -3.4e+38 0.268783003091812 0.261842995882034 0.255804985761642 0.116581000387669 0.066015399992466 0.149186998605728 0.274031013250351 -3.4e+38
0.429109007120132 0.421579003334045 0.000556930026505142 0.000276712002232671 0.000291369011392817 0.00032610900234431 0.000369363988284022 0.000396037998143584 0.000402553007006645 0.000405352999223396 0.000406325998483226 0.000405902013881132 0.000401620985940099 0.000479239010019228 0.49193799495697 -3.4e+38 0.486454993486404 0.477593988180161 0.462987005710602 -3.4e+38 0.469417989253998 0.423204004764557 -3.4e+38 0.440133988857269 0.0586879998445511 0.0576153993606567 0.171309992671013 0.4531170129776 -3.4e+38 -3.4e+38 -3.4e+38 -3.4e+38 0.31836798787117 0.277592986822128 -3.4e+38 -3.4e+38 0.314613997936249 0.327845007181168 0.322649002075195 0.157573997974396 0.0625201985239983 0.0758159980177879 0.149382993578911 0.337651997804642
0.0716641023755074 0.000312768999719992 0.000314520002575591 0.00032096600625664 0.000338065990945324 0.000372632988728583 0.000412205990869552 0.000427980005042627 0.000434918998507783 0.000437273003626615 0.000435410009231418 0.000432519998867065 0.000423871999373659 0.000420144002418965 0.000416449009208009 0.493342995643616 0.498425006866455 0.495606005191803 0.485428005456924 0.483637988567352 0.313019007444382 0.457029014825821 0.467869997024536 0.468800008296967 0.173353999853134 0.0578578002750874 0.100047998130322 0.39444100856781 0.481972008943558 0.461858987808228 -3.4e+38 -3.4e+38 0.317223012447357 -3.4e+38 -3.4e+38 0.296411007642746 0.340326994657516 0.379492998123169 0.388339996337891 0.24406099319458 0.0998838990926743 0.0602050982415676 0.0733814984560013 0.152152001857758
0.000328680995153263 0.000336583994794637 0.00034806999610737 0.000374196009943262 0.00040216400520876 0.000432103988714516 0.000460801005829126 0.000466008990770206 0.000467027013655752 0.000460123002994806 0.000455299013992772 0.000454400986200199 0.000449602986918762 0.00044092201278545 0.000432114989962429 0.000427358987508342 0.243589997291565 0.495842009782791 0.501289010047913 0.49363899230957 0.486054003238678 0.00408833986148238 0.487796008586884 0.506229996681213 0.499430000782013 0.0933026000857353 0.0662117004394531 0.19056099653244 0.475163012742996 0.471511006355286 0.465977013111115 -3.4e+38 -3.4e+38 0.459026992321014 0.45592001080513 -3.4e+38 -3.4e+38 -3.4e+38 0.446011006832123 0.42858698964119 0.205460995435715 0.0795278027653694 0.0556273013353348 0.0789574980735779
0.000342721992637962 0.000365284009603783 0.000388054002542049 0.000401747005525976 0.000429773994255811 0.000468954996904358 0.000496626016683877 0.00049152597784996 0.000487879995489493 0.000483871001051739 0.000479671987704933 0.000477810011943802 0.000469254009658471 0.000458488997537643 0.000449701998149976 0.000445259996922687 0.000470848986878991 0.140784993767738 0.49533799290657 0.499727010726929 0.518320977687836 0.0048035099171102 0.000732474029064178 0.502959012985229 -3.4e+38 0.362464010715485 0.0694309994578362 0.0788948014378548 0.219610005617142 0.440813988447189 0.461425989866257 0.473273992538452 0.471691012382507 0.46500501036644 0.468374013900757 0.474866986274719 0.461926996707916 0.441933006048203 0.464841991662979 0.483236014842987 0.471314013004303 0.133943006396294 0.0535311996936798 0.0505925007164478
