results/Predictions/Median/Bartonian.asc
NCOLS 360 
NROWS 180 
XLLCORNER -180 
YLLCORNER -90 
CELLSIZE 1 
NODATA_value -3.4e+38 
[rows 133 to 151 of 180, columns 264 to 307 of 360]
8.92512034624815e-05 8.96838973858394e-05 9.06403001863509e-05 9.20117963687517e-05 9.32688999455422e-05 9.45427964325063e-05 9.74572976701893e-05 0.000102158002846409 0.000107077998109162 0.000112690999230836 0.000118278003355954 0.000125316000776365 0.00013300399587024 0.245930999517441 0.243861004710197 0.246540993452072 -3.4e+38 -3.4e+38 -3.4e+38 -3.4e+38 -3.4e+38 -3.4e+38 -3.4e+38 -3.4e+38 -3.4e+38 -3.4e+38 -3.4e+38 -3.4e+38 -3.4e+38 -3.4e+38 -3.4e+38 -3.4e+38 -3.4e+38 -3.4e+38 -3.4e+38 -3.4e+38 -3.4e+38 -3.4e+38 -3.4e+38 -3.4e+38 -3.4e+38 -3.4e+38 -3.4e+38 -3.4e+38
7.39652023185045e-05 7.44282006053254e-05 7.51184998080134e-05 7.64990036259405e-05 7.79049005359411e-05 7.93365034041926e-05 8.25831011752598e-05 8.68038987391628e-05 9.2113099526614e-05 9.60139004746452e-05 0.000100751996797044 0.000104468999779783 0.210912004113197 0.20847100019455 0.21645499765873 -3.4e+38 -3.4e+38 -3.4e+38 -3.4e+38 -3.4e+38 -3.4e+38 -3.4e+38 -3.4e+38 -3.4e+38 -3.4e+38 -3.4e+38 -3.4e+38 -3.4e+38 -3.4e+38 -3.4e+38 -3.4e+38 -3.4e+38 -3.4e+38 -3.4e+38 -3.4e+38 -3.4e+38 -3.4e+38 -3.4e+38 -3.4e+38 -3.4e+38 -3.4e+38 -3.4e+38 -3.4e+38 -3.4e+38
6.10341012361459e-05 6.19674974586815e-05 6.30196009296924e-05 6.4455896790605e-05 6.59249999444e-05 6.74276016070507e-05 6.99907031957991e-05 7.41113035473973e-05 7.82755014370196e-05 8.33927988423966e-05 8.71851007104851e-05 0.176274999976158 0.184826001524925 0.181179001927376 0.185284003615379 -3.4e+38 -3.4e+38 -3.4e+38 -3.4e+38 -3.4e+38 -3.4e+38 -3.4e+38 -3.4e+38 -3.4e+38 -3.4e+38 -3.4e+38 -3.4e+38 -3.4e+38 -3.4e+38 -3.4e+38 -3.4e+38 -3.4e+38 -3.4e+38 -3.4e+38 -3.4e+38 -3.4e+38 -3.4e+38 -3.4e+38 -3.4e+38 -3.4e+38 -3.4e+38 -3.4e+38 -3.4e+38 -3.4e+38
5.03586015838664e-05 5.13876002514735e-05 5.24938004673459e-05 5.39918000868056e-05 5.58536994503811e-05 5.75375997868832e-05 5.98822989559267e-05 6.318130181171e-05 6.74039984005503e-05 7.1849899541121e-05 7.57070010877214e-05 -3.4e+38 0.166141003370285 0.169174000620842 0.172823995351791 -3.4e+38 -3.4e+38 -3.4e+38 -3.4e+38 -3.4e+38 -3.4e+38 -3.4e+38 -3.4e+38 -3.4e+38 -3.4e+38 -3.4e+38 -3.4e+38 -3.4e+38 -3.4e+38 -3.4e+38 -3.4e+38 -3.4e+38 -3.4e+38 -3.4e+38 -3.4e+38 -3.4e+38 -3.4e+38 -3.4e+38 -3.4e+38 -3.4e+38 -3.4e+38 -3.4e+38 -3.4e+38 -3.4e+38
4.19632997363806e-05 4.30881009378936e-05 4.42665004811715e-05 4.55494009656832e-05 4.68698017357383e-05 4.83114017697517e-05 5.10536010551732e-05 5.41726003575604e-05 5.73274992348161e-05 6.18718986515887e-05 6.56323027214967e-05 0.000224250994506292 0.150957003235817 0.152979999780655 -3.4e+38 -3.4e+38 -3.4e+38 -3.4e+38 -3.4e+38 -3.4e+38 -3.4e+38 -3.4e+38 -3.4e+38 -3.4e+38 -3.4e+38 -3.4e+38 -3.4e+38 -3.4e+38 -3.4e+38 -3.4e+38 -3.4e+38 -3.4e+38 -3.4e+38 -3.4e+38 -3.4e+38 -3.4e+38 -3.4e+38 -3.4e+38 -3.4e+38 -3.4e+38 -3.4e+38 -3.4e+38 -3.4e+38 -3.4e+38
3.6032000934938e-05 3.71005007764325e-05 3.82252983399667e-05 3.94347989640664e-05 4.06791987188626e-05 4.20366013713647e-05 4.41199008491822e-05 4.71134007966612e-05 5.01126014569309e-05 5.31939003849402e-05 5.68663999729324e-05 6.11716968705878e-05 0.000916156976018101 0.140585005283356 0.137440994381905 -3.4e+38 -3.4e+38 -3.4e+38 -3.4e+38 -3.4e+38 -3.4e+38 -3.4e+38 -3.4e+38 -3.4e+38 -3.4e+38 -3.4e+38 -3.4e+38 -3.4e+38 -3.4e+38 -3.4e+38 -3.4e+38 -3.4e+38 -3.4e+38 -3.4e+38 -3.4e+38 -3.4e+38 -3.4e+38 -3.4e+38 -3.4e+38 -3.4e+38 -3.4e+38 -3.4e+38 -3.4e+38 -3.4e+38
3.01544005196774e-05 3.13419986923691e-05 3.26170011248905e-05 3.40418991982006e-05 3.55289994331542e-05 3.70445013686549e-05 3.88066000596154e-05 4.1156501538353e-05 4.38056995335501e-05 4.64266995550133e-05 4.98392982990481e-05 5.3505900723394e-05 5.72526987525634e-05 0.0021458500996232 0.124819003045559 -3.4e+38 -3.4e+38 -3.4e+38 -3.4e+38 -3.4e+38 -3.4e+38 -3.4e+38 -3.4e+38 -3.4e+38 -3.4e+38 -3.4e+38 -3.4e+38 -3.4e+38 -3.4e+38 -3.4e+38 -3.4e+38 -3.4e+38 -3.4e+38 -3.4e+38 -3.4e+38 -3.4e+38 -3.4e+38 -3.4e+38 -3.4e+38 -3.4e+38 -3.4e+38 -3.4e+38 -3.4e+38 -3.4e+38
2.5965000531869e-05 2.70813998213271e-05 2.82318997051334e-05 2.94686997222016e-05 3.09062015730888e-05 3.24139000440482e-05 3.42681014444679e-05 3.64459010597784e-05 3.88228982046712e-05 4.10637985623907e-05 4.40248986706138e-05 4.68426005681977e-05 5.00538990308996e-05 5.36955012648832e-05 0.0993383973836899 -3.4e+38 -3.4e+38 -3.4e+38 -3.4e+38 -3.4e+38 -3.4e+38 -3.4e+38 -3.4e+38 -3.4e+38 -3.4e+38 -3.4e+38 -3.4e+38 -3.4e+38 -3.4e+38 0.0524078011512756 0.0519315004348755 0.0514593012630939 -3.4e+38 -3.4e+38 -3.4e+38 -3.4e+38 -3.4e+38 -3.4e+38 -3.4e+38 -3.4e+38 -3.4e+38 -3.4e+38 -3.4e+38 -3.4e+38
2.26473002840066e-05 2.37997992371675e-05 2.49514996539801e-05 2.61021996266209e-05 2.73065998044331e-05 2.87272996501997e-05 3.04946006508544e-05 3.26070985465776e-05 3.48672983818687e-05 3.72854010493029e-05 3.97393014281988e-05 4.2390100134071e-05 4.52400017820764e-05 4.82366995129269e-05 0.00236459006555378 0.10504599660635 -3.4e+38 -3.4e+38 -3.4e+38 -3.4e+38 -3.4e+38 -3.4e+38 -3.4e+38 -3.4e+38 -3.4e+38 -3.4e+38 -3.4e+38 -3.4e+38 0.051435399800539 0.0518666990101337 0.0518153011798859 -3.4e+38 -3.4e+38 -3.4e+38 -3.4e+38 0.0507527999579906 0.0504857003688812 0.0504516996443272 -3.4e+38 -3.4e+38 -3.4e+38 -3.4e+38 -3.4e+38 -3.4e+38
1.96855999092804e-05 2.06993008760037e-05 2.19131998164812e-05 2.31879002967617e-05 2.43787999352207e-05 2.56315997830825e-05 2.72461002168711e-05 2.91759006358916e-05 3.12435004161671e-05 3.34590004058555e-05 3.58756005880423e-05 3.84835002478212e-05 4.10665015806444e-05 4.37068993051071e-05 0.0846802964806557 -3.4e+38 -3.4e+38 -3.4e+38 -3.4e+38 -3.4e+38 -3.4e+38 -3.4e+38 -3.4e+38 -3.4e+38 0.0679066032171249 0.0641127973794937 0.0596695989370346 0.0554872006177902 0.0511723011732101 0.0512069016695023 0.0512338988482952 0.0512676015496254 0.0509485006332397 0.0509870983660221 0.0507664009928703 0.0502763986587524 0.0478357002139091 0.0433541014790535 0.0399508997797966 0.0367894992232323 -3.4e+38 -3.4e+38 -3.4e+38 -3.4e+38
1.72501004271908e-05 1.83020001713885e-05 1.94101994566154e-05 2.05604992515873e-05 2.1779100279673e-05 2.29466004384449e-05 2.42146998061799e-05 2.5767400074983e-05 2.75503007287625e-05 2.94575002044439e-05 3.15987017529551e-05 3.39331018039957e-05 0.00535184983164072 0.0790797024965286 0.0806839019060135 -3.4e+38 -3.4e+38 -3.4e+38 -3.4e+38 0.0705593973398209 0.069311797618866 0.0693645998835564 0.0683612003922462 0.0680015981197357 0.0674467980861664 0.0635474026203156 0.0574227012693882 0.0530040003359318 -3.4e+38 0.0475766994059086 0.046578798443079 0.0462158992886543 0.0459497012197971 0.0462023988366127 0.0461197011172771 0.0451130010187626 0.0434839017689228 0.0406347997486591 0.0384314991533756 0.0362027995288372 -3.4e+38 -3.4e+38 -3.4e+38 -3.4e+38
1.52144002640853e-05 1.6183199477382e-05 1.71939991560066e-05 1.81791001523379e-05 1.92596999113448e-05 2.04101997951511e-05 2.16690004890552e-05 2.2923599317437e-05 2.42967998929089e-05 2.593809949758e-05 2.78355000773445e-05 2.99247003567871e-05 0.00756186014041305 0.0746690034866333 0.0709071978926659 -3.4e+38 -3.4e+38 -3.4e+38 0.070408396422863 0.0688183978199959 0.065973699092865 0.0645549967885017 0.0647552013397217 0.0667060017585754 0.0671121999621391 0.0609011016786098 0.0554612018167973 0.0504317991435528 0.0423566997051239 0.0419641993939877 0.0420575998723507 0.0414360016584396 0.0416923984885216 0.0420931987464428 0.0422539003193378 0.0423898994922638 0.0412423014640808 0.0385489016771317 0.0364101007580757 0.0352943986654282 0.0353096015751362 0.0354764983057976 -3.4e+38 -3.4e+38
1.35705995489843e-05 1.44344003274455e-05 1.53261007653782e-05 1.6186999346246e-05 1.709639946057e-05 1.79425005626399e-05 1.90318005479639e-05 2.03373001568252e-05 2.15756008401513e-05 2.27801992878085e-05 2.43457998294616e-05 2.6087100195582e-05 2.79539999610279e-05 3.08601011056453e-05 0.0245900992304087 0.0630853995680809 0.0636463016271591 0.062978096306324 0.0611225999891758 0.0611868984997272 0.0586994998157024 0.0577276982367039 0.0527139008045197 0.0509698987007141 0.0511954016983509 0.0472485981881618 0.00982277002185583 0.00184764002915472 0.000207549994229339 2.5878100132104e-05 1.91994004126173e-05 1.66814006661298e-05 1.83277006726712e-05 2.15796007978497e-05 4.64943987026345e-05 0.00068632501643151 0.00557284010574222 0.0220844000577927 0.029849199578166 0.0303051006048918 0.0278536006808281 0.0244520995765924 0.0220366008579731 0.0200098007917404
1.22430001283647e-05 1.29863001347985e-05 1.37462002385291e-05 1.44521000038367e-05 1.51943004311761e-05 1.597469963599e-05 1.68438000400783e-05 1.76772991835605e-05 1.87169007404009e-05 2.00115991901839e-05 2.12368995562429e-05 2.24531995627331e-05 2.37930998991942e-05 2.52177997026592e-05 2.51017991104163e-05 2.4935199689935e-05 2.50931007030886e-05 2.51434994424926e-05 2.51308993028942e-05 2.39616001636023e-05 2.33000992011512e-05 2.27318996621761e-05 2.22509006562177e-05 2.17489996430231e-05 2.12575996556552e-05 1.97312001546379e-05 1.74394008354284e-05 1.53057007992174e-05 1.35727996166679e-05 1.35275995489792e-05 1.34903002617648e-05 1.35206000777544e-05 1.35896998472163e-05 1.37770002766047e-05 1.39666999530164e-05 1.4158799785946e-05 1.35681002575438e-05 1.24730995594291e-05 1.11851004476193e-05 1.09075999716879e-05 5.43446985830087e-05 0.00742352986708283 0.0197574999183416 0.0191856008023024
1.108079959522e-05 1.17077997856541e-05 1.23662002806668e-05 1.29154996102443e-05 1.35037998916232e-05 1.41324999276549e-05 1.484869972046e-05 1.56626992975362e-05 1.64854991453467e-05 1.72596992342733e-05 1.8158099919674e-05 1.91987001016969e-05 2.02530991373351e-05 2.12691993510816e-05 2.12252998608164e-05 2.09292993531562e-05 2.07613993552513e-05 2.04944008146413e-05 1.99361002160003e-05 1.93929990928154e-05 1.88647991308244e-05 1.82750991370995e-05 1.77287001861259e-05 1.71985993802082e-05 1.67812995641725e-05 1.59042992891045e-05 1.44841997098411e-05 1.31910001073265e-05 1.19413998618256e-05 1.19530996016692e-05 1.19160004032892e-05 1.18699999802629e-05 1.18721000035293e-05 1.20191998576047e-05 1.21680996016948e-05 1.23188001452945e-05 1.1749300028896e-05 1.04748996818671e-05 9.17220040719258e-06 8.0316303865402e-06 7.85115025792038e-06 7.87501994636841e-06 8.15385010355385e-06 1.42888002301333e-05
9.87848034128547e-06 1.0261200259265e-05 1.0701100109145e-05 1.11309000203619e-05 1.15780003397958e-05 1.20832000902737e-05 1.26362001537927e-05 1.3204499737185e-05 1.37983997774427e-05 1.44191999424947e-05 1.49901998156565e-05 1.55568995978683e-05 1.61452007887419e-05 1.6755699107307e-05 1.63780005095759e-05 1.59701994562056e-05 1.53423006850062e-05 1.479440015828e-05 1.38860996230505e-05 1.29870995806414e-05 1.21463999676052e-05 1.14550002763281e-05 1.09088996396167e-05 1.03889997262741e-05 9.8347900348017e-06 9.03136970009655e-06 8.13924998510629e-06 7.31214004190406e-06 6.52283006274956e-06 6.98769008522504e-06 7.38602011551848e-06 7.81656035542255e-06 8.16327974462183e-06 8.16135980130639e-06 8.15943985799095e-06 8.15755993244238e-06 7.8570601544925e-06 7.28956001694314e-06 6.76306990499143e-06 6.17986006545834e-06 6.14897999184905e-06 6.36249978924752e-06 6.57552982374909e-06 6.70099007038516e-06
8.80750030773925e-06 8.98916005098727e-06 9.25916992855491e-06 9.58035980147542e-06 9.90892021945911e-06 1.02488002085011e-05 1.06177003544872e-05 1.10178998511401e-05 1.14330996439094e-05 1.18640000437154e-05 1.22026003737119e-05 1.25247997857514e-05 1.28555002447683e-05 1.31409997266019e-05 1.25234000734054e-05 1.18187999760266e-05 1.10581995613757e-05 1.02859003163758e-05 9.40973040997051e-06 8.57295981404604e-06 7.78848971094703e-06 7.09676987753483e-06 6.61149988445686e-06 6.02616000833223e-06 5.4626798373647e-06 4.91627997689648e-06 4.37479002357577e-06 3.97289022657787e-06 3.61582010555139e-06 4.06356002713437e-06 4.607059963746e-06 5.2588397920772e-06 5.78069011680782e-06 5.63134017284028e-06 5.48586012882879e-06 5.37114010512596e-06 5.25580981047824e-06 5.13539998792112e-06 5.01776003147825e-06 4.90280990561587e-06 4.96042002851027e-06 5.08387984154979e-06 5.23316020917264e-06 5.42071984455106e-06
6.17206978859031e-06 6.2195199461712e-06 6.28809993941104e-06 6.47527986075147e-06 6.66427013129578e-06 6.82911013427656e-06 6.98406984156463e-06 7.12816017767182e-06 7.24569008525577e-06 7.41013991500949e-06 7.47108015275444e-06 7.51240986573976e-06 7.58177020543371e-06 7.65177992434474e-06 7.19241006663651e-06 6.72945998303476e-06 6.27768986305455e-06 5.84785993851256e-06 5.32326021129848e-06 4.76021978101926e-06 4.21488994106767e-06 3.70700990970363e-06 3.31305000145221e-06 2.94604001283005e-06 2.66207007371122e-06 2.52069003181532e-06 2.35946004067955e-06 2.19426010517054e-06 2.04039997697691e-06 2.40947997554031e-06 2.72926990874112e-06 3.31940009345999e-06 3.77216997549112e-06 3.56434998138866e-06 3.3935700685106e-06 3.21063998853788e-06 3.14213002639008e-06 3.22783989759046e-06 3.31587989421678e-06 3.4063300518028e-06 3.53886002812942e-06 3.67478992302495e-06 3.79305993192247e-06 3.92609990740311e-06
3.26278995999019e-06 3.18456000059086e-06 3.10611994791543e-06 3.20347999149817e-06 3.30583998220391e-06 3.41147006110987e-06 3.44978002431162e-06 3.41845998264034e-06 3.38742006533721e-06 3.35666004502855e-06 3.33406001118419e-06 4.1660200622573e-06 1.46602997119771e-05 3.27492989526945e-06 3.06578999698104e-06 2.88359001388017e-06 2.62185994870379e-06 2.31981994147645e-06 2.14596002479084e-06 1.98877000912034e-06 1.84435998562549e-06 1.70218004313938e-06 1.57742999817856e-06 1.45062995215994e-06 1.32799004859407e-06 1.26085001284082e-06 1.20523998248245e-06 1.15209002160555e-06 1.09038001028239e-06 1.34568995235895e-06 1.66688994340802e-06 2.09257996175438e-06 2.36596997638117e-06 2.19873004425608e-06 2.00346994461142e-06 1.87523005479306e-06 1.88009005341883e-06 1.9976600924565e-06 2.12988993553154e-06 2.28911994781811e-06 2.39535006585356e-06 2.49713002631324e-06 2.60322008216463e-06 2.71860994871531e-06
