results/Predictions/Median/Bartonian.asc
NCOLS 360 
NROWS 180 
XLLCORNER -180 
YLLCORNER -90 
CELLSIZE 1 
NODATA_value -3.4e+38 
[rows 133 to 151 of 180, columns 88 to 131 of 360]
4.60974988527596e-05 4.5363100070972e-05 4.46271988039371e-05 4.38905990449712e-05 4.31662010669243e-05 4.24538993684109e-05 4.15194008382969e-05 4.05596001655795e-05 3.98386000597384e-05 3.91303983633406e-05 3.85290004487615e-05 3.77703981939703e-05 3.70103007298894e-05 3.60129015462007e-05 3.43157989846077e-05 3.27193993143737e-05 3.15061006403994e-05 3.07722984871361e-05 3.04764998872997e-05 3.03544002235867e-05 3.06633992295247e-05 2.79989999398822e-05 2.60400993283838e-05 2.33611008297885e-05 2.11746992135886e-05 2.06977001653286e-05 2.0235100237187e-05 0.045370701700449 -3.4e+38 -3.4e+38 -3.4e+38 -3.4e+38 -3.4e+38 -3.4e+38 -3.4e+38 -3.4e+38 -3.4e+38 -3.4e+38 -3.4e+38 0.156382992863655 0.142906993627548 0.133540004491806 0.131832003593445 0.138349995017052
3.67247994290665e-05 3.62222999683581e-05 3.58440011041239e-05 3.52968017978128e-05 3.46781016560271e-05 3.40945989592001e-05 3.35344993800391e-05 3.30272996507119e-05 3.24454013025388e-05 3.1805298931431e-05 3.13345990434755e-05 3.08708986267447e-05 3.04476998280734e-05 2.99673993140459e-05 2.88719002128346e-05 2.78167008218588e-05 2.68001003860263e-05 2.63379006355535e-05 2.6233999960823e-05 2.61517998296767e-05 2.67857994913356e-05 2.52204008575063e-05 2.39487999351695e-05 2.27335003728513e-05 2.16302996705053e-05 2.07420998776797e-05 2.04181997105479e-05 -3.4e+38 -3.4e+38 -3.4e+38 -3.4e+38 -3.4e+38 -3.4e+38 -3.4e+38 -3.4e+38 -3.4e+38 -3.4e+38 -3.4e+38 -3.4e+38 0.155283004045486 0.137599006295204 0.109944000840187 0.133567005395889 0.143182992935181
2.90423995465972e-05 2.88852006633533e-05 2.86403992504347e-05 2.8254800781724e-05 2.78743991657393e-05 2.74990998150315e-05 2.72448996838648e-05 2.68570001935586e-05 2.64679001702461e-05 2.60969991359161e-05 2.58539002970792e-05 2.5562199880369e-05 2.52737991104368e-05 2.48616997851059e-05 2.39149994740728e-05 2.30139994528145e-05 2.22508006118005e-05 2.21012996917125e-05 2.24251998588443e-05 2.27961991186021e-05 2.31306003115606e-05 2.23855004151119e-05 2.16046992136398e-05 2.12241993722273e-05 2.06565000553383e-05 1.9851600882248e-05 1.9156699636369e-05 -3.4e+38 -3.4e+38 -3.4e+38 -3.4e+38 -3.4e+38 -3.4e+38 -3.4e+38 -3.4e+38 -3.4e+38 -3.4e+38 0.121146999299526 0.128027006983757 0.132021993398666 0.119039997458458 0.116673000156879 0.121742002665997 0.129673004150391
2.27930995606584e-05 2.27286000153981e-05 2.25180992856622e-05 2.2185200577951e-05 2.18507993849926e-05 2.1521500457311e-05 2.13434996112483e-05 2.12360992009053e-05 2.10884008993162e-05 2.09619993256638e-05 2.09862992051058e-05 2.10106009035371e-05 2.10262005566619e-05 2.08806995942723e-05 2.0230299924151e-05 1.9595199773903e-05 1.88449994311668e-05 1.87739005923504e-05 1.91535000340082e-05 1.95549000636674e-05 2.00005997612607e-05 1.94859003386227e-05 1.91238996194443e-05 1.87361001735553e-05 1.83410993486177e-05 1.81810992216924e-05 1.82246003532782e-05 -3.4e+38 -3.4e+38 -3.4e+38 -3.4e+38 -3.4e+38 -3.4e+38 -3.4e+38 -3.4e+38 -3.4e+38 0.106434002518654 0.102803997695446 0.0987892970442772 0.0942531004548073 0.0924111977219582 0.0965595990419388 0.100635997951031 0.102380000054836
1.77877991518471e-05 1.77411002368899e-05 1.76233006641269e-05 1.74357992364094e-05 1.72503005160252e-05 1.70669009094127e-05 1.69670001923805e-05 1.68956994457403e-05 1.68203005159739e-05 1.67452999448869e-05 1.68169008247787e-05 1.68909991771216e-05 1.69652994372882e-05 1.69084996741731e-05 1.65048004419077e-05 1.61030002345797e-05 1.57348003995139e-05 1.57225003931671e-05 1.63707991305273e-05 1.6806900021038e-05 1.70237999554956e-05 1.6921900169109e-05 1.67546004377073e-05 1.66936006280594e-05 1.63115000759717e-05 1.58780003403081e-05 1.65262008522404e-05 -3.4e+38 -3.4e+38 -3.4e+38 -3.4e+38 -3.4e+38 -3.4e+38 -3.4e+38 -3.4e+38 -3.4e+38 -3.4e+38 0.0532747991383076 0.0604229010641575 0.0678011998534203 0.0713239014148712 0.0749507993459702 0.07985620200634 0.00816778000444174
1.41415002872236e-05 1.41669997901772e-05 1.41213004098972e-05 1.40050997288199e-05 1.38899004014092e-05 1.37755996547639e-05 1.37419001475791e-05 1.3801500244881e-05 1.37854003696702e-05 1.37633996928344e-05 1.38403001983534e-05 1.39670000862679e-05 1.40905003718217e-05 1.41100999826449e-05 1.38188997880206e-05 1.35337995743612e-05 1.32902996483608e-05 1.33332996483659e-05 1.38046998472419e-05 1.43884999488364e-05 1.49794996104902e-05 1.4925100003893e-05 1.49834995681886e-05 1.50837995533948e-05 1.51483000081498e-05 1.49816996781738e-05 4.7865898523014e-05 -3.4e+38 -3.4e+38 -3.4e+38 -3.4e+38 -3.4e+38 -3.4e+38 -3.4e+38 -3.4e+38 -3.4e+38 -3.4e+38 -3.4e+38 0.0448209010064602 0.0447334013879299 0.048743300139904 0.0545297004282475 0.061090100556612 3.79849989258219e-05
1.11421995825367e-05 1.12210000224877e-05 1.12171001092065e-05 1.11248000393971e-05 1.10482997115469e-05 1.09781003629905e-05 1.09955999505473e-05 1.10765004137647e-05 1.11580002339906e-05 1.12322995846625e-05 1.13855003291974e-05 1.15408001875039e-05 1.16702003651881e-05 1.1736899978132e-05 1.15508000817499e-05 1.13777996375575e-05 1.11864001155482e-05 1.12994002847699e-05 1.17011004476808e-05 1.2176299605926e-05 1.26899003589642e-05 1.30927001009695e-05 1.33428002300207e-05 1.34108004203881e-05 1.35727996166679e-05 1.3934100024926e-05 0.00624183006584644 -3.4e+38 -3.4e+38 -3.4e+38 -3.4e+38 -3.4e+38 -3.4e+38 -3.4e+38 -3.4e+38 -3.4e+38 -3.4e+38 -3.4e+38 0.0326775014400482 0.02911820076406 0.033305898308754 0.0379431992769241 0.0455986000597477 2.23656006710371e-05
8.81942014530068e-06 8.92866955837235e-06 8.96009987627622e-06 8.92647040018346e-06 8.88842987478711e-06 8.85054032551125e-06 8.91718991624657e-06 8.9814802777255e-06 9.04297030501766e-06 9.10488961380906e-06 9.22927029023413e-06 9.36352989810985e-06 9.5361801868421e-06 9.6428302640561e-06 9.54365987126948e-06 9.44552994042169e-06 9.34841955313459e-06 9.53329981712159e-06 9.99294024950359e-06 1.0490200111235e-05 1.10005003080005e-05 1.14752001536544e-05 1.1812800039479e-05 1.19247997645289e-05 1.2072299796273e-05 1.1830899893539e-05 0.0218310002237558 -3.4e+38 -3.4e+38 -3.4e+38 -3.4e+38 -3.4e+38 -3.4e+38 -3.4e+38 -3.4e+38 -3.4e+38 -3.4e+38 -3.4e+38 0.0284423995763063 0.0258885007351637 0.0270329006016254 0.0311817992478609 0.0414549000561237 3.37749988830183e-05
7.0582300395472e-06 7.13791996531654e-06 7.18337014404824e-06 7.19389981895802e-06 7.20444995749858e-06 7.21501010048087e-06 7.2744801400404e-06 7.35096000425983e-06 7.42825977795292e-06 7.50638992030872e-06 7.66186985856621e-06 7.81472044764087e-06 7.97854954726063e-06 8.11378959042486e-06 8.03993043518858e-06 7.96273980085971e-06 7.88621036917903e-06 8.11932022770634e-06 8.57382019603392e-06 9.04376975086052e-06 9.53948983806185e-06 1.00048000604147e-05 1.03804004538688e-05 1.06862999018631e-05 1.06607003544923e-05 1.07862997538177e-05 0.0248632002621889 -3.4e+38 -3.4e+38 -3.4e+38 -3.4e+38 -3.4e+38 -3.4e+38 -3.4e+38 -3.4e+38 -3.4e+38 -3.4e+38 -3.4e+38 0.0324935987591743 0.0310699008405209 0.0308018997311592 0.0229608006775379 0.0386002995073795 0.0389145016670227
5.67385995964287e-06 5.76117008677102e-06 5.81843005420524e-06 5.84681993132108e-06 5.88210014029755e-06 5.91757998336107e-06 5.99082977714716e-06 6.07772017247044e-06 6.16588022239739e-06 6.2552999224863e-06 6.41227006781264e-06 6.57904001855059e-06 6.75016008244711e-06 6.86064004185027e-06 6.81600022289786e-06 6.77165007800795e-06 6.72759006192791e-06 6.89416992827319e-06 7.29033990864991e-06 7.80582013248932e-06 8.37769039208069e-06 8.80949028214673e-06 9.21671016840264e-06 9.43254963203799e-06 9.45843021327164e-06 9.07929006643826e-06 0.0194153003394604 -3.4e+38 -3.4e+38 -3.4e+38 -3.4e+38 -3.4e+38 -3.4e+38 -3.4e+38 -3.4e+38 -3.4e+38 -3.4e+38 0.0272150002419949 0.0305429007858038 0.0347811989486217 0.0341669991612434 0.0244270004332066 0.0352781005203724 0.0367873981595039
4.6828799895593e-06 4.76081004308071e-06 4.82360019304906e-06 4.8706101551943e-06 4.91807986691128e-06 4.96600978294737e-06 5.04098989040358e-06 5.12610995428986e-06 5.21268020747812e-06 5.30072020410444e-06 5.45763987247483e-06 5.61921979169711e-06 5.77691980652162e-06 5.89497994951671e-06 5.90406989431358e-06 5.87346994507243e-06 5.81602989768726e-06 5.98034012000426e-06 6.37101993561373e-06 6.70863983032177e-06 7.06442006048746e-06 7.43576993045281e-06 7.85760039434535e-06 8.11972040537512e-06 8.08453023637412e-06 8.14686973171774e-06 0.0182725992053747 -3.4e+38 -3.4e+38 -3.4e+38 -3.4e+38 -3.4e+38 -3.4e+38 -3.4e+38 -3.4e+38 -3.4e+38 0.0218592993915081 0.0233463998883963 0.0251669995486736 0.0270559992641211 0.0278073996305466 0.029696999117732 0.0329134985804558 0.033958300948143
3.85502016797545e-06 3.92005995308864e-06 3.98610018237378e-06 4.05316995966132e-06 4.11622022511438e-06 4.17966020904714e-06 4.25276994064916e-06 4.32893011748092e-06 4.40645999333356e-06 4.48538003183785e-06 4.62333991890773e-06 4.765549874719e-06 4.91213995701401e-06 5.04148010804784e-06 5.05894013258512e-06 5.03059982293053e-06 5.03367982673808e-06 5.17137004862889e-06 5.52298979528132e-06 5.81848007641383e-06 6.07439005761989e-06 6.3302200032922e-06 6.59917986922665e-06 6.83228017805959e-06 6.90365004629712e-06 7.19677018423681e-06 0.0165672991424799 -3.4e+38 -3.4e+38 -3.4e+38 -3.4e+38 -3.4e+38 -3.4e+38 -3.4e+38 0.020032299682498 0.0200855992734432 0.0200730003416538 0.0206108000129461 0.020915100350976 0.0217764005064964 0.0241647996008396 0.0282244998961687 0.0340486988425255 0.0370064005255699
3.20569006362348e-06 3.26213989865209e-06 3.32111994794104e-06 3.38274003297556e-06 3.45458988704195e-06 3.52807001036126e-06 3.60637000085262e-06 3.68750988855027e-06 3.77046990251984e-06 3.85220982934698e-06 3.96591985918349e-06 4.08541018259712e-06 4.20871992901084e-06 4.31061016570311e-06 4.3385098251747e-06 4.33807008448639e-06 4.38343022324261e-06 4.49856997875031e-06 4.77793992104125e-06 4.99521001984249e-06 5.16895988766919e-06 5.42519001101027e-06 5.72116005059797e-06 6.03334001425537e-06 6.29256010142853e-06 6.14120017417008e-06 0.0132708996534348 -3.4e+38 -3.4e+38 -3.4e+38 -3.4e+38 0.015349100343883 0.0158856008201838 0.0166643001139164 0.0174665004014969 0.017866600304842 0.0178961995989084 0.0174816008657217 0.0166663005948067 0.0166172999888659 0.0154488999396563 0.015187599696219 -3.4e+38 -3.4e+38
2.73150999419158e-06 2.78672996500973e-06 2.84819998341845e-06 2.91625997306255e-06 2.98522991215577e-06 3.04782997773145e-06 3.11139001496485e-06 3.17614990308357e-06 3.24225993608707e-06 3.30974989992683e-06 3.4107299597963e-06 3.51480002791504e-06 3.6250698940421e-06 3.71825990441721e-06 3.74961996385537e-06 3.76638990928768e-06 3.78681988877361e-06 3.89987008020398e-06 4.1114599298453e-06 4.32260003435658e-06 4.47372985945549e-06 4.79839991385234e-06 5.2083100854361e-06 5.65331993129803e-06 6.02597992838128e-06 5.90741001360584e-06 9.37535969569581e-06 0.0131182000041008 -3.4e+38 -3.4e+38 0.014528900384903 0.0151583002880216 0.0153933996334672 0.0151199996471405 0.0152069004252553 0.0144776999950409 0.0146556999534369 0.0142580000683665 0.00797649007290602 0.00719108013436198 0.0101925004273653 0.0129829002544284 0.0132598001509905 0.0129837999120355
2.33346008826629e-06 2.38212010117422e-06 2.43880003836239e-06 2.50494008469104e-06 2.56746989180101e-06 2.63928995991591e-06 2.702789970499e-06 2.76331002169172e-06 2.82273003904265e-06 2.88342994281265e-06 2.97534006676869e-06 3.07017990053282e-06 3.16804994326958e-06 3.25035989590106e-06 3.27730003846227e-06 3.27003999700537e-06 3.26569988828851e-06 3.36192010763625e-06 3.5482999010128e-06 3.71518990505137e-06 3.87220006814459e-06 4.24419022237998e-06 4.7415401240869e-06 5.18821980222128e-06 5.69837993680267e-06 5.63777985007619e-06 5.61169008506113e-06 7.50261970097199e-05 0.0125786000862718 -3.4e+38 -3.4e+38 0.0154673000797629 0.0150046003982425 0.0136836003512144 0.0128381000831723 0.012240500189364 0.0123025001958013 0.0121849998831749 0.00336469011381269 0.000108968000859022 5.44672984688077e-05 7.93189028627239e-05 0.000111465997179039 0.000136447997647338
2.07034008781193e-06 2.11546989703493e-06 2.16668991015467e-06 2.22440007746627e-06 2.28365001930797e-06 2.35169000006863e-06 2.40479994317866e-06 2.4507598936907e-06 2.50751008934458e-06 2.56558996625245e-06 2.65748008132505e-06 2.74511990028259e-06 2.83506005871459e-06 2.91127003038127e-06 2.92225990961015e-06 2.92374988930533e-06 2.93278003482556e-06 3.00196006719489e-06 3.15988995680527e-06 3.27453994941607e-06 3.38809991262679e-06 3.63575009032502e-06 3.93653999708476e-06 4.23156006945646e-06 4.57475016446551e-06 4.60787987321964e-06 4.58413978776662e-06 4.5493497964344e-06 4.61457011624589e-06 0.0018292999593541 0.0116405999287963 -3.4e+38 -3.4e+38 0.0113696996122599 0.011034999974072 0.0102958995848894 0.010861599817872 0.0100638996809721 1.62076994456584e-05 4.73410000267904e-06 4.72233978143777e-06 4.72270994578139e-06 4.73289992442005e-06 4.71700013804366e-06
1.83402994480275e-06 1.87393004580372e-06 1.9188400983694e-06 1.97868007489888e-06 2.03791000785714e-06 2.10082998819416e-06 2.15126010516542e-06 2.19798994294251e-06 2.24553991756693e-06 2.28900989895919e-06 2.35454990615835e-06 2.43140993916313e-06 2.51817004937038e-06 2.59157991422398e-06 2.60568003795925e-06 2.61412992585974e-06 2.63379001808062e-06 2.68748999587842e-06 2.79124992630386e-06 2.90652997136931e-06 2.99085991173342e-06 3.13364989779075e-06 3.30084003508091e-06 3.44857994605263e-06 3.62807008968957e-06 3.62700006917294e-06 3.62574996870535e-06 3.62432001566049e-06 3.64245988748735e-06 3.72077988686215e-06 3.80079995920823e-06 7.50808021621197e-06 0.00702606001868844 0.00941183045506477 -3.4e+38 0.00922488979995251 0.00855975039303303 3.91593994208961e-06 3.87738009521854e-06 3.9175502024591e-06 3.94025983041502e-06 3.9630799619772e-06 3.98600013795658e-06 3.99418013330433e-06
1.65802998708386e-06 1.69586996889848e-06 1.73895000443736e-06 1.78843004050577e-06 1.84043994977401e-06 1.89311003850889e-06 1.9366000287846e-06 1.97745998775645e-06 2.01917009690078e-06 2.06174991035368e-06 2.12761005968787e-06 2.19796993405907e-06 2.26450993068283e-06 2.31926992455556e-06 2.34101003115939e-06 2.36158007282938e-06 2.38277993958036e-06 2.42361011260073e-06 2.48516994361125e-06 2.55466989074193e-06 2.63190008809033e-06 2.70698001259007e-06 2.78264997177757e-06 2.86784006675589e-06 2.95924996862595e-06 2.94996993943641e-06 2.94059009320335e-06 2.93112998406286e-06 2.93031007458922e-06 2.95578001896502e-06 2.98148006550036e-06 3.00739998237987e-06 3.01905993183027e-06 3.0162800612743e-06 3.59342993760947e-06 3.01068007502181e-06 3.0467499527731e-06 3.09647998619766e-06 3.14701992465416e-06 3.1983900043997e-06 3.23457993545162e-06 3.27114003084716e-06 3.30805005432921e-06 3.33089997184288e-06
1.52242000694969e-06 1.55595000705944e-06 1.59578996772325e-06 1.63979996159469e-06 1.68438998571219e-06 1.73113005530467e-06 1.77242998233851e-06 1.81241000518639e-06 1.85327996859996e-06 1.8950599951495e-06 1.94981998902222e-06 2.00614999812387e-06 2.06413005798822e-06 2.11352994483605e-06 2.13285989048018e-06 2.1522500901483e-06 2.17169008465135e-06 2.20053993871261e-06 2.23924007514142e-06 2.27815007747267e-06 2.31867011279974e-06 2.36292999034049e-06 2.40910003412864e-06 2.45604996962356e-06 2.50376001531549e-06 2.48026003646373e-06 2.45679007093713e-06 2.43521003540081e-06 2.42235000769142e-06 2.42112992054899e-06 2.41991006078024e-06 2.41868997363781e-06 2.42293003793748e-06 2.432650035189e-06 2.44350007960747e-06 2.45798992182245e-06 2.50140010393807e-06 2.55541999649722e-06 2.61060995399021e-06 2.66698998530046e-06 2.70940995505953e-06 2.75247998615669e-06 2.79622008747538e-06 2.82997007161612e-06
