results/Predictions/Median/Bathonian.asc
NCOLS 360 
NROWS 180 
XLLCORNER -180 
YLLCORNER -90 
CELLSIZE 1 
NODATA_value -3.4e+38 
[rows 40 to 59 of 180, columns 308 to 351 of 360]
-3.4e+38 -3.4e+38 -3.4e+38 -3.4e+38 -3.4e+38 -3.4e+38 -3.4e+38 -3.4e+38 -3.4e+38 -3.4e+38 -3.4e+38 -3.4e+38 -3.4e+38 -3.4e+38 -3.4e+38 -3.4e+38 -3.4e+38 -3.4e+38 -3.4e+38 -3.4e+38 -3.4e+38 -3.4e+38 -3.4e+38 -3.4e+38 -3.4e+38 -3.4e+38 -3.4e+38 -3.4e+38 -3.4e+38 -3.4e+38 -3.4e+38 -3.4e+38 -3.4e+38 -3.4e+38 -3.4e+38 -3.4e+38 -3.4e+38 -3.4e+38 -3.4e+38 -3.4e+38 -3.4e+38 -3.4e+38 -3.4e+38 -3.4e+38
-3.4e+38 -3.4e+38 -3.4e+38 -3.4e+38 -3.4e+38 -3.4e+38 -3.4e+38 -3.4e+38 -3.4e+38 -3.4e+38 -3.4e+38 -3.4e+38 -3.4e+38 -3.4e+38 -3.4e+38 -3.4e+38 -3.4e+38 -3.4e+38 -3.4e+38 -3.4e+38 -3.4e+38 -3.4e+38 -3.4e+38 -3.4e+38 -3.4e+38 -3.4e+38 -3.4e+38 -3.4e+38 -3.4e+38 -3.4e+38 -3.4e+38 -3.4e+38 -3.4e+38 -3.4e+38 -3.4e+38 -3.4e+38 -3.4e+38 -3.4e+38 -3.4e+38 -3.4e+38 -3.4e+38 -3.4e+38 -3.4e+38 -3.4e+38
-3.4e+38 -3.4e+38 -3.4e+38 -3.4e+38 -3.4e+38 -3.4e+38 -3.4e+38 -3.4e+38 -3.4e+38 -3.4e+38 -3.4e+38 -3.4e+38 -3.4e+38 -3.4e+38 -3.4e+38 -3.4e+38 -3.4e+38 -3.4e+38 -3.4e+38 -3.4e+38 -3.4e+38 -3.4e+38 -3.4e+38 -3.4e+38 -3.4e+38 -3.4e+38 -3.4e+38 -3.4e+38 -3.4e+38 -3.4e+38 -3.4e+38 -3.4e+38 -3.4e+38 -3.4e+38 -3.4e+38 -3.4e+38 -3.4e+38 -3.4e+38 -3.4e+38 -3.4e+38 -3.4e+38 -3.4e+38 -3.4e+38 -3.4e+38
-3.4e+38 -3.4e+38 -3.4e+38 -3.4e+38 -3.4e+38 -3.4e+38 -3.4e+38 -3.4e+38 -3.4e+38 -3.4e+38 -3.4e+38 -3.4e+38 -3.4e+38 -3.4e+38 -3.4e+38 -3.4e+38 -3.4e+38 -3.4e+38 -3.4e+38 -3.4e+38 -3.4e+38 -3.4e+38 -3.4e+38 -3.4e+38 -3.4e+38 -3.4e+38 -3.4e+38 -3.4e+38 -3.4e+38 -3.4e+38 -3.4e+38 -3.4e+38 -3.4e+38 -3.4e+38 -3.4e+38 -3.4e+38 -3.4e+38 -3.4e+38 -3.4e+38 -3.4e+38 -3.4e+38 -3.4e+38 -3.4e+38 -3.4e+38
-3.4e+38 -3.4e+38 -3.4e+38 -3.4e+38 -3.4e+38 -3.4e+38 -3.4e+38 -3.4e+38 -3.4e+38 -3.4e+38 -3.4e+38 -3.4e+38 -3.4e+38 -3.4e+38 -3.4e+38 -3.4e+38 -3.4e+38 -3.4e+38 -3.4e+38 -3.4e+38 -3.4e+38 -3.4e+38 -3.4e+38 -3.4e+38 -3.4e+38 -3.4e+38 -3.4e+38 -3.4e+38 -3.4e+38 -3.4e+38 -3.4e+38 -3.4e+38 -3.4e+38 -3.4e+38 -3.4e+38 -3.4e+38 -3.4e+38 -3.4e+38 -3.4e+38 -3.4e+38 -3.4e+38 -3.4e+38 -3.4e+38 0.29025000333786
-3.4e+38 -3.4e+38 -3.4e+38 -3.4e+38 -3.4e+38 -3.4e+38 -3.4e+38 -3.4e+38 -3.4e+38 -3.4e+38 -3.4e+38 -3.4e+38 -3.4e+38 -3.4e+38 -3.4e+38 -3.4e+38 -3.4e+38 -3.4e+38 -3.4e+38 -3.4e+38 -3.4e+38 -3.4e+38 -3.4e+38 -3.4e+38 -3.4e+38 -3.4e+38 -3.4e+38 -3.4e+38 -3.4e+38 -3.4e+38 -3.4e+38 -3.4e+38 -3.4e+38 -3.4e+38 -3.4e+38 -3.4e+38 -3.4e+38 -3.4e+38 -3.4e+38 -3.4e+38 -3.4e+38 -3.4e+38 0.382521986961365 0.000425817997893319
-3.4e+38 -3.4e+38 -3.4e+38 -3.4e+38 -3.4e+38 -3.4e+38 -3.4e+38 -3.4e+38 -3.4e+38 -3.4e+38 -3.4e+38 -3.4e+38 -3.4e+38 -3.4e+38 -3.4e+38 -3.4e+38 -3.4e+38 -3.4e+38 -3.4e+38 -3.4e+38 -3.4e+38 -3.4e+38 -3.4e+38 -3.4e+38 -3.4e+38 -3.4e+38 -3.4e+38 -3.4e+38 -3.4e+38 -3.4e+38 0.438870012760162 0.46772900223732 0.487796008586884 0.494751006364822 0.485848993062973 0.478920012712479 0.466738998889923 0.455491989850998 0.454502999782562 0.437180995941162 0.388027012348175 0.000717767979949713 0.000296534009976313 0.000286110996967182
-3.4e+38 -3.4e+38 -3.4e+38 -3.4e+38 -3.4e+38 -3.4e+38 -3.4e+38 -3.4e+38 -3.4e+38 -3.4e+38 -3.4e+38 -3.4e+38 -3.4e+38 -3.4e+38 -3.4e+38 -3.4e+38 -3.4e+38 -3.4e+38 -3.4e+38 -3.4e+38 -3.4e+38 -3.4e+38 -3.4e+38 -3.4e+38 -3.4e+38 0.521314024925232 0.495550990104675 0.335153013467789 0.00059572997270152 0.000293977005640045 0.000319020007736981 0.000356133008608595 0.000385238003218547 0.000397880998207256 0.00039302499499172 0.000386033003451303 0.000371017988072708 0.000355689990101382 0.000333244010107592 0.000311318988678977 0.000285724003333598 0.0002917560050264 0.000316493009449914 0.000335977994836867
-3.4e+38 -3.4e+38 -3.4e+38 -3.4e+38 -3.4e+38 -3.4e+38 -3.4e+38 -3.4e+38 -3.4e+38 -3.4e+38 -3.4e+38 -3.4e+38 -3.4e+38 -3.4e+38 -3.4e+38 -3.4e+38 -3.4e+38 -3.4e+38 -3.4e+38 -3.4e+38 0.421586990356445 0.411693006753922 0.426993995904922 0.469215989112854 0.483298003673553 0.00049193698214367 0.000436512986198068 0.000421472010202706 0.000404771999455988 0.00038325900095515 0.000397527008317411 0.000409299012972042 0.000420294003561139 0.000432505999924615 0.00043322000419721 0.000431572989327833 0.000432853994425386 0.00043728100717999 0.000441804993897676 0.000432544999057427 0.000416194990975782 0.000422665005316958 0.000435775989899412 0.000442341988673434
-3.4e+38 -3.4e+38 -3.4e+38 -3.4e+38 -3.4e+38 -3.4e+38 -3.4e+38 -3.4e+38 -3.4e+38 -3.4e+38 -3.4e+38 -3.4e+38 -3.4e+38 -3.4e+38 -3.4e+38 -3.4e+38 -3.4e+38 -3.4e+38 -3.4e+38 0.435584008693695 0.420998007059097 0.396200001239777 0.0451048016548157 0.00036441400879994 0.000407857005484402 0.000437432987382635 0.00043917799484916 0.000440142990555614 0.000433523993706331 0.00043153899605386 0.000438185990788043 0.000445262994617224 0.000447770988103002 0.000448515987955034 0.000449840998044237 0.00045263601350598 0.000458358990726992 0.000461579009424895 0.00046139198821038 0.000462878990219906 0.000462247000541538 0.000464838987682015 0.000467484991531819 0.000473991996841505
-3.4e+38 -3.4e+38 -3.4e+38 -3.4e+38 -3.4e+38 -3.4e+38 -3.4e+38 -3.4e+38 -3.4e+38 -3.4e+38 -3.4e+38 -3.4e+38 -3.4e+38 -3.4e+38 -3.4e+38 -3.4e+38 0.488570988178253 0.481866985559464 0.476833999156952 0.468439012765884 0.434935986995697 0.000345715001458302 0.000365757994586602 0.000407796993386 0.000427643011789769 0.000447747996076941 0.000448554987087846 0.000452108011813834 0.000451839994639158 0.000455814006272703 0.000459998991573229 0.000461068004369736 0.000467369012767449 0.000472110987175256 0.000474731001304463 0.000476543005788699 0.000478361995192245 0.00047972600441426 0.000479159003589302 0.000477133988169953 0.00047432299470529 0.00048027400043793 0.000484224990941584 0.000485605007270351
-3.4e+38 -3.4e+38 -3.4e+38 -3.4e+38 -3.4e+38 -3.4e+38 -3.4e+38 -3.4e+38 -3.4e+38 -3.4e+38 -3.4e+38 -3.4e+38 -3.4e+38 -3.4e+38 -3.4e+38 0.500940978527069 0.503513991832733 0.506654024124146 0.504592001438141 0.0400113016366959 0.000435583991929889 0.000437131006037816 0.000447934988187626 0.00045479298569262 0.000458675989648327 0.000466371013317257 0.000468318001367152 0.000468423997517675 0.000468160986201838 0.000468637008452788 0.000474133004900068 0.000476802990306169 0.000477129011414945 0.000477321998914704 0.000478253001347184 0.000479735987028107 0.000481224007671699 0.000482534000184387 0.000483259005704895 0.000483448005979881 0.000483604992041364 0.000484335992950946 0.000485661992570385 0.000487173994770274
-3.4e+38 -3.4e+38 -3.4e+38 -3.4e+38 -3.4e+38 -3.4e+38 -3.4e+38 -3.4e+38 -3.4e+38 -3.4e+38 -3.4e+38 -3.4e+38 -3.4e+38 -3.4e+38 0.546041011810303 0.543882012367249 0.543599009513855 0.527342021465302 0.00880085956305265 0.000496062973979861 0.000499413989018649 0.000501655973494053 0.00049663899699226 0.000493564002681524 0.000483773997984827 0.000480271002743393 0.00047973298933357 0.000479762995382771 0.000479628011817113 0.000479387992527336 0.000480824004625902 0.000481163006043062 0.000483963987790048 0.000484704010887071 0.000484629010315984 0.000484554999275133 0.000484480988234282 0.000485486991237849 0.000488154008053243 0.000490873004309833 0.000493607018142939 0.000496899010613561 0.000498439010698348 0.000501877977512777
-3.4e+38 -3.4e+38 -3.4e+38 -3.4e+38 -3.4e+38 -3.4e+38 -3.4e+38 -3.4e+38 -3.4e+38 0.532989978790283 -3.4e+38 0.539587020874023 -3.4e+38 0.541778981685638 0.539698004722595 0.530583024024963 0.453983008861542 0.0127491001039743 0.000494997017085552 0.000497941975481808 0.000498573004733771 0.000500332971569151 0.00049669697182253 0.000493468018248677 0.000490122998598963 0.000486765988171101 0.000486239994643256 0.000486228993395343 0.000486467004520819 0.000486703997012228 0.000488046003738418 0.00048917398089543 0.000489522004500031 0.000489740981720388 0.000490632024593651 0.000492079998366535 0.000492702994961292 0.000493078026920557 0.000493568019010127 0.000496034976094961 0.000497676024679095 0.000496979977469891 0.000496121007017791 0.000497390981763601
-3.4e+38 -3.4e+38 -3.4e+38 -3.4e+38 -3.4e+38 0.494304001331329 -3.4e+38 0.504020988941193 0.517413973808289 0.527839004993439 0.534803986549377 0.533228993415833 0.526192009449005 0.515178024768829 0.473675012588501 0.331488013267517 0.0179699007421732 0.000490899023134261 0.000488972989842296 0.000492376973852515 0.000496672990266234 0.000501799979247153 0.000502389972098172 0.00050102302338928 0.000499659974593669 0.000498469977173954 0.000498295004945248 0.000498395995236933 0.000498633016832173 0.000498875975608826 0.000499581976328045 0.000499507004860789 0.000499342975672334 0.000498908979352564 0.000497661007102579 0.000496473978273571 0.000496048014611006 0.000495631014928222 0.000495980028063059 0.000497307977639139 0.000498640001751482 0.000500261026900262 0.0005019839736633 0.000503712974023074
-3.4e+38 -3.4e+38 -3.4e+38 -3.4e+38 0.53218001127243 0.526688992977142 0.517695009708405 0.508031010627747 0.501895010471344 0.493703007698059 0.461347013711929 0.425796985626221 0.36694398522377 0.331654995679855 0.327894002199173 0.137704998254776 0.000609394977800548 0.00049227598356083 0.00049351598136127 0.000496521999593824 0.00050090899458155 0.000502014008816332 0.000503627001307905 0.00050486798863858 0.000506112002767622 0.000507978023961186 0.000508858007378876 0.000509371981024742 0.000509886012878269 0.000510287005454302 0.00050975097110495 0.000509102013893425 0.000508453988004476 0.000507924996782094 0.000507751014083624 0.00050646997988224 0.000505033996887505 0.000504077004734427 0.000503812974784523 0.000503831019159406 0.000504432013258338 0.000505171017721295 0.000504165014717728 0.000502475013490766
0.521906018257141 -3.4e+38 0.535018980503082 0.5365149974823 0.52590000629425 0.505892992019653 0.403706014156342 0.384485989809036 0.388334006071091 0.397183001041412 0.412218004465103 0.438767999410629 0.410892993211746 0.340151995420456 0.337063997983932 0.0418838001787663 0.000502247014082968 0.000502741022501141 0.000503004004713148 0.000504710013046861 0.000506321026477963 0.000507935998030007 0.000508447992615402 0.000509192992467433 0.000508788973093033 0.000510636018589139 0.000511049991473556 0.000510986021254212 0.000510921992827207 0.000510856974869967 0.000510160985868424 0.000509313016664237 0.000508359982632101 0.00050760101294145 0.000507417018525302 0.000506362994201481 0.000505499017890543 0.000505337025970221 0.000505284988321364 0.000504894007463008 0.000503801973536611 0.000502398004755378 0.000501153990626335 0.000502068025525659
0.533493995666504 0.529752016067505 0.514093995094299 0.397812008857727 0.383570998907089 0.401708990335464 0.406695008277893 0.401612997055054 0.385684013366699 0.387492001056671 0.397875010967255 0.410544008016586 0.407000988721848 0.51657497882843 0.546320974826813 0.332488000392914 0.000519176013767719 0.000519198016263545 0.000519339984748513 0.000519838999025524 0.00052033900283277 0.000520387024153024 0.000517649983521551 0.000517827982548624 0.000516987987793982 0.000515354971867055 0.000513647974003106 0.000512605998665094 0.000511960010044277 0.000510042998939753 0.000507733027916402 0.000505901989527047 0.000504750991240144 0.000503889983519912 0.000503888993989676 0.000503887014929205 0.00050388602539897 0.000504025025293231 0.000503872986882925 0.000503234972711653 0.000503133982419968 0.000504067982546985 0.000504179974086583 0.00050384399946779
0.525246977806091 0.361021012067795 0.357048988342285 0.358518987894058 0.382939994335175 0.405272990465164 0.391369998455048 0.378544002771378 0.403423011302948 0.483572989702225 0.543778002262115 0.549508988857269 0.555800974369049 -3.4e+38 0.565867006778717 0.0174480006098747 0.000521740992553532 0.000519568973686546 0.000518404995091259 0.000518308021128178 0.000518209999427199 0.000517755979672074 0.000515601015649736 0.000516347994562238 0.000517098000273108 0.00051784998504445 0.000516969012096524 0.000516368017997593 0.000514934014063329 0.000514056999236345 0.000512739992700517 0.000511137011926621 0.000509538978803903 0.000508389028254896 0.000508232973515987 0.000508076976984739 0.000507919990923256 0.000507318996824324 0.000506788026541471 0.000506256998050958 0.000505726027768105 0.000505918986164033 0.00050662801368162 0.000507336982991546
0.36515399813652 0.341430991888046 0.320571005344391 0.323186010122299 0.356629014015198 0.383843988180161 0.373851001262665 0.454421997070312 0.549255013465881 0.557793021202087 0.564477026462555 0.569007992744446 0.571820974349976 0.555482983589172 0.0218575000762939 0.000531747995410115 0.000527761992998421 0.000523807015269995 0.000520266010425985 0.000517888984177262 0.00051684002391994 0.000516545027494431 0.000516381987836212 0.000517870998010039 0.000516729021910578 0.00051709997933358 0.000517775013577193 0.000517998007126153 0.000518221000675112 0.000518443994224072 0.000516923028044403 0.000515367020852864 0.00051384698599577 0.000512633996549994 0.000512157974299043 0.00051168299978599 0.000511209014803171 0.000511012971401215 0.000511094985995442 0.000511177990119904 0.000511260004714131 0.00051194301340729 0.000512827013153583 0.000513552979100496
