results/Predictions/Median/Bathonian.asc
NCOLS 360 
NROWS 180 
XLLCORNER -180 
YLLCORNER -90 
CELLSIZE 1 
NODATA_value -3.4e+38 
[rows 100 to 119 of 180, columns 220 to 263 of 360]
-3.4e+38 0.549243986606598 0.546759009361267 0.53355997800827 0.529976010322571 0.528766989707947 0.532365024089813 0.535546004772186 0.540187001228333 0.538474023342133 0.544942021369934 0.531270027160645 0.271667987108231 0.000676129013299942 0.000496014021337032 0.00049748900346458 0.000497638015076518 0.000496610999107361 0.000495860993396491 0.000495865009725094 0.000495925021823496 0.00049584498628974 0.000496158027090132 0.000496657972689718 0.000496438005939126 0.000496616994496435 0.000496795983053744 0.000504155992530286 0.000507428019773215 0.00050818599993363 0.000508945027831942 0.000509797013364732 0.000510923971887678 0.000512053025886416 0.000513184990268201 0.00051430898020044 0.000515228020958602 0.000515841995365918 0.000516458007041365 0.000517048989422619 0.000517632986884564 0.000518217973876745 0.000518804998137057 0.000518461980391294
-3.4e+38 0.548174023628235 0.543965995311737 0.534152984619141 0.529774010181427 0.52693098783493 0.53031200170517 0.534074008464813 0.532752990722656 0.528041005134583 0.536107003688812 0.526295006275177 0.394986987113953 0.00537614012137055 0.000474650994874537 0.000473803986096755 0.000473972992040217 0.000472782005090266 0.000472688989248127 0.000472596992040053 0.000472540996270254 0.000472523010103032 0.000472504994831979 0.000472485990030691 0.000472598010674119 0.000472751999041066 0.00047301800805144 0.000473535008495674 0.000474600004963577 0.000475268985610455 0.00047581599210389 0.00047697700210847 0.000480360991787165 0.000491728016640991 0.000495753018185496 0.000499051006045192 0.000506004027556628 0.000510734971612692 0.00051139498827979 0.000512033002451062 0.000510574027430266 0.000511744990944862 0.000512918981257826 0.000514018989633769
0.54967600107193 0.549372017383575 0.540763020515442 0.536168992519379 0.528531014919281 0.525635004043579 0.528244972229004 0.532549977302551 0.531760990619659 0.52826201915741 -3.4e+38 0.53396201133728 0.515166997909546 0.249506995081902 0.000530684017576277 0.000474133994430304 0.000471959006972611 0.000470813014544547 0.00046977199963294 0.000469775986857712 0.000469552993308753 0.00046934001147747 0.000469127000542358 0.000468915997771546 0.000469143007649109 0.000469338003313169 0.000469533988507465 0.000469729013275355 0.000470439001219347 0.000471267994726077 0.000472020998131484 0.000473744992632419 0.000475239008665085 0.000476137996884063 0.000477132009109482 0.000479601003462449 0.000479373993584886 0.000477830995805562 0.000480896997032687 0.000486515986267477 0.000491644022986293 0.000494985026307404 0.000499640998896211 0.000504721014294773
0.550211012363434 0.549616992473602 0.541217029094696 0.537065982818604 0.530793011188507 0.527688026428223 0.527490973472595 0.530781984329224 0.531096994876862 0.527229011058807 0.523042976856232 -3.4e+38 0.531418979167938 0.395823001861572 0.000794433988630772 0.000470146012958139 0.000468234007712454 0.000466143013909459 0.000465143995825201 0.000464920012746006 0.000464626005850732 0.000464418990304694 0.000463787000626326 0.000463609001599252 0.000463487987872213 0.000463386008050293 0.000463283009594306 0.000463178992504254 0.000463603995740414 0.000463886011857539 0.00046410399954766 0.000464682001620531 0.00046539498725906 0.000466506986413151 0.000469580001663417 0.000471939012641087 0.000472143990918994 0.000472348998300731 0.000475169013952836 0.000477499008411542 0.000478534988360479 0.00047937998897396 0.000480004004202783 0.000480402988614514
-3.4e+38 -3.4e+38 0.54230397939682 0.537726998329163 0.5331130027771 0.529807984828949 0.528630018234253 0.529168009757996 0.52981299161911 0.529847979545593 0.530144989490509 -3.4e+38 0.517639994621277 0.392035990953445 0.000591537973377854 0.000465101998997852 0.000463884003693238 0.000463545002276078 0.000462569994851947 0.000462100986624137 0.000462030991911888 0.000461376010207459 0.000461057992652059 0.000460784998722374 0.000460826006019488 0.000460473995190114 0.000460462993942201 0.000460451003164053 0.000460551003925502 0.000460651004686952 0.000460751005448401 0.000460879993624985 0.000461093994090334 0.000461307994555682 0.000461941002868116 0.0004634769866243 0.000466319994302467 0.000467381993075833 0.000468446989543736 0.000469084014184773 0.000469579012133181 0.000470858998596668 0.00047126499703154 0.000471533014206216
-3.4e+38 -3.4e+38 -3.4e+38 0.534564971923828 0.534621000289917 0.531628012657166 0.528755009174347 0.528392970561981 0.531424999237061 0.535637974739075 -3.4e+38 -3.4e+38 0.52454000711441 0.208158999681473 0.000465533987153322 0.000464548007585108 0.000463414005935192 0.000463058007881045 0.000461677991552278 0.000461093004560098 0.000460418988950551 0.00046036799903959 0.00046031700912863 0.00046026599011384 0.000460206996649504 0.000460070004919544 0.000459915987448767 0.000459659000625834 0.000459531991509721 0.000459403992863372 0.000459275994217023 0.000459358998341486 0.00046011499944143 0.000460553012089804 0.000460731011116877 0.000460960000054911 0.000461237999843433 0.000461516989162192 0.000464554992504418 0.000464804994408041 0.000465104007162154 0.000465404009446502 0.00046570401173085 0.000466575002064928
-3.4e+38 -3.4e+38 -3.4e+38 -3.4e+38 -3.4e+38 0.533638000488281 0.529102981090546 0.528816998004913 0.534011006355286 -3.4e+38 0.531969010829926 0.518634974956512 0.439603000879288 0.000568490999285132 0.000466208002762869 0.00046567601384595 0.000463617994682863 0.000462555995909497 0.000463006988866255 0.000461598014226183 0.00046031700912863 0.000460279989056289 0.000460242998087779 0.000459939008578658 0.000458588998299092 0.000456771987956017 0.000454963999800384 0.000453338987426832 0.000452456995844841 0.000451784988399595 0.00045162599417381 0.000451905012596399 0.000452425010735169 0.000452945998404175 0.00045353700988926 0.000454869004897773 0.000457326998002827 0.000458919006632641 0.000459511007647961 0.00046106698573567 0.000461379997432232 0.000463088013930246 0.000464221986476332 0.000466213998151943
-3.4e+38 -3.4e+38 -3.4e+38 -3.4e+38 -3.4e+38 0.50731098651886 0.518167018890381 0.527589976787567 0.536062002182007 0.531901001930237 0.515016973018646 0.256637990474701 0.000494437990710139 0.000469715014332905 0.000468245008960366 0.000467025995021686 0.000463803997263312 0.000812119978945702 0.17619900405407 0.259469002485275 0.0795800015330315 0.0110215004533529 0.000746582983992994 0.00045669698738493 0.000454604014521465 0.000452876003691927 0.000452562002465129 0.000452248990768567 0.000451598985819146 0.000450363004347309 0.000449423998361453 0.000449479004601017 0.000449565006420016 0.000449651997769251 0.000449737999588251 0.000450538995210081 0.000451892003184184 0.000453857006505132 0.000455875997431576 0.000457649992313236 0.000459353002952412 0.000459683011285961 0.000461029005236924 0.00046222799574025
-3.4e+38 -3.4e+38 -3.4e+38 0.512926995754242 0.507696986198425 0.510838985443115 0.515802025794983 0.524266004562378 0.52708500623703 0.512911975383759 0.0431016013026237 0.000473833992145956 0.000470349012175575 0.00046969999675639 0.000469054008135572 0.000526170013472438 0.498362004756927 0.518996000289917 0.518204987049103 0.518022000789642 0.518024027347565 0.517571985721588 0.513476014137268 0.511026978492737 0.503005027770996 0.00897477008402348 0.000452943990239874 0.000451995001640171 0.000450288003776222 0.000449913990451023 0.000449874991318211 0.00044993800111115 0.000449646002380177 0.000449701998149976 0.000449704006314278 0.000450233987066895 0.000450419000117108 0.000451856001745909 0.000453296001069248 0.000454460008768365 0.000454975001048297 0.000455491011962295 0.000456006993772462 0.000458383990917355
0.53567099571228 -3.4e+38 0.526215016841888 0.51937997341156 0.511754989624023 0.504845023155212 0.496643006801605 0.0095931701362133 0.0222532004117966 0.000593138975091279 0.000470022991066799 0.000470389000838622 0.000469454011181369 0.000466536992462352 0.0628148019313812 0.509384989738464 0.520349025726318 0.519001007080078 0.51860898733139 0.51793497800827 0.517453014850616 0.516943991184235 0.516906023025513 0.516412019729614 0.516282975673676 0.51521098613739 0.499639987945557 0.000462146010249853 0.000453882006695494 0.000451623986009508 0.000450349994935095 0.000448931998107582 0.000448612991021946 0.000448215985670686 0.000447887985501438 0.000448473001597449 0.000449371000286192 0.000450302002718672 0.00045081801363267 0.000451773987151682 0.000452889013104141 0.000453590997494757 0.000454290013294667 0.000455516012152657
0.543573975563049 0.540103018283844 0.535080015659332 0.526396989822388 0.505464971065521 0.466349005699158 0.000482670991914347 0.000465110002551228 0.000466947007225826 0.000471325998660177 0.000469552993308753 0.000468020996777341 0.000808225013315678 0.50365799665451 0.519802987575531 0.520505011081696 0.520551025867462 0.519861996173859 0.518887996673584 0.517913997173309 0.51639997959137 0.517288982868195 0.517382025718689 0.517382025718689 0.517619013786316 0.516358017921448 0.514832973480225 0.476969987154007 0.000454863009508699 0.000452459004009143 0.000451002997579053 0.000450794992502779 0.000450074003310874 0.000449009996373206 0.000447970000095665 0.000448175997007638 0.000448948005214334 0.000449674000265077 0.000450274004833773 0.000451013998826966 0.000451164989499375 0.000451186002464965 0.000452342006610706 0.00045347199193202
-3.4e+38 0.535408020019531 0.531768023967743 0.51290100812912 0.00187112996354699 0.000452857988420874 0.000453237007604912 0.000458574999356642 0.00045956700341776 0.000458446011180058 0.000581807980779558 0.449241995811462 0.507454991340637 0.521833002567291 0.522358000278473 0.521580994129181 0.520482003688812 0.519905984401703 0.519330024719238 0.517270028591156 0.517114996910095 0.518568992614746 0.518710970878601 0.51851499080658 0.517094016075134 0.51680600643158 0.516708016395569 0.506386995315552 0.000572598015423864 0.000456112989922985 0.000455274013802409 0.000452659995062277 0.000451155006885529 0.000448359991423786 0.000447711994638667 0.000447466998593882 0.000447624013759196 0.00044815699220635 0.000449201994342729 0.000449473998742178 0.000449429993750528 0.000449385988758877 0.000449787999968976 0.000450305989943445
0.531907975673676 0.527779996395111 0.507393002510071 0.000548348005395383 0.00046196099719964 0.000458115013316274 0.00589602999389172 0.50857001543045 0.0425010994076729 0.458757013082504 0.504347026348114 0.515079975128174 0.520655989646912 0.521822988986969 0.522741973400116 0.52216899394989 0.519676983356476 0.518869996070862 0.516753971576691 0.511228024959564 0.512045979499817 0.516873002052307 0.519766986370087 0.521660983562469 0.520478010177612 0.519012987613678 0.518086016178131 0.51315701007843 0.018130499869585 0.000454808003269136 0.000455367000540718 0.000454799010185525 0.000452086998848245 0.000451286003226414 0.000448623002739623 0.000446900987299159 0.000447191996499896 0.000447600003099069 0.000446836987975985 0.000446493009803817 0.000447052996605635 0.000447274011094123 0.000447249010903761 0.000447397993411869
0.506947994232178 0.494726002216339 0.000469204009277746 0.000450624997029081 0.000496442022267729 0.483797013759613 0.51503998041153 0.512180984020233 0.507578015327454 0.512183010578156 0.517225980758667 0.514896988868713 0.519041001796722 0.516780972480774 0.513873994350433 0.512135982513428 0.51002299785614 0.505104005336761 0.502103984355927 0.498649001121521 0.501457989215851 0.507366001605988 0.514760971069336 0.519044995307922 0.52004599571228 0.519779026508331 0.518113017082214 0.513880014419556 0.190409004688263 0.000453418993856758 0.000453524000477046 0.000451636005891487 0.00045181400491856 0.000450555002316833 0.000449307990493253 0.000449184008175507 0.000447656988399103 0.000446524005383253 0.000445970013970509 0.000445395009592175 0.000444956007413566 0.000444659002823755 0.000444364006398246 0.000444308010628447
0.387551993131638 0.309116005897522 0.00188769004307687 0.436630010604858 0.490390002727509 0.500950992107391 0.508781015872955 0.503968000411987 0.496807992458344 0.503931999206543 0.510592997074127 0.514463007450104 0.51792299747467 0.511344015598297 0.505429029464722 0.496742993593216 0.487646996974945 0.483904004096985 0.480089992284775 0.479050993919373 0.486469000577927 0.500173985958099 0.507565975189209 0.517033994197845 0.518821001052856 0.520617008209229 0.522239029407501 0.516514003276825 0.386961996555328 0.00045190000673756 0.000449604005552828 0.000448017992312089 0.000448533013695851 0.000449443992692977 0.000448379985755309 0.000447107013314962 0.000446077989181504 0.000442802993347868 0.000440467003500089 0.000439425988588482 0.000437968003097922 0.000436823000200093 0.000436197005910799 0.000435899011790752
0.42664098739624 0.488743007183075 0.493158012628555 0.497157990932465 0.49796599149704 0.500769972801208 0.500846982002258 0.495725005865097 0.492884993553162 0.490841001272202 -3.4e+38 -3.4e+38 -3.4e+38 -3.4e+38 0.453072011470795 0.453797996044159 0.458954006433487 0.462314993143082 0.464598000049591 0.465422987937927 0.476453006267548 0.493714988231659 0.503962993621826 -3.4e+38 -3.4e+38 -3.4e+38 -3.4e+38 0.511476993560791 0.444950014352798 0.000448951002908871 0.00044865399831906 0.000445509009296075 0.000442123011453077 0.000441037002019584 0.000439480994828045 0.00043728100717999 0.000436158006777987 0.000434838992077857 0.000431924010626972 0.000430315005360171 0.000427590013714507 0.000423785008024424 0.000420544994994998 0.000420772004872561
0.472718000411987 0.495106995105743 0.495168000459671 0.496093988418579 -3.4e+38 -3.4e+38 -3.4e+38 -3.4e+38 -3.4e+38 -3.4e+38 -3.4e+38 -3.4e+38 -3.4e+38 -3.4e+38 -3.4e+38 -3.4e+38 -3.4e+38 -3.4e+38 -3.4e+38 -3.4e+38 -3.4e+38 -3.4e+38 -3.4e+38 -3.4e+38 -3.4e+38 -3.4e+38 -3.4e+38 -3.4e+38 0.497105985879898 0.000445056997705251 0.000446002988610417 0.000445727986516431 0.000437020004028454 0.000433056004112586 0.000429130013799295 0.000426085985964164 0.000424194993684068 0.000417177012423053 0.000415843998780474 0.000414214009651914 0.000411371001973748 0.000408218009397388 0.000405230006435886 0.000403784011723474
-3.4e+38 -3.4e+38 -3.4e+38 -3.4e+38 -3.4e+38 -3.4e+38 -3.4e+38 -3.4e+38 -3.4e+38 -3.4e+38 -3.4e+38 -3.4e+38 -3.4e+38 -3.4e+38 -3.4e+38 -3.4e+38 -3.4e+38 -3.4e+38 -3.4e+38 -3.4e+38 -3.4e+38 -3.4e+38 -3.4e+38 -3.4e+38 -3.4e+38 -3.4e+38 -3.4e+38 -3.4e+38 0.496481001377106 0.00041468400740996 0.000427321007009596 0.000440928997704759 0.000435811991337687 0.000425370992161334 0.000419143005274236 0.000415277987485752 0.000411729008192196 0.000404665013775229 0.000401447992771864 0.000398648990085348 0.000397222000174224 0.000396218005334958 0.000395006994949654 0.000394095986848697
-3.4e+38 -3.4e+38 -3.4e+38 -3.4e+38 -3.4e+38 -3.4e+38 -3.4e+38 -3.4e+38 -3.4e+38 -3.4e+38 -3.4e+38 -3.4e+38 -3.4e+38 -3.4e+38 -3.4e+38 -3.4e+38 -3.4e+38 -3.4e+38 -3.4e+38 -3.4e+38 -3.4e+38 -3.4e+38 -3.4e+38 -3.4e+38 -3.4e+38 -3.4e+38 -3.4e+38 -3.4e+38 0.498335003852844 0.000733864028006792 0.000405672006309032 0.000409552012570202 0.000410684006055817 0.000408803985919803 0.000406236998969689 0.000402698002289981 0.000397772004362196 0.000391487992601469 0.000387253006920218 0.000381972989998758 0.000380520010367036 0.000379606994101778 0.000378280994482338 0.000377334014046937
-3.4e+38 -3.4e+38 -3.4e+38 -3.4e+38 -3.4e+38 -3.4e+38 -3.4e+38 -3.4e+38 -3.4e+38 -3.4e+38 -3.4e+38 -3.4e+38 -3.4e+38 -3.4e+38 -3.4e+38 -3.4e+38 -3.4e+38 -3.4e+38 -3.4e+38 -3.4e+38 -3.4e+38 -3.4e+38 -3.4e+38 -3.4e+38 -3.4e+38 -3.4e+38 -3.4e+38 -3.4e+38 0.48471599817276 0.405391991138458 0.000385018007364124 0.00039247001404874 0.000393694004742429 0.000394030008465052 0.000390844012144953 0.000390636996598914 0.000386731000617146 0.000379923993023112 0.000375861010979861 0.00037212300230749 0.000368515000445768 0.000364383013220504 0.000355633994331583 0.000354941003024578
