results/Predictions/Median/Bathonian.asc
NCOLS 360 
NROWS 180 
XLLCORNER -180 
YLLCORNER -90 
CELLSIZE 1 
NODATA_value -3.4e+38 
[rows 140 to 159 of 180, columns 308 to 351 of 360]
-3.4e+38 -3.4e+38 -3.4e+38 -3.4e+38 -3.4e+38 0.00114152999594808 0.0011142099974677 0.00107534998096526 0.00101439002901316 2.78755996987456e-05 5.03806973028986e-07 5.90750005358132e-07 7.29833004697866e-07 8.9023899363383e-07 1.08151004951651e-06 1.2080899978173e-06 1.34720994537929e-06 1.50097002915572e-06 1.64624998433283e-06 1.73459000052389e-06 1.82766996204009e-06 1.9257399799244e-06 2.07953007702599e-06 2.3014299586066e-06 2.50900006903976e-06 2.75075990430196e-06 3.0383000648726e-06 3.38357995133265e-06 3.76286993741815e-06 4.1084599615715e-06 4.43317003373522e-06 4.92509980176692e-06 5.43686019227607e-06 5.92969990975689e-06 6.37901985101053e-06 6.83469988871366e-06 7.17181001164136e-06 7.51944980947883e-06 7.71714985603467e-06 7.77636978455121e-06 7.91332968219649e-06 7.93937033449765e-06 7.98444034444401e-06 8.15072962723207e-06
-3.4e+38 -3.4e+38 -3.4e+38 -3.4e+38 -3.4e+38 -3.4e+38 -3.4e+38 0.00106114998925477 0.000926117994822562 3.74807996195159e-06 4.17626011994798e-07 4.45414997329863e-07 4.96767995628034e-07 5.54114990336529e-07 6.18163994658971e-07 6.71614998282166e-07 7.34208981612028e-07 7.97710981714772e-07 8.59503984429466e-07 9.10973994905362e-07 9.70142991718603e-07 1.06228003460274e-06 1.17406000299525e-06 1.33332002860698e-06 1.47559001106856e-06 1.62987998919562e-06 1.87153000297258e-06 2.06958998205664e-06 2.32973002312065e-06 2.63124002231052e-06 2.92510003419011e-06 3.26369990943931e-06 3.58475995199115e-06 3.97912981497939e-06 4.26542010245612e-06 4.53924985777121e-06 4.74541002404294e-06 4.992649792257e-06 5.10532981934375e-06 5.1901001825172e-06 5.31897012479021e-06 5.36520019522868e-06 5.38664016858093e-06 5.40802011528285e-06
-3.4e+38 -3.4e+38 -3.4e+38 -3.4e+38 -3.4e+38 -3.4e+38 -3.4e+38 0.000490973994601518 0.000545931980013847 2.84603004274686e-07 2.95993999088751e-07 3.17386991355306e-07 3.1729101124256e-07 3.28388011894276e-07 3.429850039538e-07 3.6964200944567e-07 3.99626003400044e-07 4.15556996813393e-07 4.4131201093478e-07 4.96009022299404e-07 5.58199019451422e-07 6.06554976911866e-07 6.65270988520206e-07 7.49269020161591e-07 8.77950014910311e-07 9.76068008640141e-07 1.0984899745381e-06 1.29240004298481e-06 1.49666004745086e-06 1.73002001702116e-06 1.90135995126184e-06 2.11516999115702e-06 2.34288995670795e-06 2.57584997598315e-06 2.71995008915837e-06 2.92078993879841e-06 3.1333299830294e-06 3.21922993862245e-06 3.30346006194304e-06 3.39949997396616e-06 3.48983007825154e-06 3.53812993125757e-06 3.56263990397565e-06 3.58722991222749e-06
-3.4e+38 -3.4e+38 -3.4e+38 -3.4e+38 -3.4e+38 -3.4e+38 -3.4e+38 0.000469763996079564 0.000471589009976014 2.13495994216828e-07 2.22208001332547e-07 2.30283006885657e-07 2.30259999511873e-07 2.30454006100445e-07 2.41001998801949e-07 2.52928003874331e-07 2.67817000576542e-07 2.82338987744879e-07 3.02335990909341e-07 3.34441011773379e-07 3.72487988897774e-07 4.14877007415271e-07 4.77052026326419e-07 5.38280005457636e-07 6.1035001408527e-07 7.07443007286201e-07 8.13712006220157e-07 9.28517010834184e-07 1.07079995359527e-06 1.23063000501134e-06 1.3625100336867e-06 1.5001800193204e-06 1.66853999417071e-06 1.87349996849662e-06 1.99527994482196e-06 2.09772997550317e-06 2.20544006879209e-06 2.27508007810684e-06 2.31264993999503e-06 2.3567799871671e-06 2.4307898911502e-06 2.4766900423856e-06 2.51729011324642e-06 2.56316002378298e-06
-3.4e+38 -3.4e+38 -3.4e+38 -3.4e+38 -3.4e+38 -3.4e+38 -3.4e+38 0.0004438940086402 0.000399912009015679 1.73502996858588e-07 1.63498000915752e-07 1.63010994924662e-07 1.69046998621525e-07 1.70210000760562e-07 1.6780700207164e-07 1.76935998297267e-07 1.80306003016995e-07 1.84799006319736e-07 1.95222000343165e-07 2.22994998466675e-07 2.54730991855467e-07 2.95217006396342e-07 3.35855986577371e-07 3.94698986383446e-07 4.50507997129534e-07 5.06192009197548e-07 5.77630999032408e-07 6.61371018395585e-07 7.68758013691695e-07 8.68831989464525e-07 9.45944009345112e-07 1.08386996089394e-06 1.20344998322253e-06 1.30762998651335e-06 1.37348001771898e-06 1.43417003073409e-06 1.50562004819221e-06 1.57803003730805e-06 1.60534000315238e-06 1.64879998010292e-06 1.69392001225788e-06 1.72540001130983e-06 1.74443005107605e-06 1.7638700455791e-06
-3.4e+38 -3.4e+38 -3.4e+38 -3.4e+38 -3.4e+38 -3.4e+38 -3.4e+38 -3.4e+38 -3.4e+38 2.0780500562978e-05 1.35134996526176e-07 1.34405993890141e-07 1.36663999228404e-07 1.39525994313772e-07 1.3234000562079e-07 1.42206005193657e-07 1.47280999840405e-07 1.46098997788613e-07 1.54293005039108e-07 1.79612996475953e-07 2.08276006219421e-07 2.37082005583034e-07 2.68462002850356e-07 3.03167013271377e-07 3.45069992135905e-07 3.94293010685942e-07 4.48870991931472e-07 5.02999000673299e-07 5.72816986732505e-07 6.5414701566624e-07 7.29451983261242e-07 8.23476000277878e-07 8.94146012342389e-07 9.52315986069152e-07 1.00034003480687e-06 1.03996001143969e-06 1.09114000679256e-06 1.13887995212281e-06 1.16657997750735e-06 1.20228003197553e-06 1.23090001125092e-06 1.25009000839782e-06 1.26715997339488e-06 1.28188003145624e-06
-3.4e+38 -3.4e+38 -3.4e+38 -3.4e+38 -3.4e+38 -3.4e+38 -3.4e+38 -3.4e+38 -3.4e+38 -3.4e+38 -3.4e+38 0.000254181009950116 6.60064984003839e-07 1.25631004266324e-07 1.16923999371465e-07 1.25563005326512e-07 1.33556000037061e-07 1.3957300382117e-07 1.47604993117056e-07 1.67473999113099e-07 1.91002001770357e-07 2.18886995639878e-07 2.49898988613495e-07 2.82759998526672e-07 3.16858006499388e-07 3.51615000226957e-07 3.87141000146585e-07 4.26239012085716e-07 4.70335010049894e-07 5.31437990503036e-07 5.92271021560009e-07 6.26039991402649e-07 6.65745972128207e-07 7.01629005561699e-07 7.43779025924596e-07 7.75079001869017e-07 8.28624024507008e-07 8.52804021178599e-07 8.73929991485056e-07 9.02147007764142e-07 9.24383982692234e-07 9.39051005843794e-07 9.51422975958849e-07 9.62435024121078e-07
-3.4e+38 -3.4e+38 -3.4e+38 -3.4e+38 -3.4e+38 -3.4e+38 -3.4e+38 -3.4e+38 -3.4e+38 -3.4e+38 -3.4e+38 -3.4e+38 -3.4e+38 0.000233625003602356 8.95744014997035e-05 1.0794899907296e-07 1.16004002848058e-07 1.2426599482751e-07 1.35223004349427e-07 1.52571004718993e-07 1.70120998177481e-07 1.89703996511525e-07 2.11037999520158e-07 2.34319003311612e-07 2.60169997545745e-07 2.88874986154042e-07 3.23328009699253e-07 3.52905999534414e-07 3.89809002854236e-07 4.24037011725886e-07 4.57044990298527e-07 4.93302025006415e-07 5.28435009528039e-07 5.50058018689015e-07 5.73953002458438e-07 5.97138978264411e-07 6.22878019385098e-07 6.37498999367381e-07 6.51562004350126e-07 6.67793983666343e-07 6.84691997321352e-07 6.95529024596908e-07 7.0527801199205e-07 7.15464011591394e-07
-3.4e+38 -3.4e+38 -3.4e+38 -3.4e+38 -3.4e+38 -3.4e+38 -3.4e+38 -3.4e+38 -3.4e+38 -3.4e+38 -3.4e+38 -3.4e+38 -3.4e+38 -3.4e+38 0.000217170003452338 1.00369000222145e-07 1.08272999455039e-07 1.14517000326941e-07 1.23313995459284e-07 1.40989001806702e-07 1.60949994665316e-07 1.83097000672205e-07 2.06425994520032e-07 2.25199002557019e-07 2.42656994942081e-07 2.62572001474837e-07 2.82056987543911e-07 3.01556013937443e-07 3.25633010334059e-07 3.59983999942415e-07 3.79857993948463e-07 4.04720992719376e-07 4.27716997819516e-07 4.47013007942587e-07 4.61930000028588e-07 4.86703982005565e-07 4.97720975545235e-07 5.08948971855716e-07 5.20395019520947e-07 5.32096009919769e-07 5.440550125968e-07 5.53032975858514e-07 5.61402998755511e-07 5.69881990486465e-07
-3.4e+38 -3.4e+38 -3.4e+38 -3.4e+38 -3.4e+38 -3.4e+38 -3.4e+38 -3.4e+38 -3.4e+38 -3.4e+38 -3.4e+38 -3.4e+38 -3.4e+38 -3.4e+38 0.000188182006240822 9.06703974123957e-08 9.77976029048477e-08 1.06679003408772e-07 1.14873998313669e-07 1.32254996287884e-07 1.49003994920349e-07 1.65947000141387e-07 1.84599002750474e-07 1.98551006747039e-07 2.11704005437241e-07 2.25701000999834e-07 2.43479007622227e-07 2.65723997472378e-07 2.83594005168197e-07 3.00217010362758e-07 3.1581100756739e-07 3.31508999806829e-07 3.50520991787562e-07 3.6327500652078e-07 3.7551100717792e-07 3.84310993695181e-07 3.93317009184102e-07 4.0291399727721e-07 4.13135012422572e-07 4.23616000944094e-07 4.34362988244175e-07 4.41676007767455e-07 4.48284993126435e-07 4.54992999721071e-07
-3.4e+38 -3.4e+38 -3.4e+38 -3.4e+38 -3.4e+38 -3.4e+38 -3.4e+38 -3.4e+38 -3.4e+38 -3.4e+38 -3.4e+38 -3.4e+38 -3.4e+38 0.000164789002155885 3.93932992892587e-07 8.03077000455232e-08 8.88615971916806e-08 9.85574999390337e-08 1.07109997316002e-07 1.19725996228226e-07 1.36341000711582e-07 1.53881998699035e-07 1.67991998978323e-07 1.78397002059683e-07 1.90324996651725e-07 2.02199998966535e-07 2.15300005379504e-07 2.2922000653125e-07 2.43798012888874e-07 2.56265991538385e-07 2.66070998122814e-07 2.8108701144447e-07 2.93787991267891e-07 3.04268013451292e-07 3.10124988800453e-07 3.16094997288019e-07 3.2218000001194e-07 3.29068001292399e-07 3.36802997935592e-07 3.44743000368908e-07 3.53269001607259e-07 3.59721013865055e-07 3.65413995950803e-07 3.71194005310826e-07
-3.4e+38 -3.4e+38 -3.4e+38 -3.4e+38 -3.4e+38 -3.4e+38 -3.4e+38 -3.4e+38 -3.4e+38 -3.4e+38 -3.4e+38 -3.4e+38 -3.4e+38 0.000145304002217017 6.46671978188351e-08 7.18083015271986e-08 8.03955018113811e-08 9.01176022694017e-08 1.00245003409327e-07 1.12687999376249e-07 1.26596006566615e-07 1.42223001375896e-07 1.54836001797776e-07 1.63351003834578e-07 1.73871995912123e-07 1.82524004799234e-07 1.9068799872457e-07 2.00406006456433e-07 2.10964003599656e-07 2.22078995193442e-07 2.32570997127368e-07 2.42267987005107e-07 2.53042003350856e-07 2.62480000401411e-07 2.66696986273018e-07 2.71134013019037e-07 2.7668099278344e-07 2.80952008324675e-07 2.85016994894249e-07 2.89139990172771e-07 2.9332400686144e-07 2.98683005439671e-07 3.04520000327102e-07 3.10469999931229e-07
-3.4e+38 -3.4e+38 -3.4e+38 -3.4e+38 -3.4e+38 -3.4e+38 -3.4e+38 -3.4e+38 -3.4e+38 -3.4e+38 -3.4e+38 -3.4e+38 0.000117228002636693 5.28888008943795e-08 5.73271989878776e-08 6.42082014223888e-08 7.25529005762837e-08 8.18973973082393e-08 9.17795972554813e-08 1.03452997279874e-07 1.16612000056193e-07 1.31446995510487e-07 1.42711002126816e-07 1.526530013507e-07 1.59180004288828e-07 1.64813002356823e-07 1.70926995224363e-07 1.77383995492164e-07 1.84083006615765e-07 1.91034004615176e-07 1.99886002860694e-07 2.10563001701303e-07 2.18644998994932e-07 2.26706006856148e-07 2.30661001410226e-07 2.34523994890878e-07 2.36272001075122e-07 2.38191006474153e-07 2.40246009752809e-07 2.42318009213704e-07 2.44901997348279e-07 2.4903098960749e-07 2.53147987905322e-07 2.57333994113651e-07
-3.4e+38 -3.4e+38 -3.4e+38 -3.4e+38 -3.4e+38 -3.4e+38 -3.4e+38 -3.4e+38 -3.4e+38 -3.4e+38 -3.4e+38 0.000106148996565025 4.899429839611e-08 5.40788001046622e-08 5.98097997794866e-08 6.61379004895934e-08 7.36751033514338e-08 8.15516969510099e-08 9.0515797523949e-08 1.01285003495377e-07 1.13336000140407e-07 1.26822996548981e-07 1.38863001097889e-07 1.47565003771888e-07 1.53022000404235e-07 1.5853200352467e-07 1.63617002613137e-07 1.6866700036644e-07 1.73871001152293e-07 1.79232003461038e-07 1.85323997925479e-07 1.9240600579451e-07 1.99764002672964e-07 2.06215005960075e-07 2.0806500344861e-07 2.1061700294922e-07 2.1320100529465e-07 2.15312994100714e-07 2.16939000097227e-07 2.18584006006495e-07 2.20450999677269e-07 2.22931006987892e-07 2.25644996021401e-07 2.28391996870414e-07
-3.4e+38 -3.4e+38 -3.4e+38 -3.4e+38 -3.4e+38 -3.4e+38 -3.4e+38 -3.4e+38 -3.4e+38 -3.4e+38 9.77426025201567e-05 6.20142017737635e-08 5.00765011679505e-08 5.60255983828029e-08 6.26907024070533e-08 6.79744971421314e-08 7.41066017440062e-08 8.11624971674973e-08 8.92460008117268e-08 9.9162001276909e-08 1.10152001298047e-07 1.23483005154412e-07 1.36097000336122e-07 1.41805003295303e-07 1.47074999290453e-07 1.52463996982988e-07 1.56590004962709e-07 1.6034600491821e-07 1.64186999995763e-07 1.68116997656398e-07 1.72727993685839e-07 1.77464997364041e-07 1.827509947816e-07 1.87359006531551e-07 1.89237994163705e-07 1.91135995919467e-07 1.93052997587984e-07 1.94647000739678e-07 1.9606800094607e-07 1.97491004882977e-07 1.98910996118684e-07 2.00689001417231e-07 2.02601995624718e-07 2.04532994985129e-07
-3.4e+38 -3.4e+38 -3.4e+38 -3.4e+38 -3.4e+38 -3.4e+38 -3.4e+38 -3.4e+38 -3.4e+38 0.000103304002550431 7.16164976211076e-08 4.57423006139379e-08 5.1164100511869e-08 5.72369991402866e-08 6.40403001739287e-08 7.05843987702792e-08 7.86152014597974e-08 8.75606005479312e-08 9.71578018038599e-08 1.08918001728853e-07 1.21127001762034e-07 1.32378005446299e-07 1.39527003284456e-07 1.43296006172022e-07 1.47120005067336e-07 1.50996001480053e-07 1.5374600081941e-07 1.56138995066613e-07 1.58565995889148e-07 1.61027998046848e-07 1.64357004450721e-07 1.67753000823723e-07 1.71218005107221e-07 1.74326999058394e-07 1.75726000861687e-07 1.77068002926717e-07 1.78483006152419e-07 1.7967700216559e-07 1.80650005177085e-07 1.81619000727551e-07 1.82584997787671e-07 1.8372500676378e-07 1.84930001978501e-07 1.86142997904426e-07
-3.4e+38 -3.4e+38 -3.4e+38 -3.4e+38 -3.4e+38 -3.4e+38 -3.4e+38 -3.4e+38 0.000103669000964146 5.7628600558246e-08 4.33592006743311e-08 4.7185398699412e-08 5.2731500943537e-08 6.01547966994076e-08 6.86271022232177e-08 7.88532972251232e-08 9.07486992218764e-08 1.0783200110609e-07 1.2011099670417e-07 1.283139994257e-07 1.37062002636412e-07 1.46117997701367e-07 1.513150067467e-07 1.52211995896323e-07 1.53101993305427e-07 1.5398400421418e-07 1.54863002421735e-07 1.55745993879464e-07 1.56633007009077e-07 1.57523999178011e-07 1.59690003442847e-07 1.61882994120788e-07 1.64105003364057e-07 1.6585400430813e-07 1.66595000905545e-07 1.67340004963989e-07 1.68089002272609e-07 1.6867799956799e-07 1.69147995165986e-07 1.69626005686041e-07 1.70098999774382e-07 1.70684003819588e-07 1.71310006180647e-07 1.71937998061367e-07
-3.4e+38 -3.4e+38 -3.4e+38 -3.4e+38 -3.4e+38 -3.4e+38 -3.4e+38 9.59540993790142e-05 4.24860004955008e-08 4.28228013049647e-08 4.49950015024569e-08 4.86746003502958e-08 5.72088012518179e-08 6.34011030342663e-08 7.28874027799975e-08 8.90534010977717e-08 1.03775001036865e-07 1.20904005029843e-07 1.37363002750135e-07 1.44805994750641e-07 1.52610994064162e-07 1.60685004857442e-07 1.6378000111672e-07 1.61482006433289e-07 1.59216995143652e-07 1.56984000909688e-07 1.5595900038079e-07 1.55334006990415e-07 1.54711003119701e-07 1.53981005723836e-07 1.54949006514471e-07 1.55923004285796e-07 1.56902999037811e-07 1.57702004344173e-07 1.57941997258604e-07 1.58182999143719e-07 1.58424001028834e-07 1.58567004859833e-07 1.58610006906201e-07 1.58652994741715e-07 1.58695996788083e-07 1.58641000780335e-07 1.58552992957084e-07 1.58465994104517e-07
-3.4e+38 -3.4e+38 -3.4e+38 -3.4e+38 -3.4e+38 0.000101803998404648 8.95910998224281e-05 4.09005984636224e-08 4.31765982966681e-08 4.63324987265423e-08 4.97108985086925e-08 5.50644010388623e-08 6.16455011481776e-08 6.9009402636766e-08 7.85827012350637e-08 9.34487971449016e-08 1.07486997080741e-07 1.22412004088801e-07 1.3661799869169e-07 1.43495995530429e-07 1.50697999856675e-07 1.58386995963156e-07 1.61049001690117e-07 1.58641000780335e-07 1.56254998273653e-07 1.54020995069004e-07 1.52482002135912e-07 1.51180003626905e-07 1.49887995348763e-07 1.48607000483025e-07 1.49551993899877e-07 1.50402001963812e-07 1.51250006297232e-07 1.51947006088449e-07 1.52181002022189e-07 1.524140031961e-07 1.5264799912984e-07 1.5264200214915e-07 1.5239700701386e-07 1.52151997667715e-07 1.51907997292255e-07 1.5154499521941e-07 1.51145002291742e-07 1.50744995153218e-07
-3.4e+38 -3.4e+38 -3.4e+38 -3.4e+38 8.93238975550048e-05 6.05510024342948e-08 3.96616997022647e-08 4.18527008605452e-08 4.63127989291934e-08 5.11547995074579e-08 5.55743007168985e-08 6.13718000863628e-08 6.83310972249274e-08 7.60856977422009e-08 8.4973301284208e-08 9.64283017879097e-08 1.09753003130209e-07 1.23746005442626e-07 1.35628994257786e-07 1.42242996048481e-07 1.49887000588933e-07 1.56189997824185e-07 1.5840500111608e-07 1.56005000917503e-07 1.5337900549639e-07 1.51112999446923e-07 1.49082993061711e-07 1.47137001249575e-07 1.45216006330884e-07 1.43321003065466e-07 1.44157993986482e-07 1.45000001339213e-07 1.4580200513592e-07 1.46404005363365e-07 1.46630000585901e-07 1.46857004779122e-07 1.47083994761488e-07 1.46941005141343e-07 1.46429002256809e-07 1.4591999786262e-07 1.45412002439116e-07 1.44769003895817e-07 1.44085007036665e-07 1.43403994457003e-07
