results/Predictions/Median/Bathonian.asc
NCOLS 360 
NROWS 180 
XLLCORNER -180 
YLLCORNER -90 
CELLSIZE 1 
NODATA_value -3.4e+38 
[rows 80 to 99 of 180, columns 308 to 351 of 360]
0.000579799991101027 0.00058166601229459 0.000583474000450224 0.000584068999160081 0.000584819004870951 0.000585570989642292 0.00058632402215153 0.000587236019782722 0.000588306982535869 0.000589380972087383 0.00059045699890703 0.000591414980590343 0.000592335010878742 0.000593258009757847 0.000593869015574455 0.000593168020714074 0.000592468015383929 0.000592072028666735 0.000592525000683963 0.000592827971559018 0.000593199976719916 0.00059343600878492 0.000591258984059095 0.000589194998610765 0.000589245988521725 0.000589294009841979 0.000589213974308223 0.000589093018788844 0.000588972994592041 0.000588854018133134 0.000588803028222173 0.000588751980103552 0.000588703027460724 0.000589228002354503 0.000589512987062335 0.000589913979638368 0.000588454015087336 0.00058760802494362 0.000587337010074407 0.000587066984735429 0.000587243004702032 0.000590335985179991 0.000591044023167342 0.000592519005294889
0.000589923991356045 0.000591422023717314 0.000591396004892886 0.000591869989875704 0.000592558004427701 0.000593247008509934 0.000593937002122402 0.000594708020798862 0.000595560006331652 0.000596413970924914 0.000596598023548722 0.000595800986047834 0.00059496599715203 0.000594131997786462 0.000593699980527163 0.00059543497627601 0.000597176025621593 0.000595777994021773 0.000592546013649553 0.000588514027185738 0.000587987015023828 0.000587230024393648 0.000586747017223388 0.000586416979786009 0.000586088979616761 0.000585736008360982 0.000585653993766755 0.00058568298118189 0.000585713016334921 0.000585736008360982 0.00058623100630939 0.000586494978051633 0.000585352012421936 0.0005842269747518 0.000583150016609579 0.000582986976951361 0.000581382017116994 0.000580905994866043 0.000580728985369205 0.0005805540131405 0.000580378982704133 0.00058263202663511 0.000582795997615904 0.000579500978346914
0.000598360027652234 0.000598650018218905 0.000598940998315811 0.000599275983404368 0.000599743972998112 0.000600212020799518 0.000600354978814721 0.000599269988015294 0.000598140992224216 0.000596983998548239 0.000596057972870767 0.000597050995565951 0.000598021026235074 0.000599078019149601 0.000598479993641376 0.000595132005400956 0.000591108982916921 0.000589148025028408 0.000587570015341043 0.000585193978622556 0.000584258988965303 0.00058372097555548 0.000583191984333098 0.000582671025767922 0.00058214197633788 0.000581466010771692 0.000580447027459741 0.000579620013013482 0.000578793988097459 0.000577970989979804 0.000577603990677744 0.00057723798090592 0.000576873018871993 0.000575996993575245 0.000574604026041925 0.000574345991481096 0.000574428006075323 0.000574528006836772 0.000569770985748619 0.000569652009289712 0.000569556024856865 0.000567622017115355 0.000565488997381181 0.000563886016607285
0.000602350977715105 0.0006005690083839 0.000598791986703873 0.000598473008722067 0.000599203980527818 0.000599936000071466 0.000596217985730618 0.00059293897356838 0.000589616014622152 0.000586693990044296 0.000586091016884893 0.00058504001935944 0.000584034016355872 0.000581672007683665 0.000579484971240163 0.00057740998454392 0.00057550601195544 0.000573610013816506 0.000571678974665701 0.000569629017263651 0.000567588023841381 0.000565555004868656 0.000563777983188629 0.000562253000680357 0.000560734013561159 0.000558922998607159 0.000557933992240578 0.000557066989131272 0.000556203012820333 0.00055325502762571 0.000550492026377469 0.000551117002032697 0.000547768024262041 0.000539036991540343 0.00054028001613915 0.00053676898824051 0.000536834995727986 0.000537079002242535 0.00053616298828274 0.000536028994247317 0.000535010010935366 0.000534553022589535 0.000533671001903713 0.000532231002580374
0.000601155974436551 0.000600293977186084 0.000598962011281401 0.000594276003539562 0.000590756011661142 0.000587256974540651 0.000583779998123646 0.000580021005589515 0.000576501013711095 0.000572862976696342 0.000569515977986157 0.000567340000998229 0.000565323978662491 0.000563314999453723 0.000560641987249255 0.000557539984583855 0.00055430200882256 0.000551084987819195 0.000549338990822434 0.000546801020391285 0.000545024988241494 0.000540607026778162 0.000538109976332635 0.000535611994564533 0.000533020007424057 0.000526030024047941 0.000524559989571571 0.000521742971614003 0.000520106987096369 0.000518878980074078 0.000518716988153756 0.000518556975293905 0.000518397020641714 0.000518194981850684 0.000517010979820043 0.00051403499674052 0.000511616992298514 0.000511767982970923 0.000510973972268403 0.000510174024384469 0.000509375997353345 0.000509135017637163 0.0005090800113976 0.000508842989802361
0.000576540012843907 0.000573448021896183 0.000570373027585447 0.000567574985325336 0.000565231021028012 0.000562082976102829 0.000558954023290426 0.000556548999156803 0.00055471301311627 0.000552111014258116 0.000547034025657922 0.00054681597976014 0.000543134985491633 0.000539479020517319 0.000535577011760324 0.000532713020220399 0.000524868024513125 0.000519462977536023 0.000517568027134985 0.000515314983204007 0.000513028993736953 0.000511660997290164 0.000508458993863314 0.000506506999954581 0.000504755007568747 0.000503466988448054 0.000501926988363266 0.00050080701475963 0.000499690009746701 0.000497789995279163 0.000496987020596862 0.000496187014505267 0.00049609801499173 0.000495383981615305 0.000493408006150275 0.000493766972795129 0.0004928819835186 0.000492294027935714 0.000492024002596736 0.000492357998155057 0.000492692983243614 0.00049325602594763 0.000493010971695185 0.000492564984597266
0.0005473269848153 0.000544816022738814 0.000541664019692689 0.000538559979759157 0.000536139006726444 0.000533731014002115 0.000534814025741071 0.000532468024175614 0.000526949006598443 0.000526111980434507 0.000513101986143738 0.000510389974806458 0.00050737097626552 0.000505184987559915 0.00050379999447614 0.000502181006595492 0.000500747002661228 0.000497911998536438 0.00049611902795732 0.000493180996272713 0.000490866019390523 0.000488768971990794 0.000485291995573789 0.000484340009279549 0.000483390991576016 0.000482447008835152 0.000481567985843867 0.000480712013086304 0.000480263988720253 0.000480173010146245 0.000480616989079863 0.000479412992717698 0.000480474001960829 0.000479993992485106 0.000478970003314316 0.000477950990898535 0.00047748300130479 0.000477616995340213 0.000477322988444939 0.000477368012070656 0.000477472989587113 0.000478836009278893 0.000480359012726694 0.000480534014059231
0.000528558972291648 0.000525253009982407 0.000521970971021801 0.000518992019351572 0.000513449020218104 0.000515658990480006 0.000505967007484287 0.000503089977428317 0.000499489018693566 0.000496077991556376 0.000493430998176336 0.000489390979055315 0.000488135003251955 0.000485891010612249 0.000484768999740481 0.000484477001009509 0.000481752009363845 0.000478450005175546 0.000477396009955555 0.000476585002616048 0.000475778011605144 0.000474973989184946 0.000474144006147981 0.000473288004286587 0.000472907995572314 0.000472983985673636 0.000473235006211326 0.0004734150134027 0.0004729529900942 0.000473266991320997 0.000473115011118352 0.000473157997475937 0.000473169988254085 0.000472651998279616 0.000472790008643642 0.00047309001092799 0.000473491003504023 0.000473535998025909 0.000473471009172499 0.00047350098611787 0.000473530992167071 0.000473952008178458 0.00047485699178651 0.000476184999570251
0.000522829010151327 0.000520061003044248 0.000517036998644471 0.000513151986524463 0.000512551981955767 0.000503565010149032 0.000499959976878017 0.000495219021104276 0.000494251027703285 0.000490311009343714 0.00048780400538817 0.00048604400944896 0.000484818010590971 0.000484476011479273 0.000479923008242622 0.000476518995128572 0.000475923996418715 0.000475348992040381 0.00047471298603341 0.000473886000690982 0.000473062013043091 0.00047275100951083 0.000472718005767092 0.000472624989924952 0.000472531013656408 0.000472437997814268 0.00047283701132983 0.0004730109940283 0.000472559011541307 0.000472465006168932 0.000473618012620136 0.000473479012725875 0.000473160995170474 0.000473382009658962 0.000474722997751087 0.000476068002171814 0.00047660298878327 0.000476641987916082 0.000476749002700672 0.000476857007015496 0.000477299006888643 0.000477163994219154 0.000477535999380052 0.000477910012705252
0.000517714011948556 0.000514924991875887 0.000512750004418194 0.000510339974425733 0.000500971975270659 0.00049743102863431 0.000494858017191291 0.000490615027956665 0.000487940007587895 0.000487273995531723 0.000484680000226945 0.000483954005176201 0.000480302987853065 0.000476755987619981 0.00047544899280183 0.000474166998174042 0.000473336986033246 0.000472726998850703 0.000472195009933785 0.000472237996291369 0.000472279993118718 0.000472323998110369 0.000472307991003618 0.000472452986286953 0.00047207300667651 0.000471909996122122 0.000472034007543698 0.000472435989649966 0.000473527994472533 0.000474455009680241 0.000475865002954379 0.000477157009299845 0.000477479014080018 0.000477318011689931 0.000477168010547757 0.000477549998322502 0.000478662987006828 0.00047836999874562 0.000478158006444573 0.000478469009976834 0.000479214999359101 0.00047994899796322 0.000480818998767063 0.000482433999422938
0.000521512003615499 0.000518934975843877 0.000513063976541162 0.000514141982421279 0.00050450098933652 0.000501348986290395 0.00049831997603178 0.000495175016112626 0.000492024002596736 0.000491464976221323 0.000490191974677145 0.00048674299614504 0.00048211999819614 0.000480434013297781 0.000479190988698974 0.000478231988381594 0.000477421010145918 0.000477853987831622 0.000476988992886618 0.000476994988275692 0.000476042012451217 0.000475223991088569 0.000474814994959161 0.000475456996355206 0.000476198008982465 0.000476943008834496 0.000477688998216763 0.000478620000649244 0.000479392998386174 0.000479404989164323 0.000479906011605635 0.000480410002637655 0.0004811680119019 0.000480702001368627 0.000480868009617552 0.00048149999929592 0.000482481002109125 0.000483723008073866 0.000485052005387843 0.000486205011839047 0.00048692399286665 0.000487887999042869 0.000488934980239719 0.000489983998704702
0.000533139973413199 0.000530552992131561 0.000529928016476333 0.000527823984157294 0.000524199975188822 0.000514558982104063 0.000509553006850183 0.000507381977513433 0.000506140000652522 0.000504574971273541 0.000501624017488211 0.000498212990351021 0.000495285028591752 0.00049337197560817 0.000491470971610397 0.000490176025778055 0.000488415011204779 0.000487985002109781 0.000487857003463432 0.000488148012664169 0.000487812998471782 0.000487801997223869 0.000488427001982927 0.000490139005705714 0.000489956990350038 0.000489182013552636 0.000488634977955371 0.000490356993395835 0.000491967017296702 0.000492439023219049 0.000493134022690356 0.000492964987643063 0.000492531980853528 0.000492234015837312 0.000493317027576268 0.00049384799785912 0.000494381005410105 0.00049356697127223 0.000493668019771576 0.000493862025905401 0.000494709995109588 0.000495447020512074 0.000496153021231294 0.000496860011480749
0.000542849011253566 0.000541649002116174 0.000539018015842885 0.000539655971806496 0.000540031003765762 0.000536973006092012 0.000533237005583942 0.000524793984368443 0.000521323992870748 0.000520440982654691 0.000518210988957435 0.000514646002557129 0.000513106002472341 0.000509349978528917 0.000508030003402382 0.000505862990394235 0.000504286028444767 0.000503877003211528 0.0005041389958933 0.000503214017953724 0.000502997019793838 0.000503672985360026 0.000503993011079729 0.000503955991007388 0.000503920018672943 0.000503897026646882 0.000504587020259351 0.00050546700367704 0.00050536502385512 0.000505256990436465 0.000505267991684377 0.00050527899293229 0.000505172996781766 0.000504716008435935 0.000504879979416728 0.000505044008605182 0.000505207979585975 0.000506390992086381 0.000506173993926495 0.000506580981891602 0.00050590600585565 0.000506917014718056 0.000507690012454987 0.000506653974298388
0.000563765002880245 0.000562485016416758 0.000561212014872581 0.000560273008886725 0.000560329004656523 0.000560386979486793 0.000558717001695186 0.00056069198762998 0.00056056200992316 0.000551045988686383 0.000558315019588917 0.000549386022612453 0.000543945003300905 0.000541673973202705 0.000542071997188032 0.000540510984137654 0.000537773012183607 0.000535533006768674 0.000533326994627714 0.000532896025106311 0.000531664001755416 0.000530014978721738 0.000528923992533237 0.000526838994119316 0.000525499985087663 0.000523837981745601 0.000522153975907713 0.000521228008437902 0.000520644010975957 0.000520061992574483 0.00052075000712648 0.000521734007634223 0.000522719987202436 0.000523821974638849 0.000523660972248763 0.000523502007126808 0.000523342983797193 0.000523247988894582 0.000523645023349673 0.000523182970937341 0.0005231510149315 0.00052299298113212 0.000522907008416951 0.000523429014720023
0.000592609983868897 0.000592208991292864 0.000591451011132449 0.000587378977797925 0.000586902024224401 0.000583375978749245 0.000582466018386185 0.000582028005737811 0.000581356987822801 0.000581788015551865 0.000580583000555634 0.0005787150003016 0.000577636994421482 0.000576480990275741 0.000574400997720659 0.000578987004701048 0.000579982995986938 0.000566261005587876 0.00056481099454686 0.000564790971111506 0.000561035994905978 0.000559599022381008 0.000561951019335538 0.000559562991838902 0.000557067978661507 0.000553163990844041 0.000550549011677504 0.000549697026144713 0.000549249001778662 0.000548802025150508 0.000548403011634946 0.000548005977179855 0.000547157018445432 0.000545195012819022 0.000543070025742054 0.00054302898934111 0.000542457972187549 0.000541423971299082 0.000540443987119943 0.000539464992471039 0.000538487976882607 0.000537742977030575 0.000537075975444168 0.000536410021595657
0.000606672023423016 0.000604635977651924 0.000602793996222317 0.000601657025981694 0.000601769017521292 0.000601464009378105 0.000602146028541028 0.000601343985181302 0.000601270003244281 0.000600592989940196 0.000598230981267989 0.000598442973569036 0.000596813973970711 0.000595193007029593 0.000593315984588116 0.000591873016674072 0.000590820971410722 0.000590169976931065 0.000596963975112885 0.00059528200654313 0.000596533995121717 0.000589989009313285 0.000591284013353288 0.000592670985497534 0.00058480998268351 0.000581589003559202 0.000581150990910828 0.00057990598725155 0.000577853992581367 0.000575808982830495 0.000574173987843096 0.000573522003833205 0.00057182100135833 0.000571174023207277 0.000569463998544961 0.000567191978916526 0.000564069021493196 0.000562618020921946 0.000561436987482011 0.000560258980840445 0.00055908301146701 0.000558076018933207 0.000557281018700451 0.00055702798999846
0.000604595988988876 0.000605688022915274 0.000607180001679808 0.000608680013101548 0.000608964008279145 0.000608158006798476 0.000609547016210854 0.000612829986494035 0.000615378026850522 0.000615617027506232 0.000614348973613232 0.000613084994256496 0.000614234013482928 0.00061558501329273 0.000616937992163002 0.000617988000158221 0.000616166973486543 0.000614352989941835 0.000612550007645041 0.000610764021985233 0.00060995202511549 0.000610489980317652 0.000610687013249844 0.000610593007877469 0.000609798007644713 0.000608871981967241 0.000609475013334304 0.00061615597223863 0.000614172022324055 0.000610589981079102 0.000600871979258955 0.000604155007749796 0.00060067797312513 0.000595504010561854 0.000593864999245852 0.000589452974963933 0.000590873998589814 0.000588793016504496 0.000587025017011911 0.000587828981224447 0.000585933972615749 0.000585103989578784 0.000583229004405439 0.000579537998419255
0.000590157986152917 0.000591352989431471 0.000592552009038627 0.000593808013945818 0.000595232995692641 0.000596661004237831 0.000599053979385644 0.000600438972469419 0.000600591010879725 0.000601780018769205 0.000602972984779626 0.000604352972004563 0.000603953027166426 0.000603527994826436 0.000602517975494266 0.000602342013735324 0.000603130029048771 0.000605808978434652 0.000610999995842576 0.000612846983131021 0.000612568983342499 0.000613901996985078 0.000616243982221931 0.000618388003204018 0.000617277983110398 0.000616127974353731 0.000614898977801204 0.000613863987382501 0.000613985990639776 0.000613801996223629 0.000613455020356923 0.000613107986282557 0.000612761010415852 0.000612632022239268 0.000613155018072575 0.000613678013905883 0.000621574989054352 0.00061996397562325 0.00061761902179569 0.000622552004642785 0.000621301005594432 0.000610848015639931 0.000609731010627002 0.000608771981205791
0.000574585981667042 0.0005755570018664 0.00057653000112623 0.000577596016228199 0.000578938983380795 0.000580284977331758 0.000581633998081088 0.000582947977818549 0.000584225985221565 0.000585507019422948 0.000588038004934788 0.000589279981795698 0.000590401992667466 0.000591526972129941 0.000591922027524561 0.000592069991398603 0.00059341499581933 0.000595081015489995 0.00059496599715203 0.000594424025621265 0.000593236007262021 0.000591519987210631 0.000591424002777785 0.000592036987654865 0.00059202202828601 0.000594142009504139 0.000595681020058692 0.000596794008743018 0.000598473998252302 0.00060015800409019 0.000602109008468688 0.000603099993895739 0.00060319498879835 0.000602922984398901 0.000602663028985262 0.000602404004894197 0.000601952022407204 0.000602434971369803 0.00060125399613753 0.000600075989495963 0.000600099971052259 0.000599333026912063 0.000597806007135659 0.000599885999690741
0.000558720028493553 0.000558735977392644 0.000558751984499395 0.00055884598987177 0.000559171021450311 0.00055976101430133 0.000560518004931509 0.000561353983357549 0.000562269997317344 0.000563068024348468 0.000564571004360914 0.000566711009014398 0.000569020980037749 0.000571339973248541 0.000573661003727466 0.000575862999539822 0.000578065984882414 0.000578670005779713 0.000578515988308936 0.000578304985538125 0.000578094972297549 0.000577885017264634 0.000577708997298032 0.000577584025450051 0.000578815990593284 0.000580337014980614 0.000581568980123848 0.000582703971303999 0.000583396991714835 0.000583957007620484 0.000583544024266303 0.000583131972234696 0.000582061999011785 0.000582339009270072 0.00058205402456224 0.000581767992116511 0.000581989996135235 0.000583296990953386 0.00058492599055171 0.00058729900047183 0.000587525020819157 0.000588044000323862 0.000588587019592524 0.000589131028391421
