results/Predictions/Median/Berriasian.asc
NCOLS 360 
NROWS 180 
XLLCORNER -180 
YLLCORNER -90 
CELLSIZE 1 
NODATA_value -3.4e+38 
[rows 95 to 113 of 180, columns 44 to 87 of 360]
0.00045359501382336 0.000452186010079458 0.000450769992312416 0.000449234008556232 0.000447486992925406 0.000445396988652647 0.000443705008365214 0.000443138007540256 0.000442593009211123 0.000441450014477596 0.000440628995420411 0.000440080009866506 0.000439983996329829 0.000438983988715336 0.000437133014202118 0.000436405010987073 0.000435643014498055 0.000434848014265299 0.000434057001257315 0.000433267996413633 0.000432386994361877 0.000431479013059288 0.000431329011917114 0.00043048700899817 0.000429723993875086 0.000429631996667013 0.000429540988989174 0.000429414998507127 0.000428611994720995 0.000426957005402073 0.000425303005613387 0.000424589001340792 0.000423582008806989 0.000423188001150265 0.000422557001002133 0.000421662989538163 0.000421381992055103 0.000420972995925695 0.00042036798549816 0.000419532007072121 0.000418749987147748 0.000418198003899306 0.000417647999711335 0.000417031988035887
0.000462533003883436 0.000460398005088791 0.000458010006695986 0.000455400004284456 0.000452920998213813 0.000451397994766012 0.000449876009952277 0.000448180013336241 0.000447180995251983 0.000445782992755994 0.000444539007730782 0.000443302007624879 0.000442060001660138 0.000441990996478125 0.00044191800407134 0.000441178010078147 0.000440386997070163 0.000439994008047506 0.000439541006926447 0.000438034010585397 0.000436506001278758 0.000435574009316042 0.00043464099871926 0.000433678011177108 0.000432622007792816 0.000431669992394745 0.000430791988037527 0.000429932988481596 0.000429265986895189 0.000428600003942847 0.000427758001023903 0.000426665006671101 0.000426076992880553 0.000425698992330581 0.000425320991780609 0.000424684985773638 0.000423510005930439 0.000422343000536785 0.000421653996454552 0.000420883996412158 0.000419808988226578 0.000418979994719848 0.000418462994275615 0.000417928007664159
0.000473363004857674 0.000471400009701028 0.000466486992081627 0.000463208009023219 0.000461040996015072 0.000458819005871192 0.000455759989563376 0.000453805987490341 0.000451861997134984 0.000450179999461398 0.000449474988272414 0.000448493985459208 0.00044805501238443 0.000444987992523238 0.000444392993813381 0.000442763994215056 0.000442324992036447 0.000442204007413238 0.000441512995166704 0.000440458999946713 0.000440231990069151 0.00044017200707458 0.000440111994976178 0.000438749004388228 0.00043748298776336 0.000436222006101161 0.00043496600119397 0.000434032001066953 0.000434198009315878 0.000433687004260719 0.000432467990322039 0.00043139499030076 0.000430465996032581 0.000429276988143101 0.000428477011155337 0.000427707011112943 0.000426799000706524 0.00042582000605762 0.000424208992626518 0.000422378012444824 0.000421589007601142 0.000421842996729538 0.000420941010816023 0.000420149008277804
0.00048455799696967 0.000478842994198203 0.000475818000268191 0.000469899008749053 0.00046535799629055 0.000462764000985771 0.000459842005511746 0.000457398011349142 0.000454738008556888 0.000451911007985473 0.000450291991000995 0.000448995997430757 0.000447886995971203 0.000447167985839769 0.000444967008661479 0.000443847995484248 0.000441977987065911 0.000441837008111179 0.000441325013525784 0.000440386997070163 0.00044028100091964 0.00044021601206623 0.000439881987404078 0.00043837699922733 0.000436972011812031 0.000435574009316042 0.000434177985880524 0.000433854991570115 0.000432975008152425 0.000431730004493147 0.000430287997005507 0.000429320003604516 0.000428211991675198 0.000426990009145811 0.000426012993557379 0.000424981990363449 0.000423974997829646 0.000423013989347965 0.000422123994212598 0.000421119009843096 0.000420766009483486 0.000420717988163233 0.000420030992245302 0.000419413001509383
0.000494782987516373 0.000488766992930323 0.000482169009046629 0.000476215995149687 0.000472384010208771 0.000466942990897223 0.000462967989733443 0.000460409995866939 0.00045795799815096 0.000455038010841236 0.000452142005087808 0.000450049003120512 0.000448264996521175 0.000447052007075399 0.000446207995992154 0.00044462998630479 0.000441856012912467 0.000441728014266118 0.000441111013060436 0.000440405012341216 0.000440381001681089 0.000440258998423815 0.000439622002886608 0.000437984999734908 0.000436436996096745 0.000434896996011958 0.000433698995038867 0.000432500004535541 0.000431126012699679 0.000430032989243045 0.000429150008130819 0.000428113009547815 0.000427099002990872 0.000426109007094055 0.000425362988607958 0.000423626013798639 0.000421639997512102 0.000420950003899634 0.000420355994720012 0.000419816002249718 0.000419907009927556 0.000419076008256525 0.000418265000917017 0.000417906005168334
0.000503883988130838 0.000500235997606069 0.000490221020299941 0.000484154996229336 0.000479253998491913 0.00047239099512808 0.000468891987111419 0.000463703006971627 0.000460982002550736 0.000457604008261114 0.00045521100400947 0.000452870008302853 0.000450468010967597 0.000447792990598828 0.000446611986262724 0.000445829005911946 0.000443864002590999 0.000442652992205694 0.00044124698615633 0.000440398987848312 0.000440386997070163 0.000440386997070163 0.000439597002696246 0.000437840004451573 0.00043618498602882 0.00043463401379995 0.000433550012530759 0.000432005006587133 0.000431093008955941 0.000430184998549521 0.000429030013037845 0.000428152998210862 0.00042590600787662 0.000425225007347763 0.000423251010943204 0.000421867007389665 0.000420680997194722 0.000420046009821817 0.000419413001509383 0.000419010990299284 0.000419202988268808 0.000417890987591818 0.000417103001382202 0.000417114002630115
0.00051675399299711 0.00051005301065743 0.000502999988384545 0.000497055007144809 0.000489255995489657 0.000482611008919775 0.000476829998660833 0.000470945989945903 0.000466180994408205 0.000462050986243412 0.000458686001366004 0.00045578699791804 0.00045300301280804 0.000451505999080837 0.00044865399831906 0.000447422004071996 0.000445737008703873 0.000443956989329308 0.000442304997704923 0.00044095198973082 0.000440228992374614 0.000439488998381421 0.000438819988630712 0.000438015995314345 0.00043633600580506 0.000435674010077491 0.000434733985457569 0.000433086999692023 0.000431380001828074 0.000430407002568245 0.000429439009167254 0.000427794002462178 0.000425900012487546 0.000424271012889221 0.000422973011154681 0.000421625998569652 0.000420349009800702 0.000419513991801068 0.000418859010096639 0.000418651994550601 0.000417642993852496 0.000417011004174128 0.000416408001910895 0.000415827002143487
0.00052863999735564 0.000523803988471627 0.000515746010933071 0.00050770997768268 0.000501580012496561 0.000496258027851582 0.000487845012685284 0.000480885006254539 0.00047514500329271 0.000469232007162645 0.00046437099808827 0.000459561997558922 0.000456534005934373 0.000453976012067869 0.000451339990831912 0.000449982995633036 0.000447533995611593 0.000445201992988586 0.000443666998762637 0.000442137999925762 0.000441679992945865 0.000440386997070163 0.000438960996689275 0.000437701994087547 0.000437440001405776 0.000436141010141 0.000434616988059133 0.00043377501424402 0.000431907013989985 0.000430841988418251 0.000428883999120444 0.000427069986471906 0.000426215992774814 0.000424897996708751 0.000422695011366159 0.000421503995312378 0.000420327996835113 0.000419157993746921 0.000418306008214131 0.000417739996919408 0.000417003000620753 0.000416355993365869 0.000415454007452354 0.000413894013036042
0.000532035017386079 0.000524138973560184 0.000520331028383225 0.000516192987561226 0.000509907025843859 0.000504056981299073 0.000500007008668035 0.00049678300274536 0.000488107005367056 0.000481369002955034 0.000474761007353663 0.000470108992885798 0.000466164987301454 0.000462280993815511 0.000458538008388132 0.000456276000477374 0.000453218992333859 0.000451658008387312 0.000449802988441661 0.000449090992333367 0.000447628000983968 0.000445977988420054 0.000444419012637809 0.000442968012066558 0.00044168799649924 0.00044009299017489 0.000438668997958302 0.000437181995948777 0.000435819005360827 0.000434399000369012 0.000432987988460809 0.00043157598702237 0.000430368003435433 0.000428614002885297 0.000427427003160119 0.000425828009610996 0.000425495993113145 0.000424975994974375 0.000424069003202021 0.000422275013988838 0.000420088006649166 0.000418051989981905 0.000417456991272047 0.000415880000218749
0.00053916301112622 0.000533159007318318 0.000522590999025851 0.000516675994731486 0.000512592028826475 0.000508463999722153 0.00050392298726365 0.00050025898963213 0.000495498010423034 0.000491499027702957 0.000486342003569007 0.000482762989122421 0.000478633999591693 0.000474436994409189 0.00047051499132067 0.00046662800014019 0.000462872005300596 0.000459764007246122 0.000457346002804115 0.000454877997981384 0.00045273601426743 0.00045045799924992 0.000448534992756322 0.00044848199468106 0.000448022998170927 0.000446235004346818 0.000444548000814393 0.000442610995378345 0.000441170006524771 0.00043978399480693 0.000436608999734744 0.000435010995715857 0.000433223991421983 0.000432114989962429 0.000431010994361714 0.000428914005169645 0.000428074999945238 0.000427240011049435 0.000425728008849546 0.000423880002927035 0.000423032994149253 0.000421242992160842 0.000418959010858089 0.000418126990552992
0.00053986202692613 0.000536239997018129 0.00052716099889949 0.000522718008141965 0.000512472994159907 0.000509420991875231 0.000504913972690701 0.000503371004015207 0.000499101006425917 0.000496200984343886 0.000491235987283289 0.000488628982566297 0.00048638999578543 0.000482694013044238 0.000480935006635264 0.000478445988846943 0.000474080006824806 0.000469877006253228 0.000468765007099137 0.000465155986603349 0.000461980002000928 0.000459327013231814 0.00045748200500384 0.000455369998235255 0.000453318003565073 0.000451519998023286 0.000450772990006953 0.000449734012363479 0.000447633006842807 0.000446352001745254 0.000444551988039166 0.000443714990979061 0.000442866992671043 0.000442020012997091 0.000440820003859699 0.000438746996223927 0.000436066009569913 0.000433473993325606 0.000431355991167948 0.000429442996392027 0.000428075989475474 0.000426715996582061 0.000425390986492857 0.000424155994551256
0.000540919019840658 0.000535880972165614 0.000532353005837649 0.000527368974871933 0.000522431975696236 0.000517738983035088 0.000514138024300337 0.000510259997099638 0.000506557000335306 0.000504383991938084 0.000501974020153284 0.000495760003104806 0.000493026978801936 0.000491683022119105 0.000486898003146052 0.000485353986732662 0.000483767013065517 0.000481980008771643 0.000479287002235651 0.000477730005513877 0.00047593199997209 0.000472226995043457 0.000470011989818886 0.000468226004159078 0.000465432007331401 0.000463241012766957 0.000460664014099166 0.000457835005363449 0.000455800007330254 0.000455070985481143 0.000453009997727349 0.000451886997325346 0.00045065299491398 0.000449096987722442 0.000446316989837214 0.000445150013547391 0.000444281002273783 0.000443057011580095 0.000442827993538231 0.000441573007265106 0.000440305011579767 0.000437934009823948 0.000436116009950638 0.000434404006227851
0.000549871998373419 0.000548065989278257 0.000543255009688437 0.000536906998604536 0.000532631005626172 0.000530213990714401 0.000528398028109223 0.000526948017068207 0.000519455003086478 0.000518513028509915 0.000515170977450907 0.000512565020471811 0.000506946002133191 0.000504801981151104 0.000503362971358001 0.00050035398453474 0.000496616004966199 0.000494062027428299 0.000492817023769021 0.000489879981614649 0.000488037010654807 0.000484340009279549 0.00048341098590754 0.000481266004499048 0.000478755013318732 0.000477074005175382 0.000474394008051604 0.000471836014185101 0.000470117985969409 0.000469065009383485 0.000467097997898236 0.000464607001049444 0.000462841999251395 0.000461230985820293 0.000460454990388826 0.000458213005913422 0.000456042005680501 0.000454107997938991 0.000452186010079458 0.000450799008831382 0.000449420011136681 0.00044791100663133 0.000445031007984653 0.000444061995949596
0.000548833981156349 0.00054819998331368 0.000544712995178998 0.000541271001566201 0.000537874992005527 0.00053513899911195 0.000532869016751647 0.000530151999555528 0.000529143027961254 0.000527973985299468 0.000526517978869379 0.00052060600137338 0.000519629975315183 0.000516563013661653 0.000511137011926621 0.00050745002226904 0.000505618983879685 0.000504160998389125 0.00050349801313132 0.000502837006933987 0.000501754984725267 0.000497272005304694 0.000494609994348139 0.000493892992381006 0.000491175975184888 0.000489303027279675 0.00048835901543498 0.000486715987790376 0.000484774995129555 0.000480237998999655 0.000478120986372232 0.000475615001050755 0.00047395599540323 0.000472537998575717 0.000470986007712781 0.000469549995614216 0.000468309997813776 0.000466891011456028 0.000465157005237415 0.000464596989331767 0.000463239994132891 0.000461979012470692 0.000460695999208838 0.000459325994597748
0.000552351004444063 0.0005501409759745 0.000547831004951149 0.000546385010238737 0.0005451770266518 0.000543239002581686 0.000541065004654229 0.000538898981176317 0.000536741979885846 0.000535120023414493 0.000533504004124552 0.000532112026121467 0.000531146011780947 0.000528100004885346 0.000526955991517752 0.000525805982761085 0.000520905014127493 0.000520405010320246 0.000519753026310354 0.000515454972628504 0.000512849015649408 0.00050955597544089 0.000506285985466093 0.000503039977047592 0.000501703994814306 0.00050095102051273 0.000500200025271624 0.000499431975185871 0.000498605018947273 0.000497780973091722 0.000496961001772434 0.000495320011395961 0.000492408988066018 0.00049099198076874 0.000489956990350038 0.000488311983644962 0.000486425997223705 0.000484552001580596 0.000480577000416815 0.000478753005154431 0.000477177993161604 0.000476448010886088 0.000475045992061496 0.000473308988148347
0.000549584976397455 0.000549366988707334 0.000548060983419418 0.000549077987670898 0.000549037009477615 0.000547694973647594 0.0005478750099428 0.000545685004908592 0.00054350501159206 0.000541954999789596 0.00054167298367247 0.000541642017196864 0.000540005974471569 0.000538022024556994 0.000536045001354069 0.000534076010808349 0.000532631005626172 0.000531580008100718 0.000529474986251444 0.000525759009178728 0.000524184026289731 0.000523003982380033 0.000522673013620079 0.000520758971106261 0.000519327004440129 0.000518002023454756 0.000516684027388692 0.000515311025083065 0.000513763981871307 0.000511448015458882 0.000509247009176761 0.000506742973811924 0.000505190982948989 0.000503399001900107 0.00050010799895972 0.000497126020491123 0.000496739987283945 0.000496354012284428 0.000495970016345382 0.000495265994686633 0.000494515988975763 0.000492876977659762 0.000490935984998941 0.000490466016344726
0.000543532019946724 0.000542911991942674 0.000542142021004111 0.000541373970918357 0.000540607026778162 0.000539524015039206 0.000540205975994468 0.000541042012628168 0.000541880028322339 0.000543407979421318 0.00054477498633787 0.000545008981134742 0.000544964976143092 0.000543428992386907 0.000543205009307712 0.000542327004950494 0.000541180022992194 0.000541158020496368 0.000540860986802727 0.000539380998816341 0.000538178021088243 0.000537068990524858 0.000535961997229606 0.00053485797252506 0.000534131017047912 0.000533405982423574 0.000532865000423044 0.000532386999111623 0.000531469006091356 0.000529740005731583 0.000526918971445411 0.000524035014677793 0.00052364997100085 0.000521712005138397 0.00051978399278596 0.000517477979883552 0.000515055027790368 0.000512644008267671 0.000510244979523122 0.00050942599773407 0.000508670986164361 0.000507459975779057 0.000505644013173878 0.000503693008795381
0.000535733008291572 0.000536545005161315 0.000536299019586295 0.00053605402354151 0.000537491985596716 0.000538886000867933 0.000538503983989358 0.000538056017830968 0.000537607993464917 0.000538669002708048 0.000539716973435134 0.000540765002369881 0.000541700981557369 0.000542292022146285 0.000542883994057775 0.000544228998478502 0.000546508992556483 0.00054627499775961 0.000544265029020607 0.000544200011063367 0.00054374901810661 0.000544033013284206 0.000543535978067666 0.000542539986781776 0.00054213497787714 0.000542440975550562 0.000542287016287446 0.000541951972991228 0.000541359011549503 0.000540769018698484 0.000538197986315936 0.000535122992005199 0.000533584970980883 0.000533330021426082 0.000533076992724091 0.000532319012563676 0.000530642981175333 0.000528975971974432 0.000527612981386483 0.00052770902402699 0.000526917981915176 0.000525787996593863 0.000524602015502751 0.000523241003975272
0.000529831973835826 0.000531269994098693 0.000532136997207999 0.000532320002093911 0.000532503006979823 0.00053231097990647 0.000531993980985135 0.0005316769820638 0.000531360972672701 0.000531586993020028 0.000532575009856373 0.000534500984940678 0.00053689198102802 0.000540203996933997 0.000541249988600612 0.000542298017535359 0.0005430220044218 0.000543420028407127 0.000543818983715028 0.000544217997230589 0.000544321024790406 0.00054432702017948 0.000545094022527337 0.000544338021427393 0.000545068993233144 0.000545800023246557 0.000546019989997149 0.000545240996871144 0.000543263973668218 0.000541293004062027 0.000539330008905381 0.000537025975063443 0.000536627019755542 0.00053637899691239 0.000535778002813458 0.000535084982402623 0.000534361985046417 0.000533641024958342 0.000532920006662607 0.000532208010554314 0.000531645026057959 0.000531713012605906 0.000531462021172047 0.000529603974428028
