results/Predictions/Median/Berriasian.asc
NCOLS 360 
NROWS 180 
XLLCORNER -180 
YLLCORNER -90 
CELLSIZE 1 
NODATA_value -3.4e+38 
[rows 76 to 94 of 180, columns 132 to 175 of 360]
0.531130015850067 0.520290970802307 0.515828013420105 0.569630980491638 0.575110018253326 0.134384006261826 0.000555143982637674 0.000554052996449172 0.000552751997020096 0.000545907008927315 0.000542354013305157 0.000539003987796605 0.000531509984284639 0.000527411990333349 0.000523600028827786 0.000520568981301039 0.000517555978149176 0.00456601986661553 0.547692000865936 0.542007982730865 -3.4e+38 -3.4e+38 0.540974974632263 0.531248986721039 0.537558019161224 0.000561713008210063 0.000500770984217525 0.000500645022839308 0.000499802001286298 0.000501232978422195 0.000505487027112395 0.000508057011757046 0.000508645025547594 0.00051246298244223 0.000527345982845873 0.000536095001734793 0.000538476975634694 0.000536902982275933 0.000969798013102263 0.011438399553299 0.391995012760162 0.535049021244049 0.534932971000671 0.549061000347137
0.518921971321106 0.503323018550873 0.534429013729095 0.572282016277313 0.576703011989594 0.0284563004970551 0.000566621019970626 0.000558751984499395 0.000551834993530065 0.000550939003005624 0.000545352988410741 0.000544807990081608 0.000544260023161769 0.000543644011486322 0.000541925022844225 0.000535272993147373 0.000530779012478888 0.00060376402689144 0.539834976196289 0.548123002052307 0.549538016319275 0.556728005409241 0.552389025688171 0.545135974884033 0.0317740999162197 0.000497433007694781 0.000502615002915263 0.000509493984282017 0.000515795021783561 0.000524158996995538 0.000524616974871606 0.000527985976077616 0.000537038024049252 0.00054024497512728 0.000540370005182922 0.000543005007784814 0.000545665971003473 0.000701099983416498 0.537172019481659 0.556849002838135 0.54627799987793 0.547857999801636 -3.4e+38 -3.4e+38
0.525107026100159 0.523433029651642 0.528280019760132 0.570248007774353 0.422441005706787 0.000883920001797378 0.000562504981644452 0.000550751981791109 0.000547749979887158 0.000544764974620193 0.000541958026587963 0.000543895002920181 0.00054575502872467 0.000545925984624773 0.00054477498633787 0.000540599983651191 0.000534695980604738 0.000532359001226723 0.551407992839813 0.552745997905731 0.550935983657837 0.553485989570618 0.553023993968964 0.548550009727478 0.000517853011842817 0.000512850005179644 0.000520656001754105 0.000525280018337071 0.000528060016222298 0.000538580992724746 0.000543566013220698 0.000540032982826233 0.000540436012670398 0.000540813023690134 0.000542277004569769 0.000539831002242863 0.00092367100296542 0.539447009563446 -3.4e+38 -3.4e+38 -3.4e+38 -3.4e+38 -3.4e+38 -3.4e+38
0.532131016254425 0.530116975307465 0.514017999172211 0.464976012706757 0.13417099416256 0.000588361988775432 0.000546547002159059 0.000552716024685651 0.000551140983588994 0.000549410993698984 0.000680044002365321 0.00668116007000208 0.23556299507618 0.291218012571335 0.00121178000699729 0.000551043020095676 0.000546452996786684 0.000540992012247443 0.559953987598419 0.555993020534515 0.551994025707245 0.552441000938416 0.551357984542847 0.551159977912903 0.000530648976564407 0.000531313999090344 0.000539720000233501 0.000545886985491961 0.000552846002392471 0.000547779025509953 0.000543973001185805 0.00054336799075827 0.000544228998478502 0.000538003980182111 0.000536180974449962 0.000534110004082322 0.559444010257721 0.550796985626221 -3.4e+38 -3.4e+38 -3.4e+38 -3.4e+38 -3.4e+38 -3.4e+38
0.523271024227142 0.523876011371613 0.502656996250153 0.470649987459183 0.178046002984047 0.000572034972719848 0.000539136992301792 0.000538390013389289 0.000552471028640866 0.271768003702164 0.482356011867523 0.556667983531952 0.556613028049469 0.556358993053436 0.55342698097229 0.00086591299623251 0.000552034005522728 0.000572483986616135 0.474357008934021 0.557590007781982 0.558690011501312 0.558887004852295 0.558911025524139 0.560856997966766 0.562011003494263 0.000549645978026092 0.000548978976439685 0.000550570024643093 0.00055185001110658 0.000547876989003271 0.00054758001351729 0.000548635027371347 0.000541737012099475 0.000537262996658683 0.000540293985977769 0.000547447009012103 0.570357978343964 0.566702008247375 -3.4e+38 -3.4e+38 -3.4e+38 -3.4e+38 -3.4e+38 -3.4e+38
0.43028399348259 0.503732025623322 0.495730012655258 0.477454990148544 0.352569997310638 0.000818687025457621 0.000531795027200133 0.000532666977960616 0.00611212989315391 0.550158977508545 0.551442980766296 0.552923977375031 0.553898990154266 0.55475902557373 0.558799982070923 0.0365304015576839 0.00114423001650721 0.00129146000836045 0.0590469986200333 0.480978012084961 0.560225009918213 0.559880018234253 0.561300992965698 0.561936020851135 0.563207983970642 0.0105125000700355 0.000553913996554911 0.000549237011000514 0.000549927994143218 0.000555698003154248 0.000550800992641598 0.000549193006008863 0.000544206995982677 0.000548141018953174 0.000552368001081049 0.000562051020096987 0.572718024253845 0.580283999443054 -3.4e+38 -3.4e+38 -3.4e+38 -3.4e+38 -3.4e+38 -3.4e+38
0.477169990539551 0.470281988382339 0.482068002223969 0.464587986469269 0.406623005867004 0.04434410110116 0.000587970018386841 0.000600784027483314 0.0325218997895718 0.54755300283432 0.548666000366211 0.551024973392487 0.551436007022858 0.551491975784302 0.5572350025177 0.0352681018412113 0.00170507002621889 0.00100752001162618 0.00280502997338772 0.0369106009602547 0.554314970970154 0.561124980449677 0.563623011112213 0.564998984336853 0.565280973911285 0.563664972782135 0.00155290996190161 0.000557573977857828 0.000552296987734735 0.00055110699031502 0.000549956981558353 0.000551448029000312 0.000552616023924202 0.000559290987439454 0.00056871899869293 0.570244014263153 0.582728981971741 -3.4e+38 -3.4e+38 -3.4e+38 -3.4e+38 -3.4e+38 -3.4e+38 -3.4e+38
0.507851004600525 0.520815014839172 0.485590994358063 0.455799013376236 0.427496999502182 0.347532004117966 0.102912999689579 0.126175001263618 0.370135009288788 0.546763002872467 0.548569977283478 0.54865300655365 0.54799497127533 0.549461007118225 0.0409394018352032 0.000870610994752496 0.000591936986893415 0.000570754986256361 0.000601843988988549 0.00087908300338313 0.0621219985187054 0.559825003147125 0.554777026176453 0.555997014045715 0.556452989578247 0.555907011032104 0.55654102563858 0.000859326974023134 0.0005458639934659 0.000550540979020298 0.000551315024495125 0.000557232997380197 0.000559779989998788 0.000635862001217902 0.568942010402679 0.581821024417877 -3.4e+38 -3.4e+38 -3.4e+38 -3.4e+38 -3.4e+38 -3.4e+38 -3.4e+38 -3.4e+38
0.516569018363953 0.519890010356903 0.441491991281509 0.460133999586105 0.419539004564285 0.469372987747192 0.537267982959747 0.537835001945496 0.538773000240326 0.543160021305084 0.547335028648376 0.546635985374451 0.545018970966339 0.00346690998412669 0.000574912002775818 0.000530964985955507 0.000533903017640114 0.000536857987754047 0.000539137981832027 0.00054073502542451 0.000613808981142938 0.0920120030641556 0.557446002960205 0.548792004585266 0.555162012577057 0.556181013584137 0.55602902173996 0.557272017002106 0.00115254998672754 0.000554548983927816 0.00055837701074779 0.000561937980819494 0.000566708971746266 0.57711797952652 0.581788003444672 -3.4e+38 -3.4e+38 -3.4e+38 -3.4e+38 -3.4e+38 -3.4e+38 -3.4e+38 -3.4e+38 -3.4e+38
0.547348022460938 0.488909989595413 0.431789994239807 0.420706003904343 0.508551001548767 0.446696013212204 0.540004014968872 0.539197027683258 0.539830982685089 0.540544986724854 0.54355400800705 -3.4e+38 0.546873986721039 0.000521856010891497 0.000526415009517223 0.000529891985934228 0.000531202997080982 0.000532518024556339 0.000533842016011477 0.000535177008714527 0.000536517007276416 0.000765356991905719 0.293774992227554 0.558983027935028 0.553176999092102 0.554785013198853 0.558378994464874 0.562017023563385 0.56623899936676 0.0123535003513098 0.00057120097335428 0.000572454999201 0.413356006145477 0.578971028327942 0.580161988735199 -3.4e+38 -3.4e+38 -3.4e+38 -3.4e+38 -3.4e+38 -3.4e+38 -3.4e+38 -3.4e+38 -3.4e+38
0.399843007326126 0.155872002243996 0.293080002069473 0.267008990049362 0.0152353998273611 0.00902844965457916 0.524151980876923 0.541208028793335 0.544701993465424 0.546338975429535 0.299291014671326 0.00182433996815234 0.000543912989087403 0.000527844007592648 0.000528923992533237 0.000530246004927903 0.000531573023181409 0.000532907026354223 0.000534127000719309 0.00053523201495409 0.000536345003638417 0.000853092991746962 0.0762308016419411 0.310375988483429 0.556248009204865 0.559394001960754 0.564755022525787 0.564423978328705 0.433856010437012 0.423411011695862 0.567129015922546 0.0209129005670547 0.576161026954651 0.578290998935699 0.584176003932953 -3.4e+38 -3.4e+38 -3.4e+38 -3.4e+38 -3.4e+38 -3.4e+38 -3.4e+38 -3.4e+38 -3.4e+38
0.000627056986559182 0.000513139006216079 0.00084237102419138 0.412405997514725 0.000506033014971763 0.000498332025017589 0.000517665001098067 0.000515890016686171 0.000518682994879782 0.000579854007810354 0.000529510027263314 0.000529351993463933 0.000529196986462921 0.000711056985892355 0.0192416999489069 0.0357238985598087 0.400649011135101 0.506671011447906 0.350423991680145 0.0130826001986861 0.367621004581451 0.368315994739532 0.356507986783981 0.457753986120224 0.552787005901337 0.544900000095367 0.382283002138138 0.422114014625549 0.406807005405426 0.559812009334564 0.568943977355957 0.574921011924744 0.576923012733459 0.579904973506927 -3.4e+38 -3.4e+38 -3.4e+38 -3.4e+38 -3.4e+38 -3.4e+38 -3.4e+38 -3.4e+38 -3.4e+38 -3.4e+38
0.000524208997376263 0.000491384009364992 0.000489418976940215 0.00108061998616904 0.000522644026204944 0.000491389015223831 0.000492550025228411 0.000517303007654846 0.000523891998454928 0.00356584996916354 0.36516198515892 0.55935800075531 0.558061003684998 0.557919025421143 0.560083985328674 0.561022996902466 0.563435018062592 0.569495022296906 -3.4e+38 -3.4e+38 -3.4e+38 0.57158899307251 0.558640003204346 0.55852198600769 0.559242010116577 0.478641003370285 0.410457998514175 0.498010993003845 0.569256007671356 0.576610028743744 0.579007029533386 0.581710994243622 -3.4e+38 -3.4e+38 -3.4e+38 -3.4e+38 -3.4e+38 -3.4e+38 -3.4e+38 -3.4e+38 -3.4e+38 -3.4e+38 -3.4e+38 -3.4e+38
0.000552667013835162 0.000480883987620473 0.000480049988254905 0.000507822027429938 0.00058957701548934 0.000492206017952412 0.000495506974402815 0.000519944005645812 0.359854996204376 0.557558000087738 -3.4e+38 -3.4e+38 -3.4e+38 -3.4e+38 -3.4e+38 -3.4e+38 -3.4e+38 -3.4e+38 -3.4e+38 -3.4e+38 -3.4e+38 -3.4e+38 -3.4e+38 0.567167997360229 0.566588997840881 0.562379002571106 0.561592996120453 0.57029002904892 0.577750027179718 0.590709984302521 0.586580991744995 0.59257698059082 -3.4e+38 -3.4e+38 -3.4e+38 -3.4e+38 -3.4e+38 -3.4e+38 -3.4e+38 -3.4e+38 -3.4e+38 -3.4e+38 -3.4e+38 -3.4e+38
0.000476958986837417 0.000475236010970548 0.000474528991617262 0.000477255001896992 0.000484833988593891 0.000491812010295689 0.000511099002324045 0.545412003993988 0.548999011516571 0.557374000549316 -3.4e+38 -3.4e+38 -3.4e+38 -3.4e+38 -3.4e+38 -3.4e+38 -3.4e+38 -3.4e+38 -3.4e+38 -3.4e+38 -3.4e+38 -3.4e+38 -3.4e+38 -3.4e+38 0.579364001750946 0.570536017417908 0.570725977420807 0.576358020305634 0.579020023345947 0.586566984653473 0.592927992343903 -3.4e+38 -3.4e+38 -3.4e+38 -3.4e+38 -3.4e+38 -3.4e+38 -3.4e+38 -3.4e+38 -3.4e+38 -3.4e+38 -3.4e+38 -3.4e+38 -3.4e+38
0.000548902025911957 0.000470186991151422 0.000469663995318115 0.00047193598584272 0.0533186011016369 0.000579492014367133 0.00935968011617661 0.546310007572174 0.550961017608643 0.559773981571198 -3.4e+38 -3.4e+38 -3.4e+38 -3.4e+38 -3.4e+38 -3.4e+38 -3.4e+38 -3.4e+38 -3.4e+38 -3.4e+38 -3.4e+38 -3.4e+38 -3.4e+38 -3.4e+38 -3.4e+38 -3.4e+38 0.572826981544495 0.576300978660583 0.580476999282837 0.584168016910553 0.58543598651886 -3.4e+38 -3.4e+38 -3.4e+38 -3.4e+38 -3.4e+38 -3.4e+38 -3.4e+38 -3.4e+38 -3.4e+38 -3.4e+38 -3.4e+38 -3.4e+38 -3.4e+38
0.0029192001093179 0.000551240984350443 0.00046719700912945 0.000470492988824844 0.000482740986626595 0.00277617992833257 0.535726010799408 0.547946989536285 0.551946997642517 -3.4e+38 -3.4e+38 -3.4e+38 -3.4e+38 -3.4e+38 -3.4e+38 -3.4e+38 -3.4e+38 -3.4e+38 -3.4e+38 -3.4e+38 -3.4e+38 -3.4e+38 -3.4e+38 -3.4e+38 -3.4e+38 -3.4e+38 -3.4e+38 0.580540001392365 0.581098973751068 0.579248011112213 0.581268012523651 -3.4e+38 -3.4e+38 -3.4e+38 -3.4e+38 -3.4e+38 -3.4e+38 -3.4e+38 -3.4e+38 -3.4e+38 -3.4e+38 -3.4e+38 -3.4e+38 -3.4e+38
0.000461883988464251 0.00046196099719964 0.000461702002212405 0.000466414989205077 0.000477019988466054 0.00247611990198493 0.547524988651276 0.550463974475861 -3.4e+38 -3.4e+38 -3.4e+38 -3.4e+38 -3.4e+38 -3.4e+38 -3.4e+38 -3.4e+38 -3.4e+38 -3.4e+38 -3.4e+38 -3.4e+38 -3.4e+38 -3.4e+38 -3.4e+38 -3.4e+38 -3.4e+38 -3.4e+38 -3.4e+38 -3.4e+38 -3.4e+38 0.58908599615097 0.591543018817902 -3.4e+38 -3.4e+38 -3.4e+38 -3.4e+38 -3.4e+38 -3.4e+38 -3.4e+38 -3.4e+38 -3.4e+38 -3.4e+38 -3.4e+38 -3.4e+38 -3.4e+38
0.000456834997748956 0.000457109999842942 0.000705650018062443 0.000463061995105818 0.000534343009348959 0.296045988798141 0.552920997142792 -3.4e+38 -3.4e+38 -3.4e+38 -3.4e+38 -3.4e+38 -3.4e+38 -3.4e+38 -3.4e+38 -3.4e+38 -3.4e+38 -3.4e+38 -3.4e+38 -3.4e+38 -3.4e+38 -3.4e+38 -3.4e+38 -3.4e+38 -3.4e+38 -3.4e+38 -3.4e+38 -3.4e+38 -3.4e+38 -3.4e+38 -3.4e+38 -3.4e+38 -3.4e+38 -3.4e+38 -3.4e+38 -3.4e+38 -3.4e+38 -3.4e+38 -3.4e+38 -3.4e+38 -3.4e+38 -3.4e+38 -3.4e+38 -3.4e+38
