results/Predictions/Median/Berriasian.asc
NCOLS 360 
NROWS 180 
XLLCORNER -180 
YLLCORNER -90 
CELLSIZE 1 
NODATA_value -3.4e+38 
[rows 114 to 132 of 180, columns 308 to 351 of 360]
0.000438621005741879 0.000439171999460086 0.000439724011812359 0.000439995987107977 0.000439427996752784 0.000438861985458061 0.000438866001786664 0.00043949400424026 0.000440206989878789 0.000440923002315685 0.000441643001977354 0.000442373013356701 0.000443111988715827 0.000443853990873322 0.000444598001195118 0.000444845005404204 0.000444829987827688 0.000444815988885239 0.000444945995695889 0.000445234007202089 0.000444889010395855 0.000444542994955555 0.000446349004050717 0.000445215991931036 0.000444086006609723 0.000444792007328942 0.000445251993369311 0.000445693003712222 0.000446354009909555 0.000447014987003058 0.000447570986580104 0.000448126986157149 0.000448684993898496 0.000449337996542454 0.000449907005531713 0.000450127001386136 0.00045056501403451 0.000450813997304067 0.000451100990176201 0.000451389001682401 0.000451677013188601 0.000452070002211258 0.000452532985946164 0.000452926993602887
0.000422278011683375 0.000422243989305571 0.000421728007495403 0.000421478995122015 0.000422034005168825 0.000422482989961281 0.000422635988797992 0.000423373014200479 0.000422595010604709 0.000423454999690875 0.0004250560014043 0.000427563994890079 0.000428247993113473 0.000428022991400212 0.000428628001827747 0.000428341008955613 0.000430581014370546 0.000434465997386724 0.000435516005381942 0.00043563699000515 0.000437565002357587 0.000438623013906181 0.000439333991380408 0.00043953099520877 0.000438359013060108 0.00043817498954013 0.000438693998148665 0.000439196010120213 0.000439697992987931 0.000440200994489715 0.000440516014350578 0.000440953997895122 0.000441546988440678 0.000442024989752099 0.000441865005996078 0.000441704003605992 0.000442334014223889 0.000442279997514561 0.000442065997049212 0.0004418529861141 0.000441726995632052 0.000442121003288776 0.000444050994701684 0.000445123994722962
0.000402464007493109 0.000402067002141848 0.000402269011829048 0.000401346012949944 0.000401283003157005 0.000401299999793991 0.000401158002205193 0.000401183002395555 0.000401296012569219 0.000401617988245562 0.00040152101428248 0.000401808007154614 0.000401680998038501 0.000402492994908243 0.000403610989451408 0.000407659012125805 0.000410454988013953 0.000412143999710679 0.000413767993450165 0.000416427996242419 0.000420822005253285 0.000423160992795601 0.0004251420032233 0.00042696000309661 0.000427774008130655 0.000429387990152463 0.000430220999987796 0.000430994987254962 0.000431771011790261 0.000431013992056251 0.000431647000368685 0.00043228198774159 0.000432917993748561 0.000433515990152955 0.000433998997323215 0.000434482004493475 0.00043496600119397 0.000434852991020307 0.000435060006566346 0.000435327005106956 0.000435511989053339 0.0004357949947007 0.000436030008131638 0.000436264992458746
0.000385686988011003 0.000383953010896221 0.000384306011255831 0.000385847990401089 0.000386358995456249 0.000385805004043505 0.000386352010536939 0.000386197993066162 0.000385677994927391 0.000384646002203226 0.000383617996703833 0.00038292701356113 0.00038343999767676 0.000383954989956692 0.00038447100087069 0.000386934989364818 0.00038625200977549 0.000385835999622941 0.000389797991374508 0.000392659014323726 0.000396505987737328 0.000397749012336135 0.00040279098902829 0.000408154999604449 0.000412074004998431 0.000415677001001313 0.000416268012486398 0.000415857008192688 0.000417748000472784 0.000418148003518581 0.00042024499271065 0.000421823002398014 0.000422065990278497 0.000422874989453703 0.00042396699427627 0.000425058999098837 0.000426151003921404 0.000426585000241175 0.000426359998527914 0.000426132988650352 0.00042590600787662 0.000426431011874229 0.000427207007305697 0.00042709699482657
0.000371166010154411 0.000371249014278874 0.000371333007933572 0.000371398986317217 0.00037084799259901 0.000369832996511832 0.000369351997505873 0.00036869800533168 0.000367602013284341 0.000366708991350606 0.000364915991667658 0.000364554987754673 0.000363370985724032 0.000361946003977209 0.00036052698851563 0.000364189007086679 0.000368198991054669 0.000370330992154777 0.000371183996321633 0.000373421993572265 0.000374647002900019 0.00037787199835293 0.000381063000531867 0.00038075601332821 0.000385994993848726 0.000391023990232497 0.000393972004530951 0.000397494994103909 0.000397513009374961 0.000398534000851214 0.000403009005822241 0.000404237012844533 0.000407412007916719 0.000409433007007465 0.000412464985856786 0.000414481008192524 0.000414754991652444 0.000415092014009133 0.000415162008721381 0.000415343005442992 0.000416594004491344 0.000418448995333165 0.000420124997617677 0.00042118300916627
0.000349793001078069 0.000349681999068707 0.00034957000752911 0.000349203997757286 0.000348077999660745 0.000346954999258742 0.000345837004715577 0.000344802014296874 0.000343546998919919 0.000339502992574126 0.000337887002388015 0.000336408993462101 0.000334737997036427 0.000332563009578735 0.000330401991959661 0.000332163996063173 0.000333936011884362 0.000335601012920961 0.000337139004841447 0.0003398270055186 0.000345600012224168 0.000349468988133594 0.000354637013515458 0.00036027398891747 0.000364912993973121 0.000366733002010733 0.000368147011613473 0.000371650006854907 0.000375186005840078 0.000378783006453887 0.000382888014428318 0.000388356012990698 0.000391234003473073 0.000392507994547486 0.000395198003388941 0.00039785000262782 0.000397919997340068 0.000399107986595482 0.000400538992835209 0.000400836986955255 0.000402564008254558 0.000402853998821229 0.000402828998630866 0.000402803998440504
0.000307851005345583 0.000309439987177029 0.000311037001665682 0.000312207004753873 0.000312071992084384 0.000312043004669249 0.000312738004140556 0.000312832999043167 0.000312327989377081 0.000311823008814827 0.000311320007313043 0.000309714989271015 0.000306314002955332 0.00030308699933812 0.000302088999887928 0.000302442000247538 0.000302795990137383 0.000303150009131059 0.000303701002849266 0.000306851987261325 0.00031090498669073 0.000314370001433417 0.000318876001983881 0.000323204993037507 0.000327591988025233 0.000332038995111361 0.000337214994942769 0.000343040010193363 0.000347230990882963 0.000350944988895208 0.000353623006958514 0.000360670004738495 0.000364206003723666 0.000368367007467896 0.000371383008314297 0.000373604998458177 0.000375839998014271 0.000378150987671688 0.00038054000469856 0.000382944010198116 0.000385363004170358 0.000387793988920748 0.00038882700027898 0.000390289991628379
0.00025683399871923 0.000261000008322299 0.000266276998445392 0.000271472003078088 0.00027384000713937 0.000275536993285641 0.000276862003374845 0.000277760002063587 0.000278213003184646 0.000278649007668719 0.000279244995908812 0.000281510001514107 0.000283928005956113 0.000286366004729643 0.000288826005998999 0.000288128998363391 0.000287105998722836 0.000286126014543697 0.000285276008071378 0.000285057001747191 0.000283561996184289 0.000282708002487198 0.000283605011645705 0.000286269001662731 0.00028895799187012 0.000292254000669345 0.000296182988677174 0.000299103994620964 0.000306633010040969 0.000311448005959392 0.000317789003020152 0.000326214998494834 0.000330912007484585 0.000337990990374237 0.000343549007084221 0.000348642992321402 0.000351947994204238 0.000354407005943358 0.000355813011992723 0.000357585988240317 0.000361379003152251 0.000363153987564147 0.000364298990461975 0.000365448009688407
0.000213407998671755 0.000219117995584384 0.000225058000069112 0.000231174999498762 0.000234570994507521 0.00023807400430087 0.00024179600586649 0.000245459988946095 0.000248330994509161 0.000251732009928674 0.000255280989222229 0.000259889988228679 0.000265723007032648 0.000271311990218237 0.000278360006632283 0.000275091006187722 0.000274073012406006 0.00027164100902155 0.000268305011559278 0.000262746994849294 0.000256542989518493 0.000254515995038673 0.000252734986133873 0.000253209989750758 0.000253686012001708 0.000254162994679064 0.000257578009041026 0.00026215601246804 0.000265234994003549 0.000268509989837185 0.000277674989774823 0.000284548994386569 0.000290086987661198 0.000298914004815742 0.000306661007925868 0.000312218995532021 0.000317775004077703 0.000323117012158036 0.000329350994434208 0.000334412005031481 0.000340744998538867 0.000346623011864722 0.000348792993463576 0.000350412010448053
0.000179246999323368 0.000182465999387205 0.000185743992915377 0.000189212994882837 0.000193148996913806 0.000198990004719235 0.000204723997740075 0.000207659002626315 0.000209960999200121 0.000211795006180182 0.000214337997022085 0.000220346002606675 0.000227644995902665 0.000235190003877506 0.000242990005062893 0.000247391988523304 0.000251874997047707 0.000255961989751086 0.000257718987995759 0.000253520993283018 0.000249391014222056 0.000245328992605209 0.000242470006924123 0.000236619001952931 0.000232168997172266 0.000230485005886294 0.000230746998568065 0.00023148900072556 0.000232232996495441 0.000232980004511774 0.000235767001868226 0.000241251997067593 0.000247124989982694 0.000253255013376474 0.000261094013694674 0.000269173993729055 0.000275375990895554 0.000283861998468637 0.000289329007500783 0.00029631401412189 0.000304121989756823 0.000309097988065332 0.000314023985993117 0.000317639001877978
0.174586996436119 0.000147162994835526 0.000136930000735447 0.00014229399675969 0.000152549997437745 0.000162266995175742 0.000173448002897203 0.000178225003764965 0.00017904800188262 0.000179655995452777 0.000180265997187234 0.000186197998118587 0.000191872997675091 0.000201503993594088 0.000212365004699677 0.000220664995140396 0.000228605000302196 0.000236830994253978 0.000242798996623605 0.000241215995629318 0.000239644999965094 0.000238082997384481 0.000233782004215755 0.000226896998356096 0.000217869994230568 0.000210134006920271 0.0002046729932772 0.000201729999389499 0.000201225993805565 0.000200723006855696 0.00020278399460949 0.000208073994144797 0.000211204998777248 0.000215777996345423 0.000224086994421668 0.000231427999096923 0.000238453998463228 0.00024425599258393 0.000249398988671601 0.00025529699632898 0.000262424990069121 0.000267202995019034 0.000274202990112826 0.000279434985714033
0.114232003688812 0.00673834979534149 9.14132979232818e-05 9.53315029619262e-05 0.000101666999398731 0.000111059998744167 0.000120999997307081 0.000123878999147564 0.000123359001008794 0.000122879006084986 0.000122616998851299 0.000131206004880369 0.000144026998896152 0.000154823006596416 0.000165160003234632 0.000178918999154121 0.000192168998182751 0.000205799995455891 0.000217716995393857 0.000219302994082682 0.000221246998989955 0.000223208000534214 0.000219880996155553 0.000211845006560907 0.000202555005671456 0.000192110994248651 0.000188051999430172 0.000185622993740253 0.000183226002263837 0.000180860995897092 0.000182328003575094 0.000183808006113395 0.000185299999429844 0.00018740700033959 0.000191376995644532 0.000197954999748617 0.000205385003937408 0.00021062399900984 0.000215692998608574 0.000221288006287068 0.000226567994104698 0.00023078300000634 0.000235056999372318 0.000238619002630003
0.0916810035705566 0.0726189985871315 0.0137796001508832 0.0886771976947784 0.113343000411987 0.124842002987862 0.131678000092506 0.141549006104469 0.13332000374794 0.138171002268791 0.110440999269485 0.0658261999487877 0.0072558200918138 0.000155974004883319 0.000106637002318166 0.000121860997751355 0.000139680996653624 0.000157244998263195 0.000175287001184188 0.000182506002602167 0.000189619997399859 0.000198320005438291 0.000198887995793484 0.000193885993212461 0.000189035999937914 0.000183548996574245 0.000180054994416423 0.000175121997017413 0.00016996799968183 0.000164965997100808 0.000164547003805637 0.000164130004122853 0.000163713004440069 0.000164287994266488 0.00016788300126791 0.000171556006534956 0.000175310997292399 0.000179690003278665 0.000184446005732752 0.000189626996871084 0.000195572996744886 0.000201153001398779 0.000205004005692899 0.000208379002287984
0.0596592016518116 0.0603058002889156 0.0608634985983372 0.0585700012743473 0.0637547969818115 0.0648635998368263 0.0699037984013557 0.072681799530983 0.0739805996417999 0.0736342966556549 0.0705152004957199 0.0692057013511658 0.0727221965789795 0.0724164992570877 0.121141001582146 0.000450388004537672 9.35327989282086e-05 0.000114242997369729 0.00013218900130596 0.000144151999847963 0.000156914000399411 0.000170810002600774 0.000178232003236189 0.000175021006725729 0.000172276995726861 0.000170888000866398 0.000164968005265109 0.000159453004016541 0.000152227003127337 0.000146170001244172 0.000143006996950135 0.00013991299783811 0.000138061004690826 0.000137019000248984 0.000138332994538359 0.000139659998239949 0.00014150700008031 0.000144966994412243 0.000149018000229262 0.000153182001668029 0.000157982998644002 0.000162746000569314 0.000166942001669668 0.000172315005329438
0.0469507984817028 0.0466000996530056 0.0460808016359806 0.0469452999532223 0.0500633008778095 0.0548946000635624 0.0588734000921249 0.0593516007065773 0.0558248981833458 0.0543414987623692 0.0510304011404514 0.0566519014537334 0.0646191015839577 0.0693579986691475 0.0680624023079872 0.101962000131607 0.0924196988344193 0.000104134996945504 0.000107177002064418 0.000119390999316238 0.000133770998218097 0.000147714003105648 0.000156195004819892 0.000157039001351222 0.000157761998707429 0.000157956004841253 0.000153183995280415 0.000149729996337555 0.00014601499424316 0.000140328003908508 0.000136522998218425 0.000132820001454093 0.000129709995235316 0.00012809899635613 0.000128272993606515 0.000128405998111703 0.000128535000840202 0.000129584994283505 0.000131360997329466 0.000133763998746872 0.000136432005092502 0.000139230003696866 0.000142111995955929 0.000145054000313394
0.033517200499773 0.0336442999541759 0.0341387018561363 0.0352986007928848 0.0364790000021458 0.0387189984321594 0.0411004014313221 0.0403912998735905 0.036897100508213 0.0349142998456955 0.0326630994677544 0.0366126000881195 0.044385701417923 0.0561987012624741 0.0670541971921921 0.0801063030958176 0.0887771993875504 0.106870003044605 0.00217443006113172 9.87773964880034e-05 0.000112002999230754 0.000126707993331365 0.000136375005240552 0.000139227995532565 0.000143293000292033 0.000147974002175033 0.000145653000799939 0.000141142998472787 0.000136771996039897 0.000133358000312001 0.000129911000840366 0.000126526996609755 0.00012243700621184 0.000119766998977866 0.000118950003525242 0.000118140000267886 0.000116513001557905 0.00011623799946392 0.000117483003123198 0.000118324998766184 0.00011888599692611 0.000119832999189384 0.000120958997285925 0.000122750992886722
0.0253877993673086 -3.4e+38 -3.4e+38 -3.4e+38 -3.4e+38 0.0318422988057137 0.0333979986608028 0.0318813994526863 0.0280114002525806 0.0245814006775618 0.0211434997618198 0.0236176997423172 0.0287012998014688 0.0364915989339352 0.0456445999443531 0.0611565001308918 0.0764672011137009 0.0990225002169609 0.109162002801895 0.0220452006906271 9.68099993770011e-05 0.000112647998321336 0.000123511999845505 0.000127926003187895 0.000133291003294289 0.000137909999466501 0.000136839997139759 0.000133188994368538 0.000129392006783746 0.000125702994409949 0.000121928998851217 0.000118267998914234 0.000114715003292076 0.00011164400348207 0.000109567998151761 0.0001071110018529 0.000104708000435494 0.000103509999462403 0.000103475002106279 0.000103439997474197 0.000103405996924266 0.000104040998849086 0.000104787999589462 0.000105302002339158
-3.4e+38 -3.4e+38 -3.4e+38 -3.4e+38 -3.4e+38 -3.4e+38 0.0338934995234013 0.0298136007040739 0.0239941999316216 0.0191505998373032 0.015195700339973 0.0166810005903244 0.019370200112462 0.0231697000563145 0.028295399621129 0.0408186987042427 0.0581558011472225 0.0829019024968147 0.111529000103474 0.136566996574402 0.0372623987495899 9.90691987681203e-05 0.000111804001790006 0.000115802002255805 0.000118399999337271 0.000120593998872209 0.000118843003292568 0.000115861002996098 0.000112952999188565 0.000110118002339732 0.000107293999462854 0.000104543003544677 0.000101862999144942 9.94229994830675e-05 9.75471994024701e-05 9.57067968556657e-05 9.39012024900876e-05 9.27193032111973e-05 9.22893013921566e-05 9.19005979085341e-05 9.15135969989933e-05 9.1381101810839e-05 9.11802999326028e-05 9.08638030523434e-05
-3.4e+38 -3.4e+38 -3.4e+38 -3.4e+38 -3.4e+38 -3.4e+38 -3.4e+38 0.00853153970092535 0.00853080023080111 0.00854367017745972 0.00855985004454851 0.0104419002309442 0.012754499912262 0.0152618996798992 0.017764700576663 0.0274550002068281 0.044055100530386 0.0717035010457039 0.0997740030288696 0.11811800301075 0.142042994499207 0.0330410003662109 9.69575994531624e-05 9.84877988230437e-05 0.000100687997473869 0.000102938000054564 0.000102170997706708 0.000100131997896824 9.81343982857652e-05 9.62915000854991e-05 9.45708015933633e-05 9.29919988266192e-05 9.14398988243192e-05 8.99177030078135e-05 8.84321998455562e-05 8.71376032591797e-05 8.61192020238377e-05 8.4269602666609e-05 8.28030024422333e-05 8.092459756881e-05 7.92553983046673e-05 7.80362024670467e-05 7.69651014707051e-05 7.60261973482557e-05
