results/Predictions/Median/Berriasian.asc
NCOLS 360 
NROWS 180 
XLLCORNER -180 
YLLCORNER -90 
CELLSIZE 1 
NODATA_value -3.4e+38 
[rows 133 to 151 of 180, columns 88 to 131 of 360]
5.05122006870806e-05 5.1401999371592e-05 5.23193994013127e-05 5.3265001042746e-05 5.39046995982062e-05 5.42775014764629e-05 5.50422992091626e-05 5.57864004804287e-05 5.63981993764173e-05 5.66495982639026e-05 5.66464987059589e-05 5.7035700592678e-05 5.7643701438792e-05 5.81991989747621e-05 5.85820998821873e-05 5.89675983064808e-05 5.93555996601935e-05 5.95735000388231e-05 5.94131015532184e-05 5.90154995734338e-05 5.8581201301422e-05 5.80343003093731e-05 5.74541991227306e-05 5.68799987377133e-05 5.6364900956396e-05 5.57052990188822e-05 5.50531985936686e-05 5.43146015843377e-05 5.36033003299963e-05 5.26922995049972e-05 5.17221997142769e-05 5.07627992192283e-05 4.94199994136579e-05 4.79150985484011e-05 4.64529985038098e-05 4.50355983048212e-05 4.34288012911566e-05 4.18046984123066e-05 4.02412988478318e-05 3.87362015317194e-05 3.7369998608483e-05 3.60517005901784e-05 3.47796994901728e-05 3.35422009811737e-05
3.72313988918904e-05 3.79131015506573e-05 3.87836989830248e-05 3.92547990486491e-05 3.99712989747059e-05 4.07006009481847e-05 4.13720990763977e-05 4.20344986196142e-05 4.27074992330745e-05 4.30877989856526e-05 4.32615997851826e-05 4.35473994002678e-05 4.36867012467701e-05 4.41796000814065e-05 4.46060985268559e-05 4.48731007054448e-05 4.514169995673e-05 4.52366002718918e-05 4.53895991086029e-05 4.54494984296616e-05 4.54672008345369e-05 4.53653010481503e-05 4.5223998313304e-05 4.50830993941054e-05 4.48815990239382e-05 4.44383003923576e-05 4.39994000771549e-05 4.35697002103552e-05 4.30467989644967e-05 4.22753000748344e-05 4.15176000387874e-05 4.07736988563556e-05 3.99306991312187e-05 3.89954984711949e-05 3.81913996534422e-05 3.72627982869744e-05 3.6248100514058e-05 3.51697017322294e-05 3.39979014825076e-05 3.28823007293977e-05 3.18983002216555e-05 3.09440001728944e-05 2.98673003271688e-05 2.89953004539711e-05
2.86120994132943e-05 2.90861007670173e-05 2.95692007057369e-05 3.00612991850358e-05 3.05616995319724e-05 3.10704017465468e-05 3.16203986585606e-05 3.21752013405785e-05 3.27089983329643e-05 3.30069015035406e-05 3.32240997522604e-05 3.35654985974543e-05 3.39102989528328e-05 3.42530001944397e-05 3.45818989444524e-05 3.4890999813797e-05 3.51132002833765e-05 3.53137002093717e-05 3.55342017428484e-05 3.57458993676119e-05 3.58241995854769e-05 3.58227007382084e-05 3.57946009899024e-05 3.57665012415964e-05 3.57384014932904e-05 3.55367010342889e-05 3.5336099244887e-05 3.51367016264703e-05 3.48643989127595e-05 3.43749015883077e-05 3.39077014359646e-05 3.35067998094019e-05 3.29903014062438e-05 3.24811007885728e-05 3.19760983984452e-05 3.12939991999883e-05 3.04917994071729e-05 2.96826001431327e-05 2.8894899514853e-05 2.81005995930173e-05 2.72453999059508e-05 2.64270001935074e-05 2.56331004493404e-05 2.48311007453594e-05
2.2438500309363e-05 2.28035005420679e-05 2.31898993661162e-05 2.35985007748241e-05 2.40142999246018e-05 2.44337006733986e-05 2.46709005295997e-05 2.49327003984945e-05 2.51973997364985e-05 2.54842998401728e-05 2.58263007708592e-05 2.61730001511751e-05 2.65241997112753e-05 2.68881994998083e-05 2.72814995696535e-05 2.76410992228193e-05 2.78912993962876e-05 2.81012999039376e-05 2.82702003460145e-05 2.84400994132739e-05 2.86110007436946e-05 2.86737995338626e-05 2.87004004349001e-05 2.87269995169481e-05 2.88042992906412e-05 2.87730999843916e-05 2.8741900678142e-05 2.87107995973201e-05 2.86234007944586e-05 2.83684003079543e-05 2.82153996522538e-05 2.80002004728885e-05 2.75981001323089e-05 2.71100998361362e-05 2.66977003775537e-05 2.61524000961799e-05 2.55431004916318e-05 2.49802997132065e-05 2.44317998294719e-05 2.38888005696936e-05 2.31682006415213e-05 2.25446001422824e-05 2.19755002035527e-05 2.13895000342745e-05
1.7546299204696e-05 1.78001992026111e-05 1.80134993570391e-05 1.81845007318771e-05 1.8501599697629e-05 1.8751099560177e-05 1.89518996194238e-05 1.92518000403652e-05 1.96359997062245e-05 1.9965600586147e-05 2.01892999029951e-05 2.04154002858559e-05 2.06439999601571e-05 2.08791007025866e-05 2.11971000680933e-05 2.1566300347331e-05 2.19418998312904e-05 2.22402995859738e-05 2.2457999875769e-05 2.26778993237531e-05 2.28999997489154e-05 2.30415007536067e-05 2.31561007240089e-05 2.32712991419248e-05 2.33870996453334e-05 2.34121998801129e-05 2.34357994486345e-05 2.34548006119439e-05 2.34519993682625e-05 2.33298997045495e-05 2.32084003073396e-05 2.30875994020607e-05 2.28372991841752e-05 2.24607993004611e-05 2.20892998186173e-05 2.17232991417404e-05 2.13826006074669e-05 2.10534999496303e-05 2.0729299649247e-05 2.04016996576684e-05 1.99223995878128e-05 1.94112999452045e-05 1.89164002222242e-05 1.84687996807043e-05
1.40964002639521e-05 1.43586003105156e-05 1.45725998663693e-05 1.47881000884809e-05 1.50345003930852e-05 1.51758003994473e-05 1.5368799722637e-05 1.55900997924618e-05 1.58145994646475e-05 1.5989200619515e-05 1.6206999134738e-05 1.64291996043175e-05 1.66614008776378e-05 1.68917995324591e-05 1.71201991179259e-05 1.73630996869178e-05 1.7576499885763e-05 1.77777001226787e-05 1.80621991603402e-05 1.84300006367266e-05 1.87380992429098e-05 1.89058991963975e-05 1.9041699488298e-05 1.91784001799533e-05 1.93161995412083e-05 1.93781997950282e-05 1.94404001376824e-05 1.95028005691711e-05 1.95413995243143e-05 1.95081993297208e-05 1.94750991795445e-05 1.94420008483576e-05 1.92848001461243e-05 1.90066002687672e-05 1.87324003491085e-05 1.84359996637795e-05 1.8173799617216e-05 1.79774997377535e-05 1.78143000084674e-05 1.76287994690938e-05 1.71962001331849e-05 1.68207006936427e-05 1.64851007866673e-05 1.61665993800852e-05
1.13100004455191e-05 1.15225002446095e-05 1.17302997750812e-05 1.18914003905957e-05 1.20026998047251e-05 1.21100001706509e-05 1.22619003377622e-05 1.24882999443798e-05 1.27219000205514e-05 1.29141999423155e-05 1.31195001813467e-05 1.33144003484631e-05 1.35121999846888e-05 1.36961998578045e-05 1.38318000608706e-05 1.39686999318656e-05 1.41130003612489e-05 1.43162997119362e-05 1.45996000355808e-05 1.48868002725067e-05 1.50979003592511e-05 1.52622997120488e-05 1.54119006765541e-05 1.55629004439106e-05 1.57154991029529e-05 1.57951999426587e-05 1.5875399185461e-05 1.59750998136587e-05 1.60769996000454e-05 1.61693005793495e-05 1.62620999617502e-05 1.63554996106541e-05 1.62731994350906e-05 1.60180006787414e-05 1.58643997565378e-05 1.56557998707285e-05 1.55197994899936e-05 1.541240089864e-05 1.52398997670389e-05 1.50532996485708e-05 1.4817300325376e-05 1.45796002470888e-05 1.43594998007757e-05 1.41439004437416e-05
9.04681019164855e-06 9.24077994568506e-06 9.35387015488232e-06 9.44712974160211e-06 9.56981966737658e-06 9.66882998909568e-06 9.81866014626576e-06 9.99456005956745e-06 1.01611003628932e-05 1.03169004432857e-05 1.05286999314558e-05 1.07447003756533e-05 1.09652000901406e-05 1.11802000901662e-05 1.13466003313079e-05 1.15044003905496e-05 1.16643996079802e-05 1.18821999421925e-05 1.20894001156557e-05 1.23034997159266e-05 1.25552996905753e-05 1.27191997307818e-05 1.28627998492448e-05 1.30156004161108e-05 1.31654996948782e-05 1.32668001242564e-05 1.33687999550602e-05 1.34717001856188e-05 1.35776999741211e-05 1.36771996039897e-05 1.37803999677999e-05 1.38842997330357e-05 1.38927998705185e-05 1.37607003125595e-05 1.36063999889302e-05 1.34693000291009e-05 1.33761996039539e-05 1.33231997097027e-05 1.32704999487032e-05 1.31824999698438e-05 1.30240996440989e-05 1.28632000269135e-05 1.27042003441602e-05 1.25553997349925e-05
7.28447002984467e-06 7.41292979000718e-06 7.53298991185147e-06 7.644170182175e-06 7.75700027588755e-06 7.87150020187255e-06 7.9941801232053e-06 8.12385042081587e-06 8.24823018774623e-06 8.37452989799203e-06 8.5616502474295e-06 8.74307988851797e-06 8.90862975211348e-06 9.0679195636767e-06 9.21937044040533e-06 9.37645017984323e-06 9.53624021349242e-06 9.73276019067271e-06 9.96820017462596e-06 1.02093999885255e-05 1.04309001471847e-05 1.06202996903448e-05 1.07782998384209e-05 1.09292996057775e-05 1.10824003058951e-05 1.12281004476245e-05 1.13755995698739e-05 1.14888998723472e-05 1.15928996820003e-05 1.16915998660261e-05 1.18005000331323e-05 1.19173000712181e-05 1.19319001896656e-05 1.18474999908358e-05 1.17790996227995e-05 1.16914998216089e-05 1.16473001980921e-05 1.16189003165346e-05 1.1590500434977e-05 1.15621996883419e-05 1.14486001621117e-05 1.13359001261415e-05 1.12240995804314e-05 1.11192002805183e-05
5.92281003264361e-06 6.01923011345207e-06 6.11455016041873e-06 6.20723994870787e-06 6.28942007097066e-06 6.37220000498928e-06 6.48165996608441e-06 6.60169007460354e-06 6.72252008371288e-06 6.83468988427194e-06 6.9794100454601e-06 7.13037979949149e-06 7.30271995053045e-06 7.47312014937052e-06 7.62880017646239e-06 7.78156027081423e-06 7.93504023022251e-06 8.11084009910701e-06 8.27716030471493e-06 8.44451005832525e-06 8.61525040818378e-06 8.78576975082979e-06 8.90603041625582e-06 9.02399006008636e-06 9.14350039238343e-06 9.28263034438714e-06 9.43618033488747e-06 9.59228964347858e-06 9.74063004832715e-06 9.85975020739716e-06 9.98034010990523e-06 1.01023997558514e-05 1.01471996458713e-05 1.01138002719381e-05 1.00803999885102e-05 1.00470997494995e-05 1.00408997241175e-05 1.00437000583042e-05 1.0046500392491e-05 1.00491997727659e-05 9.98113955574809e-06 9.91351043921895e-06 9.84633970801951e-06 9.79214019025676e-06
4.99214002047665e-06 5.06623018736718e-06 5.15085002916749e-06 5.24648021382745e-06 5.34388982487144e-06 5.4431097851193e-06 5.53842983208597e-06 5.63348021387355e-06 5.73016995986109e-06 5.82850998398499e-06 5.95012988924282e-06 6.0742900132027e-06 6.2010499277676e-06 6.33377021586057e-06 6.47947990728426e-06 6.62856018607272e-06 6.78106016493984e-06 6.92405001245788e-06 7.06418995832792e-06 7.21136984793702e-06 7.36163019610103e-06 7.50263006921159e-06 7.62731997383526e-06 7.73468036641134e-06 7.86546024755808e-06 8.04775027063442e-06 8.20310015114956e-06 8.36093022371642e-06 8.50101969263051e-06 8.58034036355093e-06 8.6604004536639e-06 8.74120996741112e-06 8.7794696810306e-06 8.77459024195559e-06 8.7697198978276e-06 8.76484955369961e-06 8.81081996340072e-06 8.87412988959113e-06 8.93790002010064e-06 9.00212035048753e-06 8.92834032129031e-06 8.85516965354327e-06 8.78260016179411e-06 8.72417967912043e-06
4.15995009461767e-06 4.23109986513737e-06 4.32080014434177e-06 4.43019007434486e-06 4.54058999821427e-06 4.64955019197077e-06 4.7325402192655e-06 4.80734979646513e-06 4.88333989778766e-06 4.9605400818109e-06 5.06582000525668e-06 5.17333000971121e-06 5.2831301218248e-06 5.40417977390462e-06 5.55549013370182e-06 5.71104010305135e-06 5.87095019000117e-06 5.99973009229871e-06 6.095170192566e-06 6.19213005847996e-06 6.29063015367137e-06 6.40689995634602e-06 6.51925984129775e-06 6.63360015096259e-06 6.749949989171e-06 6.88859017827781e-06 7.03006980984355e-06 7.17445982445497e-06 7.31312002244522e-06 7.39907000024687e-06 7.46914020055556e-06 7.53987978896475e-06 7.58221995056374e-06 7.59568001740263e-06 7.61199999033124e-06 7.6316000559018e-06 7.72421026340453e-06 7.84246003604494e-06 7.96223957877373e-06 8.03518014436122e-06 7.98606015450787e-06 7.88965007814113e-06 7.7943195719854e-06 7.7179902291391e-06
3.49262995769095e-06 3.55726001544099e-06 3.64041989087127e-06 3.7433298984979e-06 3.84912982553942e-06 3.95790993934497e-06 4.04423008149024e-06 4.12376994063379e-06 4.20487003793824e-06 4.28754992753966e-06 4.38051984019694e-06 4.47518004875747e-06 4.57188980362844e-06 4.68042981083272e-06 4.82161021864158e-06 4.96703978569712e-06 5.1168699428672e-06 5.23030985277728e-06 5.30479019289487e-06 5.38033009434002e-06 5.45694001630181e-06 5.53762993149576e-06 5.62050990993157e-06 5.7117099458992e-06 5.80897994950647e-06 5.94551011090516e-06 6.10516008237028e-06 6.26911014478537e-06 6.40760981696076e-06 6.45847012492595e-06 6.56019983580336e-06 6.67099993734155e-06 6.72064015816431e-06 6.74128978062072e-06 6.76200988891651e-06 6.78279002386262e-06 6.84453016219777e-06 6.92066987539874e-06 7.02124998497311e-06 7.13451981937396e-06 7.07947992850677e-06 7.01306998962536e-06 6.95327980793081e-06 6.91242985340068e-06
3.01884006148612e-06 3.07190998682927e-06 3.13712007482536e-06 3.22254004458955e-06 3.31677006215614e-06 3.41373993251182e-06 3.4900499485957e-06 3.56009991264727e-06 3.63155004379223e-06 3.70441989616666e-06 3.79418997908942e-06 3.88612988899695e-06 3.98029987991322e-06 4.08377991334419e-06 4.21167987951776e-06 4.34355979450629e-06 4.47955017079948e-06 4.58718977824901e-06 4.65213997813407e-06 4.71800012746826e-06 4.78480978927109e-06 4.85559985463624e-06 4.92846993438434e-06 5.00243004353251e-06 5.07751019540592e-06 5.21933998243185e-06 5.36513016413664e-06 5.51498987988452e-06 5.64437004868523e-06 5.70166002944461e-06 5.75953981751809e-06 5.8467799135542e-06 5.91776006331202e-06 5.9586900533759e-06 5.99989016336622e-06 6.04137994741905e-06 6.1076598285581e-06 6.18554986431263e-06 6.27021017862717e-06 6.38608980807476e-06 6.36343020232744e-06 6.35003016213886e-06 6.33615991318948e-06 6.31507009529741e-06
2.64029995378223e-06 2.69263000518549e-06 2.75288994089351e-06 2.82153996522538e-06 2.8919200758537e-06 2.96407006317168e-06 3.02320995615446e-06 3.07937989418861e-06 3.13660007122962e-06 3.20060007652501e-06 3.28022997564403e-06 3.3618400721025e-06 3.44547993336164e-06 3.53675000042131e-06 3.64756010640122e-06 3.76183993466839e-06 3.87970021620276e-06 3.97461008105893e-06 4.04473985327058e-06 4.1160801629303e-06 4.18865010942682e-06 4.25761982114636e-06 4.32168008046574e-06 4.38670986113721e-06 4.45272007709718e-06 4.58191016150522e-06 4.71484008812695e-06 4.85163991470472e-06 4.97209020977607e-06 5.03357978232088e-06 5.09584015162545e-06 5.15886995344772e-06 5.20460980624193e-06 5.23258995599463e-06 5.26901021657977e-06 5.30911984242266e-06 5.38033009434002e-06 5.48723983229138e-06 5.59955014978186e-06 5.71415012018406e-06 5.71984992348007e-06 5.72555018152343e-06 5.73124998481944e-06 5.72709996049525e-06
2.34912999985681e-06 2.40804001805373e-06 2.47236994255218e-06 2.53618009082857e-06 2.59192006524245e-06 2.64887989942508e-06 2.6988900572178e-06 2.74707008429687e-06 2.79612004305818e-06 2.84736006506137e-06 2.91872993329889e-06 2.99188991448318e-06 3.06689003082283e-06 3.1440899874724e-06 3.22593996315845e-06 3.31513001583517e-06 3.40677001986478e-06 3.4822398902179e-06 3.54032999894116e-06 3.59937007488043e-06 3.65937989954546e-06 3.73041007151187e-06 3.80623009732517e-06 3.88359012504225e-06 3.96252016798826e-06 4.07256993639749e-06 4.18566014559474e-06 4.30185991717735e-06 4.40678013546858e-06 4.46570993517525e-06 4.51554979008506e-06 4.56594989373116e-06 4.61448007627041e-06 4.66106985186343e-06 4.70812983621727e-06 4.75567003377364e-06 4.8398801482108e-06 4.93791003464139e-06 5.03793989992118e-06 5.13999020768097e-06 5.14350995217683e-06 5.14703015142004e-06 5.1505498959159e-06 5.15222018293571e-06
2.08474989449314e-06 2.1405799088825e-06 2.19562002712337e-06 2.25190001401643e-06 2.29736997425789e-06 2.34960998568567e-06 2.40437998400012e-06 2.45794990405557e-06 2.50451989813882e-06 2.55198006016144e-06 2.61401009993278e-06 2.67755990535079e-06 2.74974991043564e-06 2.82049995803391e-06 2.88148999061377e-06 2.94379992737959e-06 3.00746000903018e-06 3.06171000374889e-06 3.10598989017308e-06 3.15089005198388e-06 3.19692003358796e-06 3.26607005263213e-06 3.34317996930622e-06 3.42210000781051e-06 3.50287996297993e-06 3.59319005838188e-06 3.68582004739437e-06 3.78082995666773e-06 3.86631018045591e-06 3.91716002923204e-06 3.96864015783649e-06 4.02076011596364e-06 4.07573998018051e-06 4.13368979934603e-06 4.19245998273254e-06 4.25206008003443e-06 4.33172999692033e-06 4.41943984696991e-06 4.50891002401477e-06 4.60017008663272e-06 4.61523995909374e-06 4.62700018033502e-06 4.62873003925779e-06 4.63508013126557e-06
1.87830994491378e-06 1.92903007700806e-06 1.97426993508998e-06 2.01357988771633e-06 2.05775995709701e-06 2.10709004022647e-06 2.14766009776213e-06 2.18963009501749e-06 2.23467009163869e-06 2.28560998039029e-06 2.35452989727492e-06 2.41317002291908e-06 2.47153002419509e-06 2.52758991337032e-06 2.57712008533417e-06 2.62959997598955e-06 2.68314011009352e-06 2.72938996204175e-06 2.76792002296133e-06 2.80697008747666e-06 2.84654993265576e-06 2.90529010271712e-06 2.97161000162305e-06 3.03943011203955e-06 3.1088100058696e-06 3.18092997986241e-06 3.25472001350136e-06 3.33023990606307e-06 3.39874009114283e-06 3.44357999892964e-06 3.4909999158117e-06 3.53904010808037e-06 3.59031992047676e-06 3.64496008842252e-06 3.70040993402654e-06 3.75670992980304e-06 3.82667985832086e-06 3.90229979529977e-06 3.97940993934753e-06 4.05803984904196e-06 4.08165988119435e-06 4.10538996220566e-06 4.12923009207589e-06 4.15043996326858e-06
1.69706004271575e-06 1.74248998519033e-06 1.78485004198592e-06 1.82385997504753e-06 1.8637299490365e-06 1.90260004728771e-06 1.93872006093443e-06 1.97610006580362e-06 2.01893999474123e-06 2.05393007490784e-06 2.10249004339857e-06 2.1522000679397e-06 2.21098002839426e-06 2.26994006879977e-06 2.31883996093529e-06 2.36305004364112e-06 2.40811004914576e-06 2.45116007135948e-06 2.48605010710889e-06 2.52140989687177e-06 2.55725990427891e-06 2.60313004218915e-06 2.65306994151615e-06 2.70396003543283e-06 2.75583010989067e-06 2.82111000160512e-06 2.88791989078163e-06 2.95631002700247e-06 3.02025000564754e-06 3.06707988784183e-06 3.11463008983992e-06 3.16291993840423e-06 3.20756998917204e-06 3.24840993926045e-06 3.28976989294461e-06 3.33166008203989e-06 3.38608992933587e-06 3.44549994224508e-06 3.50595996678749e-06 3.56748000740481e-06 3.60601006832439e-06 3.6449500839808e-06 3.68431005881575e-06 3.71618989447597e-06
