results/Predictions/Median/Burdigalian.asc
NCOLS 360 
NROWS 180 
XLLCORNER -180 
YLLCORNER -90 
CELLSIZE 1 
NODATA_value -3.4e+38 
[rows 152 to 170 of 180, columns 0 to 43 of 360]
5.84228018851718e-07 5.97800976720464e-07 6.11689983998076e-07 6.25901975581655e-07 6.46595992748189e-07 6.70105976041668e-07 6.94472987561312e-07 7.1972698378886e-07 7.47089018204861e-07 7.75492026150459e-07 8.04976025392534e-07 8.36828974115633e-07 8.7383898517146e-07 9.12022017018899e-07 9.44378996337036e-07 9.8659404557111e-07 1.04321998151136e-06 1.09384995994333e-06 1.1541700359885e-06 1.22099004329357e-06 1.29258000924892e-06 1.35881998630794e-06 1.42848000450613e-06 1.49791003423161e-06 1.57543001932936e-06 1.65696997100895e-06 1.73471994457941e-06 1.79113999365654e-06 1.84938994607364e-06 1.90955006473814e-06 1.94704989553429e-06 1.9604699446063e-06 1.97399003809551e-06 1.98812995222397e-06 1.98758993974479e-06 1.98032989828789e-06 1.97310009752982e-06 1.96589007828152e-06 1.93970004147559e-06 1.91384992831445e-06 1.88835997505521e-06 1.86200998086861e-06 1.83252996066585e-06 1.80352003553708e-06
5.57699991077243e-07 5.73356999211683e-07 5.89453975408105e-07 6.06003027314728e-07 6.2602600792161e-07 6.47750994176022e-07 6.70231997901283e-07 6.93493007020152e-07 7.18824026080256e-07 7.45081024433603e-07 7.7229901762621e-07 8.0167001215159e-07 8.35772027585335e-07 8.71327017648582e-07 9.04739977158897e-07 9.39701010338467e-07 9.88913029686955e-07 1.03465004031023e-06 1.08680001176253e-06 1.1419799648138e-06 1.2001099776171e-06 1.25833003039588e-06 1.31426997995732e-06 1.36423000185459e-06 1.41610996706731e-06 1.47391995142243e-06 1.53101996147598e-06 1.57118995502969e-06 1.61240996021661e-06 1.6547199948036e-06 1.68075996498374e-06 1.68973997460853e-06 1.6987600020002e-06 1.70783005160047e-06 1.6997099692162e-06 1.68838994341058e-06 1.67908001458272e-06 1.66981999427662e-06 1.64626999321626e-06 1.62306002948753e-06 1.60017998496187e-06 1.57664999278495e-06 1.55419002112467e-06 1.53309997585893e-06
5.34352977865638e-07 5.5018000466589e-07 5.6802701919878e-07 5.86736973673396e-07 6.06111996148684e-07 6.26142991677625e-07 6.46837008844159e-07 6.68215989207965e-07 6.91628997628868e-07 7.15864985068038e-07 7.40949985811312e-07 7.67990002259467e-07 7.99365977854904e-07 8.32025023100869e-07 8.66021025558439e-07 8.96380015547038e-07 9.37428978886601e-07 9.78679054242093e-07 1.02339004115493e-06 1.06812001376966e-06 1.11391000245931e-06 1.15972000003239e-06 1.2074200412826e-06 1.24635005249729e-06 1.28460999349045e-06 1.32406000830088e-06 1.36065000333474e-06 1.38576001518231e-06 1.41133000397531e-06 1.43736997415544e-06 1.45352998970338e-06 1.45946000884578e-06 1.46542004131334e-06 1.47138996453577e-06 1.46548995871854e-06 1.45569003962009e-06 1.44595003348513e-06 1.43627005400049e-06 1.41769999117969e-06 1.39936003051844e-06 1.38125994908478e-06 1.36299001951556e-06 1.34375000016007e-06 1.32477998704417e-06
5.1837099590557e-07 5.34173977939645e-07 5.50659990494751e-07 5.69326005006587e-07 5.87769022786233e-07 6.06517005508067e-07 6.25864004177856e-07 6.458290044975e-07 6.67160009015788e-07 6.89195985614788e-07 7.11962002242217e-07 7.36317019800481e-07 7.64107994655205e-07 7.92950004324666e-07 8.22883009732323e-07 8.54197992339323e-07 8.83681991581398e-07 9.18849025310919e-07 9.55423047344084e-07 9.89904947346076e-07 1.02358001186076e-06 1.05840001651814e-06 1.09440998130594e-06 1.12273005470342e-06 1.15177999759908e-06 1.18159005069174e-06 1.20884999432747e-06 1.2266100384295e-06 1.24462997064256e-06 1.26282998280658e-06 1.27287000850629e-06 1.27570001495769e-06 1.2785300214091e-06 1.28137003230222e-06 1.27458997667418e-06 1.26416000512108e-06 1.25320002553053e-06 1.24232997222862e-06 1.2242300044818e-06 1.20640004297456e-06 1.18882996957836e-06 1.17139995836624e-06 1.15387001642375e-06 1.13588998829073e-06
5.08990979142254e-07 5.23171024724434e-07 5.37748007900518e-07 5.53638017208868e-07 5.70893007534323e-07 5.88730983963615e-07 6.07128015417402e-07 6.26100018052966e-07 6.45194973003527e-07 6.64873994082882e-07 6.85154020629852e-07 7.0651799433108e-07 7.2998898303922e-07 7.54241000322509e-07 7.79299000441824e-07 8.04657986464008e-07 8.3029198094664e-07 8.56261976878159e-07 8.84039025095262e-07 9.09033019524941e-07 9.33647982037655e-07 9.58931991590362e-07 9.84901021183759e-07 1.00380998446781e-06 1.02309002159018e-06 1.04272999124078e-06 1.06042000425077e-06 1.07128005311097e-06 1.08225003714324e-06 1.09333996078931e-06 1.09920995328139e-06 1.09977997908572e-06 1.10035000489006e-06 1.1009200306944e-06 1.09336997411447e-06 1.08321000880096e-06 1.07314997421781e-06 1.06316997516842e-06 1.04789000943128e-06 1.03234003745456e-06 1.0157899623664e-06 9.99547978608462e-07 9.83715040092648e-07 9.68134031609225e-07
4.9978200422629e-07 5.12396013618854e-07 5.25329028278065e-07 5.38590995802224e-07 5.54501980332134e-07 5.7146701237798e-07 5.88953014357685e-07 6.06974026595708e-07 6.23954008460714e-07 6.414110202968e-07 6.59355976040388e-07 6.77925982017769e-07 6.97395023507852e-07 7.17423006335594e-07 7.38026983526652e-07 7.58300018333102e-07 7.77877971813723e-07 7.97963991772122e-07 8.18573028027458e-07 8.34776017200056e-07 8.51627021347667e-07 8.68821018684685e-07 8.86361021912307e-07 8.97506026831252e-07 9.08790980247431e-07 9.20217985367344e-07 9.30231010443094e-07 9.35641992327874e-07 9.41084010719351e-07 9.46557008774107e-07 9.48666979638801e-07 9.47391015415633e-07 9.46116017530585e-07 9.44480973430473e-07 9.36423020903021e-07 9.26332006656594e-07 9.16348994906002e-07 9.06473985651246e-07 8.92705998012389e-07 8.82834001458832e-07 8.71709005423327e-07 8.59456974922068e-07 8.47708975015848e-07 8.36122012515261e-07
4.31133003075956e-07 4.45051000497187e-07 4.5942098836349e-07 4.74258001759154e-07 4.88891998884355e-07 5.03745980040549e-07 5.19053003245062e-07 5.34828984655178e-07 5.51765992895525e-07 5.69447024645342e-07 5.87695012654876e-07 6.0621897546298e-07 6.24366975898738e-07 6.43059024696413e-07 6.62310981169867e-07 6.80210007431015e-07 6.96818005962996e-07 7.1383499289368e-07 7.31270006326667e-07 7.45368026855431e-07 7.58464011596516e-07 7.71791007991851e-07 7.85354018262296e-07 7.92794992321433e-07 8.00305997472606e-07 8.06665980235266e-07 8.11452025573089e-07 8.13320980341814e-07 8.15194994174817e-07 8.1707202070902e-07 8.16993008356803e-07 8.14958013961586e-07 8.1292898812535e-07 8.10903998171852e-07 8.0437297356184e-07 7.94108984791819e-07 7.83976020102273e-07 7.73972999468242e-07 7.63807008752337e-07 7.53774997974688e-07 7.43876000797172e-07 7.34269008262345e-07 7.25265977052914e-07 7.16374017883936e-07
3.72117995084409e-07 3.86600987667407e-07 4.01822006779184e-07 4.17646987216358e-07 4.32212004852772e-07 4.46639006668192e-07 4.61550996533333e-07 4.76963975870603e-07 4.92419019337831e-07 5.08377979713259e-07 5.24858023709385e-07 5.4210499911278e-07 5.5899499784573e-07 5.76411991914938e-07 5.94372977502644e-07 6.10235019848915e-07 6.24249992142722e-07 6.38621997950395e-07 6.53326992505754e-07 6.64009974116198e-07 6.73398005801573e-07 6.82918994243664e-07 6.9257498580555e-07 6.96073016115406e-07 6.99589008945622e-07 7.03123021139618e-07 7.05703996572993e-07 7.05379022747366e-07 7.05053025740199e-07 7.04727995071153e-07 7.02730972079735e-07 6.99077020271943e-07 6.95441997322632e-07 6.9182601691864e-07 6.83346002006147e-07 6.73371005177614e-07 6.63541982248717e-07 6.54113023301761e-07 6.463449722105e-07 6.38834023902746e-07 6.31453985988628e-07 6.24275003247021e-07 6.17525017787557e-07 6.1084801927791e-07
3.36580001203401e-07 3.50758995182332e-07 3.64345993375537e-07 3.7845899214517e-07 3.92440000496208e-07 4.06625986215658e-07 4.21327001731697e-07 4.36563993844175e-07 4.50556001396762e-07 4.64999999394422e-07 4.79909999739903e-07 4.94555024488363e-07 5.07350989664701e-07 5.20480000432144e-07 5.34139019237045e-07 5.46770024811849e-07 5.57334999484738e-07 5.68125017252896e-07 5.79125014610327e-07 5.86354985898652e-07 5.92337016769307e-07 5.9837998378498e-07 6.0448599015217e-07 6.05478021498129e-07 6.06471019182209e-07 6.07466006385948e-07 6.07878007485851e-07 6.06535991209967e-07 6.05196987635281e-07 6.03860996761796e-07 6.01518991061312e-07 5.98183021338627e-07 5.94865980474424e-07 5.91567015817418e-07 5.81437006985652e-07 5.69694975638413e-07 5.58660985916504e-07 5.47841978004726e-07 5.44158012871776e-07 5.40500025181245e-07 5.36866025413474e-07 5.32878004833037e-07 5.26410985912662e-07 5.20512003276963e-07
3.19413999250173e-07 3.30359995359686e-07 3.4273500659765e-07 3.54095988086556e-07 3.67115006838503e-07 3.81057986942324e-07 3.95531003505312e-07 4.10553013807657e-07 4.21473004053041e-07 4.33112006703595e-07 4.45105001745105e-07 4.56642993640344e-07 4.66064989268489e-07 4.75681986245036e-07 4.85497992031014e-07 4.93245977395418e-07 4.9881998620549e-07 5.0445697752366e-07 5.10157974531467e-07 5.13336999574676e-07 5.16219017754338e-07 5.19198977144697e-07 5.22195989560714e-07 5.2179501608407e-07 5.21393985764007e-07 5.20993012287363e-07 5.20415028404386e-07 5.19304023782752e-07 5.18195975018898e-07 5.17089972618123e-07 5.15341014306614e-07 5.12953988618392e-07 5.10991981172992e-07 5.0956998620677e-07 4.99153998134716e-07 4.86048975290032e-07 4.73291009939203e-07 4.60870012375381e-07 4.61754012803794e-07 4.62640997511699e-07 4.63530000160972e-07 4.62435991721577e-07 4.55457012549232e-07 4.48583989509643e-07
3.02032987065104e-07 3.11464987134968e-07 3.20682005394701e-07 3.30863997533015e-07 3.43631995747273e-07 3.57532002226435e-07 3.71994985925994e-07 3.87043002092469e-07 3.95514007323072e-07 4.04171004220188e-07 4.13017005485017e-07 4.21652998738864e-07 4.28155999543378e-07 4.34758987921668e-07 4.41465004996644e-07 4.4620600192502e-07 4.48916011919209e-07 4.51642989673928e-07 4.54385997272766e-07 4.55224011375321e-07 4.55422991763044e-07 4.55622000572475e-07 4.55822004141737e-07 4.54461996923783e-07 4.53126006050297e-07 4.51794988975962e-07 4.50584991540381e-07 4.49732993956786e-07 4.48881991133021e-07 4.48033006250625e-07 4.47019999683107e-07 4.45984994712489e-07 4.45326008957636e-07 4.44669012722443e-07 4.32740989708691e-07 4.17541002661892e-07 4.02879010152901e-07 3.88735003298279e-07 3.92658989767369e-07 3.96621999243507e-07 4.00625992824644e-07 4.01729010945928e-07 3.94114010759949e-07 3.86645012895315e-07
2.76413999245051e-07 2.86771012270037e-07 2.97516010050458e-07 3.08663999248893e-07 3.21883987908222e-07 3.35830009134952e-07 3.48933014038266e-07 3.6254701285543e-07 3.70518989711854e-07 3.78665987454951e-07 3.86992013545751e-07 3.9410198837686e-07 3.97098006033048e-07 4.00272995193518e-07 4.03587989694643e-07 4.05475987008685e-07 4.05917006673917e-07 4.06357997917439e-07 4.06798989160961e-07 4.06247011142113e-07 4.0536599499319e-07 4.04611995463711e-07 4.04052997282633e-07 4.03759997880115e-07 4.03466998477597e-07 4.03173999075079e-07 4.02776009877925e-07 4.02067001914475e-07 4.01358988710854e-07 4.00044996240467e-07 3.92357009104671e-07 3.82892011430158e-07 3.74483988707652e-07 3.65297012194787e-07 3.44601005508594e-07 3.21242993095439e-07 2.98228997053229e-07 2.74911997166782e-07 2.71375995453127e-07 2.67885013727209e-07 2.63123013155564e-07 2.66242011548457e-07 2.97316006481196e-07 4.18237988242254e-07
2.53630986435383e-07 2.64590994447644e-07 2.76025986067907e-07 2.87955003841489e-07 3.0041800869185e-07 3.12791996748274e-07 3.2512400593987e-07 3.39416004635495e-07 3.47102997011461e-07 3.54770008925698e-07 3.62607011084037e-07 3.68646993820221e-07 3.68842989928453e-07 3.69040009218224e-07 3.69237000086287e-07 3.68506988479567e-07 3.67057992889386e-07 3.65637987442824e-07 3.64224007398661e-07 3.62569011258529e-07 3.6084099974687e-07 3.59502990932015e-07 3.58179988779739e-07 3.58714004278227e-07 3.57235990122717e-07 3.56029005388336e-07 3.55345008529184e-07 3.5398801401243e-07 3.52012989424111e-07 3.49299995150432e-07 3.39825987794029e-07 3.2413899475614e-07 3.09175987922572e-07 2.94904992870215e-07 2.6910200290331e-07 2.40075991086997e-07 4.27044000161914e-07 8.52522020977631e-07 3.74673004444048e-06 1.88172998605296e-05 0.000172929998370819 0.000386633008019999 0.000505662988871336 0.000624755979515612
3.1265099664779e-07 2.77005995030777e-07 2.86088010170715e-07 2.95467998512322e-07 3.05165002600916e-07 3.15184990995476e-07 3.25535012279943e-07 3.36227998332106e-07 3.4249200098202e-07 3.50127010051438e-07 3.57337000878033e-07 3.61264994808153e-07 3.5888200500267e-07 3.56513993438057e-07 3.54162011717563e-07 3.51608008486437e-07 3.4885698596554e-07 3.46126000749791e-07 3.43418008696972e-07 3.4150301075897e-07 3.39855006359358e-07 3.38216011641634e-07 3.3734801263563e-07 3.7965901356074e-07 5.58194983568683e-07 2.93895004688238e-06 3.20411018037703e-05 0.000237539003137499 0.000750807987060398 0.000792815000750124 0.000773491978179663 0.000732849002815783 0.000670967972837389 0.00062881299527362 -3.4e+38 -3.4e+38 -3.4e+38 -3.4e+38 -3.4e+38 -3.4e+38 -3.4e+38 -3.4e+38 -3.4e+38 -3.4e+38
0.000732004991732538 0.000735807989258319 0.000757348025217652 0.000781660026405007 0.000765023985877633 0.000808661978226155 0.000778438989073038 0.00079024099977687 0.000406973995268345 0.000231946993153542 0.000201147995539941 7.39320967113599e-05 3.50029986293521e-05 3.1950999982655e-05 3.12783995468635e-05 3.17138001264539e-05 8.60696964082308e-05 0.000187192999874242 0.000596020021475852 0.000753646017983556 0.000408608990255743 0.000760379014536738 0.000779138994403183 0.000861465989146382 -3.4e+38 -3.4e+38 -3.4e+38 -3.4e+38 -3.4e+38 -3.4e+38 -3.4e+38 -3.4e+38 -3.4e+38 -3.4e+38 -3.4e+38 -3.4e+38 -3.4e+38 -3.4e+38 -3.4e+38 -3.4e+38 -3.4e+38 -3.4e+38 -3.4e+38 -3.4e+38
0.000780409027356654 0.000808832992333919 0.000835039012599736 0.000847583985887468 0.000862291024532169 0.00088354799663648 0.000913778028916568 0.000932033988647163 0.000939981022384018 0.000948472996242344 0.000933704024646431 0.000951632973738015 -3.4e+38 -3.4e+38 -3.4e+38 -3.4e+38 -3.4e+38 -3.4e+38 -3.4e+38 -3.4e+38 -3.4e+38 -3.4e+38 -3.4e+38 -3.4e+38 -3.4e+38 -3.4e+38 -3.4e+38 -3.4e+38 -3.4e+38 -3.4e+38 -3.4e+38 -3.4e+38 -3.4e+38 -3.4e+38 -3.4e+38 -3.4e+38 -3.4e+38 -3.4e+38 -3.4e+38 -3.4e+38 -3.4e+38 -3.4e+38 -3.4e+38 -3.4e+38
0.00079526100307703 0.000802426016889513 0.000838966981973499 0.000853092002216727 0.000907698995433748 -3.4e+38 -3.4e+38 -3.4e+38 -3.4e+38 -3.4e+38 -3.4e+38 -3.4e+38 -3.4e+38 -3.4e+38 -3.4e+38 -3.4e+38 -3.4e+38 -3.4e+38 -3.4e+38 -3.4e+38 -3.4e+38 -3.4e+38 -3.4e+38 -3.4e+38 -3.4e+38 -3.4e+38 -3.4e+38 -3.4e+38 -3.4e+38 -3.4e+38 -3.4e+38 -3.4e+38 -3.4e+38 -3.4e+38 -3.4e+38 -3.4e+38 -3.4e+38 -3.4e+38 -3.4e+38 -3.4e+38 -3.4e+38 -3.4e+38 -3.4e+38 -3.4e+38
-3.4e+38 -3.4e+38 -3.4e+38 -3.4e+38 -3.4e+38 -3.4e+38 -3.4e+38 -3.4e+38 -3.4e+38 -3.4e+38 -3.4e+38 -3.4e+38 -3.4e+38 -3.4e+38 -3.4e+38 -3.4e+38 -3.4e+38 -3.4e+38 -3.4e+38 -3.4e+38 -3.4e+38 -3.4e+38 -3.4e+38 -3.4e+38 -3.4e+38 -3.4e+38 -3.4e+38 -3.4e+38 -3.4e+38 -3.4e+38 -3.4e+38 -3.4e+38 -3.4e+38 -3.4e+38 -3.4e+38 -3.4e+38 -3.4e+38 -3.4e+38 -3.4e+38 -3.4e+38 -3.4e+38 -3.4e+38 -3.4e+38 -3.4e+38
-3.4e+38 -3.4e+38 -3.4e+38 -3.4e+38 -3.4e+38 -3.4e+38 -3.4e+38 -3.4e+38 -3.4e+38 -3.4e+38 -3.4e+38 -3.4e+38 -3.4e+38 -3.4e+38 -3.4e+38 -3.4e+38 -3.4e+38 -3.4e+38 -3.4e+38 -3.4e+38 -3.4e+38 -3.4e+38 -3.4e+38 -3.4e+38 -3.4e+38 -3.4e+38 -3.4e+38 -3.4e+38 -3.4e+38 -3.4e+38 -3.4e+38 -3.4e+38 -3.4e+38 -3.4e+38 -3.4e+38 -3.4e+38 -3.4e+38 -3.4e+38 -3.4e+38 -3.4e+38 -3.4e+38 -3.4e+38 -3.4e+38 -3.4e+38
