results/Predictions/Median/Burdigalian.asc
NCOLS 360 
NROWS 180 
XLLCORNER -180 
YLLCORNER -90 
CELLSIZE 1 
NODATA_value -3.4e+38 
[rows 133 to 151 of 180, columns 176 to 219 of 360]
1.35619002321619e-05 1.35153995870496e-05 1.34690999402665e-05 1.34229003379005e-05 1.34476003950112e-05 1.35434002004331e-05 1.36400003611925e-05 1.37372999233776e-05 1.40085003295098e-05 1.43437000588165e-05 1.46521997521631e-05 1.49401003000094e-05 1.5249100215442e-05 1.55509005708154e-05 1.5994199202396e-05 1.64820994541515e-05 1.69641007232713e-05 1.74429005710408e-05 1.79350990947569e-05 1.8407599782222e-05 1.89542006410193e-05 1.95734992303187e-05 2.02128994715167e-05 2.10157995752525e-05 2.19388002733467e-05 2.31034991884371e-05 2.44058992393548e-05 2.61722998402547e-05 2.79896994470619e-05 2.9933300538687e-05 3.19350983772893e-05 3.3728498237906e-05 3.56228010787163e-05 3.79047996830195e-05 4.01522011088673e-05 4.21246986661572e-05 4.41988013335504e-05 4.63754004158545e-05 4.61357012682129e-05 4.5089800551068e-05 4.40676012658514e-05 4.32193992310204e-05 4.18247982452158e-05 4.04753009206615e-05
9.63105958362576e-06 9.58778036874719e-06 9.54471033765003e-06 9.50182038650382e-06 9.50571029534331e-06 9.55542964220513e-06 9.60540000960464e-06 9.65560957411071e-06 9.79576998361154e-06 9.96847029455239e-06 1.01537998489221e-05 1.03443999250885e-05 1.05839999378077e-05 1.08244003058644e-05 1.10801001937944e-05 1.14280001071165e-05 1.18716998258606e-05 1.22221999845351e-05 1.25938995552133e-05 1.30998996610288e-05 1.35226000566036e-05 1.39490002766252e-05 1.44475998240523e-05 1.49144998431439e-05 1.54229001054773e-05 1.59861992869992e-05 1.65701003425056e-05 1.74411998159485e-05 1.83642005140428e-05 1.9433600755292e-05 2.03093004529364e-05 2.12520008062711e-05 2.23189999815077e-05 2.33143000514247e-05 2.42176993197063e-05 2.50654993578792e-05 2.59428998106159e-05 2.6782199711306e-05 2.6447300115251e-05 2.57617994066095e-05 2.51847995969001e-05 2.46655999944778e-05 2.392369970039e-05 2.3078400772647e-05
7.07224990037503e-06 7.03237992638606e-06 6.99274005455663e-06 6.95141989126569e-06 6.94474010742852e-06 6.96761981089367e-06 6.9890302256681e-06 7.01034014127799e-06 7.0959099502943e-06 7.19870013199397e-06 7.30293004380655e-06 7.40866016712971e-06 7.56221015763003e-06 7.718859706074e-06 7.87909993960056e-06 8.05766012490494e-06 8.28960037324578e-06 8.50472042657202e-06 8.77267029864015e-06 9.04074022400891e-06 9.33254978008335e-06 9.68343010754324e-06 1.00571996881627e-05 1.03777001640992e-05 1.06863999462803e-05 1.10042001324473e-05 1.13386004159111e-05 1.18010002552182e-05 1.22819001262542e-05 1.27827997857821e-05 1.32900004246039e-05 1.37731003633235e-05 1.42728003993398e-05 1.47652999658021e-05 1.51696003740653e-05 1.54745994223049e-05 1.57380000018748e-05 1.6005900761229e-05 1.57798003783682e-05 1.53963992488571e-05 1.50223995660781e-05 1.46575002872851e-05 1.42505996336695e-05 1.38551004056353e-05
5.23441985933459e-06 5.20583989782608e-06 5.17282978762523e-06 5.13242002853076e-06 5.11931011715205e-06 5.12322003487498e-06 5.12664018970099e-06 5.12969018018339e-06 5.17114995091106e-06 5.22591017215746e-06 5.28075997863198e-06 5.3356097851065e-06 5.42050020158058e-06 5.51195989828557e-06 5.60496982870973e-06 5.71886994293891e-06 5.87162003284902e-06 6.0180400396348e-06 6.16805982645019e-06 6.3385300563823e-06 6.52459993943921e-06 6.71612997393822e-06 6.91113018547185e-06 7.11186021362664e-06 7.32967009753338e-06 7.54750999476528e-06 7.77181958255824e-06 8.00376983534079e-06 8.23391019366682e-06 8.50694959808607e-06 8.77184993441915e-06 9.0559697127901e-06 9.32826969801681e-06 9.62092963163741e-06 9.83686004474293e-06 9.96404014586005e-06 1.00896995718358e-05 1.02082003650139e-05 1.00762999863946e-05 9.86473969533108e-06 1.17042000056244e-05 9.48320030147443e-06 9.26245957089122e-06 9.06157038116362e-06
3.86548981623491e-06 3.83655014957185e-06 3.80955998480204e-06 3.78362005903909e-06 3.76851994587923e-06 3.76217008124513e-06 3.75581998923735e-06 3.74946989722957e-06 3.76637990484596e-06 3.79120001525735e-06 3.81617019229452e-06 3.84130999009358e-06 3.88923990612966e-06 3.93777008866891e-06 3.9869100874057e-06 4.04586990043754e-06 4.13389989262214e-06 4.24312020186335e-06 4.35214997196454e-06 4.44589022663422e-06 4.54989003628725e-06 4.67753989141784e-06 4.8096399041242e-06 4.95584981763386e-06 5.10474001202965e-06 5.26292978975107e-06 5.434949798655e-06 5.55850010641734e-06 5.69348003409686e-06 5.83781002205797e-06 5.98693986830767e-06 6.14337977822288e-06 6.30391014055931e-06 6.46863009023946e-06 6.56644988339394e-06 6.59423994875397e-06 6.6221400629729e-06 6.65016978018684e-06 6.57599002806819e-06 6.46925991532044e-06 6.3642601162428e-06 6.26621022092877e-06 6.15474982623709e-06 6.03788021180662e-06
2.97445990327105e-06 2.95284007734153e-06 2.93141010843101e-06 2.91020000986464e-06 2.89739000436384e-06 2.89284002974455e-06 2.88831006400869e-06 2.88378009827284e-06 2.89340005110716e-06 2.90779007627862e-06 2.92245999844454e-06 2.93745006274548e-06 2.96828989121423e-06 2.99946009363339e-06 3.03095998788194e-06 3.06889000967203e-06 3.1259301067621e-06 3.18402999255341e-06 3.24319989886135e-06 3.31015007759561e-06 3.38843005920353e-06 3.46863998856861e-06 3.55072006641421e-06 3.64095990335045e-06 3.73560010302754e-06 3.83266979042673e-06 3.93223990613478e-06 4.03475996790803e-06 4.13991983805317e-06 4.24781001129304e-06 4.35620995631325e-06 4.45039995611296e-06 4.54184009868186e-06 4.63519018012448e-06 4.69542010250734e-06 4.72120018457645e-06 4.74711987408227e-06 4.77714002045104e-06 4.74601984024048e-06 4.70146005682182e-06 4.65733000964974e-06 4.61213994640275e-06 4.52732001576805e-06 4.45068008048111e-06
2.28725002671126e-06 2.27139003072807e-06 2.25564008360379e-06 2.23999995796476e-06 2.23087999984273e-06 2.22927997128863e-06 2.22735002353147e-06 2.22498010771233e-06 2.22990001930157e-06 2.23726010517566e-06 2.24392010750307e-06 2.25188000513299e-06 2.27104010264156e-06 2.29023999054334e-06 2.30965997616295e-06 2.33287005357852e-06 2.36731989389227e-06 2.402269956292e-06 2.43774002228747e-06 2.47876005232683e-06 2.52559993896284e-06 2.57331998909649e-06 2.62194998867926e-06 2.67459995484387e-06 2.72937995760003e-06 2.78528000308143e-06 2.84232010017149e-06 2.91026003651496e-06 2.97982001029595e-06 3.05105004372308e-06 3.12118004330841e-06 3.18436991619819e-06 3.248829898439e-06 3.31581009049842e-06 3.36373000209278e-06 3.38944005306985e-06 3.41533996106591e-06 3.44142995345464e-06 3.43038004757545e-06 3.40745009452803e-06 3.38466998073272e-06 3.36204993800493e-06 3.32058993990358e-06 3.27963994095626e-06
1.82134999704431e-06 1.81259997589223e-06 1.8038799680653e-06 1.79407004452514e-06 1.78852997123613e-06 1.78513994342211e-06 1.78131995198783e-06 1.77749996055354e-06 1.7809600194596e-06 1.78687002971856e-06 1.79279004441923e-06 1.79872995431651e-06 1.81090001660777e-06 1.82313999630423e-06 1.83548002041789e-06 1.84964994787151e-06 1.86924000900035e-06 1.88904004971846e-06 1.90905007002584e-06 1.93337996279297e-06 1.96218002201931e-06 1.99142004930764e-06 2.02110004465794e-06 2.05378000828205e-06 2.08695996661845e-06 2.12254008147283e-06 2.15778004530875e-06 2.20137008000165e-06 2.24585005526023e-06 2.29123997996794e-06 2.33712989938795e-06 2.37832000493654e-06 2.42022997554159e-06 2.4628800474602e-06 2.49509002969717e-06 2.51643996307394e-06 2.53797998084337e-06 2.55969007412205e-06 2.55852000918821e-06 2.54970996138582e-06 2.54092992690857e-06 2.53216990131477e-06 2.50815992330899e-06 2.48437004302104e-06
1.47649996051769e-06 1.47059995470045e-06 1.46471995776665e-06 1.45886997415801e-06 1.45551996411086e-06 1.45466003687034e-06 1.45381000038469e-06 1.45294995945733e-06 1.45702995268948e-06 1.46278000556777e-06 1.46854995364265e-06 1.47435002872953e-06 1.48415995226969e-06 1.49404002058873e-06 1.50237997331715e-06 1.51149004068429e-06 1.52285997501167e-06 1.53430005411792e-06 1.55171005644661e-06 1.57076999585115e-06 1.59131002419599e-06 1.61211994509358e-06 1.63148001774971e-06 1.65462995482812e-06 1.67992004662665e-06 1.70559997059172e-06 1.73166995409701e-06 1.7602700381758e-06 1.78934999439662e-06 1.8151399672206e-06 1.84028999683505e-06 1.86453996775526e-06 1.88910996712366e-06 1.91402000382368e-06 1.9335000160936e-06 1.94738004211104e-06 1.96135010810394e-06 1.97863005269028e-06 1.98255997929664e-06 1.98117004401865e-06 1.97978010874067e-06 1.97838994608901e-06 1.96506994143419e-06 1.95440998140839e-06
1.19335004455934e-06 1.19059995995485e-06 1.1878499890372e-06 1.18511002256128e-06 1.18314994779212e-06 1.18197999654512e-06 1.18081004529813e-06 1.1796399803643e-06 1.18324999220931e-06 1.18847003705014e-06 1.19370997708756e-06 1.19897003969527e-06 1.20587003493711e-06 1.21282005238754e-06 1.2197999694763e-06 1.22769995414274e-06 1.23831000564678e-06 1.24899997899774e-06 1.2597899967659e-06 1.27084001633193e-06 1.28216004213755e-06 1.29357999867352e-06 1.30508999518497e-06 1.3204700053393e-06 1.33729997742194e-06 1.35434004278068e-06 1.37160998292529e-06 1.38987002173963e-06 1.40837005346839e-06 1.42395003877027e-06 1.43842999023036e-06 1.45272997542634e-06 1.4722299965797e-06 1.49470997712342e-06 1.51317999552703e-06 1.527479980723e-06 1.54192002810305e-06 1.55650002398033e-06 1.56297994635679e-06 1.5667400248276e-06 1.57049998961156e-06 1.57427996327897e-06 1.56688997776655e-06 1.55954001002101e-06
9.9734904779325e-07 9.94057018033345e-07 9.90777039078239e-07 9.87506041383313e-07 9.85602014225151e-07 9.85058022706653e-07 9.84515054369695e-07 9.83971972345898e-07 9.8732903097698e-07 9.9200599379401e-07 9.96703988676018e-07 1.00141994607839e-06 1.00792999546684e-06 1.01447994893533e-06 1.02107003385754e-06 1.02786998468218e-06 1.0351900527894e-06 1.04255002497666e-06 1.04998002825596e-06 1.05797005289787e-06 1.066539994099e-06 1.07516996195045e-06 1.08387996533565e-06 1.09483994492621e-06 1.10663995656068e-06 1.11857002593752e-06 1.13063003936986e-06 1.14393003514124e-06 1.15739999273501e-06 1.17102001695457e-06 1.18494995149376e-06 1.19951005217445e-06 1.21426000987412e-06 1.22918004308303e-06 1.2422000281731e-06 1.25324004329741e-06 1.26437998915208e-06 1.27560997498222e-06 1.28082001538132e-06 1.28373994812137e-06 1.28622002648626e-06 1.28869999116432e-06 1.28566000512365e-06 1.28262001908297e-06
8.33631020213943e-07 8.30053011213749e-07 8.26490975214256e-07 8.22577987946715e-07 8.20382979327405e-07 8.19926015083183e-07 8.19470017177082e-07 8.19014985609101e-07 8.21859998723085e-07 8.25821985017683e-07 8.298030138576e-07 8.33803028399416e-07 8.38645973999519e-07 8.45011982164579e-07 8.51426023018576e-07 8.57524980801827e-07 8.62565002535121e-07 8.67634014412033e-07 8.72734005952225e-07 8.78762989486859e-07 8.85738984379714e-07 8.92771993221686e-07 8.99860992831236e-07 9.07848004771949e-07 9.15857015115762e-07 9.23935999708192e-07 9.32087004912319e-07 9.41616008276469e-07 9.51241986513196e-07 9.60968009167118e-07 9.70843984759995e-07 9.8098098533228e-07 9.91222009361081e-07 1.00157001270418e-06 1.0113400321643e-06 1.02052001693664e-06 1.02977003280103e-06 1.03910997495404e-06 1.04384002952429e-06 1.0470199640622e-06 1.05022002117039e-06 1.05341996459174e-06 1.05370997971477e-06 1.0539999948378e-06
7.05153013313975e-07 7.01781004863733e-07 6.9842599259573e-07 6.95087010171846e-07 6.93449976552074e-07 6.93503977799992e-07 6.93557012709789e-07 6.93609990776167e-07 6.96448978487751e-07 7.00097984918102e-07 7.03691000580875e-07 7.07301978764008e-07 7.11671020781068e-07 7.16065983397129e-07 7.20489026662108e-07 7.24687026831816e-07 7.28151007933775e-07 7.31631018879852e-07 7.35128026008169e-07 7.3926901222876e-07 7.44065005164884e-07 7.48891977764288e-07 7.53749986870389e-07 7.58869020955899e-07 7.65100026001164e-07 7.71382019593148e-07 7.77716024913389e-07 7.85163990713045e-07 7.92683977124398e-07 8.00275017809327e-07 8.0802499269339e-07 8.16111025869759e-07 8.24276980893046e-07 8.32525984151289e-07 8.40533004975441e-07 8.48290994781564e-07 8.56121005199384e-07 8.64022979385481e-07 8.68271001763787e-07 8.71396025559079e-07 8.74530996952672e-07 8.77676995969523e-07 8.79061019531946e-07 8.8044697577061e-07
5.99161978698248e-07 5.96711004163808e-07 5.94269977227668e-07 5.91839011576667e-07 5.90589991134038e-07 5.90513991483022e-07 5.90437991832005e-07 5.90363015362527e-07 5.9250101003272e-07 5.95390019952902e-07 5.98293979692244e-07 6.0156997960803e-07 6.06483979481709e-07 6.11439020303806e-07 6.16432998867822e-07 6.21183005478088e-07 6.25104007667687e-07 6.29050987299706e-07 6.33022011697904e-07 6.36575975931919e-07 6.3970401242841e-07 6.42846998744062e-07 6.46006014903833e-07 6.50403023882973e-07 6.54728012250416e-07 6.59083013943018e-07 6.634659825977e-07 6.68068025788671e-07 6.73109980198205e-07 6.78992023495084e-07 6.85051020354877e-07 6.91544983055792e-07 6.98101018770103e-07 7.04717990629433e-07 7.10861002062302e-07 7.16514989562711e-07 7.22213997050858e-07 7.27958990864863e-07 7.31773013740167e-07 7.34946979719098e-07 7.38134019684367e-07 7.41334986287256e-07 7.42719009849679e-07 7.44029023280746e-07
5.16303998665535e-07 5.14149007813103e-07 5.11820019255538e-07 5.09378992319398e-07 5.08154982981068e-07 5.08139976318489e-07 5.08125026499329e-07 5.08110019836749e-07 5.10498978201213e-07 5.13706027049921e-07 5.16523982696526e-07 5.19314028224471e-07 5.23190010426333e-07 5.27094016433693e-07 5.31027978922793e-07 5.34862010681536e-07 5.38332017185894e-07 5.41822998911812e-07 5.45338025403908e-07 5.48055027138616e-07 5.49962976492679e-07 5.51877008092561e-07 5.53797974589543e-07 5.56953011709993e-07 5.60538012450706e-07 5.64147001114179e-07 5.67777988180751e-07 5.71629016121733e-07 5.75506987843255e-07 5.79341019601998e-07 5.83100018047844e-07 5.87570980314922e-07 5.92041999425419e-07 5.96550023601594e-07 6.01211979756044e-07 6.05228024141979e-07 6.09271012308454e-07 6.13341001098888e-07 6.16605973391415e-07 6.19609977547952e-07 6.22628022028948e-07 6.25661016329104e-07 6.26867006303655e-07 6.28074985797866e-07
4.55370013696665e-07 4.52971988806894e-07 4.5013200633548e-07 4.47877994247392e-07 4.47068003950335e-07 4.47593009766933e-07 4.48120005103192e-07 4.4864600567962e-07 4.51004012802514e-07 4.54472001365502e-07 4.57847988855065e-07 4.60968010429497e-07 4.64862011995137e-07 4.68297002953477e-07 4.71758994535776e-07 4.7508899569948e-07 4.77968001177942e-07 4.80864002838644e-07 4.83778990201245e-07 4.86374005959078e-07 4.88643991047866e-07 4.90925003759912e-07 4.93216987251799e-07 4.96026018481643e-07 4.99022007716121e-07 5.02036016314378e-07 5.05067987432994e-07 5.08252014697064e-07 5.11455994001153e-07 5.14681005370221e-07 5.18024023676844e-07 5.21687013588235e-07 5.25375014603924e-07 5.29088993062032e-07 5.32405977082817e-07 5.35318008587637e-07 5.38244989911618e-07 5.41209999482817e-07 5.4357997214538e-07 5.45635998605576e-07 5.47699983144412e-07 5.49771982605307e-07 5.51512982838176e-07 5.53258985291905e-07
4.01286001761036e-07 3.98975004145541e-07 3.96677990011085e-07 3.94393993019548e-07 3.93810012155882e-07 3.94919993595977e-07 3.96032987737271e-07 3.97149989339596e-07 3.99616993718155e-07 4.02554007905565e-07 4.05511002554704e-07 4.08456003242463e-07 4.11683998891021e-07 4.14938995163538e-07 4.18219002540354e-07 4.21328991251357e-07 4.23872990040763e-07 4.26431995492749e-07 4.29007002367143e-07 4.31824986435458e-07 4.34817991390446e-07 4.37385011764491e-07 4.39968005139235e-07 4.42495007746402e-07 4.45013000671679e-07 4.47545005499705e-07 4.50091988568602e-07 4.53139989531337e-07 4.56209988897172e-07 4.59299997146445e-07 4.62391994915379e-07 4.65445992858804e-07 4.68519999685668e-07 4.71615010155801e-07 4.74366999014819e-07 4.76769002943911e-07 4.79183995594212e-07 4.81610982205893e-07 4.83059011457954e-07 4.84180020521308e-07 4.85303985442442e-07 4.86429996726656e-07 4.88132002374186e-07 4.89839976580697e-07
3.63552004500889e-07 3.61616997679448e-07 3.59691000539897e-07 3.57776002601895e-07 3.57455007815588e-07 3.58577011638772e-07 3.59689011020237e-07 3.60803994681191e-07 3.63296010164049e-07 3.66065989965136e-07 3.68521000382316e-07 3.70992012221905e-07 3.73854987856248e-07 3.767399903154e-07 3.79647985937481e-07 3.82422001621308e-07 3.84748005899382e-07 3.87087993658497e-07 3.89441993320361e-07 3.92443013197408e-07 3.96161993876376e-07 3.99599997535915e-07 4.02035993829486e-07 4.04247003871205e-07 4.06389006002428e-07 4.0854300209503e-07 4.10708992149011e-07 4.13420991662861e-07 4.16151010540489e-07 4.18898991938477e-07 4.21649986037664e-07 4.24371989993233e-07 4.27112013312581e-07 4.29869004392458e-07 4.32104997116767e-07 4.33809987043787e-07 4.35521002373207e-07 4.37240004202977e-07 4.38520999068714e-07 4.39656986372938e-07 4.40797009559901e-07 4.41938993844815e-07 4.43620990608906e-07 4.45309012775397e-07
3.3709901003931e-07 3.3589299164305e-07 3.34692003889359e-07 3.33494995174988e-07 3.3344599614793e-07 3.34542988866815e-07 3.3564398904673e-07 3.36748001927845e-07 3.38755000939273e-07 3.41075008236658e-07 3.43410988534743e-07 3.45822002145724e-07 3.48425004403907e-07 3.5104798712382e-07 3.53690012389052e-07 3.56367991116713e-07 3.5911401141675e-07 3.61881006938347e-07 3.64669006103213e-07 3.67615001550803e-07 3.7063298918838e-07 3.72854998431649e-07 3.74928987412204e-07 3.76868996454505e-07 3.78793998834226e-07 3.80729005655667e-07 3.82673988497118e-07 3.85038987360531e-07 3.87418992886523e-07 3.89813010315265e-07 3.92270010252105e-07 3.94886995991328e-07 3.975210063345e-07 4.00172012859912e-07 4.0192799133365e-07 4.02777004637755e-07 4.03628007461521e-07 4.04480005045116e-07 4.05945002057706e-07 4.07621001841107e-07 4.09302998605199e-07 4.1099198710981e-07 4.1244300064136e-07 4.13898987972061e-07
