results/Predictions/Median/Burdigalian.asc
NCOLS 360 
NROWS 180 
XLLCORNER -180 
YLLCORNER -90 
CELLSIZE 1 
NODATA_value -3.4e+38 
[rows 38 to 56 of 180, columns 0 to 43 of 360]
7.27749011275591e-07 7.46643024740479e-07 7.67132974033302e-07 7.89714022175758e-07 8.30426017728314e-07 8.79112974416785e-07 9.31089005007379e-07 9.86142026704329e-07 1.03995000699797e-06 1.10362998384517e-06 1.17524996312568e-06 1.24163000236877e-06 1.27990995224536e-06 1.32093998672644e-06 1.36922994897759e-06 1.41289001476252e-06 1.45135004459007e-06 1.49085997236398e-06 1.53145003878308e-06 1.57019997004681e-06 1.60893000611395e-06 1.64862001383881e-06 1.68818996826303e-06 1.72495003880613e-06 1.76130004092556e-06 1.79842004399688e-06 1.8390400100543e-06 1.88890999197611e-06 1.94475001080718e-06 2.00816998585651e-06 2.0808799945371e-06 2.17138995139976e-06 2.26960992222303e-06 2.36394998864853e-06 2.43357999352156e-06 2.49549998443399e-06 2.55899999501707e-06 2.62412004303769e-06 2.73392993221933e-06 2.84833004116081e-06 2.97777000923816e-06 3.15786996907264e-06 3.4243898880959e-06 3.68605992662197e-06
7.64283015541878e-07 7.83108987434389e-07 8.04664011866407e-07 8.26812026843982e-07 8.55102996411006e-07 8.86993973381323e-07 9.20075024168909e-07 9.54392021412787e-07 1.00046997886238e-06 1.04747005025274e-06 1.10139001208154e-06 1.15216005269758e-06 1.19163996714633e-06 1.23439997423702e-06 1.27702003283048e-06 1.31521005641844e-06 1.35267998757627e-06 1.39310998292785e-06 1.43475995173503e-06 1.47235004988033e-06 1.50913001562003e-06 1.54684005337913e-06 1.58549005391251e-06 1.63063998570578e-06 1.67709004017524e-06 1.72487000327237e-06 1.76855996869563e-06 1.81496000095649e-06 1.86259001111466e-06 1.9114800124953e-06 1.97817007574486e-06 2.06668005375832e-06 2.1591499717033e-06 2.25358007810428e-06 2.33700006901927e-06 2.42052010435145e-06 2.50703010351572e-06 2.5966398879973e-06 2.70553005066176e-06 2.81872007690254e-06 2.93466996481584e-06 3.09939991893771e-06 3.36117000188096e-06 3.61883007826691e-06
7.9236701822083e-07 8.13548979294865e-07 8.35298010315455e-07 8.57627014738682e-07 8.82202016327938e-07 9.08047979919502e-07 9.3401001777238e-07 9.60567945185176e-07 9.97722054307815e-07 1.03631998626952e-06 1.07593996290234e-06 1.11658005153004e-06 1.15749003271048e-06 1.19814001209306e-06 1.23770996651729e-06 1.27585997233837e-06 1.31660999613814e-06 1.3586800378107e-06 1.39866995141347e-06 1.43366003158008e-06 1.46748004681285e-06 1.50210996707756e-06 1.53925998347404e-06 1.58723003096384e-06 1.63670995334542e-06 1.68772999131761e-06 1.74085994331108e-06 1.79613005002466e-06 1.84428995453345e-06 1.89374998171843e-06 1.96477003555628e-06 2.04119010049908e-06 2.12127997656353e-06 2.21390996557602e-06 2.31802005146164e-06 2.42015994444955e-06 2.52680001722183e-06 2.63813990386552e-06 2.74913008979638e-06 2.86475005850662e-06 2.98523991659749e-06 3.13435998577916e-06 3.38149993694969e-06 3.63950994142215e-06
8.13511007891066e-07 8.35519983866106e-07 8.58125986269442e-07 8.81201003721799e-07 9.09182006125775e-07 9.39279004796845e-07 9.7241502317047e-07 1.00909005595895e-06 1.03882996427274e-06 1.06602999494498e-06 1.09424001948355e-06 1.12790996809053e-06 1.16649005121872e-06 1.20639003853285e-06 1.24462997064256e-06 1.28080000649788e-06 1.31718002194248e-06 1.35718994442868e-06 1.40186000407994e-06 1.44091995935014e-06 1.47864000155096e-06 1.51736003317637e-06 1.55120994804747e-06 1.60751994826569e-06 1.6658799495417e-06 1.72636998740927e-06 1.77945003088098e-06 1.83072995696421e-06 1.88944000001356e-06 1.9530200461304e-06 2.0153700006631e-06 2.0848799522355e-06 2.16193006963294e-06 2.25288999899931e-06 2.3714399048913e-06 2.49402000918053e-06 2.61592003880651e-06 2.7437799872132e-06 2.86447993858019e-06 2.9904999792052e-06 3.1220699838741e-06 3.2801099223434e-06 3.51212997884431e-06 3.74839009964489e-06
8.33172009606642e-07 8.56046995068027e-07 8.80331015196134e-07 9.05774015791394e-07 9.36935975914821e-07 9.78703042164852e-07 1.01883995284879e-06 1.04881996776385e-06 1.07276002836443e-06 1.09478003196273e-06 1.11677002223587e-06 1.14030001441279e-06 1.17504998797813e-06 1.21059997582051e-06 1.24266000511852e-06 1.27702003283048e-06 1.31383001189533e-06 1.35571997361694e-06 1.40072995691298e-06 1.43958004628075e-06 1.47692003338307e-06 1.51452002228325e-06 1.55306997839944e-06 1.61392995323695e-06 1.67492999025853e-06 1.73768000877317e-06 1.79802998445666e-06 1.86327997653279e-06 1.92406992027827e-06 1.99590999727661e-06 2.06120989787451e-06 2.12949998967815e-06 2.20336005440913e-06 2.29256011152756e-06 2.42400005845411e-06 2.56006001109199e-06 2.69971997113316e-06 2.84700990960118e-06 2.98203008242126e-06 3.12178008243791e-06 3.26518988913449e-06 3.43303008776275e-06 3.62417995347641e-06 3.84576014766935e-06
9.49049990595086e-07 9.74786985352694e-07 1.00036004369031e-06 1.02512001376454e-06 1.05463004729245e-06 1.08642996110575e-06 1.11800000013318e-06 1.14949000362685e-06 1.18427999495907e-06 1.22155995541107e-06 1.25183998989087e-06 1.28240003505198e-06 1.31224999222468e-06 1.34281003738579e-06 1.37407005240675e-06 1.40783004098921e-06 1.44567002280382e-06 1.48357003126875e-06 1.52417999288446e-06 1.56595001499227e-06 1.60895001499739e-06 1.65312997069123e-06 1.69853001352749e-06 1.7583399767318e-06 1.82025996764423e-06 1.88437002179853e-06 1.95217990039964e-06 2.02695991902146e-06 2.10349003282317e-06 2.18565992327058e-06 2.26302995542937e-06 2.34676008403767e-06 2.42616010837082e-06 2.5134199859167e-06 2.62227990788233e-06 2.75337993116409e-06 2.88811997961602e-06 3.02934995488613e-06 3.1602498893335e-06 3.29680005961563e-06 3.45293005921121e-06 3.62183004654071e-06 3.8128500818857e-06 4.04783986596158e-06
1.04316995930276e-06 1.06985999082099e-06 1.09355005406542e-06 1.11915005618357e-06 1.14814997687063e-06 1.18022001061036e-06 1.21027005661745e-06 1.24257996958477e-06 1.28150998079946e-06 1.32646005113202e-06 1.37300003189011e-06 1.41743998938182e-06 1.45202000112477e-06 1.4893199704602e-06 1.5230300505209e-06 1.55723000716534e-06 1.58943998940231e-06 1.62380001711426e-06 1.6609800468359e-06 1.6997099692162e-06 1.73958994764689e-06 1.78155005414737e-06 1.82616997790319e-06 1.88262004030548e-06 1.94220001503709e-06 2.00879003386945e-06 2.07966991183639e-06 2.16075000025739e-06 2.24200994125567e-06 2.32788011089724e-06 2.41722000282607e-06 2.51019991992507e-06 2.60675005847588e-06 2.70702003035694e-06 2.82782002614113e-06 2.95985000775545e-06 3.09803999698488e-06 3.24269990414905e-06 3.39900998369558e-06 3.5628700061352e-06 3.73463990399614e-06 3.92385982195265e-06 4.15170006817789e-06 4.37767994299065e-06
0.000001326400024 1.33699995785719e-06 1.34919002903189e-06 1.3666100358023e-06 1.39547000799212e-06 1.42877001962916e-06 1.46288004998496e-06 1.49782999869785e-06 1.55086001996096e-06 1.5921400517982e-06 1.63342997439031e-06 1.67416999374836e-06 1.70277996858204e-06 1.72602995007765e-06 1.74960996446316e-06 1.77877996065945e-06 1.81382995378954e-06 1.84957002602459e-06 1.87774003279628e-06 1.91580988939677e-06 1.95818006432091e-06 2.00210001821688e-06 2.04801995096204e-06 2.11183009923843e-06 2.17763999899034e-06 2.24549989980005e-06 2.3182899440144e-06 2.39706992033462e-06 2.4751400360401e-06 2.55936993198702e-06 2.65653989117709e-06 2.75751995104656e-06 2.86233989754692e-06 2.97115002467763e-06 3.09593997371849e-06 3.23010999636608e-06 3.37009009854228e-06 3.51613994098443e-06 3.68850010090682e-06 3.86038982469472e-06 4.03829017159296e-06 4.23729989051935e-06 4.45639989266056e-06 4.68875987280626e-06
1.9053200048802e-06 1.89690001661802e-06 1.88852004612272e-06 1.88016997526574e-06 1.90085995654954e-06 1.93166010831192e-06 1.96294990928436e-06 1.9947499367845e-06 2.03770991902275e-06 2.07945004149224e-06 2.12250006370596e-06 2.15610998566262e-06 2.17486990550242e-06 2.19551998270617e-06 2.2163499124872e-06 2.23723009185051e-06 2.25814005716529e-06 2.27748000725114e-06 2.29432998821721e-06 2.33066998589493e-06 2.37418998949579e-06 2.4185299025703e-06 2.46370996137557e-06 2.52864992944524e-06 2.59532998825307e-06 2.65252992903697e-06 2.71268004325975e-06 2.79079995380016e-06 2.88013006866095e-06 2.97231008516974e-06 3.07022992274142e-06 3.17029002872005e-06 3.26918006976484e-06 3.37116989612696e-06 3.49059996551659e-06 3.61713000529562e-06 3.76972002413822e-06 3.92877018384752e-06 4.09735002904199e-06 4.27945997216739e-06 4.49612980446545e-06 4.72278998131515e-06 4.99184989166679e-06 5.2761301958526e-06
2.77178992291738e-06 2.70236000687873e-06 2.64794994109252e-06 2.58757995652559e-06 2.58545992437575e-06 2.61146010416269e-06 2.63447009274387e-06 2.65766993834404e-06 2.67710993284709e-06 2.70385999101563e-06 2.74148010248609e-06 2.75777006208955e-06 2.7609899007075e-06 2.76421997114085e-06 2.76424998446601e-06 2.76399009635497e-06 2.76523996944888e-06 2.76650007435819e-06 2.7677499474521e-06 2.79856999441108e-06 2.83603003481403e-06 2.87399006992928e-06 2.91246010419854e-06 2.97048995889782e-06 3.02969010590459e-06 3.09007009491324e-06 3.15608008349955e-06 3.24928009831638e-06 3.34110995936499e-06 3.43178999173688e-06 3.52601000486175e-06 3.63317008122976e-06 3.74421006199555e-06 3.85863995688851e-06 3.99348982682568e-06 4.14854002883658e-06 4.29491001341376e-06 4.44587021775078e-06 4.65493985757348e-06 4.87384022562765e-06 5.10305017087376e-06 5.3515400395554e-06 5.63895991945174e-06 5.94181983615272e-06
4.25848020313424e-06 4.13079987993115e-06 4.01883016820648e-06 3.89927981814253e-06 3.84472014047788e-06 3.7977299598424e-06 3.74886008103203e-06 3.70062002730265e-06 3.70616999134654e-06 3.71172995983216e-06 3.71729993275949e-06 3.71618989447597e-06 3.70407997252187e-06 3.69468989447341e-06 3.68533005712379e-06 3.67618008567661e-06 3.66724998457357e-06 3.65833989235398e-06 3.64327001989295e-06 3.65688993042568e-06 3.68247992810211e-06 3.70824000128778e-06 3.73417992705072e-06 3.77256992578623e-06 3.81614017896936e-06 3.85267003366607e-06 3.90330978916609e-06 3.99192003897042e-06 4.08360983783496e-06 4.16568991568056e-06 4.25717007601634e-06 4.35904985351954e-06 4.4616799641517e-06 4.56673978987965e-06 4.70621989734354e-06 4.86451017422951e-06 5.02813009006786e-06 5.19726017955691e-06 5.42493989996728e-06 5.65448999623186e-06 5.92540982324863e-06 6.20122000327683e-06 6.5248000282736e-06 6.90210981701966e-06
6.61966987536289e-06 6.33551007922506e-06 5.96639983996283e-06 5.73398983760853e-06 5.55960014025914e-06 5.41095005246461e-06 5.2367299758771e-06 5.05992011312628e-06 5.02390003020992e-06 4.97521978104487e-06 4.92971003041021e-06 4.88747991767013e-06 4.85415012008161e-06 4.83592020827928e-06 4.81578990729759e-06 4.78170022688573e-06 4.74511989523307e-06 4.70880013381247e-06 4.67275003757095e-06 4.66065012005856e-06 4.65647008240921e-06 4.6523100536433e-06 4.6481500248774e-06 4.67192012365558e-06 4.69951010018121e-06 4.72866986456211e-06 4.76775994684431e-06 4.83679013996152e-06 4.9068298721977e-06 4.97791006637271e-06 5.07208005728899e-06 5.18975002705702e-06 5.29848011865397e-06 5.4094798542792e-06 5.56037002752419e-06 5.74158002564218e-06 5.92100013818708e-06 6.09327980782837e-06 6.33300987828989e-06 6.60106979921693e-06 6.88049021846382e-06 7.18601995686186e-06 7.60755983719719e-06 7.99781992100179e-06
9.85563019639812e-06 9.37424010771792e-06 8.79257004271494e-06 8.22862966742832e-06 7.88807028584415e-06 7.64070955483476e-06 7.32989019525121e-06 6.97085988576873e-06 6.88826003170107e-06 6.83110010868404e-06 6.76771014695987e-06 6.70806002744939e-06 6.66902997181751e-06 6.59993020235561e-06 6.51996015221812e-06 6.46622993372148e-06 6.3723100538482e-06 6.27969984634547e-06 6.18843978372752e-06 6.12761004958884e-06 6.07701986155007e-06 6.0147299336677e-06 5.93720005781506e-06 5.9274998420733e-06 5.91781008552061e-06 5.90813988310401e-06 5.91464004173758e-06 5.9699500525312e-06 6.02576983510517e-06 6.08210984864854e-06 6.18060994383995e-06 6.30264003120828e-06 6.40955977360136e-06 6.51828986519831e-06 6.67491985950619e-06 6.85111990605947e-06 7.03780006006127e-06 7.23701987226377e-06 7.52791993363644e-06 7.83053019404178e-06 8.18683020042954e-06 8.59258034324739e-06 9.05375964066479e-06 9.50107005337486e-06
1.40564998218906e-05 1.3192099686421e-05 1.25000997286406e-05 1.16069995783619e-05 1.10376004158752e-05 1.07002997538075e-05 1.03332004073309e-05 9.93269986793166e-06 9.86786017165286e-06 9.80352979240706e-06 9.66848983807722e-06 9.51906986301765e-06 9.34728996071499e-06 9.17862962523941e-06 9.01300973055186e-06 8.82509993971325e-06 8.61641001392854e-06 8.41266955831088e-06 8.21375033410732e-06 8.05624040367547e-06 7.91378988651559e-06 7.77385957917431e-06 7.63641037337948e-06 7.5793000178237e-06 7.52809000914567e-06 7.47750982554862e-06 7.44565977583989e-06 7.46920022720587e-06 7.49279979572748e-06 7.52174992157961e-06 7.59415979700861e-06 7.71013037592638e-06 7.8278699220391e-06 7.94740026321961e-06 8.13248971098801e-06 8.34373986435821e-06 8.56048973219004e-06 8.78844002727419e-06 9.19282956601819e-06 9.6029198175529e-06 1.00282995845191e-05 1.04315004136879e-05 1.10024002424325e-05 1.14777003545896e-05
2.00242993741995e-05 1.89981001312844e-05 1.76580997504061e-05 1.6261999917333e-05 1.56951991812093e-05 1.52987995534204e-05 1.47454002217273e-05 1.41569998959312e-05 1.40502997965086e-05 1.38900004458264e-05 1.37650004035095e-05 1.3518500054488e-05 1.32473996927729e-05 1.29817999550141e-05 1.26532995636808e-05 1.22883002404706e-05 1.19137002911884e-05 1.15504999484983e-05 1.11500003185938e-05 1.08091999209137e-05 1.04990003819694e-05 1.01530004030792e-05 9.89464024314657e-06 9.75746024778346e-06 9.62219019129407e-06 9.48880006035324e-06 9.38764969760086e-06 9.37840013648383e-06 9.3691496658721e-06 9.35991010919679e-06 9.40888003242435e-06 9.51696983975125e-06 9.62630019785138e-06 9.75499006017344e-06 9.99035000859294e-06 1.02661997516407e-05 1.05498002085369e-05 1.08411995825008e-05 1.13053001769003e-05 1.17333001981024e-05 1.21570001283544e-05 1.25994001791696e-05 1.31768001665478e-05 1.38693003464141e-05
2.72816996584879e-05 2.61648001469439e-05 2.52756999543635e-05 2.37191998166963e-05 2.30206005653599e-05 2.23251008719672e-05 2.16746993828565e-05 2.10490998142632e-05 2.05543001357e-05 2.00710001081461e-05 1.94793992704945e-05 1.88815993169555e-05 1.83025003934745e-05 1.77411002368899e-05 1.71970004885225e-05 1.66234003700083e-05 1.60806994244922e-05 1.55384004756343e-05 1.49568004417233e-05 1.44992000059574e-05 1.40713000291726e-05 1.37321003421675e-05 1.33860003188602e-05 1.31412998598535e-05 1.29010995806311e-05 1.26584000099683e-05 1.24270000014803e-05 1.23694999274448e-05 1.22970996017102e-05 1.22189003377571e-05 1.22298997666803e-05 1.23515001178021e-05 1.24848002087674e-05 1.25645001389785e-05 1.27511002574465e-05 1.30155003716936e-05 1.329229962721e-05 1.35749996843515e-05 1.4039999769011e-05 1.460160001443e-05 1.51001004269347e-05 1.55749003170058e-05 1.62827000167454e-05 1.71490992215695e-05
3.75697018171195e-05 3.59553014277481e-05 3.4496100852266e-05 3.31406990881078e-05 3.20840990752913e-05 3.11975018121302e-05 3.02446005662205e-05 2.93676002911525e-05 2.8610200388357e-05 2.7923200832447e-05 2.70810996880755e-05 2.62770008703228e-05 2.53346006502397e-05 2.43317008425947e-05 2.33493992709555e-05 2.24491996050347e-05 2.16856005863519e-05 2.08834007935366e-05 2.00712001969805e-05 1.93820997083094e-05 1.87905006896472e-05 1.81711002369411e-05 1.76256999111502e-05 1.72189993463689e-05 1.68218994076597e-05 1.64338998729363e-05 1.61038005899172e-05 1.59249993885169e-05 1.57624999701511e-05 1.56302994582802e-05 1.56065998453414e-05 1.57168997247936e-05 1.58149996423163e-05 1.59136998263421e-05 1.61376992764417e-05 1.63773001986556e-05 1.66088993864832e-05 1.6873800632311e-05 1.74007000168785e-05 1.80047009052942e-05 1.86321994988248e-05 1.93384003068786e-05 2.0203899111948e-05 2.11336991924327e-05
5.15866013302002e-05 4.99035995744634e-05 4.82756004203111e-05 4.64654003735632e-05 4.47907004854642e-05 4.32906999776606e-05 4.18413001170848e-05 4.04407001042273e-05 3.90931018046103e-05 3.77907999791205e-05 3.6529301723931e-05 3.5154698707629e-05 3.37718010996468e-05 3.24007996823639e-05 3.10538016492501e-05 2.9918799555162e-05 2.87481998384465e-05 2.76236005447572e-05 2.65432008745847e-05 2.56027997238562e-05 2.46990002779057e-05 2.38203992921626e-05 2.29702000069665e-05 2.23628994717728e-05 2.18375007534632e-05 2.13544008147437e-05 2.08952005777974e-05 2.06106997211464e-05 2.03300005523488e-05 2.0053199477843e-05 1.99461992451688e-05 1.99927999346983e-05 2.00090998987434e-05 2.00252998183714e-05 2.02034007088514e-05 2.04619991563959e-05 2.07783996302169e-05 2.10682992474176e-05 2.17232991417404e-05 2.23989991354756e-05 2.31334997806698e-05 2.38906995946309e-05 2.48812993959291e-05 2.58597992797149e-05
6.71200032229535e-05 6.49313005851582e-05 6.28143025096506e-05 6.06286994297989e-05 5.84170011279639e-05 5.66874005016871e-05 5.49186988791917e-05 5.29557983099949e-05 5.08775992784649e-05 4.88814985146746e-05 4.69326987513341e-05 4.50012012152001e-05 4.31158987339586e-05 4.12638000852894e-05 3.9546299376525e-05 3.80843011953402e-05 3.66659005521797e-05 3.52454007952474e-05 3.39655016432516e-05 3.28583009832073e-05 3.1825100450078e-05 3.07465015794151e-05 2.95769004878821e-05 2.86796002910705e-05 2.7813699489343e-05 2.70669006567914e-05 2.64479003817542e-05 2.60481992881978e-05 2.56459006777732e-05 2.52618992817588e-05 2.50678003794746e-05 2.50526009040186e-05 2.5020599423442e-05 2.49887998506892e-05 2.52034005825408e-05 2.55228005698882e-05 2.58260006376076e-05 2.61205004790099e-05 2.67305003944784e-05 2.74500998784788e-05 2.81477005046327e-05 2.89905001409352e-05 3.01956006296678e-05 3.14499011437874e-05
