results/Predictions/Median/Burdigalian.asc
NCOLS 360 
NROWS 180 
XLLCORNER -180 
YLLCORNER -90 
CELLSIZE 1 
NODATA_value -3.4e+38 
[rows 114 to 132 of 180, columns 88 to 131 of 360]
0.000463055999716744 0.000444162986241281 0.000426640006480739 0.000408102001529187 0.000394511997001246 0.000382828002329916 0.000366397987818345 0.000352965987985954 0.000340058992151171 0.000330685987137258 0.000319145998219028 0.000307045003864914 0.000290238007437438 0.000283358007436618 0.000277115002973005 0.000274451012955979 0.000272928999038413 0.00028318801196292 0.00030773101025261 0.000337006989866495 0.000368592998711392 0.000390527013223618 0.00040754399378784 0.00042125501204282 0.0887008979916573 -3.4e+38 -3.4e+38 -3.4e+38 -3.4e+38 -3.4e+38 -3.4e+38 -3.4e+38 -3.4e+38 -3.4e+38 -3.4e+38 -3.4e+38 -3.4e+38 -3.4e+38 -3.4e+38 -3.4e+38 -3.4e+38 -3.4e+38 -3.4e+38 -3.4e+38
0.000449993996880949 0.000435878988355398 0.000416686001699418 0.000403929996537045 0.000388704007491469 0.000374600000213832 0.000360267993528396 0.0003476660058368 0.00033452600473538 0.000322190986480564 0.000310714007355273 0.00029611200443469 0.000281248008832335 0.000269018986728042 0.000259992986684665 0.000253123987931758 0.000244547001784667 0.000250464014243335 0.000271146011073142 0.000288967014057562 0.00030662800418213 0.000329381990013644 0.000359780009603128 0.000400738994358107 0.466996014118195 -3.4e+38 -3.4e+38 -3.4e+38 -3.4e+38 -3.4e+38 -3.4e+38 -3.4e+38 -3.4e+38 -3.4e+38 -3.4e+38 -3.4e+38 -3.4e+38 -3.4e+38 -3.4e+38 -3.4e+38 -3.4e+38 -3.4e+38 -3.4e+38 -3.4e+38
0.000434910005424172 0.000421872013248503 0.000404696998884901 0.00039158298750408 0.000381479010684416 0.000366691994713619 0.000354960007825866 0.000340355996740982 0.000326981011312455 0.000313560012727976 0.000298206985462457 0.000284642999758944 0.000275889004115015 0.000259768014075235 0.0002479339891579 0.000238024993450381 0.000226232004933991 0.000225822004722431 0.000234209001064301 0.000244641996687278 0.000256305007496849 0.000276215985650197 0.000306373985949904 0.000336216995492578 0.452638000249863 -3.4e+38 -3.4e+38 -3.4e+38 -3.4e+38 -3.4e+38 -3.4e+38 -3.4e+38 -3.4e+38 -3.4e+38 -3.4e+38 -3.4e+38 -3.4e+38 -3.4e+38 -3.4e+38 -3.4e+38 -3.4e+38 -3.4e+38 -3.4e+38 -3.4e+38
0.000415193004300818 0.000406506005674601 0.000395460985600948 0.000385327992262319 0.000372370996046811 0.000358538993168622 0.000343205989338458 0.000329547998262569 0.0003152170102112 0.000305449008010328 0.000291779986582696 0.00027906900504604 0.000265361013589427 0.000250849989242852 0.00023484299890697 0.000219036999624223 0.000207057993975468 0.00019848499505315 0.000196426000911742 0.000199389003682882 0.00020013700122945 0.000221345995669253 0.000250827986747026 0.000276442995527759 0.422037988901138 -3.4e+38 -3.4e+38 -3.4e+38 -3.4e+38 -3.4e+38 -3.4e+38 -3.4e+38 -3.4e+38 -3.4e+38 -3.4e+38 -3.4e+38 -3.4e+38 -3.4e+38 -3.4e+38 -3.4e+38 -3.4e+38 -3.4e+38 -3.4e+38 -3.4e+38
0.000387281994335353 0.000381633988581598 0.000369712011888623 0.000357435987098143 0.000345621985616162 0.000334290991304442 0.000320974009810016 0.000311826996039599 0.000300985993817449 0.000289785006316379 0.000278477993560955 0.000263874011579901 0.000252717989496887 0.000236649997532368 0.000219894995098002 0.000205703996471129 0.000194262000150047 0.000182654999662191 0.000172558997292072 0.000165499994182028 0.000159952993271872 0.000183558993740007 0.000214393992791884 0.000250186014454812 -3.4e+38 -3.4e+38 -3.4e+38 -3.4e+38 -3.4e+38 -3.4e+38 -3.4e+38 -3.4e+38 -3.4e+38 -3.4e+38 -3.4e+38 -3.4e+38 -3.4e+38 -3.4e+38 -3.4e+38 -3.4e+38 -3.4e+38 -3.4e+38 -3.4e+38 -3.4e+38
0.00036082201404497 0.000352494011167437 0.00034474499989301 0.000334087992087007 0.00032142800046131 0.000312735006446019 0.00030498398700729 0.000295608013402671 0.000285994989098981 0.000274871999863535 0.000263018999248743 0.000250717013841495 0.000239771994529292 0.000226435993681662 0.000210029000299983 0.000195340006030165 0.000182396994205192 0.000165409001056105 0.00014841600204818 0.000135474998387508 0.000125977006973699 0.00014721900515724 0.00017886700516101 0.000216404994716868 -3.4e+38 -3.4e+38 -3.4e+38 -3.4e+38 -3.4e+38 -3.4e+38 -3.4e+38 -3.4e+38 -3.4e+38 -3.4e+38 -3.4e+38 -3.4e+38 -3.4e+38 -3.4e+38 -3.4e+38 -3.4e+38 -3.4e+38 -3.4e+38 -3.4e+38 -3.4e+38
0.000329200003761798 0.000321672996506095 0.000315036013489589 0.000308424001559615 0.000301975989714265 0.000295417994493619 0.000287375994957983 0.000275908008916304 0.000265253009274602 0.000256246014032513 0.000245063012698665 0.000233560000197031 0.000223406997974962 0.000212685001315549 0.000196691995370202 0.000185180993867107 0.000173350999830291 0.000151896005263552 0.000129784006276168 0.000115445000119507 0.000105507002444938 9.83607023954391e-05 9.21113023650832e-05 9.42210026551038e-05 -3.4e+38 -3.4e+38 -3.4e+38 -3.4e+38 -3.4e+38 -3.4e+38 -3.4e+38 -3.4e+38 -3.4e+38 -3.4e+38 -3.4e+38 -3.4e+38 -3.4e+38 -3.4e+38 -3.4e+38 -3.4e+38 -3.4e+38 -3.4e+38 -3.4e+38 -3.4e+38
0.000299786013783887 0.000297223014058545 0.000292326993076131 0.000282822002191097 0.000276215985650197 0.000269754003966227 0.000259714986896142 0.000249842007178813 0.000241022004047409 0.00023345100635197 0.000223936003749259 0.000214810002944432 0.000206056996830739 0.000197772998944856 0.000184110002010129 0.000173715001437813 0.000165851000929251 0.000142464006785303 0.000121210003271699 0.000105865998193622 9.4682902272325e-05 8.97939971764572e-05 8.54126992635429e-05 0.112580001354218 -3.4e+38 -3.4e+38 -3.4e+38 -3.4e+38 -3.4e+38 -3.4e+38 -3.4e+38 -3.4e+38 -3.4e+38 -3.4e+38 -3.4e+38 -3.4e+38 -3.4e+38 -3.4e+38 -3.4e+38 -3.4e+38 -3.4e+38 -3.4e+38 -3.4e+38 -3.4e+38
0.00027374699129723 0.000270424003247172 0.000263666996033862 0.000256200990406796 0.000248827011091635 0.000242815003730357 0.00023448999854736 0.000227016003918834 0.000219169000047259 0.00021310499869287 0.00020394500461407 0.000196831999346614 0.000188068006536923 0.000183516996912658 0.000173822001670487 0.000166454003192484 0.000157424001372419 0.000133645997266285 0.000109658998553641 9.69347020145506e-05 8.58901985338889e-05 7.99495028331876e-05 7.58414971642196e-05 0.151941001415253 -3.4e+38 -3.4e+38 -3.4e+38 -3.4e+38 -3.4e+38 -3.4e+38 -3.4e+38 -3.4e+38 -3.4e+38 -3.4e+38 -3.4e+38 -3.4e+38 -3.4e+38 -3.4e+38 -3.4e+38 -3.4e+38 -3.4e+38 -3.4e+38 -3.4e+38 -3.4e+38
0.000236085004871711 0.000231045996770263 0.000226471005589701 0.000223305993131362 0.000219166002352722 0.000213452993193641 0.000206055003218353 0.000199734000489116 0.000191889994312078 0.000185441997018643 0.000179002003278583 0.000173840002389625 0.000167057005455717 0.000162102005560882 0.000154601002577692 0.000148506995174102 0.000144399993587285 0.000121962999401148 0.000100860997918062 8.85721965460107e-05 7.93289000284858e-05 7.55088985897601e-05 7.29087987565435e-05 0.150948002934456 -3.4e+38 -3.4e+38 -3.4e+38 -3.4e+38 -3.4e+38 -3.4e+38 -3.4e+38 -3.4e+38 -3.4e+38 -3.4e+38 -3.4e+38 -3.4e+38 -3.4e+38 -3.4e+38 -3.4e+38 -3.4e+38 -3.4e+38 -3.4e+38 -3.4e+38 -3.4e+38
0.000205289994482882 0.000202341005206108 0.000199540998437442 0.000196598004549742 0.000192798994248733 0.00018853199435398 0.000182760006282479 0.000176350004039705 0.00016965699614957 0.000164345998200588 0.000159115996211767 0.00015373999485746 0.000148695995449089 0.000144036006531678 0.000138842005981132 0.000134308997076005 0.00013007500092499 0.000110795001091901 9.31320028030314e-05 8.20083005237393e-05 7.40421965019777e-05 7.13374975020997e-05 7.10341992089525e-05 0.149957001209259 -3.4e+38 -3.4e+38 -3.4e+38 -3.4e+38 -3.4e+38 -3.4e+38 -3.4e+38 -3.4e+38 -3.4e+38 -3.4e+38 -3.4e+38 -3.4e+38 -3.4e+38 -3.4e+38 -3.4e+38 -3.4e+38 -3.4e+38 -3.4e+38 -3.4e+38 -3.4e+38
0.000172258995007724 0.000171609004610218 0.000168291997397318 0.00016488200344611 0.000162248994456604 0.00015932199312374 0.000155279005412012 0.000150431995280087 0.000146535006933846 0.000142282995511778 0.000137869996251538 0.000133987996377982 0.000129449996165931 0.000125773993204348 0.000123160993098281 0.000120226002763957 0.000118748001114 0.000102518002677243 8.73099997988902e-05 7.80756017775275e-05 7.10259992047213e-05 6.78598007652909e-05 6.78419964970089e-05 0.147222995758057 -3.4e+38 -3.4e+38 -3.4e+38 -3.4e+38 -3.4e+38 -3.4e+38 -3.4e+38 -3.4e+38 -3.4e+38 -3.4e+38 -3.4e+38 -3.4e+38 -3.4e+38 -3.4e+38 -3.4e+38 -3.4e+38 -3.4e+38 -3.4e+38 -3.4e+38 0.261137008666992
0.000140093005029485 0.000138853007229045 0.000137558003189042 0.000135256006615236 0.00013292400399223 0.000130535001517273 0.000127313993289135 0.00012362799316179 0.000120354001410306 0.000117381001473404 0.000113540001621004 0.000110640998173039 0.000107756997749675 0.000105822000477929 0.000107159998151474 0.000106323001091368 0.000106514002254698 9.60141987889074e-05 8.14356972114183e-05 7.46005971450359e-05 6.74585025990382e-05 6.60556033835746e-05 6.88638974679634e-05 -3.4e+38 -3.4e+38 -3.4e+38 -3.4e+38 -3.4e+38 -3.4e+38 -3.4e+38 -3.4e+38 -3.4e+38 -3.4e+38 -3.4e+38 -3.4e+38 -3.4e+38 -3.4e+38 -3.4e+38 -3.4e+38 -3.4e+38 -3.4e+38 -3.4e+38 0.255876004695892 0.260426014661789
0.000113866000901908 0.000113194997538812 0.000112189998617396 0.000110636996396352 0.000109050997707527 0.000107487998320721 0.000105532999441493 0.000103478996607009 0.000101464996987488 9.94906004052609e-05 9.65832005022094e-05 9.37613003770821e-05 9.10223025130108e-05 8.93194010131992e-05 9.06775967450812e-05 9.44471030379646e-05 9.6855299489107e-05 8.97103964234702e-05 7.77946988819167e-05 7.10547028575093e-05 6.70345980324782e-05 6.37112971162423e-05 0.0416949987411499 -3.4e+38 -3.4e+38 -3.4e+38 -3.4e+38 -3.4e+38 -3.4e+38 -3.4e+38 -3.4e+38 -3.4e+38 -3.4e+38 -3.4e+38 -3.4e+38 -3.4e+38 -3.4e+38 -3.4e+38 -3.4e+38 -3.4e+38 -3.4e+38 0.186278000473976 0.221566006541252 0.119583003222942
9.07447029021569e-05 9.04315020306967e-05 8.97501013241708e-05 8.87085989234038e-05 8.76792983035557e-05 8.6662003013771e-05 8.5572901298292e-05 8.44699025037698e-05 8.33813028293662e-05 8.23067966848612e-05 8.03848015493713e-05 7.85079027991742e-05 7.66751036280766e-05 7.57508023525588e-05 7.7461896580644e-05 8.01930000307038e-05 8.41963992570527e-05 8.02255017333664e-05 7.0719797804486e-05 6.38397978036664e-05 5.96764002693817e-05 5.79914012632798e-05 -3.4e+38 -3.4e+38 -3.4e+38 -3.4e+38 -3.4e+38 -3.4e+38 -3.4e+38 -3.4e+38 -3.4e+38 -3.4e+38 -3.4e+38 -3.4e+38 -3.4e+38 -3.4e+38 -3.4e+38 -3.4e+38 -3.4e+38 0.110953003168106 0.126405999064445 0.145880997180939 0.163023993372917 0.00010563599789748
7.03655969118699e-05 7.01230965205468e-05 6.96066999807954e-05 6.88227009959519e-05 6.80473967804573e-05 6.72809983370826e-05 6.66737032588571e-05 6.61219019093551e-05 6.55745971016586e-05 6.50318033876829e-05 6.38104029349051e-05 6.26118999207392e-05 6.14360033068806e-05 6.12110015936196e-05 6.50264992145821e-05 6.91692985128611e-05 7.30562023818493e-05 7.17267976142466e-05 6.45051986793987e-05 5.81917993258685e-05 5.42866000614595e-05 0.0676070973277092 -3.4e+38 -3.4e+38 -3.4e+38 -3.4e+38 -3.4e+38 -3.4e+38 -3.4e+38 -3.4e+38 -3.4e+38 -3.4e+38 -3.4e+38 -3.4e+38 -3.4e+38 -3.4e+38 -3.4e+38 -3.4e+38 -3.4e+38 0.111359998583794 0.109397001564503 0.119076997041702 8.79748986335471e-05 6.22637016931549e-05
5.40274013474118e-05 5.39546017535031e-05 5.3794701670995e-05 5.35485996806528e-05 5.3303698223317e-05 5.3059800848132e-05 5.28525015397463e-05 5.27611009601969e-05 5.278359822114e-05 5.25046998518519e-05 5.17195003340021e-05 5.09460005559959e-05 5.02916009281762e-05 5.03144001413602e-05 5.37878004251979e-05 5.75925987504888e-05 6.28265988780186e-05 6.29459027550183e-05 5.75125995965209e-05 5.43218993698247e-05 5.10214995301794e-05 0.103139996528625 -3.4e+38 -3.4e+38 -3.4e+38 -3.4e+38 -3.4e+38 -3.4e+38 -3.4e+38 -3.4e+38 -3.4e+38 -3.4e+38 -3.4e+38 -3.4e+38 -3.4e+38 -3.4e+38 -3.4e+38 -3.4e+38 -3.4e+38 0.0948503017425537 0.0890526995062828 0.0108313001692295 3.94777998735663e-05 3.95884017052595e-05
4.17289011238609e-05 4.16293005400803e-05 4.16160983149894e-05 4.16244984080549e-05 4.16328985011205e-05 4.16412985941861e-05 4.16473012592178e-05 4.16524999309331e-05 4.17621995438822e-05 4.19204989157151e-05 4.16176008002367e-05 4.13169000239577e-05 4.10184984502848e-05 4.14923997595906e-05 4.43194003310055e-05 4.77434987260494e-05 5.28355994902086e-05 5.35625986231025e-05 5.21307993039954e-05 4.92614017275628e-05 4.80741000501439e-05 0.0960434973239899 -3.4e+38 -3.4e+38 -3.4e+38 -3.4e+38 -3.4e+38 -3.4e+38 -3.4e+38 -3.4e+38 -3.4e+38 -3.4e+38 -3.4e+38 -3.4e+38 -3.4e+38 -3.4e+38 -3.4e+38 0.0670173019170761 0.069843202829361 0.0713754966855049 0.0639190971851349 3.05145003949292e-05 2.9180400815676e-05 2.90160005533835e-05
3.29200011037756e-05 3.29286995111033e-05 3.30092989315744e-05 3.31621013174299e-05 3.33212992700282e-05 3.34840988216456e-05 3.36697994498536e-05 3.38249992637429e-05 3.39237012667581e-05 3.40760016115382e-05 3.39586003974546e-05 3.3808799344115e-05 3.36332013830543e-05 3.40067999786697e-05 3.66716012649704e-05 4.00159005948808e-05 4.45395016868133e-05 4.67190984636545e-05 4.63157011836302e-05 4.56816014775541e-05 4.51000996690709e-05 0.0846590995788574 -3.4e+38 -3.4e+38 -3.4e+38 -3.4e+38 -3.4e+38 -3.4e+38 -3.4e+38 -3.4e+38 -3.4e+38 -3.4e+38 0.0517756007611752 0.0534165985882282 0.0578038990497589 0.0628374963998795 0.0613126009702682 0.0597129985690117 0.0590039007365704 0.0545996986329556 2.32481997954892e-05 2.20914007513784e-05 2.12594004551647e-05 2.06051990971901e-05
