results/Predictions/Median/Callovian.asc
NCOLS 360 
NROWS 180 
XLLCORNER -180 
YLLCORNER -90 
CELLSIZE 1 
NODATA_value -3.4e+38 
[rows 40 to 59 of 180, columns 220 to 263 of 360]
0.0103764003142715 0.00979741010814905 0.00928531959652901 0.00876970030367374 0.0084648197516799 0.00837058015167713 0.00855852011591196 0.00868550967425108 0.00894028972834349 0.00893468968570232 0.00874987989664078 0.0085349204018712 0.00835147965699434 0.00842296984046698 0.00844907015562057 0.0084340600296855 0.00833339989185333 0.00798241980373859 0.00769471982493997 0.00736676016822457 0.00775351002812386 0.00891850981861353 -3.4e+38 -3.4e+38 -3.4e+38 -3.4e+38 -3.4e+38 -3.4e+38 -3.4e+38 -3.4e+38 -3.4e+38 -3.4e+38 -3.4e+38 -3.4e+38 -3.4e+38 -3.4e+38 -3.4e+38 -3.4e+38 -3.4e+38 -3.4e+38 -3.4e+38 -3.4e+38 -3.4e+38 -3.4e+38
0.0128205996006727 0.0127470996230841 0.0120225995779037 0.0114190997555852 0.0108743002638221 0.0108481999486685 0.0112688997760415 0.0119361001998186 0.0124303996562958 0.0126240998506546 0.0126048997044563 0.0127600003033876 0.0128073003143072 0.0119669996201992 0.0110716996714473 0.0102965999394655 0.00972473993897438 0.0096737202256918 0.00958164036273956 0.00949043035507202 0.0097886398434639 0.0105039002373815 0.0111948996782303 0.0119960997253656 -3.4e+38 -3.4e+38 -3.4e+38 -3.4e+38 -3.4e+38 -3.4e+38 -3.4e+38 -3.4e+38 -3.4e+38 -3.4e+38 -3.4e+38 -3.4e+38 -3.4e+38 -3.4e+38 -3.4e+38 -3.4e+38 -3.4e+38 -3.4e+38 -3.4e+38 -3.4e+38
0.0181418005377054 0.0166497994214296 0.0157219003885984 0.0148029001429677 0.0142628997564316 0.0143280001357198 0.0151680996641517 0.0162425003945827 0.0172633994370699 0.017680499702692 0.017917700111866 0.018291300162673 0.0190765000879765 0.01678860001266 0.0148424999788404 0.0127274002879858 0.0111617995426059 0.0115945003926754 0.0120580997318029 0.0122683998197317 0.0122868996113539 0.0121691999956965 0.0121045000851154 0.0120714996010065 0.014270800165832 -3.4e+38 -3.4e+38 -3.4e+38 -3.4e+38 -3.4e+38 -3.4e+38 -3.4e+38 -3.4e+38 -3.4e+38 -3.4e+38 -3.4e+38 -3.4e+38 -3.4e+38 -3.4e+38 -3.4e+38 -3.4e+38 -3.4e+38 -3.4e+38 -3.4e+38
0.0226785000413656 0.0220298003405333 0.0205905009061098 0.019285200163722 0.0186748001724482 0.0182849001139402 0.018062399700284 -3.4e+38 -3.4e+38 -3.4e+38 0.018002100288868 0.0184291005134583 0.0189386997371912 0.0184222999960184 0.0177098996937275 0.017076900228858 0.01650770008564 0.0163000002503395 0.0161726996302605 0.0159533992409706 0.0159412994980812 0.0157679002732038 0.0153868002817035 0.014933199621737 -3.4e+38 -3.4e+38 -3.4e+38 -3.4e+38 -3.4e+38 -3.4e+38 -3.4e+38 -3.4e+38 -3.4e+38 -3.4e+38 -3.4e+38 -3.4e+38 -3.4e+38 -3.4e+38 -3.4e+38 0.0232340004295111 -3.4e+38 -3.4e+38 -3.4e+38 0.026256799697876
0.0284525007009506 0.0289380997419357 0.027106499299407 0.0255909003317356 0.0247166994959116 0.0232992991805077 0.0212647002190351 -3.4e+38 -3.4e+38 -3.4e+38 -3.4e+38 -3.4e+38 0.0189504008740187 0.0199414007365704 0.0211545992642641 0.0226767994463444 0.0236792005598545 0.0224131997674704 0.0213197991251945 0.0205183997750282 0.0201738998293877 0.0197592005133629 0.0186486002057791 0.0175669007003307 0.0190262999385595 0.0208590999245644 0.023097300902009 0.0254913996905088 -3.4e+38 -3.4e+38 -3.4e+38 -3.4e+38 -3.4e+38 0.0197672992944717 0.0196931008249521 0.02048210054636 0.0212733000516891 0.0223008003085852 0.0241071004420519 0.0227032005786896 0.0210565999150276 0.0184486992657185 -3.4e+38 0.0264600999653339
0.0404031984508038 0.0381346009671688 0.0359270982444286 0.0343162007629871 0.0327617004513741 0.0325182005763054 0.0343136005103588 -3.4e+38 -3.4e+38 -3.4e+38 -3.4e+38 -3.4e+38 -3.4e+38 0.0371798984706402 0.0353147014975548 0.0332853011786938 0.0320578999817371 0.0299721993505955 0.0285764001309872 0.0273726005107164 0.0264267008751631 0.0254605002701283 0.0233765002340078 0.0214744005352259 0.0222970992326736 0.0243114996701479 0.0263021998107433 0.0277637001127005 0.0312481001019478 0.034706499427557 0.0389073006808758 0.0408671014010906 0.0347633995115757 0.0291888993233442 0.0253285001963377 -3.4e+38 -3.4e+38 0.0258824992924929 0.0266571994870901 0.0266907997429371 0.0262986999005079 0.0259466003626585 0.0233891997486353 0.0377859994769096
0.0502138994634151 0.050390399992466 0.0477319993078709 0.0457209013402462 0.0437377989292145 0.0411636009812355 0.0398720018565655 0.0396858006715775 -3.4e+38 -3.4e+38 -3.4e+38 -3.4e+38 -3.4e+38 -3.4e+38 0.0411785989999771 0.0417370982468128 0.0424336008727551 0.0404850989580154 0.0392499007284641 0.0380738005042076 0.0362990982830524 0.0340429991483688 0.0308020003139973 0.0273407995700836 0.0285397004336119 0.030885199084878 0.0329140014946461 0.034000501036644 0.0355007983744144 0.0378853008151054 0.0398117005825043 0.0406913012266159 0.0371962003409863 0.0339650996029377 0.0312714986503124 0.030570900067687 0.0317893996834755 0.0329415984451771 0.0330091007053852 0.0372175984084606 0.0424667000770569 0.0477293990552425 0.0535541996359825 0.0713412016630173
0.066998302936554 0.0670590028166771 0.063885398209095 0.0609841011464596 0.0581644997000694 0.0646482035517693 0.0815315991640091 0.103898003697395 0.135244995355606 -3.4e+38 -3.4e+38 -3.4e+38 -3.4e+38 -3.4e+38 -3.4e+38 0.06771370023489 0.0568930990993977 0.0543305985629559 0.0542108006775379 0.0537670999765396 0.0497958995401859 0.0453093983232975 0.0404269993305206 0.0352168008685112 -3.4e+38 -3.4e+38 -3.4e+38 0.0421512015163898 0.0417302995920181 0.0414852015674114 0.0414870008826256 0.0415088981389999 0.0413450002670288 0.0412225015461445 0.0411906987428665 0.0412473008036613 0.0413825996220112 0.0414474010467529 0.0405404008924961 0.04801170155406 0.060267299413681 0.0746008977293968 0.0806106999516487 0.0648989975452423
-3.4e+38 0.0660862028598785 0.0634113028645515 -3.4e+38 -3.4e+38 -3.4e+38 -3.4e+38 -3.4e+38 0.13484400510788 0.138596996665001 -3.4e+38 -3.4e+38 -3.4e+38 -3.4e+38 -3.4e+38 0.0978704988956451 0.0910361036658287 0.091047503054142 0.0918774008750916 0.0930271968245506 -3.4e+38 0.0755252987146378 0.0642537996172905 0.0560161992907524 0.0564527995884418 0.0589760988950729 0.060835599899292 0.0627202987670898 0.059850700199604 0.0565924011170864 0.0537234991788864 0.0520066991448402 0.0504565015435219 0.0489217005670071 0.0479029007256031 0.0494211986660957 0.0528130009770393 0.0559993982315063 0.0572323016822338 0.0630133971571922 0.0568923987448215 0.0556688010692596 0.063741996884346 0.0784424990415573
-3.4e+38 -3.4e+38 -3.4e+38 -3.4e+38 -3.4e+38 -3.4e+38 -3.4e+38 0.106393001973629 0.135851994156837 0.13866899907589 0.132403999567032 0.126765996217728 0.124364003539085 0.130159005522728 -3.4e+38 -3.4e+38 0.141371995210648 0.141188994050026 0.143103003501892 0.148089006543159 0.139700993895531 0.11812099814415 0.0996697992086411 0.0839262008666992 0.0830556973814964 0.0862264037132263 0.0890194028615952 0.0912783965468407 0.0836417973041534 0.0764034986495972 0.0705384016036987 0.0655310973525047 0.0616520009934902 0.0578672997653484 0.0548544004559517 0.0577201992273331 0.0667349025607109 0.0606032013893127 0.0527568012475967 0.0516715012490749 0.0537847988307476 0.0607003010809422 0.0697977989912033 0.0940006971359253
-3.4e+38 -3.4e+38 -3.4e+38 -3.4e+38 -3.4e+38 -3.4e+38 0.214362993836403 0.200624004006386 0.189218997955322 0.17025600373745 0.162700995802879 0.157710999250412 0.156553998589516 0.17128099501133 -3.4e+38 0.198502004146576 0.202324002981186 0.20584000647068 0.207613006234169 0.212686002254486 0.20150700211525 0.170278996229172 0.146919995546341 0.127523005008698 0.124862998723984 0.127431005239487 0.129093006253242 0.131722003221512 0.121737003326416 0.112049996852875 0.10283599793911 0.0950696021318436 0.088279202580452 0.081578902900219 0.0765464007854462 0.079610601067543 0.0608465000987053 0.0517367981374264 0.0555078014731407 0.056879598647356 0.0703227967023849 0.0907178968191147 0.18529599905014 0.220171004533768
-3.4e+38 -3.4e+38 -3.4e+38 -3.4e+38 -3.4e+38 0.243139997124672 -3.4e+38 0.260877996683121 0.26332500576973 0.253111004829407 0.253457993268967 0.247609004378319 0.247235998511314 0.255308985710144 0.264811009168625 0.269710004329681 0.265967011451721 0.238389998674393 0.245029002428055 0.258489012718201 0.252424001693726 0.241693004965782 0.225749000906944 0.202943995594978 0.192879006266594 0.188498005270958 0.184936001896858 0.182790994644165 0.172711998224258 0.165444001555443 0.155111998319626 0.146852999925613 0.13918100297451 0.130915999412537 0.122805997729301 0.125465005636215 0.0875298008322716 0.0713626965880394 0.0798387974500656 0.095573902130127 0.121573001146317 0.238689005374908 -3.4e+38 0.285219013690948
0.262134999036789 0.248528003692627 0.251680999994278 0.250773996114731 0.242584004998207 0.253468006849289 0.286282986402512 0.318886011838913 0.3401840031147 0.341320008039474 0.347797006368637 0.348417013883591 0.356292992830276 0.346100986003876 0.256141990423203 0.31377300620079 0.322461992502213 0.269353985786438 0.177289992570877 0.0354577004909515 0.00228332006372511 0.000751896004658192 0.269874006509781 0.293779999017715 0.288102000951767 0.275487005710602 0.261602997779846 0.247438997030258 0.239768996834755 0.236121997237206 0.228732004761696 0.220211997628212 0.208396002650261 0.195666998624802 0.180769994854927 0.183015003800392 0.201133996248245 0.116314999759197 0.199410006403923 0.265801012516022 0.297284990549088 -3.4e+38 0.356958001852036 0.356368005275726
0.309733986854553 0.318051993846893 0.329522997140884 0.333247005939484 0.3281190097332 0.334448009729385 0.358130991458893 0.30579799413681 0.244200006127357 0.252157986164093 0.312884986400604 0.406150996685028 0.42228901386261 0.423184990882874 0.41720899939537 0.409862011671066 0.405248999595642 0.0210216995328665 0.000360896985512227 0.000305680005112663 0.000298047991236672 0.000287155009573326 0.000274610996711999 0.000261520006461069 0.000277254002867267 0.0311635993421078 0.174723997712135 0.249027997255325 0.294153988361359 0.305831998586655 0.316704005002975 0.310247004032135 -3.4e+38 0.288747012615204 0.268043011426926 0.267343014478683 0.283064991235733 0.172033995389938 0.346204996109009 -3.4e+38 -3.4e+38 0.41975799202919 0.438053995370865 0.000417233008192852
0.379624009132385 0.388033002614975 0.404457986354828 0.417041003704071 0.416925013065338 0.405687987804413 0.260679990053177 0.426156997680664 0.454407006502151 0.459591001272202 0.451368004083633 0.000495100975967944 0.000374831986846402 0.000375194998923689 0.00037555699236691 0.000375920004444197 0.000375739997252822 0.000375481002265587 0.00037570099812001 0.000375922012608498 0.000373071990907192 0.000367900996934623 0.000362799008144066 0.000357050012098625 0.000347216991940513 0.000333806994603947 0.000325110013363883 0.000464112003101036 0.00849268026649952 0.151934996247292 0.422701001167297 -3.4e+38 -3.4e+38 0.392093002796173 0.371701002120972 0.29382398724556 0.0108497999608517 0.00511344987899065 0.436987012624741 -3.4e+38 -3.4e+38 0.487300992012024 0.463963985443115 0.000409656000556424
0.45678898692131 0.453002005815506 0.463155001401901 0.471489012241364 0.456140995025635 0.0876996964216232 0.143840000033379 0.471439987421036 0.470425993204117 0.000480602990137413 0.000411057000746951 0.000416602997574955 0.000418298994190991 0.000418668991187587 0.000417887989897281 0.000417672999901697 0.000418375013396144 0.000418253999669105 0.000416850001784042 0.000415449991123751 0.000414840993471444 0.000414818990975618 0.00041363199125044 0.000413433008361608 0.000408146006520838 0.000405925005907193 0.000401930010411888 0.000396594987250865 0.000401447003241628 0.00422168988734484 0.471489995718002 -3.4e+38 0.482199013233185 0.463966995477676 0.439265996217728 0.324941009283066 0.000390277011319995 0.000405403989134356 0.00041485799010843 0.0992700010538101 0.487929999828339 0.000768056022934616 0.00044841700582765 0.000450824009021744
0.480922996997833 0.472773998975754 0.462933003902435 0.323076993227005 0.00757563998922706 0.000552603974938393 0.000443689001258463 0.000444395991507918 0.00044527999125421 0.000446352001745254 0.000447597005404532 0.000447575002908707 0.00044755099224858 0.000447519996669143 0.000447617989266291 0.000447700993390754 0.000447030004579574 0.000446104997536168 0.000445182988187298 0.000444042991148308 0.000442743999883533 0.000441902986494824 0.000441064010374248 0.000440228002844378 0.000438388000475243 0.000436836009612307 0.000434968998888507 0.000431924010626972 0.000432253000326455 0.000436461006756872 0.352699011564255 0.50449800491333 0.497182995080948 0.482475996017456 0.391764998435974 0.000436717004049569 0.000441771990153939 0.000447917991550639 0.000453426007879898 0.000458452996099368 0.000463203003164381 0.000469413993414491 0.000472885993076488 0.000475312990602106
0.315315008163452 0.320832014083862 0.313955008983612 0.242605000734329 0.000674945011269301 0.000466052006231621 0.000466636993223801 0.000467220990685746 0.000467806996311992 0.000469451013486832 0.000469879014417529 0.000469466991489753 0.000469054997665808 0.000468318001367152 0.000467892998130992 0.000467637000838295 0.000467956997454166 0.000467195990495384 0.000466399011202157 0.0004656040109694 0.000464695011032745 0.000463673990452662 0.000462655996670946 0.000462613999843597 0.000462411990156397 0.000461894000181928 0.000461140007246286 0.000461059011286125 0.000461510004242882 0.000462013005744666 0.21908999979496 0.496800005435944 0.49795800447464 0.404054999351501 0.000468332000309601 0.000470714003313333 0.000474456988740712 0.000477018998935819 0.000479492009617388 0.000482172996271402 0.000485064985696226 0.00048778101336211 0.000490334001369774 0.000490429985802621
0.273220986127853 0.311053991317749 0.350059986114502 0.36362099647522 0.0906680002808571 0.000478865986224264 0.000479231006465852 0.000479112000903115 0.000478992995340377 0.000479381007608026 0.000480127986520529 0.000478656002087519 0.00047891100984998 0.000478308997116983 0.000478103989735246 0.000478033005492762 0.000477082998258993 0.000476037996122614 0.000475540990009904 0.000474848988233134 0.000474653992569074 0.000474261003546417 0.0004745899932459 0.00047475699102506 0.000474689994007349 0.000474592990940437 0.000474495987873524 0.000474399013910443 0.000474769010907039 0.000475139997433871 0.234330996870995 0.395395994186401 0.382495999336243 0.000481013994431123 0.000480560003779829 0.00048215698916465 0.000484035001136363 0.000486528006149456 0.000487478013383225 0.000488621008116752 0.000490473990794271 0.000493553990963846 0.000495245971251279 0.000495227985084057
0.352564007043839 0.415102005004883 0.457482993602753 0.41694301366806 0.363146990537643 0.000488987017888576 0.000489261001348495 0.000489256985019892 0.000489020021632314 0.000488471996504813 0.000487820012494922 0.000487501005409285 0.000487281999085099 0.000487167999381199 0.000487053010147065 0.000486937002278864 0.000486434000777081 0.000485388998640701 0.000484915013657883 0.000484540010802448 0.000484518997836858 0.000484277989016846 0.00048252398846671 0.000481172988656908 0.000481432012747973 0.00048163699102588 0.000481841998407617 0.000481839990243316 0.000482144998386502 0.000482450006529689 0.000486659002490342 0.00103851000312716 0.000488794990815222 0.000489717000164092 0.000490640988573432 0.000491980987135321 0.000493375002406538 0.000494101026561111 0.000494828971568495 0.00049552001291886 0.000496310996823013 0.000497183995321393 0.000498384004458785 0.000497161003295332
