results/Predictions/Median/Callovian.asc
NCOLS 360 
NROWS 180 
XLLCORNER -180 
YLLCORNER -90 
CELLSIZE 1 
NODATA_value -3.4e+38 
[rows 140 to 159 of 180, columns 88 to 131 of 360]
1.35717000375735e-05 1.35220998345176e-05 1.34740002977196e-05 1.34162000904325e-05 1.33585999719799e-05 1.33012999867788e-05 1.32313998619793e-05 1.31418000819394e-05 1.30294001792208e-05 1.29178997667623e-05 1.28146002680296e-05 1.2712200259557e-05 1.26095001178328e-05 1.25159003800945e-05 1.24274001791491e-05 1.23396002891241e-05 1.22523997561075e-05 1.2153500392742e-05 1.20432996482123e-05 1.19234000521828e-05 1.17908002721379e-05 1.172120028059e-05 1.16725996122113e-05 1.16240998977446e-05 1.15626999104279e-05 1.15223001557752e-05 1.14820995804621e-05 1.14419999590609e-05 1.13931000669254e-05 1.13280002551619e-05 1.12631996671553e-05 1.11987001218949e-05 1.11875997390598e-05 1.12084999273065e-05 1.11991002995637e-05 1.11896997623262e-05 1.11756999103818e-05 1.11602003016742e-05 1.11446997834719e-05 1.11292001747643e-05 1.10740002128296e-05 1.10189002953121e-05 1.09641996459686e-05 1.09421998786274e-05
1.0734500392573e-05 1.07185996967019e-05 1.06931001937483e-05 1.06581001091399e-05 1.06231000245316e-05 1.05883000287577e-05 1.05355002233409e-05 1.04768996607163e-05 1.04187001852551e-05 1.03606998891337e-05 1.03089996628114e-05 1.02575995697407e-05 1.02064996099216e-05 1.01515997812385e-05 1.00855004347977e-05 1.00197003121139e-05 9.95438040263252e-06 9.88359988696175e-06 9.80747972789686e-06 9.73194983089343e-06 9.65701019595144e-06 9.62505964707816e-06 9.60733996180352e-06 9.58965028985403e-06 9.57200973061845e-06 9.54448023549048e-06 9.51703987084329e-06 9.48968045122456e-06 9.46525960898725e-06 9.44945986702805e-06 9.43369013839401e-06 9.41795042308513e-06 9.43296981859021e-06 9.47892021940788e-06 9.52508980844868e-06 9.57149040914373e-06 9.56022995524108e-06 9.52980008150917e-06 9.49946024775272e-06 9.46921954891877e-06 9.47052012634231e-06 9.47181979427114e-06 9.47312037169468e-06 9.48475008044625e-06
8.5034798757988e-06 8.50790002004942e-06 8.50378000905039e-06 8.49093976285076e-06 8.47812043502927e-06 8.46532020659652e-06 8.43980978970649e-06 8.41014025354525e-06 8.38248979562195e-06 8.35843002278125e-06 8.34385991765885e-06 8.32930982141988e-06 8.31478973850608e-06 8.29322016215883e-06 8.25060033093905e-06 8.2081996879424e-06 8.16602005215827e-06 8.13098995422479e-06 8.1030402725446e-06 8.07517972134519e-06 8.04742012405768e-06 8.04273986432236e-06 8.04636965767713e-06 8.05000036052661e-06 8.05362014943967e-06 8.0371200965601e-06 8.0206500570057e-06 8.00421003077645e-06 7.99716963229002e-06 8.0182899182546e-06 8.03942020866089e-06 8.06056959845591e-06 8.09777975518955e-06 8.14999020803953e-06 8.19650995254051e-06 8.24310973257525e-06 8.24119979370153e-06 8.22278980194824e-06 8.20441982796183e-06 8.1860898717423e-06 8.22050969873089e-06 8.25506958790356e-06 8.28978045319673e-06 8.33070043881889e-06
7.03457999406965e-06 7.05274987922166e-06 7.05886986906989e-06 7.05290995028918e-06 7.04694002706674e-06 7.04099011272774e-06 7.03779005561955e-06 7.03549994796049e-06 7.03321984474314e-06 7.03094019627315e-06 7.02659008311457e-06 7.02223996995599e-06 7.01788985679741e-06 7.00786995366798e-06 6.9808997977816e-06 6.95404014550149e-06 6.92728008289123e-06 6.91233981342521e-06 6.90915021550609e-06 6.90596016283962e-06 6.90233991917921e-06 6.90920978740905e-06 6.92266985424794e-06 6.93614992997027e-06 6.94966001901776e-06 6.94998016115278e-06 6.95029984854045e-06 6.94229993314366e-06 6.94494019626291e-06 6.97228006174555e-06 6.98946996635641e-06 7.00670989317587e-06 7.03293017068063e-06 7.06822993379319e-06 7.1037097768567e-06 7.13938015906024e-06 7.15034002496395e-06 7.15301985110273e-06 7.15570013198885e-06 7.15838996256934e-06 7.18120008968981e-06 7.2040998020384e-06 7.23155017112731e-06 7.28626991985948e-06
5.82608981858357e-06 5.84945018999861e-06 5.8617602007871e-06 5.8620898926165e-06 5.8594500842446e-06 5.85681982556707e-06 5.86978012506734e-06 5.88798002354451e-06 5.90161016589263e-06 5.91474008615478e-06 5.91773004998686e-06 5.92073001826066e-06 5.92371998209273e-06 5.92218020756263e-06 5.9070298448205e-06 5.88987995797652e-06 5.87126987738884e-06 5.87531985729584e-06 5.89155979469069e-06 5.88603006690391e-06 5.87611020819168e-06 5.88980992688448e-06 5.9114399846294e-06 5.93316008234979e-06 5.95496021560393e-06 5.97003008806496e-06 5.98513997829286e-06 6.00027988184593e-06 6.01669989919174e-06 6.03688022238202e-06 6.057130121917e-06 6.07744004810229e-06 6.10795996180968e-06 6.14884993410669e-06 6.19002003077185e-06 6.23144978817436e-06 6.26409018877894e-06 6.293850219663e-06 6.32374985798378e-06 6.34507978247711e-06 6.37528000879684e-06 6.405629846995e-06 6.4361302065663e-06 6.46885018795729e-06
4.85431019114912e-06 4.88101022710907e-06 4.89564990857616e-06 4.90383990836563e-06 4.91204991703853e-06 4.92025992571143e-06 4.94171990794712e-06 4.96770007885061e-06 4.98868985232548e-06 5.00077021570178e-06 5.01010981679428e-06 5.01946988151758e-06 5.02744978803094e-06 5.02814009450958e-06 5.02355987919145e-06 5.01898011862068e-06 5.01439990330255e-06 5.01861995871877e-06 5.02208013131167e-06 5.02554985359893e-06 5.02902003063355e-06 5.05101979797473e-06 5.07933009430417e-06 5.10780000695377e-06 5.13641998622916e-06 5.15684996571508e-06 5.17736998517648e-06 5.19796003572992e-06 5.21987021784298e-06 5.2455798140727e-06 5.27141992279212e-06 5.29738008481218e-06 5.33366983290762e-06 5.37712003279012e-06 5.42091993338545e-06 5.46507999388268e-06 5.48668003830244e-06 5.51704988538404e-06 5.54759981241659e-06 5.57830981051666e-06 5.61372007723548e-06 5.64934998692479e-06 5.68519999433192e-06 5.73657007407746e-06
4.01324996346375e-06 4.04076990889735e-06 4.06450999435037e-06 4.08437017540564e-06 4.10431994168903e-06 4.12437020713696e-06 4.14633996115299e-06 4.16903003497282e-06 4.19184016209329e-06 4.21476988776703e-06 4.22624998464016e-06 4.23776009483845e-06 4.2493002183619e-06 4.25993994213059e-06 4.26777978645987e-06 4.27564009441994e-06 4.28350995207438e-06 4.30070986112696e-06 4.32530987382052e-06 4.33899003837723e-06 4.35271022070083e-06 4.37869994129869e-06 4.40895018982701e-06 4.43941007688409e-06 4.47008005721727e-06 4.49406979896594e-06 4.51819005320431e-06 4.54242990599596e-06 4.567819814838e-06 4.59639977634652e-06 4.62514981336426e-06 4.67904010292841e-06 4.7265098146454e-06 4.76709010399645e-06 4.80801008961862e-06 4.84927977595362e-06 4.86770977659035e-06 4.8784600039653e-06 4.89346984977601e-06 4.92264007334597e-06 4.95870017402922e-06 5.01629983773455e-06 5.07546019434812e-06 5.13124996359693e-06
3.35216009261785e-06 3.37901997227164e-06 3.40152996614052e-06 3.42651992468745e-06 3.45168996318534e-06 3.47705008607591e-06 3.50158006767742e-06 3.52583992935251e-06 3.54878989128338e-06 3.57188991984003e-06 3.58252009391435e-06 3.5898399346479e-06 3.59718001163856e-06 3.60694002665696e-06 3.62399009645742e-06 3.64112997885968e-06 3.6583498967957e-06 3.68443011211639e-06 3.71955002265167e-06 3.74621004084474e-06 3.76734010387736e-06 3.79586003873555e-06 3.82705002266448e-06 3.85848989026272e-06 3.89017986890394e-06 3.91381990993978e-06 3.93462005376932e-06 3.95932011088007e-06 3.98963993575308e-06 4.03391004510922e-06 4.08437017540564e-06 4.13252018915955e-06 4.17675983044319e-06 4.21698996433406e-06 4.25759981226292e-06 4.29860983786057e-06 4.32367005487322e-06 4.33848981629126e-06 4.35336005466525e-06 4.3682898649422e-06 4.42394002675428e-06 4.48031005362282e-06 4.52472022516304e-06 4.56140014648554e-06
2.86203999166901e-06 2.88622004518402e-06 2.91026003651496e-06 2.93413995677838e-06 2.95820996143448e-06 2.9824500415998e-06 3.00572992273374e-06 3.02878993352351e-06 3.05202001982252e-06 3.07543996314052e-06 3.09124993691512e-06 3.11244002659805e-06 3.1337799555331e-06 3.15469992528961e-06 3.17404010274913e-06 3.19351011057734e-06 3.21308993989078e-06 3.23587005368609e-06 3.26192002830794e-06 3.28632995660882e-06 3.30753005073348e-06 3.33706998389971e-06 3.36964990310662e-06 3.40254996444855e-06 3.43575993611012e-06 3.46267006534617e-06 3.48979006048467e-06 3.51711992152559e-06 3.54473991137638e-06 3.57277008333767e-06 3.60212993655296e-06 3.64539005204279e-06 3.68409996553964e-06 3.71827991330065e-06 3.7527900076384e-06 3.78761001229577e-06 3.81346990252496e-06 3.83639007850434e-06 3.85943985747872e-06 3.88263015338453e-06 3.9274500522879e-06 3.97277017327724e-06 4.01861007048865e-06 4.05684022553032e-06
2.45549995270267e-06 2.48126002588833e-06 2.50599009632424e-06 2.5296299099864e-06 2.55348004429834e-06 2.577530040071e-06 2.60008005170675e-06 2.62223989011545e-06 2.64460004473221e-06 2.66714005192625e-06 2.68390999735857e-06 2.7007899916498e-06 2.71778003479994e-06 2.73618002211151e-06 2.75866000265523e-06 2.78130005426647e-06 2.80411995845498e-06 2.82845007859578e-06 2.8543299777084e-06 2.88042997453886e-06 2.90383991341514e-06 2.93374000648328e-06 2.96634993901534e-06 3.00049009638315e-06 3.03442993754288e-06 3.0614598927059e-06 3.08872995447018e-06 3.11623989546206e-06 3.14346993945946e-06 3.1720599054097e-06 3.21080005960539e-06 3.24995994560595e-06 3.28298006024852e-06 3.30968009620847e-06 3.33660000251257e-06 3.3637400065345e-06 3.38645008923777e-06 3.40776000484766e-06 3.42920998264162e-06 3.45079001817794e-06 3.49251990883204e-06 3.53473001268867e-06 3.5774401112576e-06 3.6084099974687e-06
2.11909991776338e-06 2.14823990063451e-06 2.17373008126742e-06 2.19533990275522e-06 2.21613004214305e-06 2.23843994717754e-06 2.25907001549785e-06 2.2828598957858e-06 2.30690989155846e-06 2.33120999837411e-06 2.3519698970631e-06 2.37037988881639e-06 2.38893994719547e-06 2.40882991420222e-06 2.43248996412149e-06 2.45636010731687e-06 2.48044989348273e-06 2.5046599603229e-06 2.52700010605622e-06 2.54870997196122e-06 2.57059991781716e-06 2.5990000267484e-06 2.62984008259082e-06 2.65990001935279e-06 2.68782991952321e-06 2.71582007371762e-06 2.74409990197455e-06 2.77187996289285e-06 2.80053995993512e-06 2.83197005046532e-06 2.86375006908202e-06 2.89590002466866e-06 2.92517006528215e-06 2.95146992357331e-06 2.97800011139771e-06 3.00477995551773e-06 3.0284900276456e-06 3.04767991110566e-06 3.06700007968175e-06 3.08644007418479e-06 3.12300994664838e-06 3.15517991111847e-06 3.18376010000065e-06 3.21132006320113e-06
1.83249994734069e-06 1.86046997896483e-06 1.88700994385727e-06 1.91018989426084e-06 1.93341998055985e-06 1.95693996829505e-06 1.98029010789469e-06 2.00377007786301e-06 2.0275299448258e-06 2.05157994059846e-06 2.07250991479668e-06 2.09365998671274e-06 2.11372002922872e-06 2.13212001654028e-06 2.15348995880049e-06 2.17509000322025e-06 2.19725006900262e-06 2.22363996726926e-06 2.24735003939713e-06 2.27081000048202e-06 2.29452007260988e-06 2.32017009693664e-06 2.34668004850391e-06 2.3734899059491e-06 2.40059989664587e-06 2.42522992266458e-06 2.45011005972628e-06 2.4752400804573e-06 2.50087009590061e-06 2.52747008744336e-06 2.5550100417604e-06 2.58727004620596e-06 2.61537002188561e-06 2.63915990217356e-06 2.66317010755301e-06 2.68739995590295e-06 2.70652003564464e-06 2.72399006462365e-06 2.74156991508789e-06 2.75927004622645e-06 2.78418997368135e-06 2.8093400032958e-06 2.83471990769613e-06 2.85950000034063e-06
1.58899001689861e-06 1.61190996550431e-06 1.63495997185237e-06 1.65816004482622e-06 1.68235999353783e-06 1.70835005519621e-06 1.73190994701145e-06 1.75483000930399e-06 1.77805998191616e-06 1.8015999785348e-06 1.82152996330842e-06 1.84099997113663e-06 1.86068996299582e-06 1.88127000910754e-06 1.90418995771324e-06 1.92739003068709e-06 1.95088000509713e-06 1.97435997506545e-06 1.99864007299766e-06 2.02322007680777e-06 2.04808998205408e-06 2.07126004170277e-06 2.09302993425808e-06 2.11313999898266e-06 2.13349994737655e-06 2.16288003684895e-06 2.18672994378721e-06 2.21034997593961e-06 2.23495999307488e-06 2.26208999265509e-06 2.28955991588009e-06 2.31735998568183e-06 2.340809942325e-06 2.3600900931342e-06 2.38180996348092e-06 2.40373992710374e-06 2.41875000028813e-06 2.43147997025517e-06 2.44427997131424e-06 2.45715000346536e-06 2.47929006036429e-06 2.50162997872394e-06 2.52416998591798e-06 2.54644010055927e-06
1.41030000122555e-06 1.43149998166336e-06 1.45267995321774e-06 1.47383002513379e-06 1.49529000736948e-06 1.51707001805335e-06 1.53697999394353e-06 1.55640998400486e-06 1.57608997142233e-06 1.59602996063768e-06 1.61392995323695e-06 1.63430001975939e-06 1.65513995398214e-06 1.67687994689913e-06 1.70087002970831e-06 1.72502996065305e-06 1.74826004695205e-06 1.771099960024e-06 1.79351002316253e-06 1.81620998773724e-06 1.83919996743498e-06 1.86192994533485e-06 1.8847499632102e-06 1.90785999620857e-06 1.9311898995511e-06 1.95265010916046e-06 1.97434997062373e-06 1.99628993868828e-06 2.02084993361495e-06 2.04857997232466e-06 2.07179004974023e-06 2.09482004720485e-06 2.11335009225877e-06 2.12727991311112e-06 2.14128999687091e-06 2.15539989767422e-06 2.16715989154181e-06 2.17816000258608e-06 2.18922991734871e-06 2.20034007725189e-06 2.21870004679658e-06 2.23722008740879e-06 2.25588996727311e-06 2.27371992878034e-06
1.24727000638813e-06 1.26911004372232e-06 1.29085003663931e-06 1.31012996007485e-06 1.32969000787853e-06 1.34954996156011e-06 1.3690099649466e-06 1.38850998609996e-06 1.40830002237635e-06 1.42835995120549e-06 1.44648004152259e-06 1.46482000218384e-06 1.48339995575952e-06 1.50222001593647e-06 1.52125005570269e-06 1.54052997913823e-06 1.56144994889473e-06 1.58362001911883e-06 1.60451997999189e-06 1.62568994710455e-06 1.64714003858535e-06 1.66978998095146e-06 1.69230997926206e-06 1.71475005572574e-06 1.73749003806734e-06 1.75846003003244e-06 1.77968001935369e-06 1.80116001047281e-06 1.8224000086775e-06 1.84144994364033e-06 1.86012005087832e-06 1.87897001069359e-06 1.89504999070778e-06 1.90829996427055e-06 1.92163997780881e-06 1.93507003132254e-06 1.94703989109257e-06 1.96138989849715e-06 1.97583995031891e-06 1.9904000509996e-06 2.00964996110997e-06 2.02430010176613e-06 2.03884997063142e-06 2.05251990337274e-06
1.10737994418741e-06 1.12701002308313e-06 1.14656995719997e-06 1.16605997391162e-06 1.18589002795488e-06 1.20605000120122e-06 1.2270600109332e-06 1.24861003314436e-06 1.26789996102161e-06 1.28708995816851e-06 1.30466003156471e-06 1.3224699841885e-06 1.34052004341356e-06 1.35853997562663e-06 1.37591996463016e-06 1.39353005579324e-06 1.41137002174219e-06 1.42816998049966e-06 1.44390003242734e-06 1.45980004617741e-06 1.47588002619159e-06 1.49506001889677e-06 1.51629001265974e-06 1.53783003042918e-06 1.55967995851825e-06 1.58008003836585e-06 1.60074000632449e-06 1.62072001330671e-06 1.63970003086433e-06 1.65675999141968e-06 1.67400003192597e-06 1.69142003869638e-06 1.70636997154361e-06 1.71791998582194e-06 1.7294900089837e-06 1.74113995399239e-06 1.74990998402791e-06 1.75773004684743e-06 1.76558000930527e-06 1.77434003489907e-06 1.78887000856776e-06 1.80351003109536e-06 1.81827999767847e-06 1.83239001216862e-06
1.00594002105936e-06 1.02561000403512e-06 1.04393996025465e-06 1.05716003417911e-06 1.07054995623912e-06 1.08410995380837e-06 1.10127996322262e-06 1.12093005100178e-06 1.1409299531806e-06 1.16130001970305e-06 1.18026002837723e-06 1.19952994737105e-06 1.21791003948601e-06 1.23467998491833e-06 1.25037001907913e-06 1.26625002394576e-06 1.28234000840166e-06 1.29735997234093e-06 1.31129002056696e-06 1.32537002173194e-06 1.33959997583588e-06 1.35545997181907e-06 1.37202005134895e-06 1.38877999233955e-06 1.40574002216454e-06 1.42307999340119e-06 1.44063994866883e-06 1.4584200016543e-06 1.47560001551028e-06 1.49048003095231e-06 1.5055099993333e-06 1.5207000387818e-06 1.53397002122801e-06 1.54514998484956e-06 1.55641998844658e-06 1.56776002313563e-06 1.57635997766192e-06 1.58380998982466e-06 1.59064995841618e-06 1.59751004957798e-06 1.60366994350625e-06 1.61273999310652e-06 1.62186995567026e-06 1.63119000262668e-06
9.03364991700073e-07 9.21343996651558e-07 9.38279015372245e-07 9.54097004068899e-07 9.70184032667021e-07 9.86543000180973e-07 1.00316003681655e-06 1.01833995813649e-06 1.03049001154432e-06 1.04319997262792e-06 1.06069001049036e-06 1.078469949789e-06 1.09655002233922e-06 1.11424003534921e-06 1.13009002689068e-06 1.14616000246315e-06 1.16246997095004e-06 1.17746003525099e-06 1.19093999728648e-06 1.20338995657221e-06 1.21597997804201e-06 1.22953997561126e-06 1.24354994568421e-06 1.25770998238295e-06 1.27203998090408e-06 1.28792999021243e-06 1.30401997466834e-06 1.32031004795863e-06 1.33608000396634e-06 1.34985998556658e-06 1.36378002935089e-06 1.37784002163244e-06 1.38923996928497e-06 1.39789995046158e-06 1.40660995384678e-06 1.4153799838823e-06 1.42168994443637e-06 1.42717999551678e-06 1.43269005548063e-06 1.43823001508281e-06 1.44469004226266e-06 1.45116996463912e-06 1.45769001846929e-06 1.46501997733139e-06
8.19017998310301e-07 8.3494001046347e-07 8.49800017022062e-07 8.63530999595241e-07 8.77484012562491e-07 8.91664001301251e-07 9.05740989765036e-07 9.19928993425856e-07 9.34339993818867e-07 9.48977003645268e-07 9.63877027970739e-07 9.7901204298978e-07 9.93738012766698e-07 1.0050299579234e-06 1.01575994904124e-06 1.026599989018e-06 1.04000002920657e-06 1.05307003650523e-06 1.06532002064341e-06 1.07770995327883e-06 1.09024995254003e-06 1.10380995010928e-06 1.11783003831079e-06 1.13202997908957e-06 1.14642000426102e-06 1.16258001980896e-06 1.17674994726258e-06 1.19108995022543e-06 1.20507002066006e-06 1.21762002436299e-06 1.23029997212143e-06 1.24311998206394e-06 1.2535799669422e-06 1.26165002711787e-06 1.26975999137358e-06 1.27791997783788e-06 1.28394003695576e-06 1.28925000808522e-06 1.29457998809812e-06 1.29992997699446e-06 1.30595003611234e-06 1.31198999042681e-06 1.31804995362472e-06 1.32493994442484e-06
7.44090016269183e-07 7.58199973915907e-07 7.7133699960541e-07 7.83441009843955e-07 7.95003984421783e-07 8.05934973868716e-07 8.1781399785541e-07 8.29671023439005e-07 8.41701989884314e-07 8.53907010878174e-07 8.66528978349379e-07 8.79338017512055e-07 8.92337027380563e-07 9.05278000118415e-07 9.17647980713809e-07 9.30054000036762e-07 9.41764994877303e-07 9.53019025473623e-07 9.63796992436983e-07 9.74696035882516e-07 9.85718997981166e-07 9.94155016087461e-07 1.00166994343454e-06 1.01151999842841e-06 1.0239300536341e-06 1.03829995623528e-06 1.05287995211256e-06 1.06765003238252e-06 1.08207996163401e-06 1.09497000266856e-06 1.10802000108379e-06 1.12122995687969e-06 1.13125997813768e-06 1.13876001250901e-06 1.1463099554021e-06 1.15390002974891e-06 1.15962996005692e-06 1.16473995603883e-06 1.16986996090418e-06 1.17501997465297e-06 1.18060995646374e-06 1.18622995159967e-06 1.19186995561904e-06 1.1983299827989e-06
