results/Predictions/Median/Callovian.asc
NCOLS 360 
NROWS 180 
XLLCORNER -180 
YLLCORNER -90 
CELLSIZE 1 
NODATA_value -3.4e+38 
[rows 120 to 139 of 180, columns 308 to 351 of 360]
0.000381368008675054 0.000378730008378625 0.0003735669888556 0.000366266001947224 0.000355647003743798 0.000347071996657178 0.000335326010826975 0.000327854009810835 0.00032630399800837 0.000324761989759281 0.000323188985930756 0.000325853994581848 0.000329511007294059 0.000332789000822231 0.000335933989845216 0.000343266001436859 0.000349703012034297 0.000357170996721834 0.000363283004844561 0.000371580012142658 0.00038005001260899 0.000388174987165257 0.000389749999158084 0.000390917004551739 0.000393550988519564 0.000392391986679286 0.000391626992495731 0.000392544985515997 0.000393835012800992 0.000396629009628668 0.000400034012272954 0.000400115997763351 0.000401786004658788 0.000404077989514917 0.000404152990086004 0.000406237988499925 0.000409639003919438 0.000412435008911416 0.000413745001424104 0.000415504007833079 0.000417270988691598 0.000417387986090034 0.000416953989770263 0.000416521012084559
0.000346501008607447 0.000341515988111496 0.000335374003043398 0.000330712005961686 0.000322331005008891 0.000316274992655963 0.000307495007291436 0.000301313993986696 0.000297582009807229 0.000293896009679884 0.000293095014058053 0.00029303299379535 0.000292720011202618 0.000292628013994545 0.000293922988930717 0.000299773993901908 0.000305742985801771 0.000311829993734136 0.000317592988722026 0.000326320994645357 0.000335046002874151 0.000339340011123568 0.000346949003869668 0.000353490991983563 0.000360156991519034 0.000362210994353518 0.000364740990335122 0.000367844011634588 0.000374831986846402 0.000377746997401118 0.000377593998564407 0.000380154990125448 0.000383205013349652 0.000384934013709426 0.000387173990020528 0.000389352004276589 0.000391578010749072 0.000393658003304154 0.000395284994738176 0.000396907998947427 0.000398872012738138 0.000398806005250663 0.000398331991164014 0.000397858995711431
0.000297366990707815 0.00029356699087657 0.000289469986455515 0.000286086986307055 0.000284696987364441 0.000283053988823667 0.000281365006230772 0.000276234990451485 0.000273777986876667 0.000269268988631666 0.000265479990048334 0.00026491901371628 0.000263933994574472 0.000262952991761267 0.000261976005276665 0.000266357994405553 0.000269534008111805 0.000272436009254307 0.000277713988907635 0.000283792993286625 0.00028802698943764 0.000292456010356545 0.000298911007121205 0.000302748987451196 0.000310873001581058 0.000322765001328662 0.000331837014527991 0.000335455988533795 0.000339113990776241 0.000342810992151499 0.000346218992490321 0.000353885989170521 0.000361748010618612 0.000362441991455853 0.000362418009899557 0.000362393009709194 0.000365345011232421 0.000369131012121215 0.000371230009477586 0.000374108989490196 0.000377415999537334 0.00037819700082764 0.000378130003809929 0.000378063006792217
0.000322859006701037 0.000283272005617619 0.000269753014435992 0.000272362987743691 0.000271249009529129 0.000270865013590083 0.000271502009127289 0.000269256997853518 0.000264200993115082 0.000258716987445951 0.000254379003308713 0.000250231008976698 0.000247715011937544 0.000245684001129121 0.000244094000663608 0.000246509996941313 0.000249806005740538 0.000252639991231263 0.000255076010944322 0.000256867991993204 0.000260353001067415 0.000262832007138059 0.000266198010649532 0.000270485004875809 0.000274841004284099 0.000279266998404637 0.000284504989394918 0.000296139012789354 0.000301311985822394 0.000305625988403335 0.000311751995468512 0.000318469014018774 0.000324360997183248 0.00032944799750112 0.000333872012561187 0.000338955986080691 0.000343863997841254 0.000347074004821479 0.000348269997630268 0.00034947000676766 0.000350674003129825 0.00035117199877277 0.000351433991454542 0.000351694994606078
0.000396399002056569 0.00034309399779886 0.0003149870026391 0.000300702988170087 0.000261178996879607 0.000264567992417142 0.000267341005383059 0.000264953996520489 0.000257545005297288 0.00025193698820658 0.000247644988121465 0.000244855007622391 0.000239676999626681 0.000234609004110098 0.000230460005695932 0.000231593992793933 0.000232733000302687 0.000233878003200516 0.000235009007155895 0.000235355997574516 0.000236078005400486 0.000236945998040028 0.000238516993704252 0.000242203997913748 0.000245795003138483 0.000250034994678572 0.000254257989581674 0.00025819000438787 0.000261553999735042 0.000264542002696544 0.000268817995674908 0.00027893201331608 0.000288161012576893 0.000295131001621485 0.000299448001896963 0.000303392007481307 0.000307387002976611 0.000310553004965186 0.000313485012156889 0.000316683988785371 0.000319915008731186 0.000321900006383657 0.000323468004353344 0.000325044995406643
0.00179593998473138 0.000722782977391034 0.000749969971366227 0.00053399900207296 0.000369657995179296 0.000255827006185427 0.000259933003690094 0.000259460997767746 0.000254437996773049 0.000249514996539801 0.000244689988903701 0.000240294000832364 0.000236088002566248 0.000231411002459936 0.000225299998419359 0.000224531002459116 0.00022376500419341 0.00022294299560599 0.000222649992792867 0.000222158996621147 0.000222137998207472 0.000221623995457776 0.000222521994146518 0.000224110000999644 0.000225462004891597 0.000226821997785009 0.000229522003792226 0.000232706006499939 0.000235933999647386 0.000238314998568967 0.000243183996644802 0.000246451993007213 0.000249907985562459 0.000254568003583699 0.000261206994764507 0.000268019008217379 0.000273932993877679 0.00027810299070552 0.00028127699624747 0.00028448601369746 0.000287733011646196 0.000289652991341427 0.000291131000267342 0.000292615994112566
0.0384718999266624 0.0108436997979879 0.00597887998446822 0.059154000133276 0.00962737016379833 0.000742367992643267 0.000246954004978761 0.000246998999500647 0.000244675000431016 0.000242373993387446 0.000240095003391616 0.000236520994803868 0.000232573001994751 0.000228692006203346 0.000224877992877737 0.000223394003114663 0.000221156005864032 0.000218714994844049 0.000216532003832981 0.000216547006857581 0.000216814005398192 0.000217081003938802 0.000217295993934385 0.000217385997530073 0.00021747600112576 0.000217565000639297 0.000220196001464501 0.000222810005652718 0.000224917006562464 0.000227042997721583 0.00022937600442674 0.000231062003877014 0.000233244005357847 0.000235882995184511 0.000238605993217789 0.000241361994994804 0.000244149006903172 0.000246409996179864 0.000248015014221892 0.000249345990596339 0.000251410994678736 0.000252502999501303 0.00025311901117675 0.000253737001912668
0.13298399746418 0.10343199968338 0.0813367962837219 0.184055000543594 0.214469999074936 0.21552300453186 0.00187834003008902 0.00023686200438533 0.000236598993069492 0.000236337000387721 0.000236075997236185 0.000233772996580228 0.00023082499683369 0.000227915996219963 0.000223531998926774 0.000220154004637152 0.000216828004340641 0.000215463995118625 0.000214066996704787 0.000213067003642209 0.00021207399549894 0.00021108599321451 0.000209905992960557 0.000208739002118818 0.00020605800091289 0.000203374002012424 0.000203674993827008 0.000204744006623514 0.000205819000257179 0.000206898999749683 0.000209781996090896 0.000211603997740895 0.000212612998438999 0.000213794002775103 0.000215487001696602 0.000217192005948164 0.000218911998672411 0.000220372006879188 0.000221569003770128 0.000222642993321642 0.000223385999561287 0.000224053001147695 0.000224696006625891 0.000225338997552171
0.082913801074028 0.0968938022851944 0.11328399926424 0.144209995865822 0.158460006117821 0.171064004302025 0.0576906017959118 0.00420281989499927 0.000343507010256872 0.000209467005333863 0.000211532998946495 0.000211752994800918 0.00021075400582049 0.000209760997677222 0.000208712997846305 0.000209687001188286 0.000210280995815992 0.000210774000152014 0.00021190800180193 0.000211852995562367 0.00021063799795229 0.000209431993425824 0.000206532000447623 0.000202462993911467 0.000200847003725357 0.000197054003365338 0.000195892003830522 0.000195592001546174 0.000195293003343977 0.00019499400514178 0.000196791006601416 0.000197732006199658 0.000198676003492437 0.000199355999939144 0.000199810005142353 0.000200264999875799 0.000200719994609244 0.000200869995751418 0.00020071399922017 0.000200558002688922 0.000200402995687909 0.00019982700177934 0.000199112997506745 0.000198402005480602
0.0645674988627434 0.0649556964635849 0.0730594992637634 0.0903133973479271 0.103311002254486 0.116282001137733 0.133272007107735 0.162046998739243 0.175273001194 0.174585998058319 0.000183873999048956 0.00018805600120686 0.000190335005754605 0.00019259299733676 0.000194466992979869 0.00019675400108099 0.00020030299492646 0.000202188006369397 0.000203182004042901 0.000202013994567096 0.000200469003175385 0.000198936002561823 0.000197059998754412 0.000193451996892691 0.000190271006431431 0.000186106000910513 0.000185498996870592 0.00018558900046628 0.000183832002221607 0.000181277995579876 0.000180264003574848 0.000179253998794593 0.000179459995706566 0.000180051007191651 0.000180949995410629 0.000182468997081742 0.000182778007001616 0.000181584997335449 0.000180490998900495 0.000179597001988441 0.000178707996383309 0.000178242000401951 0.00017791599384509 0.000177591005922295
0.0484263002872467 0.0519909001886845 0.0443109013140202 0.0469103008508682 0.0606895983219147 0.0887660980224609 0.129041999578476 0.160858005285263 0.169094994664192 0.158558994531631 0.00426671002060175 0.000160600000526756 0.000165436998941004 0.000170419996720739 0.000175553999724798 0.000178438000148162 0.000181030001840554 0.000183155003469437 0.000185188997420482 0.000186902994755656 0.000185398006578907 0.000183794996701181 0.000181958006578498 0.000178025002242066 0.000174390996107832 0.000174026004970074 0.00017361699428875 0.00017128000035882 0.000169139995705336 0.000168775004567578 0.000169919003383256 0.000169056002050638 0.000168647995451465 0.000168947997735813 0.000169460996403359 0.000169976003235206 0.000170177998370491 0.000169781997101381 0.000168837999808602 0.000167410005815327 0.0001659940026002 0.000164775003213435 0.000163763994351029 0.00016272600623779
0.0360691994428635 0.0294636990875006 0.0240620002150536 0.0220491997897625 0.040251899510622 0.0657173022627831 0.105755001306534 0.142140001058578 0.162020996212959 0.150828003883362 0.128838002681732 0.000137416005600244 0.000142742996104062 0.000147700993693434 0.000151904998347163 0.000154883993673138 0.000158879003720358 0.000163895994774066 0.000165382007253356 0.000166590994922444 0.000165242003276944 0.000164376004249789 0.000162598997121677 0.000159942006575875 0.00016013000276871 0.00016069199773483 0.000162069001817144 0.000161167001351714 0.000159977993462235 0.000157928006956354 0.000156258000060916 0.00015460500435438 0.000154249995830469 0.000154730005306192 0.000155439003719948 0.000156048001372255 0.000156745998538099 0.0001565889979247 0.000155959001858719 0.000155330999405123 0.000153931992826983 0.000152114997035824 0.000150635998579673 0.000149172003148124
0.00598650006577373 0.00587016018107533 0.0061029801145196 0.00762373022735119 0.0155336000025272 0.0338267013430595 0.0682697966694832 0.104116000235081 0.125292003154755 0.144559994339943 0.117207996547222 0.000112881003587972 0.000119793003250379 0.000127945997519419 0.000134882997372188 0.000139415002195165 0.000144093995913863 0.000146667996887118 0.000148473001900129 0.000146774997119792 0.000147629005368799 0.000149166997289285 0.000150305000715889 0.00015103499754332 0.000150153995491564 0.000148140999954194 0.000145750993397087 0.000145839992910624 0.000146785998367704 0.000147223996464163 0.000146527992910706 0.000145640995469876 0.00014475999341812 0.000142814998980612 0.000141740994877182 0.000140675998409279 0.000140253992867656 0.000139775002025999 0.000139165000291541 0.000138557006721385 0.00013795199629385 0.000137273003929295 0.0001364729978377 0.00013530399883166
-3.4e+38 0.00552916014567018 0.00545472977682948 0.00665302993729711 0.0133082000538707 0.0263617001473904 0.053617101162672 0.0833334997296333 0.105265997350216 0.124269001185894 0.109236001968384 9.82311976258643e-05 0.000103935999504756 0.000111622000986245 0.000120668002637103 0.000121504002891015 0.000124528000014834 0.00013122899690643 0.000137242997880094 0.000138631003210321 0.000138574003358372 0.000136996997753158 0.000134982998133637 0.000133490000735037 0.000133421999635175 0.00013107800623402 0.000129908003145829 0.000128282001242042 0.000126675993669778 0.000125432998174801 0.000125859005493112 0.000127667997730896 0.000129673993797041 0.000128115003462881 0.000127256993437186 0.000127431005239487 0.000127602004795335 0.000127295003039762 0.000125991995446384 0.00012470199726522 0.000123424993944354 0.000121876997582149 0.000120254997455049 0.000118654999823775
-3.4e+38 -3.4e+38 0.0050969198346138 0.0059039699845016 0.0108770001679659 0.0204456001520157 0.0405092015862465 0.0634099990129471 0.0807434022426605 0.101516000926495 0.0934178978204727 8.0438498116564e-05 8.76748017617501e-05 9.53367998590693e-05 0.000103045997093432 0.000106476996734273 0.000112938003439922 0.000119791999168228 0.00012236500333529 0.000120752003567759 0.000119867996545509 0.000118937998195179 0.00011792699660873 0.000117816001875326 0.000116367002192419 0.00011616599658737 0.00011621000157902 0.000116335999337025 0.000116463001177181 0.000115492002805695 0.000114825001219288 0.000113442001747899 0.000112563000584487 0.000111196000943892 0.000110148001112975 0.000109109998447821 0.000108082000224385 0.000106995001260657 0.000105851002444979 0.000104585997178219 0.000103329999546986 0.000101821999123786 0.000101343001006171 9.98585019260645e-05
-3.4e+38 -3.4e+38 -3.4e+38 0.00566380005329847 0.00957143027335405 0.0172796994447708 0.0313642993569374 0.0473738983273506 0.0616002008318901 0.0763498023152351 0.065634198486805 6.56815027468838e-05 7.3784300184343e-05 8.27344993012957e-05 9.19646990951151e-05 9.49698005570099e-05 9.72177003859542e-05 0.000100696997833438 0.000103395002952311 0.000102600002719555 0.000103486003354192 0.000104186998214573 0.000104081002064049 0.000103673002740834 0.000100589000794571 9.68434032984078e-05 9.64218997978605e-05 9.53588023548946e-05 9.40683021326549e-05 9.33043993427418e-05 9.23870975384489e-05 9.10404996830039e-05 9.03366017155349e-05 8.97385034477338e-05 8.93730975803919e-05 9.02937026694417e-05 9.11953029572032e-05 9.00430022738874e-05 8.8246502855327e-05 8.64859975990839e-05 8.47608971525915e-05 8.30166027299128e-05 8.19548004074022e-05 8.10989004094154e-05
-3.4e+38 -3.4e+38 -3.4e+38 0.00556878978386521 0.00908107031136751 0.0149398995563388 0.0242727007716894 0.035987101495266 0.0467940010130405 0.0560122989118099 0.0462037995457649 5.22281006851699e-05 6.01915016886778e-05 6.91817986080423e-05 7.86520031397231e-05 8.17160980659537e-05 8.52423981996253e-05 8.69586001499556e-05 8.98658981896006e-05 8.63797977217473e-05 8.48994022817351e-05 8.26118994154967e-05 7.9668199759908e-05 7.76946981204674e-05 7.51382031012326e-05 7.26665020920336e-05 7.17708026058972e-05 7.19930976629257e-05 7.14392008376308e-05 7.08896986907348e-05 7.05713973729871e-05 7.05225029378198e-05 7.04737976775505e-05 7.03736004652455e-05 7.03340992913581e-05 7.01379030942917e-05 6.9613401137758e-05 6.90282977302559e-05 6.81192032061517e-05 6.72355017741211e-05 6.64628969389014e-05 6.53503011562862e-05 6.41895021544769e-05 6.30493013886735e-05
-3.4e+38 -3.4e+38 -3.4e+38 -3.4e+38 -3.4e+38 0.0254846997559071 0.0248573999851942 0.0279245991259813 0.0353185012936592 0.0399435982108116 0.000209867997909896 3.83605001843534e-05 4.53612992714625e-05 5.41605004400481e-05 6.52775997878052e-05 6.73749964335002e-05 6.81680030538701e-05 6.95416965754703e-05 7.07130966475233e-05 6.70668014208786e-05 6.36089971521869e-05 6.03519983997103e-05 5.83910987188574e-05 5.70076008443721e-05 5.55445985810366e-05 5.37250016350299e-05 5.34466016688384e-05 5.38667991349939e-05 5.38950007467065e-05 5.40077999175992e-05 5.39091015525628e-05 5.47058989468496e-05 5.50008990103379e-05 5.52306992176455e-05 5.52605997654609e-05 5.52905985387042e-05 5.50047006981913e-05 5.44317008461803e-05 5.34446990059223e-05 5.2956700528739e-05 5.24565002706368e-05 5.15282990818378e-05 5.04983981954865e-05 4.94484993396327e-05
-3.4e+38 -3.4e+38 -3.4e+38 -3.4e+38 -3.4e+38 0.0259293001145124 0.0255187004804611 0.0254213009029627 0.0262784995138645 0.0229646004736423 1.44921996252378e-05 1.6605999917374e-05 2.04036005015951e-05 2.55060003837571e-05 3.18095007969532e-05 3.28390997310635e-05 3.40076003340073e-05 3.52161005139351e-05 3.51732014678419e-05 3.34469987137709e-05 3.18054990202654e-05 2.99138991977088e-05 2.9037499189144e-05 2.8602600650629e-05 2.80239000858273e-05 2.76140999631025e-05 2.83078006759752e-05 2.93492994387634e-05 3.04126006085426e-05 3.12330994347576e-05 3.20291001116857e-05 3.33790994773153e-05 3.41109007422347e-05 3.46047017956153e-05 3.51554008375388e-05 3.571479828679e-05 3.60763988282997e-05 3.5696299164556e-05 3.54162002622616e-05 3.53502982761711e-05 3.51591988874134e-05 3.47304994647857e-05 3.42359999194741e-05 3.36543016601354e-05
-3.4e+38 -3.4e+38 -3.4e+38 -3.4e+38 -3.4e+38 -3.4e+38 -3.4e+38 0.0236745998263359 0.0198982004076242 0.0150189995765686 6.2850799622538e-06 7.32416992832441e-06 9.5342802524101e-06 1.26311997519224e-05 1.64689008670393e-05 1.69898994499817e-05 1.74518991116202e-05 1.78398004209157e-05 1.78842001332669e-05 1.68707992997952e-05 1.55899997480446e-05 1.48204999277368e-05 1.44409996210015e-05 1.44226996781072e-05 1.44650002766866e-05 1.4702800399391e-05 1.55692996486323e-05 1.63273998623481e-05 1.69194008776685e-05 1.7506799849798e-05 1.86186007340439e-05 1.96843993762741e-05 2.08814999496099e-05 2.17059005080955e-05 2.24192008317914e-05 2.31796002481133e-05 2.38207994698314e-05 2.39829005295178e-05 2.37495005421806e-05 2.35759998759022e-05 2.33405007747933e-05 2.3062399122864e-05 2.28363005589927e-05 2.26153006224195e-05
