results/Predictions/Median/Callovian.asc
NCOLS 360 
NROWS 180 
XLLCORNER -180 
YLLCORNER -90 
CELLSIZE 1 
NODATA_value -3.4e+38 
[rows 0 to 19 of 180, columns 176 to 219 of 360]
-3.4e+38 -3.4e+38 -3.4e+38 -3.4e+38 -3.4e+38 -3.4e+38 -3.4e+38 -3.4e+38 -3.4e+38 -3.4e+38 -3.4e+38 -3.4e+38 -3.4e+38 -3.4e+38 -3.4e+38 -3.4e+38 -3.4e+38 -3.4e+38 -3.4e+38 -3.4e+38 -3.4e+38 -3.4e+38 -3.4e+38 -3.4e+38 -3.4e+38 -3.4e+38 -3.4e+38 -3.4e+38 -3.4e+38 -3.4e+38 -3.4e+38 -3.4e+38 -3.4e+38 -3.4e+38 -3.4e+38 -3.4e+38 -3.4e+38 -3.4e+38 -3.4e+38 -3.4e+38 -3.4e+38 -3.4e+38 -3.4e+38 -3.4e+38
-3.4e+38 -3.4e+38 -3.4e+38 -3.4e+38 -3.4e+38 -3.4e+38 -3.4e+38 -3.4e+38 -3.4e+38 -3.4e+38 -3.4e+38 -3.4e+38 -3.4e+38 -3.4e+38 -3.4e+38 -3.4e+38 -3.4e+38 -3.4e+38 -3.4e+38 -3.4e+38 -3.4e+38 -3.4e+38 -3.4e+38 -3.4e+38 -3.4e+38 -3.4e+38 -3.4e+38 -3.4e+38 -3.4e+38 -3.4e+38 -3.4e+38 -3.4e+38 -3.4e+38 -3.4e+38 -3.4e+38 -3.4e+38 -3.4e+38 -3.4e+38 -3.4e+38 -3.4e+38 -3.4e+38 -3.4e+38 -3.4e+38 -3.4e+38
-3.4e+38 -3.4e+38 -3.4e+38 -3.4e+38 -3.4e+38 -3.4e+38 -3.4e+38 -3.4e+38 -3.4e+38 -3.4e+38 -3.4e+38 -3.4e+38 -3.4e+38 -3.4e+38 -3.4e+38 -3.4e+38 -3.4e+38 -3.4e+38 -3.4e+38 -3.4e+38 -3.4e+38 -3.4e+38 0.000192788997082971 0.000189208993106149 0.000189009006135166 -3.4e+38 -3.4e+38 -3.4e+38 -3.4e+38 -3.4e+38 -3.4e+38 -3.4e+38 -3.4e+38 -3.4e+38 -3.4e+38 -3.4e+38 -3.4e+38 -3.4e+38 -3.4e+38 -3.4e+38 -3.4e+38 -3.4e+38 -3.4e+38 -3.4e+38
-3.4e+38 -3.4e+38 -3.4e+38 -3.4e+38 -3.4e+38 0.000274377001915127 0.000270985008683056 0.000267635012278333 0.000264216010691598 0.000260828004684299 0.000256400991929695 0.000252781988820061 0.000249475997406989 0.000246212992351502 0.000243875998421572 0.000240812994888984 0.000238681997871026 0.000236570995184593 0.000234138002269901 0.000225447001866996 0.000210029000299983 0.00019699199765455 0.000185657001566142 0.000182734002009965 0.000183313997695222 -3.4e+38 -3.4e+38 -3.4e+38 -3.4e+38 -3.4e+38 -3.4e+38 -3.4e+38 -3.4e+38 -3.4e+38 -3.4e+38 -3.4e+38 -3.4e+38 -3.4e+38 -3.4e+38 -3.4e+38 -3.4e+38 -3.4e+38 -3.4e+38 -3.4e+38
0.000293961988063529 0.00029001000802964 0.000286644994048402 0.00028285599546507 0.000277657993137836 0.000274163990980014 0.000270471995463595 0.000266262009972706 0.00026207699556835 0.000257757987128571 0.000253326987149194 0.000249153003096581 0.000245312985498458 0.000241532005020417 0.000237810003454797 0.000234624996664934 0.000232739999773912 0.000230870005907491 0.000229015000513755 0.00022359199647326 0.000208555997232907 0.000198898997041397 0.000188196005183272 -3.4e+38 -3.4e+38 -3.4e+38 -3.4e+38 -3.4e+38 -3.4e+38 -3.4e+38 -3.4e+38 -3.4e+38 -3.4e+38 -3.4e+38 -3.4e+38 -3.4e+38 -3.4e+38 -3.4e+38 -3.4e+38 -3.4e+38 -3.4e+38 -3.4e+38 -3.4e+38 -3.4e+38
0.000329703005263582 0.000327346991980448 0.00032477400964126 0.000321642000926659 0.000316438003210351 0.000311534007778391 0.000307965005049482 0.000304179004160687 0.000297943013720214 0.000291161006316543 0.000284948997432366 0.000278535997495055 0.000272356992354617 0.00026636099210009 0.000260413013165817 0.000255313003435731 0.000250965997111052 0.00024651299463585 0.000242316004005261 0.000245939008891582 0.000256339000770822 -3.4e+38 -3.4e+38 -3.4e+38 -3.4e+38 -3.4e+38 -3.4e+38 -3.4e+38 -3.4e+38 -3.4e+38 -3.4e+38 -3.4e+38 -3.4e+38 -3.4e+38 -3.4e+38 -3.4e+38 -3.4e+38 -3.4e+38 -3.4e+38 -3.4e+38 -3.4e+38 -3.4e+38 -3.4e+38 -3.4e+38
0.000413409987231717 0.00041918401257135 0.000420241995016113 0.000420369004132226 0.00041522498941049 0.000407705985708162 0.000400154996896163 0.000393885013181716 0.000382728991098702 0.000372222013538703 0.000361290003638715 0.000350913003785536 0.000337226985720918 0.000323541986290365 0.000310711009660736 0.000298833008855581 0.000288256997009739 0.000277882005320862 0.000268378993496299 0.000266415998339653 0.000270023010671139 0.000275286001851782 0.00027579499874264 -3.4e+38 -3.4e+38 -3.4e+38 -3.4e+38 -3.4e+38 -3.4e+38 -3.4e+38 -3.4e+38 -3.4e+38 -3.4e+38 -3.4e+38 -3.4e+38 -3.4e+38 -3.4e+38 -3.4e+38 -3.4e+38 -3.4e+38 -3.4e+38 -3.4e+38 -3.4e+38 -3.4e+38
0.000522039015777409 0.00053611199837178 0.00054269697284326 0.00054324499797076 0.000542110006790608 0.000529695011209697 0.000518608023412526 0.000518458022270352 0.000502225011587143 0.000485797005239874 0.000466121011413634 0.000443602009909227 0.000420919997850433 0.000399401993490756 0.000378984987037256 0.000360067002475262 0.000339641992468387 0.000320254999678582 0.000301916996249929 0.000289235991658643 0.000283205998130143 0.00027933600358665 0.000274443009402603 0.000274993013590574 0.000274519989034161 0.00027313400642015 -3.4e+38 -3.4e+38 -3.4e+38 -3.4e+38 -3.4e+38 -3.4e+38 -3.4e+38 -3.4e+38 -3.4e+38 -3.4e+38 -3.4e+38 -3.4e+38 -3.4e+38 -3.4e+38 -3.4e+38 -3.4e+38 -3.4e+38 -3.4e+38
0.000651862996164709 0.000645519990939647 0.000637954974081367 0.00063257897272706 0.000624566979240626 0.000611855008173734 0.000599715975113213 0.000585612026043236 0.000568468996789306 0.000548504001926631 0.000525566982105374 0.000502042006701231 0.000476360000902787 0.000451519998023286 0.000427625986048952 0.000401925994083285 0.000374302995624021 0.000348480010870844 0.000324201013427228 0.000304854998830706 0.000290644005872309 0.000281157990684733 0.000270974996965379 0.000270596006885171 0.000267863011686131 0.000265451002633199 0.000267966999672353 0.000270985998213291 0.000270785996690392 -3.4e+38 -3.4e+38 -3.4e+38 -3.4e+38 -3.4e+38 -3.4e+38 -3.4e+38 -3.4e+38 -3.4e+38 -3.4e+38 -3.4e+38 -3.4e+38 -3.4e+38 -3.4e+38 -3.4e+38
0.00078504002885893 0.000772057974245399 0.000754739972762764 0.00074067001696676 0.000726161000784487 0.000700358010362834 0.000678570009768009 0.000650221016258001 0.000634828000329435 0.000619872997049242 0.000590957992244512 0.00056083599338308 0.00052559602772817 0.0004937460180372 0.000452273990958929 0.000417084986111149 0.000383411010261625 0.00035245600156486 0.000323829997796565 0.000302539992844686 0.000289107993012294 0.000277181999990717 0.000261661014519632 0.0002602819877211 0.000261354987742379 0.000267368013737723 0.00026432701270096 0.00026721999165602 0.000268484000116587 0.000270009011728689 0.00026889200671576 0.000257384002907202 0.000244096998358145 0.00023252000391949 -3.4e+38 -3.4e+38 -3.4e+38 -3.4e+38 -3.4e+38 -3.4e+38 -3.4e+38 -3.4e+38 -3.4e+38 -3.4e+38
0.000907439971342683 0.000878303020726889 0.000848360010422766 0.000827113981358707 0.000801315996795893 0.00075717200525105 0.000724778976291418 0.000704148027580231 0.000678193988278508 0.000648794986773282 0.000601354986429214 0.000565656984690577 0.000547274015843868 0.000515864987391979 0.000470369006507099 0.000430159008828923 0.000393141992390156 0.000358955992851406 0.000329417001921684 0.000305161986034364 0.000289001007331535 0.000272106990450993 0.000257556006545201 0.000259388005360961 0.000264411006355658 0.000268417992629111 0.000273143989033997 0.000271305994829163 0.000267883995547891 0.000262559013208374 0.000256925995927304 0.000250070006586611 0.000242565001826733 0.000231637997785583 0.000226331001613289 0.000226326999836601 0.000225837997277267 0.000225529001909308 0.000228057004278526 -3.4e+38 -3.4e+38 -3.4e+38 -3.4e+38 -3.4e+38
0.000957339012529701 0.000920281978324056 0.000864656991325319 0.000800530018750578 0.000773193023633212 0.000757696980144829 0.000745109980925918 0.000733066990505904 -3.4e+38 -3.4e+38 -3.4e+38 -3.4e+38 -3.4e+38 -3.4e+38 -3.4e+38 -3.4e+38 -3.4e+38 -3.4e+38 0.000334176991600543 0.000315660989144817 0.000298569008009508 0.000275714992312714 0.000257490988587961 0.000258123996900395 0.000266346003627405 0.00027436699019745 0.000282882014289498 0.000271978002274409 0.000262031011516228 0.000252475991146639 0.000243456001044251 0.000235522995353676 0.000230528996326029 0.000225869996938854 0.000220685004023835 0.000220896996324882 0.00022263299615588 0.000224820003495552 0.000225600000703707 0.000223151000682265 0.000225967000005767 0.000225354000576772 -3.4e+38 -3.4e+38
0.00102245004381984 0.000966290012001991 0.000863271998241544 0.00079195701982826 0.000755797023884952 0.000767489022109658 0.000765928998589516 0.000757026020437479 0.00074809102807194 0.000744552991818637 -3.4e+38 -3.4e+38 -3.4e+38 -3.4e+38 -3.4e+38 -3.4e+38 -3.4e+38 -3.4e+38 -3.4e+38 -3.4e+38 -3.4e+38 -3.4e+38 0.00114317005500197 0.000967476982623339 0.000679026008583605 0.000452084990683943 0.000306194997392595 0.000295198988169432 0.000279972999123856 0.000262908986769617 0.000248074997216463 0.000240762004978023 0.000234114995691925 0.000228125005378388 0.000222632006625645 0.000224570001591928 0.000219648994971067 0.000222073998884298 0.000224802002776414 0.000221914000576362 0.000223673006985337 0.000222750997636467 0.000229861994739622 -3.4e+38
0.00103470997419208 0.000941308971960098 0.000845186994411051 0.000754954991862178 0.000716137990821153 0.00072650401853025 0.00073601002804935 0.000745085999369621 0.000731753010768443 0.00073327001882717 -3.4e+38 -3.4e+38 -3.4e+38 -3.4e+38 -3.4e+38 -3.4e+38 -3.4e+38 -3.4e+38 -3.4e+38 -3.4e+38 -3.4e+38 -3.4e+38 -3.4e+38 -3.4e+38 -3.4e+38 -3.4e+38 -3.4e+38 0.000299764011288062 0.000285965012153611 0.000270424992777407 0.000258076994214207 0.000262546993326396 0.000270029995590448 0.000270274991635233 0.000271308002993464 0.000257198989856988 0.000255877006566152 0.000257614010479301 0.000251849996857345 0.000248597003519535 0.00024079300055746 0.000237675005337223 0.000242515001446009 -3.4e+38
0.00104614999145269 0.000904758984688669 0.000780687027145177 0.000689046981278807 0.000660187972243875 0.000674812006764114 -3.4e+38 -3.4e+38 -3.4e+38 -3.4e+38 -3.4e+38 -3.4e+38 -3.4e+38 -3.4e+38 -3.4e+38 -3.4e+38 -3.4e+38 0.00101475999690592 0.00101462996099144 0.00104621995706111 0.00112610997166485 0.00116705999244004 0.00114067003596574 -3.4e+38 -3.4e+38 -3.4e+38 -3.4e+38 -3.4e+38 -3.4e+38 -3.4e+38 -3.4e+38 0.000293705001240596 0.000306128000374883 0.000320816005114466 0.000323268992360681 0.000311053998302668 0.000300795014481992 0.000294958997983485 0.000287367991404608 0.000276673003099859 0.000266355986241251 0.00025570098659955 0.000251165009103715 -3.4e+38
-3.4e+38 0.00104618002660573 0.000878699996974319 0.000747248996049166 0.000771309016272426 0.000980947981588542 0.00121602998115122 -3.4e+38 -3.4e+38 -3.4e+38 -3.4e+38 -3.4e+38 0.00147959997411817 0.00140668998938054 0.0013451500562951 0.0012879699934274 0.00122343003749847 0.00116059998981655 0.00109320995397866 0.00108348997309804 0.00112614000681788 0.00117499998304993 0.00119582994375378 0.00115598004776984 0.00105825997889042 0.00094846700085327 0.000856170023325831 0.000880893028806895 -3.4e+38 -3.4e+38 -3.4e+38 -3.4e+38 -3.4e+38 -3.4e+38 -3.4e+38 0.000341715000104159 0.000332338007865474 0.000321230007102713 0.000302783999359235 0.000285682996036485 0.000268973002675921 0.00025192101020366 0.000237835993175395 0.000230895006097853
-3.4e+38 -3.4e+38 0.00106727995444089 0.000965299026574939 0.000979157048277557 0.00112509995233268 0.00129809998907149 0.00151537999045104 0.00156967004295439 0.00156219000928104 0.00154864997602999 0.00153429002966732 0.00146350997965783 0.0013935100287199 0.00132941000629216 0.00126828998327255 0.00125325995031744 0.00121134996879846 0.00118790997657925 0.00116671994328499 0.00115799997001886 0.00115936994552612 0.00115485000424087 0.00107770005706698 0.00102133001200855 0.000922827981412411 0.000848611991386861 0.000874880002811551 0.000895243021659553 0.000932028982788324 0.000895369972568005 -3.4e+38 -3.4e+38 -3.4e+38 -3.4e+38 -3.4e+38 -3.4e+38 -3.4e+38 0.000297243997920305 0.000272561010206118 0.000254673999734223 0.000236452004173771 0.000227014999836683 0.000210117999813519
0.00125504995230585 -3.4e+38 -3.4e+38 0.00121209002099931 0.00124230002984405 0.00131320999935269 0.00140325003303587 0.00151676998939365 0.00154462002683431 0.00153777003288269 0.00153170002158731 0.00152491999324411 0.00144918996375054 0.00137986999470741 0.00131387996952981 0.00127020000945777 0.0012837799731642 0.00127143005374819 0.00129183998797089 0.00126028002705425 0.00119475997053087 0.00113483995664865 0.00107791996560991 0.00101211003493518 0.000952543981838971 0.00089917000150308 0.00083981198258698 0.000860564003232867 0.000883496017195284 0.000924444990232587 0.000917438010219485 0.000798220979049802 -3.4e+38 -3.4e+38 -3.4e+38 -3.4e+38 -3.4e+38 -3.4e+38 -3.4e+38 0.000268461008090526 0.000233312006457709 0.000215057007153518 0.000205964999622665 0.000197985995328054
0.00175228994339705 0.00158210005611181 -3.4e+38 -3.4e+38 0.00125176005531102 0.00134761002846062 0.00145382003393024 0.00158308004029095 0.00163835997227579 0.00165717001073062 0.00167665001936257 0.0017004800029099 0.00165381003171206 0.00160842994228005 0.00157798000145704 0.00154709001071751 0.00158529996406287 0.00159388000611216 0.00159277999773622 0.00155129004269838 0.00145026994869113 0.00135984004009515 0.00127107999287546 0.00119721004739404 0.00113263004459441 0.00104759994428605 0.000981944962404668 0.00097401300445199 0.000967960979323834 0.000983324949629605 0.000943819992244244 0.000816000974737108 0.000705644022673368 -3.4e+38 -3.4e+38 -3.4e+38 -3.4e+38 -3.4e+38 -3.4e+38 0.000271113007329404 0.000257019011769444 0.000233244005357847 0.000225555006181821 0.00021895399549976
0.00254462007433176 0.00205700006335974 0.00167887995485216 -3.4e+38 -3.4e+38 0.00139382004272193 0.0015217800391838 0.00167803000658751 0.00173736002761871 0.00178324000444263 0.00184587005060166 0.0019139499636367 0.00191808003000915 0.00192859000526369 0.00192816997878253 0.00191246997565031 0.00194675999227911 0.00196684990078211 0.00197527999989688 0.00188598001841456 0.00175227003637701 0.00162686000112444 0.00149102997966111 0.0013897999888286 0.00130005995742977 0.00122702994849533 0.00115171994548291 0.00110094004776329 0.00106489995960146 0.0010190800530836 0.000948327011428773 0.000821325986180454 0.000702487013768405 0.000602917978540063 0.000517264998052269 0.000429294013883919 0.000375559000531211 0.000313458003802225 0.000292676995741203 0.000278913008514792 0.000272464007139206 0.000266374991042539 0.000256511004408821 0.000248144002398476
