results/Predictions/Median/Campanian.asc
NCOLS 360 
NROWS 180 
XLLCORNER -180 
YLLCORNER -90 
CELLSIZE 1 
NODATA_value -3.4e+38 
[rows 54 to 80 of 180, columns 183 to 243 of 360]
0.278827995061874 0.314186990261078 0.340999007225037 0.36922499537468 0.39504200220108 0.397592008113861 0.400128990411758 0.402653008699417 0.402833014726639 -3.4e+38 -3.4e+38 -3.4e+38 0.372999012470245 0.364151000976562 0.356546014547348 0.348152995109558 0.337823003530502 0.326231986284256 -3.4e+38 -3.4e+38 -3.4e+38 0.278753012418747 0.264890998601913 0.25220599770546 0.241796001791954 0.231592997908592 0.222918003797531 0.217743992805481 0.21577300131321 0.214108005166054 0.212275996804237 0.215086996555328 0.219721004366875 0.226083993911743 0.232493996620178 -3.4e+38 -3.4e+38 0.222893998026848 0.218163996934891 0.209937006235123 0.202267006039619 0.194490000605583 0.176620006561279 0.152588993310928 0.129255995154381 0.107840001583099 0.10105399787426 0.0995166003704071 0.097972497344017 0.0964085012674332 0.0959215015172958 0.0973737984895706 0.0987256020307541 0.101695001125336 0.112715996801853 0.128216996788979 0.143788993358612 0.156417995691299 0.164244994521141 0.172842994332314 0.180663004517555
0.336230009794235 0.366421014070511 0.387079000473022 0.409292995929718 0.433140009641647 0.432848989963531 0.433113008737564 0.432891994714737 0.431118011474609 -3.4e+38 -3.4e+38 -3.4e+38 0.404852986335754 0.397112995386124 0.389315009117126 0.382672995328903 0.373324990272522 0.363505989313126 0.353657990694046 -3.4e+38 -3.4e+38 -3.4e+38 -3.4e+38 0.302924007177353 0.291891008615494 0.27887699007988 0.267679989337921 0.259876996278763 0.255991011857986 0.252126008272171 0.248282998800278 0.250818997621536 -3.4e+38 0.257932007312775 0.26298800110817 0.261301010847092 -3.4e+38 -3.4e+38 -3.4e+38 0.253666996955872 0.251498997211456 0.249289005994797 0.230743005871773 0.200913995504379 0.174327000975609 0.148813992738724 0.142868995666504 0.143194004893303 0.14334200322628 0.140832006931305 0.142360001802444 0.14436799287796 0.146167993545532 0.15072999894619 0.169045001268387 0.187573000788689 0.205577000975609 0.219714000821114 0.230317994952202 0.241134002804756 0.249708995223045
0.391918003559113 0.419146001338959 0.436084985733032 0.45320200920105 -3.4e+38 0.467182993888855 0.464697986841202 0.462211012840271 0.45881399512291 -3.4e+38 -3.4e+38 -3.4e+38 0.435054987668991 0.429233014583588 0.423280000686646 0.417201012372971 0.408639997243881 0.399082988500595 0.389629989862442 0.379554986953735 0.368512988090515 -3.4e+38 -3.4e+38 -3.4e+38 0.32974499464035 0.320778012275696 -3.4e+38 -3.4e+38 -3.4e+38 -3.4e+38 -3.4e+38 -3.4e+38 -3.4e+38 -3.4e+38 -3.4e+38 -3.4e+38 -3.4e+38 -3.4e+38 -3.4e+38 -3.4e+38 0.292995005846024 0.297827005386353 0.284065991640091 0.24864099919796 0.21882900595665 0.188915997743607 0.181733995676041 0.182356998324394 0.18147599697113 0.179085001349449 0.185275003314018 0.191183999180794 0.196135997772217 0.20474299788475 0.225144997239113 0.245068997144699 0.266265988349915 0.288069993257523 0.312182992696762 0.335011005401611 0.356808006763458
0.447724014520645 0.4721519947052 0.48369699716568 -3.4e+38 -3.4e+38 -3.4e+38 -3.4e+38 -3.4e+38 -3.4e+38 -3.4e+38 -3.4e+38 -3.4e+38 0.461683988571167 0.456355005502701 0.450866997241974 0.445071011781693 0.438138991594315 0.429892003536224 0.42103299498558 0.412409007549286 0.402794986963272 0.394466996192932 0.383917987346649 -3.4e+38 -3.4e+38 -3.4e+38 -3.4e+38 -3.4e+38 -3.4e+38 -3.4e+38 -3.4e+38 -3.4e+38 -3.4e+38 0.314020991325378 0.308357000350952 -3.4e+38 -3.4e+38 -3.4e+38 -3.4e+38 -3.4e+38 -3.4e+38 0.346933990716934 0.337695986032486 0.303223013877869 0.270096004009247 0.235037997364998 0.228127002716064 0.230307996273041 0.228590995073318 0.228266999125481 0.235036000609398 0.245232000946999 0.255322992801666 0.266097992658615 0.288185000419617 0.311955988407135 0.334468007087708 0.363745003938675 0.399446994066238 0.434421986341476 0.469000995159149
0.487239986658096 -3.4e+38 -3.4e+38 -3.4e+38 -3.4e+38 -3.4e+38 -3.4e+38 -3.4e+38 -3.4e+38 -3.4e+38 -3.4e+38 -3.4e+38 0.478318989276886 0.474153995513916 0.47018900513649 0.465900987386703 0.459138005971909 0.451550990343094 0.443282008171082 0.435900986194611 0.428721010684967 0.421581000089645 0.4132159948349 0.405757993459702 -3.4e+38 -3.4e+38 -3.4e+38 -3.4e+38 -3.4e+38 -3.4e+38 -3.4e+38 -3.4e+38 0.351280987262726 0.346073985099792 0.340258002281189 0.339291989803314 0.338299989700317 -3.4e+38 -3.4e+38 -3.4e+38 -3.4e+38 -3.4e+38 -3.4e+38 0.334261000156403 0.309756994247437 0.287487000226974 0.279605001211166 0.276533991098404 0.271468997001648 0.267612993717194 0.269134998321533 0.277658998966217 0.28744900226593 0.299551010131836 0.32150399684906 0.341937005519867 -3.4e+38 0.387021988630295 0.416456013917923 0.442892998456955 0.470728009939194
-3.4e+38 -3.4e+38 -3.4e+38 -3.4e+38 -3.4e+38 -3.4e+38 -3.4e+38 -3.4e+38 -3.4e+38 -3.4e+38 -3.4e+38 -3.4e+38 -3.4e+38 0.493923991918564 0.490278989076614 0.485146999359131 0.478574991226196 0.47146600484848 0.464482992887497 0.457866013050079 -3.4e+38 0.444398999214172 0.437797009944916 0.431363999843597 -3.4e+38 -3.4e+38 0.414763987064362 0.409251987934113 0.403804004192352 0.398487985134125 -3.4e+38 -3.4e+38 0.382919996976852 0.377422004938126 0.371966004371643 0.371717989444733 0.371614009141922 0.371214985847473 -3.4e+38 -3.4e+38 -3.4e+38 -3.4e+38 -3.4e+38 -3.4e+38 0.353924989700317 0.341039001941681 0.332385987043381 0.324770987033844 0.31699201464653 0.309325993061066 0.311417013406754 0.311670005321503 0.321262001991272 0.334039002656937 0.352825999259949 0.373246014118195 -3.4e+38 -3.4e+38 0.431962013244629 0.450697004795074 0.471606999635696
-3.4e+38 -3.4e+38 -3.4e+38 -3.4e+38 -3.4e+38 -3.4e+38 -3.4e+38 -3.4e+38 -3.4e+38 -3.4e+38 -3.4e+38 -3.4e+38 -3.4e+38 -3.4e+38 0.504278004169464 0.499956995248795 0.494886994361877 0.489674985408783 0.482818990945816 0.476812988519669 -3.4e+38 0.465236008167267 0.459334999322891 0.453135997056961 0.448311001062393 0.443188011646271 0.438010990619659 0.432760000228882 0.427433013916016 0.422055006027222 0.416761994361877 0.411767989397049 0.407079011201859 0.402352005243301 0.39793598651886 0.39818999171257 0.397430986166 0.396454006433487 -3.4e+38 -3.4e+38 -3.4e+38 -3.4e+38 -3.4e+38 -3.4e+38 -3.4e+38 -3.4e+38 0.367125004529953 0.359697014093399 0.351700991392136 0.343488991260529 0.345703989267349 0.347312986850739 0.348082005977631 0.359681010246277 0.37542000412941 0.394894003868103 -3.4e+38 -3.4e+38 -3.4e+38 -3.4e+38 0.468116998672485
0.57581502199173 0.576020002365112 0.577961981296539 0.577557981014252 0.576120972633362 0.56358402967453 0.55136102437973 -3.4e+38 -3.4e+38 -3.4e+38 -3.4e+38 -3.4e+38 -3.4e+38 -3.4e+38 0.51631897687912 0.512346982955933 0.507565975189209 0.502521991729736 0.497337996959686 0.491430997848511 0.486182987689972 -3.4e+38 0.474346995353699 0.468950003385544 0.464572995901108 0.459208995103836 0.453862011432648 0.449010998010635 0.443740993738174 0.438562005758286 0.432857990264893 0.428627014160156 0.425321012735367 0.421559005975723 0.417867988348007 -3.4e+38 -3.4e+38 -3.4e+38 -3.4e+38 -3.4e+38 -3.4e+38 -3.4e+38 -3.4e+38 -3.4e+38 -3.4e+38 -3.4e+38 -3.4e+38 0.379038989543915 0.373544991016388 0.367534995079041 0.37015700340271 0.371149986982346 0.371497988700867 0.375634014606476 0.389367997646332 0.406783014535904 0.418668985366821 -3.4e+38 -3.4e+38 -3.4e+38 -3.4e+38
0.595688998699188 0.591593980789185 0.587143003940582 0.583805978298187 0.578958988189697 0.56676197052002 0.554010987281799 0.543429017066956 0.53659999370575 -3.4e+38 -3.4e+38 -3.4e+38 -3.4e+38 -3.4e+38 -3.4e+38 0.523930013179779 0.519604980945587 0.514918982982635 0.510083019733429 0.50459897518158 -3.4e+38 -3.4e+38 -3.4e+38 0.482748001813889 0.478033006191254 0.4738489985466 0.468295007944107 0.462936013936996 0.458020985126495 0.452333986759186 0.44683900475502 0.444038987159729 0.442481994628906 0.440070986747742 0.437673985958099 0.435097008943558 0.432485014200211 0.429654985666275 -3.4e+38 -3.4e+38 -3.4e+38 -3.4e+38 -3.4e+38 -3.4e+38 -3.4e+38 -3.4e+38 -3.4e+38 -3.4e+38 -3.4e+38 0.392024993896484 0.393357992172241 0.393927991390228 0.394526988267899 0.395595997571945 0.402442008256912 0.414443999528885 0.425610989332199 -3.4e+38 -3.4e+38 -3.4e+38 -3.4e+38
0.587527990341187 0.5884969830513 0.587983012199402 0.587714016437531 0.586055994033813 0.573517978191376 0.561932981014252 0.55104798078537 0.543340027332306 0.543488025665283 -3.4e+38 -3.4e+38 -3.4e+38 -3.4e+38 -3.4e+38 -3.4e+38 0.525506973266602 0.51997298002243 0.514867007732391 0.509137988090515 -3.4e+38 -3.4e+38 -3.4e+38 0.490817993879318 0.48555400967598 0.480580985546112 0.475066006183624 0.469334006309509 0.464821010828018 0.460150986909866 0.455397009849548 0.452255010604858 0.449784010648727 0.447614014148712 0.445192992687225 0.442957997322083 0.440681993961334 0.438194990158081 0.435671001672745 -3.4e+38 -3.4e+38 -3.4e+38 -3.4e+38 -3.4e+38 -3.4e+38 -3.4e+38 -3.4e+38 -3.4e+38 -3.4e+38 -3.4e+38 -3.4e+38 0.400664001703262 0.402242004871368 0.402473986148834 0.403421014547348 0.413385003805161 0.422955006361008 -3.4e+38 -3.4e+38 -3.4e+38 -3.4e+38
0.579312026500702 0.58552497625351 0.588894009590149 0.592050015926361 0.594412982463837 0.581327021121979 0.569145023822784 0.557904005050659 0.547596991062164 0.545506000518799 -3.4e+38 -3.4e+38 -3.4e+38 -3.4e+38 -3.4e+38 -3.4e+38 0.527643024921417 0.522279977798462 0.516861975193024 0.511354982852936 0.507840991020203 -3.4e+38 -3.4e+38 0.496006995439529 0.490390002727509 0.484380006790161 0.478312999010086 -3.4e+38 -3.4e+38 0.465351998806 0.461560010910034 0.458382993936539 0.455516993999481 0.452538013458252 0.449496001005173 -3.4e+38 -3.4e+38 0.444626003503799 0.4425910115242 0.438481003046036 -3.4e+38 -3.4e+38 -3.4e+38 -3.4e+38 -3.4e+38 -3.4e+38 -3.4e+38 -3.4e+38 -3.4e+38 -3.4e+38 -3.4e+38 -3.4e+38 0.40735599398613 0.408652991056442 0.408300995826721 0.41261500120163 0.420538008213043 -3.4e+38 -3.4e+38 -3.4e+38 -3.4e+38
0.585038006305695 0.59322601556778 0.594581007957458 0.596621990203857 0.59825599193573 0.587069988250732 0.576393008232117 0.564830005168915 0.555208027362823 0.551302015781403 -3.4e+38 -3.4e+38 -3.4e+38 -3.4e+38 -3.4e+38 -3.4e+38 -3.4e+38 0.523819029331207 0.518703997135162 0.512959003448486 0.509612023830414 0.506219983100891 0.502781987190247 0.498847007751465 0.49251800775528 0.486436009407043 0.480926990509033 0.476462006568909 -3.4e+38 -3.4e+38 0.465072989463806 0.461683988571167 0.458487987518311 -3.4e+38 -3.4e+38 -3.4e+38 -3.4e+38 -3.4e+38 0.446256995201111 0.442750990390778 -3.4e+38 -3.4e+38 -3.4e+38 -3.4e+38 -3.4e+38 -3.4e+38 -3.4e+38 -3.4e+38 -3.4e+38 -3.4e+38 -3.4e+38 -3.4e+38 -3.4e+38 0.41125699877739 0.412229001522064 0.412405014038086 -3.4e+38 -3.4e+38 -3.4e+38 -3.4e+38 -3.4e+38
0.601917028427124 0.612114012241364 0.60912698507309 0.604430973529816 0.599451005458832 0.589187026023865 0.580439984798431 0.570770978927612 0.563084006309509 0.55868798494339 0.554186999797821 -3.4e+38 -3.4e+38 -3.4e+38 -3.4e+38 -3.4e+38 -3.4e+38 -3.4e+38 0.519720017910004 0.513575971126556 0.510222971439362 0.50646698474884 0.503278970718384 0.500163972377777 0.49609300494194 0.491950005292892 0.487342000007629 0.482641011476517 0.478624999523163 -3.4e+38 -3.4e+38 -3.4e+38 0.463546007871628 0.460487008094788 0.457376003265381 -3.4e+38 -3.4e+38 -3.4e+38 -3.4e+38 0.445923000574112 -3.4e+38 -3.4e+38 -3.4e+38 -3.4e+38 -3.4e+38 -3.4e+38 -3.4e+38 -3.4e+38 -3.4e+38 -3.4e+38 -3.4e+38 -3.4e+38 -3.4e+38 -3.4e+38 -3.4e+38 -3.4e+38 -3.4e+38 -3.4e+38 -3.4e+38 -3.4e+38 -3.4e+38
0.616576015949249 0.628022015094757 0.619805991649628 0.61047899723053 0.599682986736298 0.59060800075531 0.581834971904755 0.573168992996216 0.565017998218536 0.561012983322144 0.557370007038116 0.553399980068207 -3.4e+38 -3.4e+38 -3.4e+38 -3.4e+38 -3.4e+38 0.52844899892807 0.522382020950317 0.516529023647308 0.514312982559204 0.511934995651245 0.509064018726349 0.50552099943161 0.500635981559753 -3.4e+38 -3.4e+38 -3.4e+38 -3.4e+38 -3.4e+38 0.47477000951767 0.471960991621017 0.469076007604599 0.466650009155273 0.464210987091064 0.461768001317978 0.459237992763519 0.456405013799667 -3.4e+38 -3.4e+38 -3.4e+38 -3.4e+38 -3.4e+38 -3.4e+38 -3.4e+38 -3.4e+38 -3.4e+38 -3.4e+38 -3.4e+38 -3.4e+38 -3.4e+38 -3.4e+38 -3.4e+38 -3.4e+38 -3.4e+38 -3.4e+38 -3.4e+38 -3.4e+38 -3.4e+38 -3.4e+38 -3.4e+38
0.609842002391815 0.618016004562378 0.614063024520874 0.608991026878357 0.603649020195007 0.597267985343933 0.589839994907379 0.582921028137207 0.576165020465851 0.572176992893219 0.568222999572754 0.564947009086609 0.56121301651001 -3.4e+38 -3.4e+38 0.547608971595764 0.541545987129211 0.534880995750427 0.528766989707947 0.522298991680145 0.518123984336853 -3.4e+38 -3.4e+38 -3.4e+38 -3.4e+38 0.495858013629913 0.490628987550735 0.487603008747101 0.487179011106491 0.486577987670898 0.48514598608017 0.482780992984772 0.480112999677658 0.477551013231277 0.475609004497528 0.471722990274429 0.467958003282547 0.464500993490219 0.461621999740601 -3.4e+38 -3.4e+38 -3.4e+38 -3.4e+38 -3.4e+38 -3.4e+38 -3.4e+38 -3.4e+38 -3.4e+38 -3.4e+38 -3.4e+38 -3.4e+38 -3.4e+38 -3.4e+38 -3.4e+38 -3.4e+38 -3.4e+38 -3.4e+38 -3.4e+38 -3.4e+38 -3.4e+38 -3.4e+38
0.600239992141724 0.604919016361237 0.606045007705688 0.606375992298126 0.605161011219025 0.600006997585297 0.594749987125397 0.589392006397247 0.584906995296478 0.583006024360657 0.57949298620224 0.574855983257294 0.569510996341705 0.565734028816223 0.562794983386993 0.558714985847473 0.551068007946014 0.542497992515564 0.534889996051788 0.526369988918304 0.521456003189087 0.516910970211029 0.512286007404327 0.50655597448349 0.500801980495453 0.494852989912033 0.488680005073547 0.487015008926392 0.489668011665344 0.491506010293961 0.493734985589981 0.493360996246338 0.491288006305695 0.489881008863449 0.488225996494293 0.482277005910873 0.476516991853714 0.471352010965347 0.46814900636673 0.470093995332718 -3.4e+38 -3.4e+38 -3.4e+38 -3.4e+38 -3.4e+38 -3.4e+38 -3.4e+38 -3.4e+38 -3.4e+38 -3.4e+38 -3.4e+38 -3.4e+38 -3.4e+38 -3.4e+38 -3.4e+38 -3.4e+38 -3.4e+38 -3.4e+38 -3.4e+38 -3.4e+38 -3.4e+38
0.599650025367737 0.603362023830414 0.604687988758087 0.605157017707825 0.604556024074554 0.598526000976562 0.592698991298676 0.586015999317169 0.581869006156921 0.582188010215759 0.582310020923615 0.580045998096466 0.57601797580719 0.571026027202606 0.566367983818054 0.561309993267059 0.55426299571991 0.545624017715454 0.537180006504059 0.529133975505829 0.524358987808228 0.519680023193359 0.515136003494263 0.51087498664856 0.506739974021912 0.50237900018692 0.49762499332428 0.497334003448486 0.501240015029907 0.505473971366882 0.508683025836945 0.507341027259827 0.50457501411438 0.50160801410675 0.4983049929142 0.492262989282608 0.486263990402222 0.480042010545731 0.477221995592117 0.480504006147385 0.483244001865387 -3.4e+38 -3.4e+38 -3.4e+38 -3.4e+38 -3.4e+38 -3.4e+38 -3.4e+38 -3.4e+38 -3.4e+38 -3.4e+38 -3.4e+38 -3.4e+38 -3.4e+38 -3.4e+38 -3.4e+38 -3.4e+38 -3.4e+38 -3.4e+38 -3.4e+38 -3.4e+38
0.605346024036407 0.605942010879517 0.605552971363068 0.603985011577606 0.601009011268616 0.593860983848572 0.584776997566223 0.573176980018616 0.567351996898651 0.572067975997925 0.577346980571747 0.582651019096375 0.580977022647858 0.572412014007568 0.564141988754272 0.555637001991272 0.548775970935822 0.542879998683929 0.536737978458405 0.529631972312927 0.527100026607513 0.524474024772644 0.521785020828247 0.519468009471893 0.518862009048462 0.518468976020813 0.518154978752136 0.519589006900787 0.521920025348663 0.525497019290924 0.528280019760132 0.524293005466461 0.517615020275116 0.51289701461792 0.506139993667603 0.50076299905777 0.495662003755569 0.491059005260468 0.489241987466812 0.492745012044907 0.495386987924576 0.498017013072968 -3.4e+38 -3.4e+38 -3.4e+38 -3.4e+38 -3.4e+38 -3.4e+38 -3.4e+38 -3.4e+38 -3.4e+38 -3.4e+38 -3.4e+38 -3.4e+38 -3.4e+38 -3.4e+38 -3.4e+38 -3.4e+38 -3.4e+38 -3.4e+38 0.447490006685257
0.60657399892807 0.605578005313873 0.603133022785187 0.599038004875183 0.595678985118866 0.586314022541046 0.573673009872437 -3.4e+38 -3.4e+38 -3.4e+38 -3.4e+38 0.581717014312744 0.582023978233337 0.571421980857849 0.558912992477417 0.547152996063232 0.540448009967804 0.535368978977203 0.531879007816315 0.527745008468628 0.526690006256104 0.525593996047974 0.524223029613495 0.524405002593994 0.528268992900848 0.532141983509064 0.535564005374908 0.53874397277832 0.540422022342682 0.542685985565186 0.544817984104156 0.538771986961365 0.530955970287323 0.52226197719574 0.513647019863129 0.509270012378693 0.505155980587006 0.501065015792847 0.498930990695953 0.503165006637573 0.506452977657318 0.507501006126404 -3.4e+38 -3.4e+38 -3.4e+38 -3.4e+38 -3.4e+38 -3.4e+38 -3.4e+38 -3.4e+38 -3.4e+38 -3.4e+38 -3.4e+38 -3.4e+38 -3.4e+38 -3.4e+38 -3.4e+38 -3.4e+38 -3.4e+38 0.455828011035919 0.457071006298065
0.591870009899139 -3.4e+38 0.577901005744934 0.571272015571594 0.566532015800476 0.561367988586426 0.559553027153015 0.55670702457428 -3.4e+38 -3.4e+38 -3.4e+38 0.56155401468277 0.558790981769562 0.555063009262085 0.5504549741745 0.545498013496399 0.541804015636444 0.538151025772095 0.532128989696503 0.525734007358551 0.525623023509979 0.52531898021698 0.523953020572662 0.523379027843475 0.526081025600433 0.528702974319458 0.531208992004395 0.53200900554657 0.531524002552032 0.529334008693695 0.526820003986359 0.525095999240875 0.523486971855164 0.520803987979889 0.518028020858765 0.515169978141785 0.512416005134583 0.509133994579315 0.506350994110107 0.505367994308472 0.504401028156281 0.503271996974945 0.497467994689941 -3.4e+38 -3.4e+38 -3.4e+38 -3.4e+38 -3.4e+38 -3.4e+38 -3.4e+38 -3.4e+38 -3.4e+38 -3.4e+38 -3.4e+38 -3.4e+38 -3.4e+38 -3.4e+38 -3.4e+38 -3.4e+38 -3.4e+38 0.46951699256897
-3.4e+38 -3.4e+38 -3.4e+38 0.556250989437103 0.547433972358704 0.543079972267151 0.543856978416443 0.552061021327972 0.562470018863678 0.55712902545929 0.549848020076752 0.540441989898682 0.537440001964569 0.539283990859985 0.541126012802124 0.542564988136292 0.539476990699768 0.533443987369537 0.528485000133514 0.521485984325409 0.521089017391205 0.520678997039795 0.520465016365051 0.521171987056732 0.522086977958679 0.523782014846802 0.525448024272919 0.52563202381134 0.521880984306335 -3.4e+38 0.510374009609222 0.512582004070282 0.517925977706909 0.520480990409851 0.521883010864258 0.518790006637573 0.515348970890045 0.512399971485138 0.509543001651764 0.505940973758698 0.503323972225189 0.499949991703033 0.496706008911133 0.491961985826492 -3.4e+38 -3.4e+38 -3.4e+38 -3.4e+38 -3.4e+38 -3.4e+38 -3.4e+38 -3.4e+38 -3.4e+38 -3.4e+38 -3.4e+38 -3.4e+38 -3.4e+38 -3.4e+38 -3.4e+38 -3.4e+38 -3.4e+38
-3.4e+38 -3.4e+38 -3.4e+38 -3.4e+38 0.531463980674744 0.532316982746124 0.537395000457764 0.547733008861542 0.559166014194489 0.550384998321533 0.539147973060608 0.527005970478058 0.524304986000061 0.528905987739563 0.534452021121979 0.537759006023407 0.534346997737885 0.529699981212616 0.524163007736206 0.520574986934662 0.521806001663208 0.520915985107422 0.520627975463867 0.521058022975922 0.522800981998444 0.522818982601166 0.522179007530212 0.524089992046356 -3.4e+38 -3.4e+38 -3.4e+38 0.505623996257782 0.513999998569489 0.518617987632751 0.522718012332916 0.519954979419708 0.518366992473602 0.515866994857788 0.517364025115967 0.510819017887115 0.504491984844208 0.498944997787476 0.496969014406204 0.499087005853653 0.501851975917816 -3.4e+38 -3.4e+38 -3.4e+38 -3.4e+38 -3.4e+38 -3.4e+38 -3.4e+38 -3.4e+38 -3.4e+38 -3.4e+38 -3.4e+38 -3.4e+38 -3.4e+38 -3.4e+38 -3.4e+38 -3.4e+38
-3.4e+38 -3.4e+38 -3.4e+38 -3.4e+38 0.534331023693085 0.537010014057159 0.538484990596771 0.54102498292923 0.544104993343353 0.537259995937347 0.52911102771759 0.520307004451752 0.519527971744537 0.525583982467651 0.529403984546661 0.53133898973465 0.529314994812012 0.527249991893768 0.524098992347717 0.520762979984283 0.52252197265625 0.524232983589172 0.523644983768463 0.523819029331207 0.523539006710052 0.52489298582077 0.52624899148941 0.526037991046906 -3.4e+38 -3.4e+38 -3.4e+38 -3.4e+38 0.510246992111206 0.514286994934082 0.514769017696381 0.514766991138458 0.513938009738922 0.517955005168915 0.52027702331543 0.515071988105774 0.50856602191925 0.501487016677856 0.499720990657806 0.507677972316742 0.514450013637543 0.52106499671936 -3.4e+38 -3.4e+38 -3.4e+38 -3.4e+38 -3.4e+38 -3.4e+38 -3.4e+38 -3.4e+38 -3.4e+38 -3.4e+38 -3.4e+38 -3.4e+38 -3.4e+38 -3.4e+38 -3.4e+38
-3.4e+38 -3.4e+38 -3.4e+38 -3.4e+38 0.554018974304199 0.549239993095398 0.542342007160187 0.535809993743896 0.5278440117836 0.522719025611877 0.516855001449585 0.512818992137909 0.513450026512146 0.519663989543915 0.524262011051178 0.525228023529053 0.524905025959015 0.52487701177597 0.52461701631546 0.524078011512756 0.525442004203796 0.526665985584259 0.526688992977142 0.527696013450623 0.529488980770111 0.529449999332428 0.528765976428986 0.528865993022919 -3.4e+38 -3.4e+38 -3.4e+38 -3.4e+38 -3.4e+38 -3.4e+38 -3.4e+38 -3.4e+38 0.507355988025665 0.516654014587402 0.521687984466553 0.514868021011353 0.509010016918182 0.499159008264542 0.500136017799377 0.512660026550293 0.523541986942291 0.532674014568329 0.527554988861084 -3.4e+38 -3.4e+38 -3.4e+38 -3.4e+38 -3.4e+38 -3.4e+38 -3.4e+38 -3.4e+38 -3.4e+38 -3.4e+38 -3.4e+38 -3.4e+38 -3.4e+38 -3.4e+38
-3.4e+38 -3.4e+38 -3.4e+38 -3.4e+38 0.546181976795197 0.540395975112915 0.533946990966797 0.526929974555969 0.519833981990814 0.517301023006439 0.514394998550415 0.512108981609344 -3.4e+38 0.514841973781586 0.515316009521484 0.51492702960968 0.515262007713318 0.516198992729187 0.517159998416901 0.518212020397186 0.515161991119385 0.514500975608826 0.51807302236557 0.521198987960815 0.522385001182556 0.523182988166809 0.524582982063293 0.524257004261017 0.522032022476196 -3.4e+38 -3.4e+38 -3.4e+38 -3.4e+38 -3.4e+38 -3.4e+38 -3.4e+38 0.513177990913391 0.51826000213623 0.521975994110107 0.516906023025513 0.507719993591309 0.50006902217865 0.502179980278015 0.511904001235962 0.521917998790741 0.531297028064728 0.530951023101807 0.52718198299408 -3.4e+38 -3.4e+38 -3.4e+38 -3.4e+38 -3.4e+38 -3.4e+38 -3.4e+38 -3.4e+38 -3.4e+38 -3.4e+38 -3.4e+38 -3.4e+38 -3.4e+38
0.534389972686768 -3.4e+38 -3.4e+38 0.531332015991211 0.528455972671509 0.523697972297668 0.518692970275879 0.51705801486969 0.521821975708008 0.523374021053314 0.52311497926712 -3.4e+38 -3.4e+38 0.517431020736694 0.514177024364471 0.510814011096954 0.508579015731812 0.507323026657104 0.508885979652405 0.515069007873535 0.510214984416962 0.510446012020111 0.519025981426239 0.525466024875641 0.522543013095856 0.520519971847534 0.521512985229492 0.519042015075684 -3.4e+38 -3.4e+38 -3.4e+38 -3.4e+38 -3.4e+38 -3.4e+38 -3.4e+38 -3.4e+38 -3.4e+38 0.519849002361298 0.520492970943451 0.518563985824585 0.51343297958374 0.506910979747772 0.504944026470184 0.51155698299408 0.519528985023499 0.527719974517822 0.533254027366638 0.537244975566864 0.54017299413681 -3.4e+38 -3.4e+38 -3.4e+38 -3.4e+38 -3.4e+38 -3.4e+38 -3.4e+38 -3.4e+38 -3.4e+38 -3.4e+38 -3.4e+38 -3.4e+38
0.532953023910522 0.525611996650696 -3.4e+38 0.515379011631012 0.507077991962433 0.504737973213196 0.512260973453522 0.520994007587433 0.528837978839874 0.52989798784256 0.528069019317627 0.524616003036499 0.520802974700928 0.518022000789642 0.514591991901398 0.51102602481842 0.508629024028778 0.506274998188019 0.505142986774445 0.506838023662567 0.506780982017517 0.522347986698151 0.537964999675751 -3.4e+38 0.544457972049713 0.539288997650146 0.533626973628998 -3.4e+38 -3.4e+38 -3.4e+38 -3.4e+38 -3.4e+38 -3.4e+38 -3.4e+38 -3.4e+38 -3.4e+38 -3.4e+38 -3.4e+38 0.521812975406647 0.519087016582489 0.51538497209549 0.511196970939636 0.510816991329193 0.514108002185822 0.519442975521088 0.527157008647919 0.536027014255524 0.544839978218079 0.553372025489807 -3.4e+38 -3.4e+38 -3.4e+38 -3.4e+38 -3.4e+38 -3.4e+38 -3.4e+38 -3.4e+38 -3.4e+38 -3.4e+38 -3.4e+38 -3.4e+38
