results/Predictions/Median/Campanian.asc
NCOLS 360 
NROWS 180 
XLLCORNER -180 
YLLCORNER -90 
CELLSIZE 1 
NODATA_value -3.4e+38 
[rows 0 to 19 of 180, columns 44 to 87 of 360]
5.83279984311957e-08 5.83432999690103e-08 5.83499009110255e-08 5.83566013290238e-08 5.8363301747022e-08 5.83625983097136e-08 5.83593013914196e-08 5.8356100396395e-08 5.83528994013705e-08 5.8346799391984e-08 5.83405999066144e-08 5.83344998972279e-08 5.83289008204702e-08 5.83248009888848e-08 5.83207011572995e-08 5.83166013257141e-08 5.831450167193e-08 5.83143986432333e-08 5.83143986432333e-08 5.83142991672503e-08 5.82801007453781e-08 5.82234989110475e-08 5.81670995813965e-08 5.81069983240923e-08 5.80352015333574e-08 5.79648009590983e-08 5.78932990435987e-08 5.77669005963344e-08 5.76818983688554e-08 5.75968996940901e-08 5.75121994472738e-08 5.74232004169062e-08 5.73984983986975e-08 5.80186991783194e-08 6.20607991663746e-08 7.2129900274831e-08 1.35131003276001e-07 5.40578980690043e-07 4.5404399884319e-07 3.96655991607986e-07 9.91693980267883e-08 6.15634974110435e-08 5.66252005285151e-08 5.62403990045368e-08
0.000137288006953895 0.000137260998599231 0.00013723800657317 0.000137202005134895 0.000137209994136356 0.000137120994622819 0.000137210998218507 0.00013712199870497 0.00013703599688597 0.00013702099386137 0.000136964998091571 0.000136895992909558 0.000136846007080749 0.000136784001369961 0.000133203997393139 0.000133548994199373 0.000128097002743743 0.000128247993416153 0.000128742001834325 0.000127913997857831 0.000127042992971838 0.000114681999548338 6.96115021128207e-05 7.45857032597996e-05 7.49370010453276e-05 7.29499006411061e-05 5.24290990142617e-05 5.87756003369577e-05 2.96620000881376e-05 2.87877992377616e-05 2.46566996793263e-05 2.10227008210495e-05 1.36045000544982e-05 1.08587000795524e-05 1.69310005730949e-05 3.56765995093156e-05 3.78270997316577e-05 2.13825005630497e-05 6.68564007355599e-06 5.36584002475138e-06 6.96533015798195e-06 5.9863498336199e-07 8.06326028168769e-08 6.13022024253951e-08
0.000138542003696784 0.000138482995680533 0.000138497998705134 0.000139190000481904 0.000140079006087035 0.000138906005304307 0.000138564995722845 0.000138488001539372 0.000138428993523121 0.000138689996674657 0.000140288000693545 0.000139519004733302 0.000138404997414909 0.000138005998451263 0.000138054994749837 0.000140392003231682 0.000139733994728886 0.000139340001624078 0.000140332995215431 0.000141441996674985 0.000136706003104337 0.00013672599743586 0.000136714996187948 0.000136593997012824 0.000136019996716641 0.000136557006044313 0.000136649992782623 0.000136764007038437 0.00013627800217364 0.00013611999747809 0.000135989001137204 0.000135837006382644 0.000131356006022543 0.000128818006487563 0.000126885002828203 9.84048019745387e-05 7.00746968504973e-05 3.16885998472571e-05 8.10677011031657e-06 8.663840162626e-06 3.96432005800307e-06 1.34962999709387e-06 4.29252992262263e-07 8.35049007719135e-08
0.000146496997331269 0.000146552003570832 0.000146856997162104 0.000148038001498207 0.000148140999954194 0.000147472994285636 0.000147124999784864 0.000146791004226543 0.000146948004839942 0.00014701699547004 0.000147212005686015 0.000147126993397251 0.000147108003147878 0.000146998005220667 0.000146909995237365 0.000146826001582667 0.000146664999192581 0.000146450998727232 0.000146243997733109 0.000146032994962297 0.000145729005453177 0.000144920995808206 0.000140805001137778 0.00013703599688597 0.000133031993755139 0.000107070998637937 7.07061990397051e-05 4.33595014328603e-05 1.84288001037203e-05 7.62738000048557e-06 5.31724981556181e-06 1.65350002134801e-06 3.7355400195338e-07 2.72719006488842e-07 9.79606014084311e-08 7.65332970331656e-08 7.19048003361422e-08 6.32726013805041e-08 6.00193033051255e-08 5.94299010003851e-08 5.93024012118804e-08 5.91901994084765e-08 5.90761999319511e-08 5.89563988739883e-08
0.000136065005790442 0.000137228998937644 0.000138627001433633 0.000140257005114108 0.000142785997013561 0.000144842997542582 0.000145559999509715 0.000146720994962379 0.000148767998325638 0.000150202002259903 0.000151353000546806 0.000152477994561195 0.000153647997649387 0.000153699002112262 0.000149198996950872 0.000143733006552793 5.56738013983704e-05 1.71011997736059e-05 4.13183988712262e-06 8.80162019711861e-07 3.12115986389472e-07 1.00671996960955e-07 7.70210988321196e-08 6.52114025001538e-08 6.43079971496263e-08 6.39943991131986e-08 6.36823997979263e-08 6.33782022418927e-08 6.30942977863924e-08 6.28116012535429e-08 6.25302973844555e-08 6.23059008830751e-08 6.24496010459552e-08 6.25937985887504e-08 6.26252969482266e-08 6.22081017809251e-08 6.17788984413892e-08 6.13528001736086e-08 6.09295014442068e-08 6.06653003387692e-08 6.04676984039543e-08 6.02707999064478e-08 6.00730984956499e-08 5.98718017386091e-08
0.000118429001304321 0.000118787000246812 0.000118807001854293 0.000119718999485485 0.000121094999485649 0.000122159995953552 0.000123110003187321 0.000122113997349516 6.0783600929426e-05 9.43004977216333e-07 9.59550021661926e-08 7.47068966688857e-08 5.98162017695358e-08 5.56636017279288e-08 5.59866002447507e-08 5.61587008007791e-08 5.6266799219884e-08 5.71676004312849e-08 5.81230992224846e-08 5.87711994626261e-08 5.92493982765063e-08 5.9200701230111e-08 5.9135100372032e-08 5.94786015994941e-08 5.93444013929911e-08 5.91875988220636e-08 5.89747983781308e-08 5.876620079448e-08 5.85682009557331e-08 5.83709010015809e-08 5.81743009320235e-08 5.82932990766949e-08 5.87024011622361e-08 5.88190012251744e-08 5.89358997160616e-08 5.92113984509979e-08 5.9103399507876e-08 5.9440100841357e-08 5.97786993239424e-08 6.02269025762325e-08 6.06518000267897e-08 6.04836003503806e-08 6.0545701785486e-08 6.07920966899655e-08
9.93378998828121e-05 9.96528033283539e-05 0.0001000389966066 9.98737014015205e-05 9.95938025880605e-05 9.88367028185166e-05 9.72721027210355e-05 9.82053961706697e-07 4.14564986783716e-08 4.18733989704378e-08 4.23536015148329e-08 4.28433004628914e-08 4.35293010525584e-08 4.47137011860832e-08 4.61356002290358e-08 4.76061998710975e-08 4.96007999117865e-08 4.9814101288348e-08 5.00283015014702e-08 5.09542985582812e-08 5.21849017331988e-08 5.37786988275002e-08 5.54212000736243e-08 5.69202995848173e-08 5.67735014556092e-08 5.66270017543502e-08 5.64809994330062e-08 5.62759012723291e-08 5.58943007433754e-08 5.55153008008347e-08 5.51389014447068e-08 5.46937002354753e-08 5.4999201637429e-08 5.53614007969827e-08 5.54130004104536e-08 5.55420989201139e-08 5.58356987312436e-08 5.62707000995033e-08 5.70728992954628e-08 5.75898013721599e-08 5.77839003312874e-08 5.83290997724362e-08 5.89791007143958e-08 5.93537983206716e-08
8.17988984636031e-05 8.21580979391001e-05 8.24973030830733e-05 8.2910803030245e-05 8.25410024845041e-05 8.1299600424245e-05 8.03532966529019e-05 7.52665000618435e-05 5.98451006226242e-05 6.64609979139641e-06 7.01076032783021e-08 3.72684993976691e-08 3.30893001887489e-08 3.43692008186736e-08 3.59325014187561e-08 3.70627013523972e-08 3.87387011357987e-08 4.07432985127798e-08 4.37537011066524e-08 4.67238017165528e-08 4.89744991227781e-08 5.0951999952531e-08 5.22168015493207e-08 5.24036991578214e-08 5.20835996553615e-08 5.19328011705511e-08 5.22345011688685e-08 5.24331014162271e-08 5.23663992169077e-08 5.25839993770205e-08 5.28026014023908e-08 5.32290016508341e-08 5.38685007711592e-08 5.42345013343493e-08 5.35965014591966e-08 5.29939008231395e-08 5.30193986492122e-08 5.35242001831193e-08 5.38179989462151e-08 5.42984004425762e-08 5.48587983928428e-08 5.56312009791782e-08 5.61514994501522e-08 5.73574006068611e-08
8.25936003820971e-05 8.31139986985363e-05 8.35629034554586e-05 8.3567101683002e-05 8.40228021843359e-05 8.35782993817702e-05 8.28627016744576e-05 7.98516994109377e-05 7.63283023843542e-05 7.67271994845942e-05 7.47792000765912e-05 3.70529014617205e-05 4.21297991124447e-05 2.1367699446273e-05 1.27743996927165e-05 4.91000992042245e-06 1.50000994381116e-06 3.32659993773632e-07 1.1013400325055e-07 7.39133980687257e-08 5.63289006549894e-08 5.11359985466697e-08 5.25710994736528e-08 5.40605995524857e-08 5.38403988059599e-08 5.35121991163123e-08 5.29477013344604e-08 5.23585015343997e-08 5.17147995537925e-08 5.10577002899026e-08 5.04089996411494e-08 4.97951013755937e-08 4.99092998040851e-08 5.0793300232499e-08 5.22502006106151e-08 5.33509982858504e-08 5.34431983112427e-08 5.24991996542212e-08 5.3146798961734e-08 5.30430988021635e-08 5.33100994459801e-08 5.32307993239556e-08 5.35545012780858e-08 5.50279999345094e-08
-3.4e+38 -3.4e+38 -3.4e+38 -3.4e+38 -3.4e+38 -3.4e+38 -3.4e+38 -3.4e+38 -3.4e+38 -3.4e+38 -3.4e+38 -3.4e+38 -3.4e+38 -3.4e+38 8.93070027814247e-05 9.48680972214788e-05 9.92640998447314e-05 0.000101325000287034 0.000103521997516509 0.000106305000372231 0.000109248998342082 0.000114654001663439 0.000117563002277166 0.000119105003250297 0.000104343998827972 7.05180991644738e-06 1.51779005364006e-07 6.80616025761083e-08 5.00758012833558e-08 4.81438000576873e-08 4.80340993647133e-08 4.92603007273829e-08 5.0436501197737e-08 4.99254007024774e-08 4.99372987405877e-08 5.09538011783661e-08 5.21982990164815e-08 5.3029001634286e-08 5.29919006453383e-08 5.19156984069014e-08 5.12121012263833e-08 5.08245001640262e-08 5.07912005787148e-08 5.22916998590972e-08
-3.4e+38 -3.4e+38 -3.4e+38 -3.4e+38 -3.4e+38 -3.4e+38 -3.4e+38 -3.4e+38 -3.4e+38 -3.4e+38 -3.4e+38 -3.4e+38 -3.4e+38 -3.4e+38 0.000100660996395163 0.000100675002613571 0.000101386001915671 0.000101865996839479 0.000104432998341508 0.000107104999187868 0.000108093998278491 0.000109444998088293 0.000112932997581083 0.000116773997433484 0.000114125999971293 0.000111070003185887 0.000107635001768358 0.000105746999906842 0.000106694002170116 0.000106961000710726 0.000107191997813061 0.000103370002761949 2.04299994948087e-05 4.88142973154027e-07 7.93842005464285e-08 5.62356987643398e-08 5.5353300609795e-08 5.53071011211159e-08 5.52912986506726e-08 5.38599991273259e-08 5.21350003168664e-08 5.10222015748241e-08 5.01112005224513e-08 4.99497012640404e-08
-3.4e+38 -3.4e+38 -3.4e+38 -3.4e+38 -3.4e+38 -3.4e+38 -3.4e+38 -3.4e+38 -3.4e+38 -3.4e+38 -3.4e+38 -3.4e+38 -3.4e+38 -3.4e+38 -3.4e+38 -3.4e+38 -3.4e+38 -3.4e+38 -3.4e+38 0.00011204899783479 0.00010943399684038 0.000109594002424274 0.000112258996523451 0.000116631999844685 0.000113481000880711 0.000110768996819388 0.000107917003333569 0.000107081003079657 0.000107942003523931 0.000107248000858817 0.000107740997918881 0.000112087996967603 0.000125588005175814 0.000133224006276578 0.000145306999911554 0.000150071005919017 0.000143233002745546 7.11717002559453e-05 1.5877600390013e-06 1.17119000719867e-07 8.04500004392139e-08 7.36048022531577e-08 6.15725994634886e-08 7.38059000582325e-08
-3.4e+38 -3.4e+38 -3.4e+38 -3.4e+38 -3.4e+38 -3.4e+38 -3.4e+38 -3.4e+38 -3.4e+38 -3.4e+38 -3.4e+38 -3.4e+38 -3.4e+38 -3.4e+38 -3.4e+38 -3.4e+38 -3.4e+38 -3.4e+38 -3.4e+38 -3.4e+38 -3.4e+38 -3.4e+38 -3.4e+38 -3.4e+38 -3.4e+38 -3.4e+38 -3.4e+38 -3.4e+38 -3.4e+38 -3.4e+38 -3.4e+38 -3.4e+38 -3.4e+38 0.000169353006640449 0.000169666003785096 0.000169449005625211 0.000166686993907206 0.000162313997861929 0.00015581700426992 0.00013904100342188 0.000125039005069993 0.000109635999251623 9.4794602773618e-05 8.69783980306238e-05
-3.4e+38 -3.4e+38 -3.4e+38 -3.4e+38 -3.4e+38 -3.4e+38 -3.4e+38 -3.4e+38 -3.4e+38 -3.4e+38 -3.4e+38 -3.4e+38 -3.4e+38 -3.4e+38 -3.4e+38 -3.4e+38 -3.4e+38 -3.4e+38 -3.4e+38 -3.4e+38 -3.4e+38 -3.4e+38 -3.4e+38 -3.4e+38 -3.4e+38 -3.4e+38 -3.4e+38 -3.4e+38 -3.4e+38 -3.4e+38 -3.4e+38 -3.4e+38 -3.4e+38 -3.4e+38 0.000169666993315332 0.000173074004123919 0.00017353700241074 0.000172165993717499 0.000171566003700718 0.000155906993313693 0.000144438003189862 0.000139340001624078 0.000125901002320461 0.00011891499889316
-3.4e+38 -3.4e+38 -3.4e+38 -3.4e+38 -3.4e+38 -3.4e+38 -3.4e+38 -3.4e+38 -3.4e+38 -3.4e+38 -3.4e+38 -3.4e+38 -3.4e+38 -3.4e+38 -3.4e+38 -3.4e+38 -3.4e+38 -3.4e+38 -3.4e+38 -3.4e+38 -3.4e+38 -3.4e+38 -3.4e+38 -3.4e+38 -3.4e+38 -3.4e+38 -3.4e+38 -3.4e+38 -3.4e+38 -3.4e+38 -3.4e+38 -3.4e+38 -3.4e+38 -3.4e+38 -3.4e+38 0.000183324998943135 0.000181947005330585 0.000184313001227565 0.000186545003089122 0.000174975997651927 0.000162105003255419 0.000153351997141726 0.00014301500050351 0.000131722001242451
-3.4e+38 -3.4e+38 -3.4e+38 -3.4e+38 -3.4e+38 -3.4e+38 -3.4e+38 -3.4e+38 -3.4e+38 -3.4e+38 -3.4e+38 -3.4e+38 -3.4e+38 -3.4e+38 -3.4e+38 -3.4e+38 -3.4e+38 -3.4e+38 -3.4e+38 -3.4e+38 -3.4e+38 -3.4e+38 -3.4e+38 -3.4e+38 -3.4e+38 -3.4e+38 -3.4e+38 -3.4e+38 -3.4e+38 -3.4e+38 -3.4e+38 -3.4e+38 -3.4e+38 -3.4e+38 -3.4e+38 -3.4e+38 -3.4e+38 0.00019659599638544 0.000197040004422888 0.000185651995707303 0.000170872997841798 0.000160850002430379 0.000150873005622998 0.000138285002321936
-3.4e+38 -3.4e+38 -3.4e+38 -3.4e+38 -3.4e+38 -3.4e+38 -3.4e+38 -3.4e+38 -3.4e+38 -3.4e+38 -3.4e+38 -3.4e+38 -3.4e+38 -3.4e+38 -3.4e+38 -3.4e+38 -3.4e+38 -3.4e+38 -3.4e+38 -3.4e+38 -3.4e+38 -3.4e+38 -3.4e+38 -3.4e+38 -3.4e+38 -3.4e+38 -3.4e+38 -3.4e+38 -3.4e+38 -3.4e+38 -3.4e+38 -3.4e+38 -3.4e+38 -3.4e+38 -3.4e+38 -3.4e+38 -3.4e+38 -3.4e+38 -3.4e+38 -3.4e+38 0.000171863997820765 0.000160556999617256 0.00015150400577113 0.000139381998451427
-3.4e+38 -3.4e+38 -3.4e+38 -3.4e+38 -3.4e+38 -3.4e+38 -3.4e+38 -3.4e+38 -3.4e+38 -3.4e+38 -3.4e+38 -3.4e+38 -3.4e+38 -3.4e+38 -3.4e+38 -3.4e+38 -3.4e+38 -3.4e+38 -3.4e+38 -3.4e+38 -3.4e+38 -3.4e+38 -3.4e+38 -3.4e+38 -3.4e+38 -3.4e+38 -3.4e+38 -3.4e+38 -3.4e+38 -3.4e+38 -3.4e+38 -3.4e+38 -3.4e+38 -3.4e+38 -3.4e+38 -3.4e+38 -3.4e+38 -3.4e+38 -3.4e+38 -3.4e+38 -3.4e+38 -3.4e+38 -3.4e+38 -3.4e+38
-3.4e+38 -3.4e+38 -3.4e+38 -3.4e+38 -3.4e+38 -3.4e+38 -3.4e+38 -3.4e+38 -3.4e+38 -3.4e+38 -3.4e+38 -3.4e+38 -3.4e+38 -3.4e+38 -3.4e+38 -3.4e+38 -3.4e+38 -3.4e+38 -3.4e+38 -3.4e+38 -3.4e+38 -3.4e+38 -3.4e+38 -3.4e+38 -3.4e+38 -3.4e+38 -3.4e+38 -3.4e+38 -3.4e+38 -3.4e+38 -3.4e+38 -3.4e+38 -3.4e+38 -3.4e+38 -3.4e+38 -3.4e+38 -3.4e+38 -3.4e+38 -3.4e+38 -3.4e+38 -3.4e+38 -3.4e+38 -3.4e+38 -3.4e+38
0.00353223993442953 0.00353503995575011 -3.4e+38 -3.4e+38 -3.4e+38 -3.4e+38 -3.4e+38 -3.4e+38 -3.4e+38 -3.4e+38 -3.4e+38 -3.4e+38 -3.4e+38 -3.4e+38 -3.4e+38 -3.4e+38 -3.4e+38 -3.4e+38 -3.4e+38 -3.4e+38 -3.4e+38 -3.4e+38 -3.4e+38 -3.4e+38 -3.4e+38 -3.4e+38 -3.4e+38 -3.4e+38 -3.4e+38 -3.4e+38 -3.4e+38 -3.4e+38 -3.4e+38 -3.4e+38 -3.4e+38 -3.4e+38 -3.4e+38 -3.4e+38 -3.4e+38 -3.4e+38 -3.4e+38 -3.4e+38 -3.4e+38 -3.4e+38
