results/Predictions/Median/Campanian.asc
NCOLS 360 
NROWS 180 
XLLCORNER -180 
YLLCORNER -90 
CELLSIZE 1 
NODATA_value -3.4e+38 
[rows 120 to 139 of 180, columns 88 to 131 of 360]
0.000478986010421067 0.000478119996841997 0.000476379005704075 0.000476115994388238 0.000474375003250316 0.00047342199832201 0.000472510990221053 0.000470797996968031 0.000466920988401398 0.000459986011264846 0.000452114996733144 0.000446644990006462 0.000439338007709011 0.000431780994404107 0.000421978009399027 0.000411334011005238 0.0003988670068793 0.000387859006877989 0.000380223005777225 0.000371484988136217 0.000359294994268566 0.000349173002177849 0.000343485007761046 0.00033130100928247 0.000325008004438132 0.00031702101114206 0.000307153997709975 0.000299607985652983 0.000289871008135378 0.00028108200058341 0.000270836986601353 0.000262232002569363 0.000251355988439173 0.000233023005421273 0.000212200000532903 0.000191989005543292 0.000147856000694446 0.000111786997877061 8.76275007613003e-05 7.05005004419945e-05 0.000105924002127722 0.000156862995936535 0.000216935994103551 -3.4e+38
0.000433454988524318 0.000432222994277254 0.000431033986387774 0.000429889012593776 0.000428748986450955 0.000427611987106502 0.000425189005909488 0.000422876997618005 0.000419540010625497 0.000415957008954138 0.000407730985898525 0.000399671000195667 0.000391773995943367 0.000383017002604902 0.000371473986888304 0.000366118008969352 0.000355969998054206 0.000347877008607611 0.000338621000992134 0.000329058995703235 0.000322690000757575 0.000316519988700747 0.000308143004076555 0.000300616986351088 0.000295583013212308 0.00028807800845243 0.000277954997727647 0.000270408985670656 0.000263191002886742 0.000256723986240104 0.00025127301341854 0.000244927010498941 0.000231084006372839 0.00021513199317269 0.000197026995010674 0.000181397001142614 0.000126775004900992 9.10909002413973e-05 7.01820026733913e-05 5.54926009499468e-05 8.54281024658121e-05 0.000134082001750357 0.000206331998924725 -3.4e+38
0.000398425007006153 0.000396896997699514 0.000393964000977576 0.000392887013731524 0.000391228008083999 0.000388003012631088 0.000381757010472938 0.000375033007003367 0.000370079011190683 0.000367400993127376 0.000359930010745302 0.000352734001353383 0.000341673992807046 0.000334559008479118 0.00032951298635453 0.000323329004459083 0.000313438009470701 0.000306403991999105 0.000301982014207169 0.000295006990199909 0.000288334005745128 0.000283845991361886 0.000280648004263639 0.000275764003163204 0.000269896001555026 0.000261640001554042 0.000254237005719915 0.000246446987148374 0.000240383000345901 0.000232017002417706 0.000227632001042366 0.000220532005187124 0.000210330006666481 0.000194235006347299 0.000182496005436406 0.000169114995514974 0.000110483000753447 7.58547030272894e-05 6.05173991061747e-05 4.41224983660504e-05 4.47480997536331e-05 4.64574004581664e-05 5.29095996171236e-05 -3.4e+38
0.000345239008311182 0.000342159008141607 0.000338390003889799 0.000333261996274814 0.000328555994201452 0.0003239169891458 0.000322139007039368 0.00031658899388276 0.000313608004944399 0.000311506009893492 0.000307393987895921 0.000300384999718517 0.000294791010674089 0.00028959900373593 0.000284893001662567 0.000280323991319165 0.000272594013949856 0.00026501200045459 0.000260619010077789 0.000256881001405418 0.000251599005423486 0.000247187999775633 0.000244244991336018 0.0002405980048934 0.000234127001021989 0.000228026998229325 0.000226920004934072 0.000219270004890859 0.000214105006307364 0.000210180005524307 0.00020656299602706 0.000199767004232854 0.000190731007023714 0.000179454000317492 0.000171520005096681 0.000162953001563437 0.00011112799984403 8.05145973572508e-05 6.44851970719174e-05 5.24235983903054e-05 4.99525995110162e-05 4.99406014569104e-05 5.44329013791867e-05 -3.4e+38
0.000284617999568582 0.000281907996395603 0.000279058993328363 0.000277551996987313 0.00027703499654308 0.000275356986094266 0.000273314013611525 0.000271552999038249 0.000267403986072168 0.000265020004007965 0.000263755995547399 0.000258704996667802 0.000252691999776289 0.000246659008553252 0.000240302993915975 0.000237315995036624 0.000233016995480284 0.000228218006668612 0.000223852999624796 0.000220354006160051 0.000216482992982492 0.000213135994272307 0.000210287005756982 0.000207529999897815 0.000204523006686941 0.000201068993192166 0.000198905006982386 0.000195757005712949 0.00019133799651172 0.000184524993528612 0.000179982002009638 0.000180956005351618 0.000171539999428205 0.000162230004207231 0.000156951005919836 0.000154712004587054 0.000113672002044041 8.60509026097134e-05 7.07186991348863e-05 6.06329995207489e-05 5.57044004381169e-05 5.40984983672388e-05 0.000274402002105489 -3.4e+38
0.000224978997721337 0.000225607000174932 0.00022667899611406 0.00022663599520456 0.000225499999942258 0.000224041999899782 0.000222845003008842 0.000221567999687977 0.000219763998757116 0.000217679000343196 0.000214735002373345 0.000212048995308578 0.000209445002838038 0.000206751996302046 0.000203503994271159 0.000200306007172912 0.000197043002117425 0.00019404900376685 0.000190332997590303 0.000186078003025614 0.000183921001735143 0.000182599993422627 0.000180539005668834 0.000177527996129356 0.000174568995134905 0.000173701002495363 0.000170778002939187 0.000168914993992075 0.000167965001310222 0.000164063996635377 0.000160740994033404 0.000159247996634804 0.000155062996782362 0.000147818995174021 0.000142995995702222 0.000138992007123306 0.000105111001175828 8.38904015836306e-05 7.02317993273027e-05 6.30420036031865e-05 5.91518000874203e-05 6.02098989475053e-05 0.100451000034809 -3.4e+38
0.000175751993083395 0.000177334994077682 0.000177199995960109 0.000176116998773068 0.000174911998328753 0.00017568000475876 0.000175476001459174 0.000174971006345004 0.0001737749989843 0.00017414300236851 0.000172683998243883 0.000171224994119257 0.000169778999406844 0.00016788300126791 0.000165349003509618 0.000162732001626864 0.000160398005391471 0.000157144997501746 0.00015598299796693 0.000155030997120775 0.000153166998643428 0.000152073000208475 0.00015104899648577 0.000149347994010895 0.00014621700393036 0.000144774006912485 0.00014416899648495 0.00014215700502973 0.000140047995955683 0.000139558003866114 0.000138112998683937 0.000135569003759883 0.000130389002151787 0.000128440005937591 0.000125513994134963 0.000119459997222293 9.13559997570701e-05 7.64556971262209e-05 6.54601026326418e-05 6.01608007855248e-05 5.65927985007875e-05 5.59758009330835e-05 -3.4e+38 -3.4e+38
0.000139377007144503 0.000139651005156338 0.000139807001687586 0.000139873998705298 0.000139573006890714 0.00013899699843023 0.000139933006721549 0.000140256001031958 0.000140388001454994 0.000140446005389094 0.000140018993988633 0.000139593001222238 0.000137630995595828 0.000135298003442585 0.000133766006911173 0.000132342000142671 0.000132169006974436 0.00013102100638207 0.000130340005853213 0.00012863299343735 0.000126714003272355 0.000124580998090096 0.000122782003018074 0.000120921999041457 0.000118258001748472 0.000118094998470042 0.000117930998385418 0.000117734001833014 0.000117593997856602 0.000117076997412369 0.000115533999633044 0.000114217000373174 0.00011223999899812 0.000108788000943605 0.000106246996438131 0.000102587000583299 8.09018019936047e-05 6.96821007295512e-05 6.12075964454561e-05 5.54006001038942e-05 5.15741994604468e-05 5.27349002368283e-05 -3.4e+38 -3.4e+38
0.000107045998447575 0.000108410997199826 0.000109523003629874 0.000110335000499617 0.000110380002297461 0.00011033099872293 0.000110542998299934 0.000110489003418479 0.000110473003587686 0.000110945999040268 0.00010992099851137 0.000109031003376003 0.000108631997136399 0.000107621002825908 0.000106635998236015 0.00010645199654391 0.000106268002127763 0.000106059000245295 0.000105838000308722 0.000105617997178342 0.000105300001450814 0.000104113001725636 0.000102236997918226 0.000100395001936704 9.85860970104113e-05 9.77152012637816e-05 9.77703966782428e-05 9.81956982286647e-05 9.80413969955407e-05 9.80974000412971e-05 9.7148098575417e-05 9.50316025409847e-05 9.30719979805872e-05 9.33537012315355e-05 9.30468013393693e-05 9.17513971216977e-05 7.64948999858461e-05 6.56718984828331e-05 5.87727008678485e-05 5.45227012480609e-05 5.12808983330615e-05 5.31016994500533e-05 -3.4e+38 -3.4e+38
8.38097985251807e-05 8.41142973513342e-05 8.41149012558162e-05 8.3996303146705e-05 8.38799023767933e-05 8.51356016937643e-05 8.59813007991761e-05 8.67463968461379e-05 8.72888995218091e-05 8.7834800069686e-05 8.78528007888235e-05 8.7870801507961e-05 8.78888968145475e-05 8.78869032021612e-05 8.78247010405175e-05 8.70009971549734e-05 8.61215012264438e-05 8.53614983498119e-05 8.47179035190493e-05 8.407929999521e-05 8.34454986033961e-05 8.25356983114034e-05 8.24301023385487e-05 8.23246009531431e-05 8.14535014797002e-05 8.18288972368464e-05 8.18625994725153e-05 8.14201994217001e-05 8.16864994703792e-05 8.11802019597962e-05 8.08390977908857e-05 8.0426201748196e-05 8.06285024737008e-05 7.97836983110756e-05 8.06683019618504e-05 8.30783974379301e-05 6.98771982570179e-05 6.13481024629436e-05 5.68801006011199e-05 5.37568994332105e-05 5.32347985426895e-05 5.40268010809086e-05 -3.4e+38 -3.4e+38
6.28584020887502e-05 6.3718602177687e-05 6.44156971247867e-05 6.49440989946015e-05 6.54147006571293e-05 6.58795979688875e-05 6.59259021631442e-05 6.63469036226161e-05 6.68024003971368e-05 6.73253016429953e-05 6.7508801294025e-05 6.76369963912293e-05 6.75928968121298e-05 6.76245981594548e-05 6.76538984407671e-05 6.76831987220794e-05 6.77123971399851e-05 6.77185016684234e-05 6.76128984196112e-05 6.75616975058801e-05 6.75104020047002e-05 6.74726979923435e-05 6.72668029437773e-05 6.68028005748056e-05 6.63419996271841e-05 6.65724001009949e-05 6.680339720333e-05 6.70353983878158e-05 6.7280197981745e-05 6.69065993861295e-05 6.66878986521624e-05 6.7785702412948e-05 6.84581973473541e-05 6.91125969751738e-05 6.94385016686283e-05 7.12901019142009e-05 6.32965020486154e-05 5.80189989705104e-05 5.49807991774287e-05 5.33860984432977e-05 5.29442986589856e-05 5.98752994847018e-05 -3.4e+38 -3.4e+38
4.90025995532051e-05 4.95884014526382e-05 5.01450012961868e-05 5.05144998896867e-05 5.08617013110779e-05 5.1389099098742e-05 5.16822983627208e-05 5.18716005899478e-05 5.20698995387647e-05 5.22689988429192e-05 5.24817005498335e-05 5.26932017237414e-05 5.29054013895802e-05 5.30610013811383e-05 5.30577999597881e-05 5.30278011865448e-05 5.30110992258415e-05 5.30811012140475e-05 5.32379999640398e-05 5.34704013261944e-05 5.37704981979914e-05 5.38802014489193e-05 5.40449982509017e-05 5.42103007319383e-05 5.43282003491186e-05 5.53405006940011e-05 5.55428996449336e-05 5.57458988623694e-05 5.57860003027599e-05 5.59963009436615e-05 5.58516985620372e-05 5.6282300647581e-05 5.74297991988715e-05 5.83342989557423e-05 5.97358011873439e-05 6.08590016781818e-05 5.67747993045487e-05 5.32193007529713e-05 5.20114008395467e-05 5.15262981934939e-05 5.15940992045216e-05 0.0111346999183297 -3.4e+38 -3.4e+38
3.79080011043698e-05 3.84142003895249e-05 3.88184998882934e-05 3.89568995160516e-05 3.90956993214786e-05 3.94458984374069e-05 3.98796000808943e-05 4.02736986870877e-05 4.06715989811346e-05 4.10735010518692e-05 4.14068999816664e-05 4.1721901652636e-05 4.20391988882329e-05 4.23671008320525e-05 4.26338992838282e-05 4.29266001447104e-05 4.31711014243774e-05 4.33538007200696e-05 4.3660300434567e-05 4.39678988186643e-05 4.42226009909064e-05 4.43923017883208e-05 4.46179001301061e-05 4.47763995907735e-05 4.48339014837984e-05 4.52087006124202e-05 4.59445982414763e-05 4.67719983134884e-05 4.70874001621269e-05 4.69070000690408e-05 4.69502992928028e-05 4.70802006020676e-05 4.81019014841877e-05 5.02861003042199e-05 5.16397994942963e-05 5.32347003172617e-05 5.0928101700265e-05 4.92984981974587e-05 4.89314988953993e-05 4.95351996505633e-05 4.80652015539818e-05 -3.4e+38 -3.4e+38 -3.4e+38
3.0154200430843e-05 3.03924007312162e-05 3.10065006488003e-05 3.16986988764256e-05 3.20496983476914e-05 3.23622989526484e-05 3.26316003338434e-05 3.29153990605846e-05 3.32017007167451e-05 3.34905016643461e-05 3.38958998327143e-05 3.42763014486991e-05 3.46449996868614e-05 3.49918991560116e-05 3.52643000951502e-05 3.55388001480605e-05 3.57606986653991e-05 3.60449994332157e-05 3.63873987225816e-05 3.67206012015231e-05 3.70632005797233e-05 3.73541988665238e-05 3.76161988242529e-05 3.78969998564571e-05 3.81296995328739e-05 3.84679988201242e-05 3.88480984838679e-05 3.94927010347601e-05 3.99493983422872e-05 4.05657992814668e-05 4.09577005484607e-05 4.1290699300589e-05 4.17330993514042e-05 4.32742017437704e-05 4.47046004410367e-05 4.57216992799658e-05 4.44608012912795e-05 4.33960012742318e-05 4.3136598833371e-05 4.35123984061647e-05 4.32597007602453e-05 -3.4e+38 -3.4e+38 -3.4e+38
2.42635996983154e-05 2.45153005380416e-05 2.48778997047339e-05 2.52250993071357e-05 2.56154999078717e-05 2.59672997344751e-05 2.62132998614106e-05 2.64800000877585e-05 2.67493996943813e-05 2.70216005446855e-05 2.74121994152665e-05 2.77857998298714e-05 2.81237007584423e-05 2.84706002275925e-05 2.88212995656068e-05 2.91002997983014e-05 2.93639004667057e-05 2.97148999379715e-05 3.01561995001975e-05 3.06041984003969e-05 3.1058800232131e-05 3.14083990815561e-05 3.17242993332911e-05 3.20434010063764e-05 3.23870990541764e-05 3.27074012602679e-05 3.30691000272054e-05 3.33321986545343e-05 3.37152014253661e-05 3.44627987942658e-05 3.52267998096067e-05 3.60076992365066e-05 3.65974010492209e-05 3.7243400583975e-05 3.83082988264505e-05 3.93406990042422e-05 3.84937993658241e-05 3.75884992536157e-05 3.75589006580412e-05 3.5814900911646e-05 -3.4e+38 -3.4e+38 -3.4e+38 -3.4e+38
1.95371994777815e-05 1.97696008399362e-05 2.00025006051874e-05 2.02358005481074e-05 2.04718999157194e-05 2.06871991395019e-05 2.09281006391393e-05 2.11902006412856e-05 2.14336996577913e-05 2.16798998735612e-05 2.20450001506833e-05 2.2502299543703e-05 2.2947200704948e-05 2.33316004596418e-05 2.36062005569693e-05 2.38840002566576e-05 2.4165099603124e-05 2.45383998844773e-05 2.50080993282609e-05 2.54868991760304e-05 2.59747994277859e-05 2.63862002611859e-05 2.6775100195664e-05 2.71697008429328e-05 2.75702004728373e-05 2.80575004580896e-05 2.82742003037129e-05 2.85418991552433e-05 2.90677999146283e-05 2.99448001896963e-05 3.08484013658017e-05 3.18452002829872e-05 3.22829982906114e-05 3.21664010698441e-05 3.20493018080015e-05 3.19317987305112e-05 3.20024992106482e-05 3.2998501410475e-05 3.26558001688682e-05 3.19475984724704e-05 -3.4e+38 -3.4e+38 -3.4e+38 -3.4e+38
1.55410998559091e-05 1.57225003931671e-05 1.59054998221109e-05 1.60899999173125e-05 1.62766991707031e-05 1.64655994012719e-05 1.66451991390204e-05 1.6823099940666e-05 1.70312996488065e-05 1.73268999787979e-05 1.78563004737953e-05 1.84019991138484e-05 1.89248003152898e-05 1.93128998944303e-05 1.95697994058719e-05 1.98302004719153e-05 2.00939994101645e-05 2.04701991606271e-05 2.09650006581796e-05 2.1471800209838e-05 2.1894100427744e-05 2.2280399207375e-05 2.26592001126846e-05 2.30586992984172e-05 2.35180996241979e-05 2.38932007050607e-05 2.43387003138196e-05 2.47653006226756e-05 2.53306006925413e-05 2.61911991401576e-05 2.72804991254816e-05 2.82764995063189e-05 2.85071000689641e-05 2.76454993581865e-05 2.69864995061653e-05 2.63618003373267e-05 2.80692001979332e-05 3.01789004879538e-05 3.10797986458056e-05 -3.4e+38 -3.4e+38 -3.4e+38 -3.4e+38 -3.4e+38
1.23896998047712e-05 1.26245995488716e-05 1.28295996546512e-05 1.30083999465569e-05 1.31897004393977e-05 1.3373500223679e-05 1.35445998239447e-05 1.3712699910684e-05 1.38827999762725e-05 1.40551001095446e-05 1.43813003887772e-05 1.47483997352538e-05 1.5153200365603e-05 1.553569927637e-05 1.58253005793085e-05 1.61202005983796e-05 1.64205994224176e-05 1.68089991348097e-05 1.74431006598752e-05 1.80907991307322e-05 1.86194993148092e-05 1.90460996236652e-05 1.94424992514541e-05 1.98472007468808e-05 2.02604005608009e-05 2.05956002901075e-05 2.09267000172986e-05 2.13235998671735e-05 2.19671001104871e-05 2.30883997573983e-05 2.41048001043964e-05 2.52465997618856e-05 2.53297002927866e-05 2.43597005464835e-05 2.35325005633058e-05 2.25925996346632e-05 2.1861700588488e-05 2.17395991057856e-05 2.10498001251835e-05 -3.4e+38 -3.4e+38 -3.4e+38 -3.4e+38 -3.4e+38
9.94340007309802e-06 1.01532996268361e-05 1.03697002487024e-05 1.05510998764657e-05 1.07355999716674e-05 1.09215998236323e-05 1.11438002932118e-05 1.13870000859606e-05 1.1635699593171e-05 1.18772995847394e-05 1.21838002087316e-05 1.24981997942086e-05 1.28207002489944e-05 1.31721999423462e-05 1.34374004119309e-05 1.37077995532309e-05 1.39885996759403e-05 1.43563001984148e-05 1.4832499800832e-05 1.53241999214515e-05 1.58341008500429e-05 1.62930991791654e-05 1.67379002959933e-05 1.7282100088778e-05 1.77679994521895e-05 1.8130000171368e-05 1.84994005394401e-05 1.87914993148297e-05 1.93134001165163e-05 2.04576008400181e-05 2.16617008845787e-05 2.27562995860353e-05 2.28669996431563e-05 2.2386600903701e-05 2.18570003198693e-05 2.13203002203954e-05 2.09612007893156e-05 2.08063993341057e-05 7.87306998972781e-05 -3.4e+38 -3.4e+38 -3.4e+38 -3.4e+38 -3.4e+38
8.09230004961137e-06 8.29766031529289e-06 8.49504976940807e-06 8.65504989633337e-06 8.81805044627981e-06 8.98410962690832e-06 9.18528985494049e-06 9.38233006309019e-06 9.57820975600043e-06 9.80177992460085e-06 1.01683999673696e-05 1.05637000160641e-05 1.09167003756738e-05 1.12055004137801e-05 1.14363001557649e-05 1.16812998385285e-05 1.19351998364436e-05 1.22845003716066e-05 1.27371004055021e-05 1.32060004034429e-05 1.36917997224373e-05 1.41317996167345e-05 1.45664998854045e-05 1.50180003402056e-05 1.54833996930392e-05 1.58236998686334e-05 1.61706993822008e-05 1.65246001415653e-05 1.71018000401091e-05 1.81384002644336e-05 1.9465000150376e-05 2.0512199625955e-05 2.07121993298642e-05 2.03915005840827e-05 2.00760005100165e-05 1.97654007934034e-05 2.00172999029746e-05 2.02747996809194e-05 -3.4e+38 -3.4e+38 -3.4e+38 -3.4e+38 -3.4e+38 -3.4e+38
