results/Predictions/Median/Campanian.asc
NCOLS 360 
NROWS 180 
XLLCORNER -180 
YLLCORNER -90 
CELLSIZE 1 
NODATA_value -3.4e+38 
[rows 80 to 99 of 180, columns 220 to 263 of 360]
-3.4e+38 0.518221020698547 0.516158998012543 0.51809298992157 0.518784999847412 0.518903017044067 0.517701029777527 0.517167985439301 0.511740982532501 0.468201011419296 0.361577987670898 0.398059993982315 0.000455659988801926 0.00045550600043498 0.000456339010270312 0.00045630699605681 0.000456673005828634 0.000457607995485887 0.000457813002867624 0.000459664006484672 0.00045985498582013 0.000459662987850606 0.000459541013697162 0.000459842995041981 0.000459070986835286 0.000458861002698541 0.00045862200204283 0.00045844100532122 0.000458972004707903 0.000459564995253459 0.000460128008853644 0.000461024988908321 0.000460682000266388 0.000462233001599088 0.000463320990093052 0.000465182005427778 0.000465413992060348 0.000467486999696121 0.000472076004371047 0.000480629008961841 0.000480690010590479 0.000499438028782606 0.000504656985867769 0.000509913021232933
-3.4e+38 0.524793028831482 0.519406020641327 0.520846009254456 0.521081984043121 0.520960986614227 0.520274996757507 0.519210994243622 0.517453014850616 0.507685005664825 0.405378997325897 0.358718991279602 0.00358644989319146 0.000465355988126248 0.000466789992060512 0.000470441009383649 0.000472632003948092 0.000473327003419399 0.000474819011287764 0.000475923006888479 0.000476499000797048 0.000476749992230907 0.000476774992421269 0.000476680987048894 0.00047642199206166 0.000476134999189526 0.000475706998258829 0.000474019994726405 0.000473580992547795 0.000475039996672422 0.000476627988973632 0.000476585992146283 0.000475229986477643 0.00047413501306437 0.000474912987556309 0.000476555986097082 0.000483354990137741 0.000482567003928125 0.000489138998091221 0.000500252994243056 0.000509569013956934 0.000511753023602068 0.000512804021127522 0.000512781029101461
-3.4e+38 -3.4e+38 0.540383994579315 0.530533015727997 0.526784002780914 0.524358987808228 0.523133993148804 0.522078990936279 0.521255016326904 0.513772010803223 0.501931011676788 0.380378007888794 0.405128002166748 0.000480668997624889 0.000484305986901745 0.000488060992211103 0.000491596001666039 0.000492802006192505 0.000494015985168517 0.000495293003041297 0.000495474028866738 0.000494715000968426 0.000493959989398718 0.000494194973725826 0.000493599975015968 0.000494957028422505 0.000496410997584462 0.000497233995702118 0.000497852975968271 0.000497283006552607 0.000497979985084385 0.00050134101184085 0.000496779975946993 0.000496495980769396 0.000496176013257354 0.000508708006236702 0.000515865976922214 0.000519038992933929 0.000520140980370343 0.000519766996148974 0.000519416993483901 0.000516469997819513 0.00051655899733305 0.000519753026310354
-3.4e+38 -3.4e+38 0.537289023399353 0.52733701467514 0.526196002960205 0.52529102563858 0.523325979709625 0.522224009037018 0.521951973438263 0.519532024860382 0.511162996292114 0.425518989562988 0.347095012664795 0.000731722975615412 0.000469971011625603 0.000471233011921868 0.000471681007184088 0.000473446008982137 0.000475237990031019 0.000478214991744608 0.000478105997899547 0.000477419001981616 0.000478214991744608 0.000477205991046503 0.000478283996926621 0.000479053007438779 0.000481836992548779 0.000483354000607505 0.000483145006000996 0.000480766990222037 0.000482522009406239 0.000491362996399403 0.000497691973578185 0.000499729008879513 0.000505120027810335 0.00050574098713696 0.000505311996676028 0.000505083007737994 0.000504757976159453 0.000504526018630713 0.00050432700663805 0.000505057978443801 0.000506168988067657 0.000506769982166588
-3.4e+38 -3.4e+38 0.529205977916718 0.526764988899231 0.526238977909088 0.526004016399384 0.525613009929657 0.525319993495941 0.524834990501404 0.523585021495819 0.517114996910095 0.496398985385895 0.381920009851456 0.203336000442505 0.000467486999696121 0.000467353995190933 0.000467486999696121 0.000468104000901803 0.000471425009891391 0.000474069005576894 0.000480532005894929 0.000481185998069122 0.000481841998407617 0.000482284987810999 0.000481847993796691 0.000482028000988066 0.000495019019581378 0.000495914020575583 0.000497654022183269 0.000499240006320179 0.000500913010910153 0.000502766983117908 0.000499614980071783 0.000500198977533728 0.000500784022733569 0.000501448987051845 0.000502193986903876 0.00050294102402404 0.000504355004522949 0.000508324010297656 0.000507322023622692 0.000506119977217168 0.000506940996274352 0.000507852993905544
-3.4e+38 0.546920001506805 0.530712008476257 0.528141975402832 0.527175009250641 0.526341021060944 0.526377022266388 0.526373982429504 0.526308000087738 0.526441991329193 0.526682019233704 0.510241985321045 0.38408499956131 0.516613006591797 0.000478761008707806 0.000476121989777312 0.000476234999950975 0.000479409995023161 0.000481391994981095 0.000480187998618931 0.000479843001812696 0.000492604973260313 0.000497740984428674 0.000498790992423892 0.000500272028148174 0.000501692004036158 0.000503117975313216 0.000499540998134762 0.000499946996569633 0.000500352995004505 0.000500760972499847 0.000503359013237059 0.000507239019498229 0.000510532991029322 0.00051287398673594 0.000511469028424472 0.000509971985593438 0.000508479017298669 0.000506990996655077 0.000505995994899422 0.000506673997733742 0.000507353979628533 0.000508035998791456 0.00050879898481071
-3.4e+38 0.542847990989685 0.531208992004395 0.529869019985199 0.527450025081635 0.526455998420715 0.52700799703598 0.527656018733978 0.527971029281616 0.529033005237579 0.529470026493073 0.514822006225586 0.391461998224258 0.509639978408813 0.000479865993838757 0.000480023998534307 0.000478314992506057 0.000478725007269531 0.000484251009766012 0.00049579597543925 0.000493862025905401 0.000499794026836753 0.000501682981848717 0.000503915012814105 0.000505784992128611 0.000507536984514445 0.000509294972289354 0.000511060992721468 0.000512724975124002 0.000514396000653505 0.000513801001943648 0.000512628990691155 0.000511351972818375 0.000510078971274197 0.000508809986058623 0.000507491000462323 0.000506257987581193 0.000507912016473711 0.000509571982547641 0.00051160401199013 0.000513767008669674 0.000512759026605636 0.000510754005517811 0.000509609002619982
-3.4e+38 0.545031011104584 0.534255981445312 0.531162023544312 0.528428971767426 0.527749001979828 0.528698980808258 0.529200971126556 0.530798017978668 0.532755970954895 0.536406993865967 0.526058971881866 0.389670997858047 0.498515009880066 0.000496568973176181 0.00049495801795274 0.000494711974170059 0.000497227010782808 0.000503908027894795 0.00050969299627468 0.000507081975229084 0.000506518990732729 0.000508579018060118 0.000511321006342769 0.000513540988322347 0.000515463994815946 0.000516953994520009 0.000516781990882009 0.000515952007845044 0.000515140010975301 0.000514329993166029 0.000513610022608191 0.000512972008436918 0.000512334983795881 0.00051342201186344 0.000514975981786847 0.00051626400090754 0.000516614993102849 0.000516968022566289 0.00051798002095893 0.000516295025590807 0.000514088023919612 0.00051189202349633 0.000510986021254212
0.553079009056091 0.544515013694763 0.536315977573395 0.530915975570679 0.528600990772247 0.528016984462738 0.529627978801727 0.530970990657806 0.534497976303101 0.538379013538361 0.541077971458435 0.532006978988647 0.4184730052948 0.00114020996261388 0.000513864972162992 0.000511431018821895 0.000511522986926138 0.000512288010213524 0.000513055012561381 0.000513824983499944 0.000514522020239383 0.00051514501683414 0.000515769992489368 0.000516397005412728 0.00051696301670745 0.000517509994097054 0.000518058019224554 0.000518606975674629 0.00051914801588282 0.000519689987413585 0.000520233006682247 0.000520793022587895 0.000518841028679162 0.000516464991960675 0.00051410001469776 0.000513927021529526 0.000514529005158693 0.000514985993504524 0.000512940983753651 0.000511084974277765 0.000510260986629874 0.000511432997882366 0.000512607977725565 0.000513593025971204
0.551379024982452 0.544790983200073 0.53863799571991 0.530948996543884 0.529056012630463 0.528331995010376 0.52981299161911 0.531570971012115 0.537169992923737 0.54025399684906 0.547071993350983 0.473809987306595 0.00106800999492407 0.000522391987033188 0.000518833985552192 0.000515301013365388 0.000513528997544199 0.000514174986165017 0.000514823012053967 0.000515473017003387 0.000516075000632554 0.0005166310002096 0.000517188978847116 0.000517747015692294 0.000518934975843877 0.000518708024173975 0.00051917799282819 0.000519649009220302 0.00052012299420312 0.000520598026923835 0.000520344998221844 0.000518277985975146 0.000516658998094499 0.000515095016453415 0.000513575971126556 0.000512342026922852 0.000513002974912524 0.000513995008077472 0.000514989020302892 0.000515981984790415 0.000516976986546069 0.000517974025569856 0.000518914021085948 0.000518699001986533
0.552617013454437 0.546287000179291 0.538596987724304 0.53193598985672 0.529462993144989 0.529179990291595 0.531315982341766 0.53379899263382 0.535293996334076 0.543673992156982 0.547272026538849 0.0157836992293596 0.000520361994858831 0.000517699983902276 0.000515317020472139 0.000515401014126837 0.000515593972522765 0.000516117026563734 0.000516640022397041 0.00051716499729082 0.000517665001098067 0.000519084976986051 0.000518584973178804 0.000519049004651606 0.000519447028636932 0.000519822991918772 0.000520199013408273 0.00052021601004526 0.000519254012033343 0.000518339977134019 0.000517427979502827 0.000516558007802814 0.000515807012561709 0.000514851999469101 0.000513052975293249 0.000512876024004072 0.00051371700828895 0.000514558982104063 0.000515402003657073 0.000516264990437776 0.000517135020345449 0.000518006971105933 0.00051878101658076 0.000518583983648568
-3.4e+38 0.551160991191864 0.539337992668152 0.534925997257233 0.530833005905151 0.531448006629944 0.533527970314026 0.537209987640381 0.541406989097595 0.541141986846924 0.500321984291077 0.000515680992975831 0.000517272972501814 0.000517360982485116 0.000517448992468417 0.000517537991981953 0.000517703010700643 0.000518098997417837 0.000518495973665267 0.000518482993356884 0.000515847990754992 0.000514540995936841 0.000514269981067628 0.000514263985678554 0.000514268002007157 0.000514274986926466 0.00051428098231554 0.000514288025442511 0.000514277024194598 0.000514266022946686 0.000514255021698773 0.000514140992891043 0.000513716018758714 0.00051329197594896 0.000512867991346866 0.00051247701048851 0.000512118975166231 0.000511760998051614 0.000511403020936996 0.000511028978507966 0.000510730023961514 0.000511531019583344 0.000512333994265646 0.000513317005243152
-3.4e+38 -3.4e+38 0.543386995792389 0.532096982002258 0.532523989677429 0.533720016479492 0.53862601518631 0.54033499956131 0.541114985942841 0.540499985218048 0.000716872978955507 0.000517592008691281 0.000513045990373939 0.000512637023348361 0.000512228987645358 0.000511821010150015 0.000511332997120917 0.000510604004375637 0.000510135025251657 0.000509909994434565 0.000509853998664767 0.000509965990204364 0.000510078971274197 0.000510191021021456 0.000510432990267873 0.000510717974975705 0.000511003017891198 0.000511288002599031 0.000511684978846461 0.000512082013301551 0.000512478989548981 0.000512782018631697 0.000512800994329154 0.000512821017764509 0.000512840982992202 0.000512899016030133 0.000512995000462979 0.000513091974426061 0.000513188017066568 0.000513198028784245 0.000513178005348891 0.000513157981913537 0.000513139006216079 0.00051320600323379
-3.4e+38 -3.4e+38 0.539609014987946 0.531966984272003 0.533590018749237 0.535444974899292 0.538582980632782 0.539341986179352 0.544784009456635 0.013815600425005 0.000516794971190393 0.000513096980284899 0.000508897996041924 0.000508764002006501 0.000508629018440843 0.000508507015183568 0.000508430006448179 0.000508675002492964 0.000509026984218508 0.000509379024151713 0.000509885023348033 0.000510545971337706 0.000511208025272936 0.00051187101053074 0.000512507976964116 0.000513137027155608 0.000513766019139439 0.000514396990183741 0.000514941988512874 0.000515487976372242 0.000516035011969507 0.000516473024617881 0.000516582978889346 0.000516692001838237 0.000516802014317364 0.000516918022185564 0.000517041014973074 0.000517164007760584 0.000517286011017859 0.000517175998538733 0.000516987987793982 0.000516799977049232 0.000516613014042377 0.000516397994942963
-3.4e+38 -3.4e+38 0.54143500328064 0.533881008625031 0.535966992378235 0.536562979221344 0.537819027900696 0.540107011795044 0.00595463020727038 0.000513365026563406 0.000516631989739835 0.000513396982569247 0.00050971400924027 0.000509510980919003 0.000509308010805398 0.000509104982484132 0.000509109988342971 0.000509737990796566 0.000510367972310632 0.00051099801203236 0.000511786027345806 0.000512732018250972 0.000513680977746844 0.000514630984980613 0.000515563995577395 0.000516492000315338 0.000517421984113753 0.000518353015650064 0.000519160006660968 0.000519516004715115 0.000518975022714585 0.000518505985382944 0.000518256973009557 0.00051800801884383 0.000517758016940206 0.00051751098362729 0.000517268024850637 0.000517024018336087 0.000516781001351774 0.000516765983775258 0.000516827974934131 0.000516890024300665 0.000516952015459538 0.000517024018336087
-3.4e+38 -3.4e+38 -3.4e+38 0.534727990627289 0.53525298833847 0.53625899553299 0.53719300031662 0.00272455997765064 0.000511877005919814 0.000513295992277563 0.000515639025252312 0.000515435007400811 0.000512309023179114 0.000512181024532765 0.000512054015416652 0.000511926016770303 0.000512043014168739 0.000512891972903162 0.000513743027113378 0.000514596002176404 0.000515622028615326 0.000516823027282953 0.000517803011462092 0.000517992011737078 0.000517682987265289 0.000516960979439318 0.000516235013492405 0.000515504973009229 0.000514840998221189 0.000514174986165017 0.000513506995048374 0.000512906000949442 0.000512511993292719 0.00051211699610576 0.000511721009388566 0.000511340971570462 0.000510978978127241 0.00051061698468402 0.000510254991240799 0.000510143989231437 0.000510116980876774 0.00051008997252211 0.00051006197463721 0.000510057026986033
-3.4e+38 -3.4e+38 -3.4e+38 0.534178972244263 0.533683001995087 0.535111010074615 0.152909994125366 0.00051124399760738 0.00051008997252211 0.000512316008098423 0.000512416008859873 0.000513804028742015 0.000514758983626962 0.000513740000315011 0.00051272299606353 0.000511709018610418 0.000511115998961031 0.00051178497960791 0.000512454018462449 0.00051186402561143 0.000511338002979755 0.000511056976392865 0.000511715013999492 0.000512177997734398 0.000511369027663022 0.000510626006871462 0.000509877980221063 0.000509125995449722 0.000508419994730502 0.000507712014950812 0.000507001997902989 0.000506625976413488 0.0005072409985587 0.000507856020703912 0.000508473021909595 0.000508924014866352 0.000509226985741407 0.000510236015543342 0.000510841025970876 0.000510530022438616 0.000510930025484413 0.000511700985953212 0.000512472004629672 0.000512961007189006
-3.4e+38 -3.4e+38 -3.4e+38 0.528282999992371 0.530085027217865 0.158997997641563 0.000505829986650497 0.0005113739753142 0.000508304976392537 0.000510889978613704 0.000509744975715876 0.000509543984662741 0.000507446005940437 0.000506134994793683 0.000504827010445297 0.000503523973748088 0.000502702023368329 0.000503321993164718 0.000503942021168768 0.000504740979522467 0.000504410010762513 0.000505043019074947 0.000507129996549338 0.000507778022438288 0.000699164986144751 0.000653969007544219 0.000576793972868472 0.000523765978869051 0.000513222010340542 0.000513106992002577 0.000512991973664612 0.000512906000949442 0.000512910017278045 0.000512913975398988 0.000510578975081444 0.000509576988406479 0.000510820013005286 0.000509553006850183 0.000509925012011081 0.000509955978486687 0.000509872974362224 0.000509788980707526 0.000509705976583064 0.000509569013956934
-3.4e+38 -3.4e+38 -3.4e+38 0.530499994754791 0.00189586996566504 0.000492928025778383 0.000505306990817189 0.000500760972499847 0.000509648001752794 0.000507741991896182 0.000505673000589013 0.00050418300088495 0.000502008013427258 0.000503143004607409 0.000502454990055412 0.000501769012771547 0.000501008995343 0.000500025984365493 0.000499134999699891 0.000496676017064601 0.000497974979225546 0.000500903988722712 0.000565268972422928 0.0174374002963305 0.47775599360466 0.209204003214836 0.0409313999116421 0.00775614008307457 0.000876826990861446 0.000513599021360278 0.000505623000208288 0.000502966984640807 0.000502919021528214 0.000500497000757605 0.000498957000672817 0.000498447974678129 0.000496620021294802 0.000495165004394948 0.000496259017381817 0.000495723972562701 0.000497127999551594 0.000495771004352719 0.000494419015012681 0.000493409985210747
-3.4e+38 -3.4e+38 0.532997012138367 0.00286961998790503 0.000490663980599493 0.000492196006234735 0.000503897026646882 0.000501296017318964 0.000506897980812937 0.000504616007674485 0.00050477497279644 0.000498892972245812 0.000496571999974549 0.0004969920264557 0.000496156979352236 0.000495522981509566 0.000494702020660043 0.000493670988362283 0.000487810000777245 0.000474483997095376 0.000476929999422282 0.000706720980815589 0.00997744034975767 0.270653992891312 0.521310985088348 0.516557991504669 0.473040997982025 0.298204988241196 0.0711539015173912 0.000968375010415912 0.000488833000417799 0.000487998011521995 0.000488199992105365 0.000486893986817449 0.000487671000882983 0.000489049009047449 0.000489001977257431 0.000488667981699109 0.000488224002765492 0.000487951998366043 0.000488608027808368 0.000489952974021435 0.000489900994580239 0.000489517988171428
