results/Predictions/Median/Campanian.asc
NCOLS 360 
NROWS 180 
XLLCORNER -180 
YLLCORNER -90 
CELLSIZE 1 
NODATA_value -3.4e+38 
[rows 120 to 139 of 180, columns 264 to 307 of 360]
0.000419249990954995 0.000419563992181793 0.000420825002947822 0.000419949006754905 0.000420008989749476 0.00041982700349763 0.000417392002418637 0.000415682996390387 0.000414048001402989 0.000412311987020075 0.000410309003200382 0.000408187013817951 0.000403232988901436 0.000401050987420604 0.000397550989873707 0.000394951988710091 0.000390867993701249 0.000386441999580711 0.000380687997676432 0.00037366000469774 0.000367047003237531 0.00035751800169237 0.000347499008057639 0.0003381599963177 0.000324057007674128 0.000313503987854347 0.000306122994516045 0.000298545986879617 0.000290958007099107 0.000278850988252088 0.000266891991486773 0.000256147992331535 0.00024724198738113 0.000241668996750377 0.000236499006859958 0.000229900004342198 0.000223124006879516 0.000214468003832735 0.000208498997380957 0.00020142100402154 0.000197489993297495 0.000192028994206339 0.000189223006600514 0.300599008798599
0.000412633002270013 0.000409316009609029 0.000408191001042724 0.000407632003771141 0.000405508995754644 0.000405655009672046 0.000404391990741715 0.000401663011871278 0.000400644988985732 0.000400166987674311 0.000398195988964289 0.000395423005102202 0.000391615001717582 0.00038922400563024 0.000386697007343173 0.000383097998565063 0.000378558004740626 0.000371139991329983 0.000360348989488557 0.000351086986484006 0.000340664002578706 0.00032679399009794 0.000313074007863179 0.000300773011986166 0.000287292990833521 0.000277062994427979 0.000271189986960962 0.000264561997028068 0.000258495012531057 0.000247377000050619 0.000237629006733187 0.000227244992856868 0.00021697000192944 0.000211520993616432 0.00020731300173793 0.000201995004317723 0.000198530004126951 0.000193212006706744 0.000188371006515808 0.000182375995791517 0.000178072004928254 0.000175533001311123 0.000200784998014569 0.278403997421265
0.000400187011109665 0.000399440992623568 0.000398859003325924 0.000398267002310604 0.000396794988773763 0.000395603012293577 0.000394228001823649 0.000392365996958688 0.000391862995456904 0.000390102009987459 0.0003879260038957 0.000385009014280513 0.000382277998141944 0.000377651012968272 0.000372195994714275 0.000362252001650631 0.000353273004293442 0.000346557004377246 0.000335955002810806 0.000323015992762521 0.000308872986352071 0.000297661987133324 0.000280339998425916 0.000268117000814527 0.000250820012297481 0.000244522001594305 0.000238407999859191 0.000230511999689043 0.000223698996705934 0.000215495005249977 0.000203885007067584 0.000195592001546174 0.000187066994840279 0.000183936004759744 0.000181153998710215 0.000177991998498328 0.000175613997271284 0.000172401007148437 0.000168847996974364 0.000164632001542486 0.00016157899517566 0.000160259995027445 0.000530368997715414 0.262235999107361
0.000396007002564147 0.000396376010030508 0.000394161994336173 0.000392340996768326 0.00038803499774076 0.000386219995561987 0.000381260004360229 0.000380015990231186 0.000374300987459719 0.000370527006452903 0.00036563299363479 0.000357862008968368 0.000348530011251569 0.000340570986736566 0.000330351991578937 0.000320663006277755 0.000311065989080817 0.000299165985779837 0.000286569003947079 0.000273726996965706 0.000258498010225594 0.000248386000748724 0.00023258599685505 0.00021998499869369 0.000207453995244578 0.000199931004317477 0.000194927997654304 0.000190086997463368 0.000184966993401758 0.000175617999047972 0.000165898993145674 0.000158486000145786 0.000153261993546039 0.000151890999404714 0.000150477993884124 0.000148738006828353 0.000149411003803834 0.000148619001265615 0.000146485996083356 0.000142998003866524 0.000145655998494476 0.000146125996252522 0.257701992988586 0.25661700963974
0.000385816005291417 0.000384863000363111 0.000382875994546339 0.000380507000954822 0.000374377006664872 0.000371989008272067 0.000368978013284504 0.000361871992936358 0.00035425100941211 0.00033983399043791 0.000331565999658778 0.000320268009090796 0.000311187992338091 0.000300265994155779 0.000291122996713966 0.000280868989648297 0.000270460994215682 0.000260708999121562 0.000244397990172729 0.000229397002840415 0.000214293002500199 0.000199361005797982 0.000189040001714602 0.00017865099653136 0.000169089005794376 0.000163553995662369 0.000159653995069675 0.000154669003677554 0.000149839994264767 0.000141962998895906 0.000135862006573007 0.00012922499445267 0.000124229001812637 0.000124375001178123 0.000125300997751765 0.000125371007015929 0.000126808998174965 0.000127460996736772 0.000127503997646272 0.000124240003060549 0.000127527004224248 0.230986997485161 0.242816999554634 0.247429996728897
0.000376495008822531 0.000374030991224572 0.000371455011190847 0.000368472014088184 0.000362416001735255 0.000353579991497099 0.000337128003593534 0.000319606013363227 0.0003085249918513 0.000294700002996251 0.000286160007817671 0.000278201012406498 0.00026929599698633 0.000259483989793807 0.000245940987952054 0.000233080994803458 0.000222575996303931 0.000208276003831998 0.000195055006770417 0.000181701005203649 0.000166470999829471 0.000157696995302103 0.00015285299741663 0.000144692996400408 0.000136821006890386 0.000131327004055493 0.000127167004393414 0.000123196994536556 0.000120090997370426 0.000114697999379132 0.000109102002170403 0.000105093997262884 0.000101757002994418 0.000105163002444897 0.000129292006022297 0.000161864998517558 0.000216526997974142 0.00029047200223431 0.000319267011946067 0.00885759014636278 0.206392005085945 0.221169993281364 0.225657001137733 0.237203001976013
0.000363358994945884 0.000360348989488557 0.000352331990143284 0.00033337200875394 0.000313958997139707 0.00029787901439704 0.000280130014289171 0.000273376004770398 0.000260038010310382 0.000250265002250671 0.00023878799402155 0.000225411000428721 0.000212754006497562 0.000197892004507594 0.000185298005817458 0.000175388995558023 0.000163307995535433 0.00015423700097017 0.000146819002111442 0.00014165100583341 0.000132276007207111 0.000126226994325407 0.000120768003398553 0.000115870003355667 0.000110997003503144 0.000106184001197107 0.000101926998468116 9.79420001385733e-05 9.45037027122453e-05 8.99059014045633e-05 8.77432976267301e-05 9.72982015809976e-05 0.000125563004985452 0.000390506989788264 0.003285689977929 0.0668739974498749 0.173089995980263 0.17875500023365 0.18095800280571 0.184848994016647 0.195772007107735 0.202043995261192 0.205560997128487 0.198145002126694
0.000333625008352101 0.000319125014357269 0.000302388012642041 0.000283077999483794 0.000264706992311403 0.00024972201208584 0.00023553500068374 0.00022181699750945 0.000210111000342295 0.000197305998881347 0.000185598997632042 0.000171591003891081 0.000160773997777142 0.00014841600204818 0.000139808005769737 0.000132254004711285 0.000120668999443296 0.000111465997179039 0.000107325999124441 0.000102644000435248 9.8371303465683e-05 9.45709034567699e-05 9.13730982574634e-05 8.79002982401289e-05 8.50711003295146e-05 8.23997033876367e-05 7.95915984781459e-05 7.68790996517055e-05 7.3555602284614e-05 8.66655973368324e-05 0.000880451989360154 0.00494469981640577 0.0137628000229597 0.0702209025621414 0.149957999587059 0.15904900431633 0.163876995444298 0.168375998735428 0.171716004610062 0.175123006105423 0.183878004550934 0.186423003673553 0.178119003772736 0.175494000315666
0.000251780002145097 0.000240995999774896 0.000225818002945744 0.000205174001166597 0.000188303005415946 0.000174147993675433 0.000159754999913275 0.000152798995259218 0.000146517006214708 0.000138186005642638 0.000128636995214038 0.000119347998406738 0.000113299996883143 0.000105517996416893 9.91529013845138e-05 9.24475971260108e-05 8.69704017532058e-05 8.27491021482274e-05 7.92701976024546e-05 7.5494303018786e-05 7.26780999684706e-05 7.04242993379012e-05 6.87918000039645e-05 6.77674979669973e-05 6.67584972688928e-05 6.50083966320381e-05 6.33317031315528e-05 6.58826975268312e-05 0.00018069900397677 0.00962121970951557 0.104082003235817 0.120719000697136 0.127334997057915 0.13476400077343 0.144637003540993 0.151454001665115 0.162345007061958 0.167273998260498 0.173805996775627 0.178375005722046 -3.4e+38 0.18181799352169 0.170297995209694 -3.4e+38
0.000182635994860902 0.000170772997080348 0.000159743998665363 0.000143106997711584 0.000126300001284108 0.000109870001324452 9.99382973532192e-05 9.57473021117039e-05 9.15799973881803e-05 8.77120983204804e-05 8.27287003630772e-05 7.88628021837212e-05 7.23694029147737e-05 6.61512967781164e-05 6.4321699028369e-05 6.33923991699703e-05 6.19814018136822e-05 6.01942992943805e-05 5.80175001232419e-05 5.56630002392922e-05 5.31365985807497e-05 5.21170986758079e-05 5.20821013196837e-05 5.2047998906346e-05 5.24897004652303e-05 5.29589015059173e-05 5.05050993524492e-05 5.40774999535643e-05 0.00522144977003336 0.0819970965385437 0.107720002532005 0.112458996474743 0.115511000156403 0.127219006419182 -3.4e+38 -3.4e+38 0.167962998151779 0.170963004231453 -3.4e+38 -3.4e+38 -3.4e+38 -3.4e+38 -3.4e+38 -3.4e+38
0.000122484998428263 0.000112039000669029 0.000101940997410566 9.11743991309777e-05 7.96384993009269e-05 6.82844984112307e-05 6.27331974101253e-05 6.1431601352524e-05 6.01569990976714e-05 5.89088012930006e-05 5.68633004149888e-05 5.30178003828041e-05 4.89131998619996e-05 4.4529700971907e-05 4.49448998551816e-05 4.48382015747484e-05 4.47995007561985e-05 4.43343014921993e-05 4.31556982221082e-05 4.18870004068594e-05 4.04081984015647e-05 3.9984799514059e-05 4.0818500565365e-05 4.20317010139115e-05 4.3839401769219e-05 4.28802013630047e-05 4.28364000981674e-05 0.0003350019978825 0.0549486987292767 0.0944198966026306 -3.4e+38 0.108204998075962 -3.4e+38 -3.4e+38 -3.4e+38 -3.4e+38 -3.4e+38 -3.4e+38 -3.4e+38 -3.4e+38 -3.4e+38 -3.4e+38 -3.4e+38 -3.4e+38
7.18509036232717e-05 6.53562019579113e-05 5.90246017964091e-05 5.44747017556801e-05 4.93373991048429e-05 4.5677999878535e-05 4.39893992734142e-05 4.35555011790711e-05 4.3371801439207e-05 4.32769011240453e-05 4.18271993112285e-05 3.84738996217493e-05 3.54531985067297e-05 3.2769501558505e-05 3.28665009874385e-05 3.31730989273638e-05 3.34825017489493e-05 3.35855984303635e-05 3.30672010022681e-05 3.24905013258103e-05 3.18458005494904e-05 3.2074298360385e-05 3.4377499105176e-05 3.5830798879033e-05 3.84869999834336e-05 3.92693000321742e-05 0.0292214006185532 0.0845739021897316 0.0796867981553078 0.0897310972213745 -3.4e+38 -3.4e+38 -3.4e+38 -3.4e+38 -3.4e+38 -3.4e+38 -3.4e+38 -3.4e+38 -3.4e+38 -3.4e+38 -3.4e+38 -3.4e+38 -3.4e+38 -3.4e+38
3.8859299820615e-05 3.5649001802085e-05 3.27595989801921e-05 3.19856990245171e-05 3.1220399250742e-05 3.04561999655562e-05 3.0328699722304e-05 3.08017988572828e-05 3.09255010506604e-05 3.12474003294483e-05 3.06309011648409e-05 2.83200006379047e-05 2.61677996604703e-05 2.3694199626334e-05 2.39305991271976e-05 2.43061003857292e-05 2.45135997829493e-05 2.46443996729795e-05 2.45613991864957e-05 2.44325001403922e-05 2.42051992245251e-05 2.54970000241883e-05 2.8133899832028e-05 3.0645100196125e-05 0.00173252995591611 0.0719911977648735 0.0737667977809906 0.0705474987626076 0.0712966993451118 -3.4e+38 -3.4e+38 -3.4e+38 -3.4e+38 -3.4e+38 -3.4e+38 -3.4e+38 -3.4e+38 -3.4e+38 -3.4e+38 -3.4e+38 -3.4e+38 -3.4e+38 -3.4e+38 -3.4e+38
2.93124994641403e-05 2.78621992038097e-05 2.65006001427537e-05 2.57912997767562e-05 2.51948004006408e-05 2.45939008891582e-05 2.41539000853663e-05 2.39922992477659e-05 2.41082998400088e-05 2.40749996009981e-05 2.31095000344794e-05 2.23828992602648e-05 2.12283994187601e-05 1.95290995179676e-05 1.97378994926112e-05 2.03392992261797e-05 8.87033966137096e-05 3.82698999601416e-05 3.09155002469197e-05 3.49453002854716e-05 6.38697019894607e-05 3.14142998831812e-05 4.65464981971309e-05 0.0607945993542671 0.0693757981061935 0.0683870017528534 0.0683000013232231 -3.4e+38 -3.4e+38 -3.4e+38 -3.4e+38 -3.4e+38 -3.4e+38 -3.4e+38 -3.4e+38 -3.4e+38 -3.4e+38 -3.4e+38 -3.4e+38 -3.4e+38 -3.4e+38 -3.4e+38 -3.4e+38 -3.4e+38
2.27723994612461e-05 2.23542992898729e-05 2.18675995711237e-05 2.12348004424712e-05 2.06362001335947e-05 2.00544000108493e-05 1.95377997442847e-05 1.90819991985336e-05 1.86433007911546e-05 1.83861993718892e-05 1.77068995981244e-05 1.73958997038426e-05 1.67916005011648e-05 1.56008991325507e-05 8.08394979685545e-05 0.0142425997182727 0.0187270995229483 0.00304143992252648 0.012381199747324 0.0483647994697094 0.0512670986354351 0.05363380163908 0.0562116988003254 0.0599167011678219 0.0630016997456551 0.0663041993975639 -3.4e+38 -3.4e+38 -3.4e+38 -3.4e+38 -3.4e+38 -3.4e+38 -3.4e+38 -3.4e+38 -3.4e+38 -3.4e+38 -3.4e+38 -3.4e+38 -3.4e+38 -3.4e+38 -3.4e+38 -3.4e+38 -3.4e+38 -3.4e+38
1.73558000824414e-05 1.7376100004185e-05 1.73289008671418e-05 1.68693004525267e-05 1.64153007062851e-05 1.59716000780463e-05 1.54995996126672e-05 1.49739998960285e-05 1.44797995744739e-05 1.40954998641973e-05 1.39643998409156e-05 1.41229002110776e-05 1.41522996273125e-05 1.40474003273994e-05 1.50279001900344e-05 0.00427749007940292 0.0258805993944407 0.0375886000692844 0.040906198322773 0.0452192015945911 0.0480000004172325 0.0511917993426323 -3.4e+38 -3.4e+38 -3.4e+38 -3.4e+38 -3.4e+38 -3.4e+38 -3.4e+38 -3.4e+38 -3.4e+38 -3.4e+38 -3.4e+38 -3.4e+38 -3.4e+38 -3.4e+38 -3.4e+38 -3.4e+38 -3.4e+38 -3.4e+38 -3.4e+38 -3.4e+38 -3.4e+38 -3.4e+38
1.35573000079603e-05 1.35247000798699e-05 1.34752999656484e-05 1.3178800145397e-05 1.28657002278487e-05 1.26451996038668e-05 1.23134996101726e-05 1.19237001854344e-05 1.15462999019655e-05 1.11809004010865e-05 1.15767998067895e-05 1.22573001135606e-05 1.29767004182213e-05 1.36795997605077e-05 1.44806999742286e-05 0.00967300031334162 0.0352751016616821 0.0371302999556065 0.0406471006572247 -3.4e+38 -3.4e+38 -3.4e+38 -3.4e+38 -3.4e+38 -3.4e+38 -3.4e+38 -3.4e+38 -3.4e+38 -3.4e+38 -3.4e+38 -3.4e+38 -3.4e+38 -3.4e+38 -3.4e+38 -3.4e+38 -3.4e+38 -3.4e+38 -3.4e+38 -3.4e+38 -3.4e+38 -3.4e+38 -3.4e+38 -3.4e+38 -3.4e+38
1.04518003354315e-05 1.04183000075864e-05 1.03379998108721e-05 1.02101002994459e-05 1.00834995464538e-05 9.95843038253952e-06 9.77572017291095e-06 9.5309997050208e-06 9.22369963518577e-06 8.96211986400886e-06 9.66053994488902e-06 1.04949003798538e-05 1.12425996121601e-05 1.9159999283147e-05 0.0234059002250433 0.0230069998651743 0.0213660001754761 -3.4e+38 -3.4e+38 -3.4e+38 -3.4e+38 -3.4e+38 -3.4e+38 -3.4e+38 -3.4e+38 -3.4e+38 -3.4e+38 -3.4e+38 -3.4e+38 -3.4e+38 -3.4e+38 -3.4e+38 -3.4e+38 -3.4e+38 -3.4e+38 -3.4e+38 -3.4e+38 -3.4e+38 -3.4e+38 -3.4e+38 -3.4e+38 -3.4e+38 -3.4e+38 -3.4e+38
7.87956014391966e-06 7.95861978986068e-06 8.01410988060525e-06 7.94348034105496e-06 7.87362023402238e-06 7.87564022175502e-06 7.88293982623145e-06 7.87933004176011e-06 7.86407963460078e-06 7.87162025517318e-06 8.19204979052301e-06 1.1985899618594e-05 0.0186813995242119 0.0222379006445408 0.0212622005492449 0.020074900239706 -3.4e+38 -3.4e+38 -3.4e+38 -3.4e+38 -3.4e+38 -3.4e+38 -3.4e+38 -3.4e+38 -3.4e+38 -3.4e+38 -3.4e+38 -3.4e+38 -3.4e+38 -3.4e+38 -3.4e+38 -3.4e+38 -3.4e+38 -3.4e+38 -3.4e+38 -3.4e+38 -3.4e+38 -3.4e+38 -3.4e+38 -3.4e+38 -3.4e+38 -3.4e+38 -3.4e+38 -3.4e+38
6.0551301430678e-06 6.14251985098235e-06 6.19884986008401e-06 6.27144981990568e-06 6.32194996796898e-06 6.37285984339542e-06 6.48178001938504e-06 6.65167999613914e-06 6.82604013491073e-06 7.00497002981137e-06 7.07591016180231e-06 0.0158146992325783 0.0173719990998507 0.0172345992177725 0.0173386000096798 0.0176522005349398 0.0192044991999865 -3.4e+38 -3.4e+38 -3.4e+38 -3.4e+38 -3.4e+38 -3.4e+38 -3.4e+38 -3.4e+38 -3.4e+38 -3.4e+38 -3.4e+38 -3.4e+38 -3.4e+38 -3.4e+38 -3.4e+38 -3.4e+38 -3.4e+38 -3.4e+38 -3.4e+38 -3.4e+38 -3.4e+38 -3.4e+38 -3.4e+38 -3.4e+38 -3.4e+38 -3.4e+38 -3.4e+38
