results/Predictions/Median/Carnian.asc
NCOLS 360 
NROWS 180 
XLLCORNER -180 
YLLCORNER -90 
CELLSIZE 1 
NODATA_value -3.4e+38 
[rows 80 to 99 of 180, columns 264 to 307 of 360]
0.000464951008325443 0.000464985991129652 0.000465619988972321 0.000465908000478521 0.000465180986793712 0.000462046999018639 0.000459003000287339 0.000457268004538491 0.000456256995676085 0.000456181005574763 0.000456678011687472 0.000457523012300953 0.000457804999314249 0.000457932997960597 0.000458277005236596 0.000458908994914964 0.000459533010143787 0.000460464012576267 0.000462146010249853 0.000464648997876793 0.000469207006972283 0.000473247986519709 0.000472727988380939 0.000473196007078514 0.00058392301434651 0.201989993453026 0.539294004440308 -3.4e+38 0.552581012248993 0.547408998012543 0.546765983104706 0.54714697599411 0.554679989814758 0.554566025733948 0.554156005382538 0.549471974372864 0.546791970729828 0.543516993522644 0.529039025306702 0.000522344023920596 0.000509176985360682 0.000513189006596804 0.000513100996613503 0.000511894002556801
0.000464674987597391 0.000462208001408726 0.000460529001429677 0.000458711001556367 0.000456651992863044 0.000455840985523537 0.000455147004686296 0.000455414992757142 0.000456501002190635 0.00045657399459742 0.000456307985587046 0.000457037007436156 0.000457227986771613 0.000458205991890281 0.000460117997135967 0.000460718001704663 0.000461877993075177 0.000462902011349797 0.000464966986328363 0.000467486999696121 0.000472604995593429 0.000474608008516952 0.000476129993330687 0.000475667999126017 0.000505690986756235 0.0341465994715691 0.529806971549988 0.556001007556915 -3.4e+38 0.558341026306152 0.552528977394104 0.549281001091003 0.548754990100861 0.548377990722656 0.547623991966248 0.5468710064888 0.54592102766037 0.544640004634857 0.526679992675781 0.000636352982837707 0.000517344975378364 0.000520326022524387 0.000517733977176249 0.000515892985276878
0.000457229994935915 0.000456526991911232 0.000456017005490139 0.000456484005553648 0.000456770998425782 0.000456885987659916 0.000457079004263505 0.000457127986010164 0.000457249989267439 0.000457373011158779 0.000459072994999588 0.00046047501382418 0.000461524003185332 0.000461993011413142 0.000462663010694087 0.000462788011645898 0.000465911987703294 0.000466933008283377 0.000469576014438644 0.000473202991997823 0.000474241998745129 0.000476248998893425 0.000485286000184715 0.000498705019708723 0.000507711025420576 0.0230598002672195 0.521039009094238 0.558247983455658 -3.4e+38 -3.4e+38 0.559908986091614 0.553894996643066 0.548963010311127 0.546639025211334 0.546459019184113 0.546827971935272 0.544375002384186 0.54510498046875 0.532194972038269 0.00483636977151036 0.00052407500334084 0.000528894015587866 0.000532332982402295 0.000530285993590951
0.000459308008430526 0.00045918399700895 0.000459683011285961 0.000459550996311009 0.000459709990536794 0.000459623988717794 0.000460114009911194 0.00046038199798204 0.000460948998806998 0.00046137798926793 0.000461727002402768 0.000463883014163002 0.000465268007246777 0.000467486999696121 0.000467486999696121 0.000468175014248118 0.000471234990982339 0.000473730004159734 0.000475272012408823 0.000477952999062836 0.000476137996884063 0.000476759014418349 0.000493953004479408 0.000496832013595849 0.000505163974594325 0.0067650699056685 0.413960009813309 0.545684993267059 -3.4e+38 -3.4e+38 -3.4e+38 -3.4e+38 0.51586502790451 0.55401599407196 0.55037397146225 0.549520015716553 0.548588991165161 0.547954022884369 0.543434977531433 0.314292997121811 0.000540048989932984 0.000541649991646409 0.000545925984624773 0.000547840027138591
0.000463917007436976 0.00046410399954766 0.000463486998341978 0.000463798001874238 0.000464109005406499 0.000464421987999231 0.000464763987110928 0.000465137010905892 0.000465510995127261 0.00046739200479351 0.000468279991764575 0.000468976999400184 0.000470808008685708 0.000474080996355042 0.000475414999527857 0.000476568005979061 0.000476637011161074 0.000477988010970876 0.000476944987894967 0.000477121997391805 0.00047787101357244 0.000494221982080489 0.000496167980600148 0.000496556982398033 0.000524146016687155 0.00247823004610837 0.118697002530098 0.517880976200104 0.546702027320862 -3.4e+38 -3.4e+38 -3.4e+38 -3.4e+38 -3.4e+38 0.55818098783493 0.552860975265503 0.552775979042053 0.553550004959106 0.554135024547577 0.496650993824005 0.000581294996663928 0.000557359016966075 0.00056131900055334 0.000564033980481327
0.000467486999696121 0.000467486999696121 0.000467486999696121 0.000467486999696121 0.000467486999696121 0.000467486999696121 0.000472331012133509 0.000472392013762146 0.000475142005598173 0.000476168992463499 0.000478380999993533 0.00047925699618645 0.000480441987747326 0.000480743998195976 0.000480365997646004 0.000480154005344957 0.000480104004964232 0.00048015100765042 0.000480485003208742 0.000495263026095927 0.000499305024277419 0.000496527994982898 0.000505644013173878 0.000502491020597517 0.000629480986390263 0.0137550998479128 0.0347499996423721 0.135643005371094 0.521387994289398 0.542540013790131 0.506716012954712 -3.4e+38 -3.4e+38 -3.4e+38 0.52250200510025 0.561842024326324 0.559413015842438 0.560015022754669 0.562068998813629 0.549287021160126 0.120306998491287 0.000568807008676231 0.000572406977880746 0.000574901991058141
0.000476735003758222 0.000477305991807953 0.000477874011266977 0.000477386987768114 0.000478981004562229 0.000479537004139274 0.000480401999084279 0.000480946007883176 0.000481197988847271 0.000481821014545858 0.000482064991956577 0.000483723008073866 0.000484021991724148 0.00048404501285404 0.000483993993839249 0.000483529001940042 0.000485477998154238 0.000498988025356084 0.00050141999963671 0.000500097987242043 0.000507608987390995 0.000508519005961716 0.000508638971950859 0.000508758996147662 0.0012676699552685 0.327829986810684 0.166906997561455 0.0838754996657372 0.274857997894287 0.507479012012482 0.539797008037567 0.549376010894775 -3.4e+38 -3.4e+38 -3.4e+38 0.568726003170013 0.563888013362885 0.566492021083832 0.565446972846985 0.559014022350311 0.465645998716354 0.00756049994379282 0.000577358994632959 0.000580783991608769
0.000483906012959778 0.000484626012621447 0.000485219003167003 0.000485233991639689 0.000485714001115412 0.000485928991110995 0.000485533993924037 0.000485730997752398 0.000487403012812138 0.000488987017888576 0.000492006016429514 0.000492507999297231 0.000490662991069257 0.000496900989674032 0.000508208002429456 0.000509436009451747 0.000510666985064745 0.000504167983308434 0.000513304024934769 0.000513427017722279 0.00051410699961707 0.000513040984515101 0.000513840990606695 0.000514680985361338 0.000516175001394004 0.000733942026272416 0.335193008184433 0.382324993610382 0.360785007476807 0.35512700676918 0.460875988006592 0.539265990257263 0.554112017154694 -3.4e+38 -3.4e+38 -3.4e+38 0.569621980190277 0.569679975509644 0.567444026470184 0.565714001655579 0.549607992172241 0.441118985414505 0.416676014661789 0.363265991210938
0.000484457006677985 0.000484690011944622 0.000484860996948555 0.000485956988995895 0.000486940989503637 0.000486809993162751 0.00048677998711355 0.000489027996081859 0.000490149017423391 0.00049132201820612 0.00049518997548148 0.000496004999149591 0.000496822001878172 0.000508106022607535 0.00051072402857244 0.000511312973685563 0.000507263990584761 0.000513446982949972 0.000514499028213322 0.000515553983859718 0.000516612024512142 0.000515124993398786 0.00051575101679191 0.000516379019245505 0.000517008011229336 0.000518122978974134 0.00051941501442343 0.0439103990793228 0.387683987617493 0.384983003139496 0.375095009803772 0.448837012052536 0.534672975540161 0.552112996578217 0.562170028686523 -3.4e+38 0.569144010543823 0.570263028144836 0.567547976970673 0.564288020133972 0.554288983345032 0.49974599480629 0.442032009363174 0.412654995918274
0.0004857910098508 0.000486623001052067 0.000487960991449654 0.000488549005240202 0.000488687015604228 0.000488155987113714 0.000488190999021754 0.000490327016450465 0.000493726984132081 0.000497094006277621 0.000498334993608296 0.000499527028296143 0.000508111028466374 0.000512190978042781 0.000511234975419939 0.000510326004587114 0.000513179984409362 0.000514163984917104 0.000515170977450907 0.000516215979587287 0.000517381995450705 0.00051726697711274 0.000519418972544372 0.000521741982083768 0.000524075992871076 0.000525887007825077 0.000527526019141078 0.000529169978108257 0.000881585001479834 0.203727006912231 0.39095601439476 0.398454010486603 0.397976994514465 0.426003992557526 0.546346008777618 0.559258997440338 0.564936995506287 0.563961029052734 0.561874985694885 0.556500971317291 0.54830801486969 0.48691201210022 0.440154999494553 0.410816013813019
0.000484919990412891 0.000486312987050042 0.000488326011691242 0.00048835901543498 0.00049117801245302 0.000490130973048508 0.000492628023494035 0.000493983970955014 0.000492632971145213 0.000496801978442818 0.000498634995892644 0.000500619993545115 0.000504838011693209 0.000511053018271923 0.000514601997565478 0.000512005004566163 0.000513087026774883 0.000514145998749882 0.000515753985382617 0.000517369015142322 0.000518988992553204 0.000521082023624331 0.000522952992469072 0.000526191026438028 0.000528835982549936 0.000531345023773611 0.000533832993824035 0.000536332023330033 0.000538842985406518 0.000539957021828741 0.00276512000709772 0.303144991397858 0.394178003072739 0.392596989870071 0.393564999103546 0.430045992136002 0.464147001504898 0.456135004758835 0.435176998376846 0.428288996219635 0.44963800907135 0.439639985561371 0.421570986509323 0.404204994440079
0.000479593989439309 0.00048192500253208 0.00048420499661006 0.000486283010104671 0.000487651006551459 0.000488508027046919 0.000491075974423438 0.000491778017021716 0.000492480990942568 0.000493619008921087 0.000495371001306921 0.000498134992085397 0.000499809975735843 0.000503715011291206 0.00050998100778088 0.000515452993568033 0.000512348022311926 0.000513625971507281 0.000515169987920672 0.000516719010192901 0.000518272980116308 0.000520378001965582 0.000522602989804 0.000525303010363132 0.000528404023498297 0.000531069003045559 0.000533736019860953 0.000536415027454495 0.000539108004886657 0.000540989974979311 0.000543450994882733 0.000756165012717247 0.0925676971673965 0.398072004318237 0.398728013038635 0.399354010820389 0.391281008720398 0.378962993621826 0.392379999160767 0.401863008737564 0.410517990589142 0.410661995410919 0.319418996572495 0.0488247014582157
0.000477557012345642 0.000478814006783068 0.000479337002616376 0.000481594994198531 0.000483937008539215 0.000486289995023981 0.000486957986140624 0.000488520017825067 0.000490830978378654 0.000492113002110273 0.000493338971864432 0.000492211023811251 0.00049796502571553 0.000499845016747713 0.000503098999615759 0.000509838981088251 0.000514930987264961 0.000512726022861898 0.000514586979988962 0.000516069994773716 0.000517559004947543 0.00051967502804473 0.000522425980307162 0.000524418021086603 0.00052782497368753 0.000530793971847743 0.000533621001522988 0.000536499021109194 0.000539374013897032 0.000541919027455151 0.000544467999134213 0.000547861971426755 0.000702619028743356 0.0379780009388924 0.398566991090775 0.403167009353638 0.408928006887436 0.410903006792068 0.408356994390488 0.405391007661819 0.361290007829666 0.206597000360489 0.0140230003744364 0.000718415016308427
0.000476451008580625 0.000477180001325905 0.000477888010209426 0.000478531001135707 0.000479856011224911 0.000482350005768239 0.000483685988001525 0.000484554009744897 0.000486189004732296 0.000487829005578533 0.000490122009068727 0.000491360027808696 0.000492791004944593 0.000497294007800519 0.000500084017403424 0.000501085014548153 0.000506386975757778 0.000513693026732653 0.000511698017362505 0.000513006991241127 0.00051626400090754 0.000517964013852179 0.00052009301725775 0.000522231974173337 0.000524772971402854 0.000526777002960443 0.000529264973010868 0.000531765981577337 0.000534277991391718 0.000535602972377092 0.00053732399828732 0.000540047010872513 0.000547165982425213 0.000557761988602579 0.00114036002196372 0.062219001352787 0.138127997517586 0.138411000370979 0.20932300388813 0.201272994279861 0.0932139977812767 0.0205607004463673 0.000886776018887758 0.00058567599626258
0.000474044994916767 0.000475169013952836 0.000476240995340049 0.000476401997730136 0.000476843008073047 0.000478406989714131 0.000480235001305118 0.00048211301327683 0.000483998999698088 0.00048589298967272 0.000489724974613637 0.000490578007884324 0.000492826977279037 0.0004930539871566 0.000494425010401756 0.000495802029035985 0.000500061025377363 0.000504016003105789 0.00051285297377035 0.000512805010657758 0.000512985978275537 0.000516259984578937 0.000517780019436032 0.000519755994901061 0.000521740003023297 0.000524326984304935 0.000527126016095281 0.000528333999682218 0.000529230979736894 0.000529256009031087 0.00053239002590999 0.000535161001607776 0.000538025982677937 0.000544046983122826 0.000546773022506386 0.000549512973520905 0.000552581972442567 0.000584698980674148 0.00378592009656131 0.0173729993402958 0.0114861000329256 0.00108701002318412 0.000654414994642138 0.000576723017729819
0.000471589009976014 0.000471101986477152 0.00047066601109691 0.000472751999041066 0.000475653010653332 0.000477307999972254 0.000479298003483564 0.000479492009617388 0.000483640993479639 0.000485897995531559 0.000486525997985154 0.000490037025883794 0.000491401995532215 0.000492413993924856 0.000494302017614245 0.000495555985253304 0.000497456989251077 0.000499570975080132 0.000503354007378221 0.00051016901852563 0.000512757978867739 0.000514290004502982 0.00051362399244681 0.000518897024448961 0.000520523986779153 0.000522602989804 0.000523040012922138 0.000524049974046648 0.000526572985108942 0.000528844015207142 0.000531284022144973 0.000534248014446348 0.000535811996087432 0.000538386986590922 0.000541426008567214 0.000543913978617638 0.000546888972166926 0.000549031014088541 0.00056294200476259 0.000842868990730494 0.000833260011859238 0.000759379006922245 0.000568893970921636 0.000572144985198975
0.000465679011540487 0.000465960009023547 0.00046628201380372 0.000466831988887861 0.000467419013148174 0.000468617014121264 0.00047150399768725 0.000473352003609762 0.000476376997539774 0.000479728012578562 0.000482778006698936 0.000485063006635755 0.000487031997181475 0.000489877013023943 0.000493219005875289 0.00049386901082471 0.000496136024594307 0.00049833400407806 0.00049933698028326 0.000502090028021485 0.000504457973875105 0.000509186007548124 0.000514659972395748 0.000516960979439318 0.000517910986673087 0.000517364009283483 0.000522069982253015 0.000524196017067879 0.000527982017956674 0.000529186974745244 0.000530395016539842 0.000532593985553831 0.000534504011739045 0.000537917017936707 0.00053898902842775 0.00054186099441722 0.00054601498413831 0.000549849995877594 0.000553046993445605 0.000581059022806585 0.000680298020597547 0.000571958022192121 0.000564187997952104 0.000564649002626538
0.000463953008875251 0.000462936004623771 0.000462010997580364 0.000462706986581907 0.000464557000668719 0.000464496988570318 0.000465724006062374 0.000469051010441035 0.000471625011414289 0.000473463995149359 0.000476576009532437 0.000478934991406277 0.000483165000332519 0.00048814999172464 0.000490540987811983 0.000494391017127782 0.000496559019666165 0.000499023008160293 0.000500125985126942 0.000501994974911213 0.00050503300735727 0.000506063981447369 0.000507654971443117 0.00051117897965014 0.000512667000293732 0.000516134023200721 0.00051892502233386 0.000520322995726019 0.000522670976351947 0.000524725008290261 0.000525814015418291 0.000526231015101075 0.000529085984453559 0.000531760975718498 0.000535935978405178 0.000540143984835595 0.000544784998055547 0.000547337986063212 0.000548615993466228 0.000550381024368107 0.000555346021428704 0.000558061990886927 0.000560051994398236 0.000560579996090382
0.000459973001852632 0.000461901014205068 0.000461804011138156 0.000461763993371278 0.000461743999039754 0.000461765012005344 0.000461735005956143 0.000462250987766311 0.000466116005554795 0.000467453995952383 0.000470275001134723 0.000470884988317266 0.000475312990602106 0.000479470996651798 0.000482344999909401 0.000486167991766706 0.000491190003231168 0.000495165993925184 0.000500541995279491 0.000502904993481934 0.000504487019497901 0.000506666023284197 0.000508152996189892 0.000509876001160592 0.000512479979079217 0.000513124978169799 0.000514306011609733 0.000515791994985193 0.000516763015184551 0.000518510001711547 0.000520262983627617 0.000522022019140422 0.000524152012076229 0.000526163028553128 0.000529828015714884 0.000533937010914087 0.000537846004590392 0.000541195971891284 0.000545418006367981 0.000547520001418889 0.000549703021533787 0.000552785990294069 0.000556776998564601 0.000557670020498335
0.000457380985608324 0.000457321992143989 0.000456909008789808 0.000458641006844118 0.000459756993222982 0.00046147100511007 0.000463523989310488 0.0004654600052163 0.000466138008050621 0.000466077995952219 0.000468089012429118 0.000470697006676346 0.0004713739908766 0.000474847009172663 0.000476652989163995 0.000479726993944496 0.000482364994240925 0.000486336997710168 0.000487987010274082 0.000492696010041982 0.000496926018968225 0.000500230002216995 0.000503206974826753 0.00050690898206085 0.000510654004756361 0.000512969971168786 0.000516095024067909 0.000517804990522563 0.00052183197112754 0.000524158007465303 0.00052566098747775 0.000527170021086931 0.000530725985299796 0.000534437014721334 0.000536795996595174 0.000539164990186691 0.000543062982615083 0.00054459401872009 0.000545329006854445 0.000545366026926786 0.000545823015272617 0.000546634022612125 0.000547880015801638 0.000548139971215278
