results/Predictions/Median/Carnian.asc
NCOLS 360 
NROWS 180 
XLLCORNER -180 
YLLCORNER -90 
CELLSIZE 1 
NODATA_value -3.4e+38 
[rows 40 to 59 of 180, columns 308 to 351 of 360]
-3.4e+38 -3.4e+38 -3.4e+38 -3.4e+38 -3.4e+38 -3.4e+38 -3.4e+38 -3.4e+38 -3.4e+38 -3.4e+38 -3.4e+38 -3.4e+38 -3.4e+38 -3.4e+38 -3.4e+38 -3.4e+38 -3.4e+38 -3.4e+38 -3.4e+38 -3.4e+38 -3.4e+38 -3.4e+38 -3.4e+38 -3.4e+38 -3.4e+38 -3.4e+38 -3.4e+38 -3.4e+38 0.0922306030988693 0.0792590975761414 0.0908259972929955 0.000544050009921193 5.38519998372067e-05 5.3316900448408e-05 6.14055024925619e-05 7.05931015545502e-05 8.01228015916422e-05 8.37455008877441e-05 8.04855008027516e-05 7.66826997278258e-05 7.30124011170119e-05 7.39434981369413e-05 7.67235978855751e-05 7.99577974248677e-05
-3.4e+38 -3.4e+38 -3.4e+38 -3.4e+38 -3.4e+38 -3.4e+38 -3.4e+38 -3.4e+38 -3.4e+38 -3.4e+38 -3.4e+38 -3.4e+38 -3.4e+38 -3.4e+38 -3.4e+38 -3.4e+38 -3.4e+38 -3.4e+38 -3.4e+38 -3.4e+38 -3.4e+38 -3.4e+38 -3.4e+38 -3.4e+38 -3.4e+38 -3.4e+38 0.0951967984437943 0.00760171003639698 5.01916983921546e-05 4.02752011723351e-05 5.65445006941445e-05 8.13379010651261e-05 0.000112130001070909 0.000130261993035674 0.000141330994665623 0.000155700006871484 0.000168019003467634 0.000169218998053111 0.00015870199422352 0.000150259002111852 0.000139744006446563 0.00013883100473322 0.00014042500697542 0.000141797994729131
-3.4e+38 -3.4e+38 -3.4e+38 -3.4e+38 -3.4e+38 -3.4e+38 -3.4e+38 -3.4e+38 -3.4e+38 -3.4e+38 -3.4e+38 -3.4e+38 -3.4e+38 -3.4e+38 -3.4e+38 -3.4e+38 -3.4e+38 -3.4e+38 -3.4e+38 -3.4e+38 -3.4e+38 -3.4e+38 -3.4e+38 -3.4e+38 0.0992218032479286 0.0893692001700401 0.000791814003605396 4.36660993727855e-05 4.42862983618397e-05 4.19146999774966e-05 7.43931013857946e-05 0.00012302199320402 0.000195069005712867 0.000251115008722991 0.000258584012044594 0.000262868008576334 0.000266329006990418 0.000265028997091576 0.000254106998909265 0.000243180998950265 0.000232567006605677 0.000228496006457135 0.000228093995247036 0.000227355005335994
-3.4e+38 -3.4e+38 -3.4e+38 -3.4e+38 -3.4e+38 -3.4e+38 -3.4e+38 -3.4e+38 -3.4e+38 -3.4e+38 -3.4e+38 -3.4e+38 -3.4e+38 -3.4e+38 -3.4e+38 -3.4e+38 -3.4e+38 -3.4e+38 -3.4e+38 -3.4e+38 -3.4e+38 -3.4e+38 -3.4e+38 -3.4e+38 0.111561998724937 0.0970901027321815 0.0105763003230095 7.93887011241168e-05 9.02194005902857e-05 0.000105184000858571 0.000153265995322727 0.00022611599706579 0.000295278005069122 0.000343330000760034 0.000350229995092377 0.000354604999301955 0.000355419993866235 0.000349764013662934 0.000336044002324343 0.000325244007399306 0.000314069009618834 0.000308401009533554 0.000303075008559972 0.000297107006190345
-3.4e+38 -3.4e+38 -3.4e+38 -3.4e+38 -3.4e+38 -3.4e+38 -3.4e+38 -3.4e+38 -3.4e+38 -3.4e+38 -3.4e+38 -3.4e+38 -3.4e+38 -3.4e+38 -3.4e+38 -3.4e+38 -3.4e+38 -3.4e+38 -3.4e+38 -3.4e+38 -3.4e+38 -3.4e+38 -3.4e+38 -3.4e+38 -3.4e+38 -3.4e+38 0.148673996329308 0.20406000316143 0.000206127006094903 0.000230650999583304 0.000298224011203274 0.000354302988853306 0.000413247005781159 0.000446273013949394 0.0004465339879971 0.000446796009782702 0.000446269987151027 0.0004406200023368 0.000435007008491084 0.000421281991293654 0.000409392989240587 0.000401127006625757 0.00038882700027898 0.000378822005586699
-3.4e+38 -3.4e+38 -3.4e+38 -3.4e+38 -3.4e+38 -3.4e+38 -3.4e+38 -3.4e+38 -3.4e+38 -3.4e+38 -3.4e+38 -3.4e+38 -3.4e+38 -3.4e+38 -3.4e+38 -3.4e+38 -3.4e+38 -3.4e+38 -3.4e+38 -3.4e+38 -3.4e+38 -3.4e+38 -3.4e+38 -3.4e+38 -3.4e+38 -3.4e+38 -3.4e+38 0.485841989517212 0.000409853993915021 0.000361741986125708 0.000411315995734185 0.000445140001829714 0.000461585004813969 0.000468843994894996 0.000468407990410924 0.000467973004560918 0.000467537989607081 0.000464895012555644 0.000461243005702272 0.000455726985819638 0.000452745007351041 0.000449574989033863 0.000447752012405545 0.000443224009359255
0.0271524991840124 0.362161993980408 -3.4e+38 -3.4e+38 -3.4e+38 -3.4e+38 -3.4e+38 -3.4e+38 -3.4e+38 -3.4e+38 -3.4e+38 -3.4e+38 -3.4e+38 -3.4e+38 -3.4e+38 -3.4e+38 -3.4e+38 -3.4e+38 -3.4e+38 -3.4e+38 -3.4e+38 -3.4e+38 -3.4e+38 -3.4e+38 -3.4e+38 -3.4e+38 0.496398985385895 0.0413497015833855 0.000433465000241995 0.000437806011177599 0.000455452012829483 0.000465079006971791 0.000476535991765559 0.000478550995467231 0.000478725007269531 0.000479584006825462 0.000480443995911628 0.00048109600902535 0.000476259010611102 0.000470945989945903 0.000466550001874566 0.000463095988379791 0.000462377996882424 0.000460560986539349
0.000272511999355629 0.00025582400849089 0.000259582011494786 0.329932004213333 -3.4e+38 -3.4e+38 -3.4e+38 -3.4e+38 -3.4e+38 -3.4e+38 -3.4e+38 -3.4e+38 -3.4e+38 -3.4e+38 -3.4e+38 -3.4e+38 -3.4e+38 -3.4e+38 -3.4e+38 -3.4e+38 -3.4e+38 -3.4e+38 -3.4e+38 -3.4e+38 -3.4e+38 -3.4e+38 0.366551995277405 0.000455937988590449 0.000448220991529524 0.000458071008324623 0.000470325001515448 0.000475909997476265 0.00048553801025264 0.00049166998360306 0.000489894999191165 0.000488151010358706 0.000486106000607833 0.000481528986711055 0.000477101013530046 0.000477485009469092 0.000477869994938374 0.000478327012388036 0.000475208013085648 0.000471448991447687
0.000285254995105788 0.000269804004346952 0.000258137006312609 0.000248474010732025 0.000264914997387677 0.369767010211945 -3.4e+38 -3.4e+38 -3.4e+38 -3.4e+38 -3.4e+38 -3.4e+38 -3.4e+38 -3.4e+38 -3.4e+38 -3.4e+38 -3.4e+38 -3.4e+38 -3.4e+38 -3.4e+38 -3.4e+38 -3.4e+38 -3.4e+38 -3.4e+38 -3.4e+38 -3.4e+38 0.000462239986518398 0.000462253985460848 0.000472413987154141 0.000474686996312812 0.000482333009131253 0.00049037899589166 0.000498423003591597 0.000503788993228227 0.000501532980706543 0.000497898028697819 0.000495452026370913 0.00049169099656865 0.000487468991195783 0.000484958000015467 0.00048156498814933 0.000479284004541114 0.000477002991829067 0.000476082001114264
0.00028980799834244 0.000269145995844156 0.000246792013058439 0.000229747995035723 0.000239490997046232 0.000248058990109712 0.384826004505157 -3.4e+38 -3.4e+38 -3.4e+38 -3.4e+38 -3.4e+38 -3.4e+38 -3.4e+38 -3.4e+38 -3.4e+38 -3.4e+38 -3.4e+38 -3.4e+38 -3.4e+38 -3.4e+38 -3.4e+38 -3.4e+38 -3.4e+38 0.498048007488251 0.00423015980049968 0.000448942009825259 0.000471409992314875 0.000477480993140489 0.000491797982249409 0.000497846980579197 0.000501251022797078 0.000504678988363594 0.000507413002196699 0.00050799798918888 0.00050856702728197 0.000506034994032234 0.00050412502605468 0.000498544017318636 0.000494436011649668 0.000490363978315145 0.000488658028189093 0.000487129989778623 0.000486381992232054
0.000320714985718951 0.000308024988044053 0.00028302101418376 0.00026742898626253 0.000298186991130933 0.000328680995153263 0.453370988368988 -3.4e+38 -3.4e+38 -3.4e+38 -3.4e+38 -3.4e+38 -3.4e+38 -3.4e+38 -3.4e+38 -3.4e+38 -3.4e+38 -3.4e+38 -3.4e+38 -3.4e+38 -3.4e+38 -3.4e+38 -3.4e+38 -3.4e+38 0.531057000160217 0.000457099988125265 0.000471339997602627 0.000478380999993533 0.000491646002046764 0.000501229020301253 0.00050613097846508 0.000511429971083999 0.000514807004947215 0.000516170985065401 0.000516464002430439 0.000516407017130405 0.000515986001119018 0.000511069025378674 0.000507367018144578 0.000503322982694954 0.000500163005199283 0.000497811997774988 0.000495302025228739 0.000492815976031125
0.00037596101174131 0.000373324000975117 0.000370190013200045 0.00036734901368618 0.000362897990271449 0.000361135986167938 0.457213997840881 -3.4e+38 -3.4e+38 -3.4e+38 -3.4e+38 -3.4e+38 -3.4e+38 -3.4e+38 -3.4e+38 -3.4e+38 -3.4e+38 -3.4e+38 -3.4e+38 -3.4e+38 -3.4e+38 -3.4e+38 -3.4e+38 -3.4e+38 0.50993400812149 0.000476307002827525 0.000495678978040814 0.000500897993333638 0.000510978978127241 0.000519262976013124 0.000518971006385982 0.00051668897503987 0.000518181012012064 0.00052012997912243 0.000520530971698463 0.000520933012012392 0.000521334994118661 0.000518636021297425 0.00051477801753208 0.000508854980580509 0.000505413976497948 0.000501988979522139 0.000499613001011312 0.000497484987135977
0.000405719998525456 0.000410184991778806 0.000418368988903239 0.00042389499139972 0.000430321000749245 0.000437079987023026 0.524634003639221 -3.4e+38 -3.4e+38 -3.4e+38 -3.4e+38 -3.4e+38 -3.4e+38 -3.4e+38 -3.4e+38 -3.4e+38 -3.4e+38 -3.4e+38 -3.4e+38 -3.4e+38 -3.4e+38 -3.4e+38 -3.4e+38 0.517527997493744 0.00048203399637714 0.000511134974658489 0.000535076018422842 0.000535188999492675 0.000537273997906595 0.000541331013664603 0.000533888000063598 0.000529440003447235 0.000523919006809592 0.00052265397971496 0.000522429996635765 0.00052220601355657 0.000521980982739478 0.000520233006682247 0.00051707198144868 0.000513785984367132 0.000511749996803701 0.000508498982526362 0.000505478004924953 0.000502476992551237
0.00042302199290134 0.000417269009631127 0.000424303987529129 0.000431739987106994 0.000433239998528734 0.279118001461029 -3.4e+38 -3.4e+38 -3.4e+38 -3.4e+38 -3.4e+38 -3.4e+38 -3.4e+38 -3.4e+38 -3.4e+38 -3.4e+38 -3.4e+38 -3.4e+38 -3.4e+38 -3.4e+38 -3.4e+38 -3.4e+38 -3.4e+38 0.395758986473083 0.000477841997053474 0.000502825016155839 0.000513927021529526 0.000522500020451844 0.000531058001797646 0.000539577973540872 0.000534706981852651 0.000532414007466286 0.000528591976035386 0.000525019015185535 0.000522686983458698 0.000521747977472842 0.000520470028277487 0.000518637010827661 0.000517405977007002 0.00051316199824214 0.000508619996253401 0.000504692026879638 0.00050084397662431 0.000497295986860991
0.000447533995611593 0.00043925701174885 0.000437670998508111 0.000440625997725874 0.000442997989011928 0.514459013938904 -3.4e+38 -3.4e+38 -3.4e+38 -3.4e+38 -3.4e+38 -3.4e+38 -3.4e+38 -3.4e+38 -3.4e+38 -3.4e+38 -3.4e+38 -3.4e+38 -3.4e+38 -3.4e+38 0.521934986114502 0.00137660000473261 0.000480505987070501 0.000478400994325057 0.00048694500583224 0.00049777899403125 0.00050731998635456 0.000516556028742343 0.000526477000676095 0.00053740298608318 0.000537191983312368 0.000536751991603523 0.000536271021701396 0.000534498016349971 0.00053101300727576 0.000528760021552444 0.000524987990502268 0.000520556000992656 0.0005171790253371 0.000513619976118207 0.000509371981024742 0.000504944997373968 0.000501185015309602 0.000497454020660371
0.000463445001514629 0.000452984008006752 0.00044519201037474 0.00044782500481233 0.500274002552032 -3.4e+38 -3.4e+38 -3.4e+38 -3.4e+38 -3.4e+38 -3.4e+38 -3.4e+38 -3.4e+38 -3.4e+38 -3.4e+38 -3.4e+38 -3.4e+38 0.512162029743195 0.000722097989637405 0.000479298003483564 0.000478011992527172 0.000476838991744444 0.000477978988783434 0.000483017996884882 0.000493480998557061 0.000501785019878298 0.000506101991049945 0.00051517499377951 0.000526255986187607 0.000534761988092214 0.000535467988811433 0.00053584499983117 0.000536067003849894 0.000535711005795747 0.00053297501290217 0.000528059026692063 0.000525313022080809 0.000522231974173337 0.000516958010848612 0.000511938007548451 0.000509681005496532 0.000506193027831614 0.00050310097867623 0.000500030000694096
0.0713030025362968 0.000454379012808204 0.000489164027385414 0.491329997777939 0.52139800786972 -3.4e+38 -3.4e+38 -3.4e+38 -3.4e+38 -3.4e+38 -3.4e+38 -3.4e+38 -3.4e+38 -3.4e+38 0.526683986186981 0.00745757995173335 0.000481330993352458 0.000481026014313102 0.000480413000332192 0.000480146001791582 0.000479084992548451 0.000482828996609896 0.000492706021759659 0.000498055014759302 0.000506788026541471 0.000513627019245178 0.000520705012604594 0.000525548006407917 0.000528845004737377 0.000534505001269281 0.000534371007233858 0.000534834980498999 0.000533743004780263 0.000532309000845999 0.00052734900964424 0.000524135015439242 0.000521439011208713 0.000518089975230396 0.000511770020239055 0.00050786102656275 0.000506578013300896 0.000505646981764585 0.000504183990415186 0.000501986010931432
0.507957994937897 0.498822003602982 0.503208994865417 0.519195020198822 -3.4e+38 -3.4e+38 -3.4e+38 -3.4e+38 -3.4e+38 -3.4e+38 -3.4e+38 -3.4e+38 -3.4e+38 0.0934737995266914 0.00048123998567462 0.000481285998830572 0.000480911985505372 0.000479078007629141 0.00048014399362728 0.000486192002426833 0.000498299021273851 0.000521115027368069 0.000537818996235728 0.000538052001502365 0.000539157015737146 0.000539198983460665 0.00053875899175182 0.000538159976713359 0.00053756101988256 0.000536962004844099 0.000535182014573365 0.000533408019691706 0.000531635014340281 0.000530261022504419 0.000526750984136015 0.00052205502288416 0.000517516979016364 0.000513118982780725 0.000510081998072565 0.000507064978592098 0.000504066003486514 0.000502248003613204 0.000500536989420652 0.000499707006383687
0.519191026687622 0.516849994659424 0.521623015403748 -3.4e+38 -3.4e+38 -3.4e+38 -3.4e+38 -3.4e+38 -3.4e+38 -3.4e+38 -3.4e+38 0.527146995067596 0.000503417977597564 0.000483357987832278 0.000483593990793452 0.000486028991872445 0.000487571989651769 0.000488466001115739 0.000490185979288071 0.000497630971949548 0.000512271013576537 0.000531953992322087 0.000540594977792352 0.000541395973414183 0.000543106987606734 0.000545008981134742 0.000544401002116501 0.000542989990208298 0.000541626999620348 0.000540558015927672 0.000537095998879522 0.000533149985130876 0.000529367011040449 0.000526109011843801 0.000523067021276802 0.000519821012858301 0.000515932973939925 0.000512327009346336 0.000510170008055866 0.000507140997797251 0.000503633986227214 0.00050118297804147 0.000499088026117533 0.000497627013828605
0.525874972343445 0.524906992912292 -3.4e+38 -3.4e+38 -3.4e+38 -3.4e+38 -3.4e+38 -3.4e+38 -3.4e+38 -3.4e+38 0.530404984951019 0.000494519015774131 0.000499440997373313 0.000509281002450734 0.000520891975611448 0.000520387024153024 0.000519792025443166 0.00051975401584059 0.000523213995620608 0.000528667995240539 0.000533982005435973 0.000539742992259562 0.00054343999363482 0.000545229006092995 0.000546502997167408 0.000546393974218518 0.000546117022167891 0.000544981972780079 0.000542950991075486 0.000541998015251011 0.000539634027518332 0.00053727999329567 0.000531207013409585 0.000526108022313565 0.000521479989401996 0.000517231004778296 0.000516008003614843 0.000513079983647913 0.000511103018652648 0.000509135017637163 0.000506684009451419 0.000504737021401525 0.000503541028592736 0.000502348993904889
