results/Predictions/Median/Carnian.asc
NCOLS 360 
NROWS 180 
XLLCORNER -180 
YLLCORNER -90 
CELLSIZE 1 
NODATA_value -3.4e+38 
[rows 160 to 179 of 180, columns 264 to 307 of 360]
-3.4e+38 -3.4e+38 -3.4e+38 -3.4e+38 -3.4e+38 -3.4e+38 -3.4e+38 -3.4e+38 -3.4e+38 -3.4e+38 -3.4e+38 -3.4e+38 -3.4e+38 -3.4e+38 -3.4e+38 -3.4e+38 -3.4e+38 -3.4e+38 -3.4e+38 -3.4e+38 -3.4e+38 -3.4e+38 -3.4e+38 4.27043996751308e-05 5.52355995750986e-05 5.46433984709438e-05 5.29846001882106e-05 5.19975001225248e-05 5.28868004039396e-05 5.48073985555675e-05 5.73905017517973e-05 6.0180598666193e-05 6.30380964139476e-05 6.30486028967425e-05 6.31483999313787e-05 5.68692012166139e-05 6.44992978777736e-05 6.54343020869419e-05 6.5786596678663e-05 6.60747027723119e-05 6.56921984045766e-05 6.5144500695169e-05 6.37135017313994e-05 6.20384016656317e-05
-3.4e+38 -3.4e+38 -3.4e+38 -3.4e+38 -3.4e+38 -3.4e+38 -3.4e+38 -3.4e+38 -3.4e+38 -3.4e+38 -3.4e+38 -3.4e+38 -3.4e+38 -3.4e+38 -3.4e+38 -3.4e+38 -3.4e+38 -3.4e+38 -3.4e+38 -3.4e+38 -3.4e+38 -3.4e+38 -3.4e+38 -3.4e+38 5.41830013389699e-05 5.27689007867593e-05 5.33938000444323e-05 5.4543801525142e-05 5.59502987016458e-05 5.59360996703617e-05 5.45996008440852e-05 8.57831025768974e-07 2.94363005082232e-08 2.66892996592105e-08 2.72485003449674e-08 2.78194995928516e-08 2.81525007750361e-08 2.82387997430078e-08 2.83254006916422e-08 2.84086993929122e-08 2.82712999677415e-08 2.80559007137526e-08 2.78421996569023e-08 2.7630100873921e-08
-3.4e+38 -3.4e+38 -3.4e+38 -3.4e+38 -3.4e+38 -3.4e+38 -3.4e+38 -3.4e+38 -3.4e+38 -3.4e+38 -3.4e+38 -3.4e+38 -3.4e+38 -3.4e+38 -3.4e+38 -3.4e+38 -3.4e+38 -3.4e+38 -3.4e+38 -3.4e+38 -3.4e+38 -3.4e+38 -3.4e+38 5.52964993403293e-05 5.46019982721191e-05 5.50065997231286e-05 5.29893986822572e-05 3.39994003297761e-05 2.88719999019804e-08 2.49999008161694e-08 2.56424002031963e-08 2.63014001689044e-08 2.68861004570908e-08 2.7205599550939e-08 2.75289000484236e-08 2.78560001731876e-08 2.80537992836116e-08 2.81157994663772e-08 2.81780003774657e-08 2.82404002405201e-08 2.8138099850139e-08 2.79817999881971e-08 2.78264007391726e-08 2.7671900326709e-08
-3.4e+38 -3.4e+38 -3.4e+38 -3.4e+38 -3.4e+38 -3.4e+38 -3.4e+38 -3.4e+38 -3.4e+38 -3.4e+38 -3.4e+38 -3.4e+38 -3.4e+38 -3.4e+38 -3.4e+38 -3.4e+38 -3.4e+38 -3.4e+38 -3.4e+38 -3.4e+38 -3.4e+38 -3.4e+38 5.56890008738264e-05 5.50789009139407e-05 5.12070982949808e-05 1.62611001996993e-06 2.37777992850852e-08 2.45224995865101e-08 2.52905998365804e-08 2.59305998895343e-08 2.65868003168634e-08 2.72596007988568e-08 2.78017999733038e-08 2.81119998390977e-08 2.84256991278653e-08 2.87428996159633e-08 2.89403008224554e-08 2.90151991322318e-08 2.9090399422671e-08 2.91656991890932e-08 2.90791994927986e-08 2.8943700769446e-08 2.88086994260084e-08 2.86743997435224e-08
-3.4e+38 -3.4e+38 -3.4e+38 -3.4e+38 -3.4e+38 -3.4e+38 -3.4e+38 -3.4e+38 -3.4e+38 -3.4e+38 -3.4e+38 -3.4e+38 -3.4e+38 -3.4e+38 -3.4e+38 -3.4e+38 -3.4e+38 -3.4e+38 -3.4e+38 -3.4e+38 5.4995598475216e-05 5.445860006148e-05 5.36693005415145e-05 4.50387997261714e-05 2.30532002376549e-08 2.3773100821245e-08 2.45692000078179e-08 2.53919001380609e-08 2.62421000485347e-08 2.68959006177738e-08 2.75112999048588e-08 2.80940994912271e-08 2.86224004497626e-08 2.89570003531026e-08 2.93363004999492e-08 2.97275004612629e-08 2.99893017086106e-08 3.01180982376081e-08 3.02473992519481e-08 3.03774001508827e-08 3.03198994799914e-08 3.02003009267082e-08 3.00811002773571e-08 2.9961800152023e-08
-3.4e+38 -3.4e+38 -3.4e+38 -3.4e+38 -3.4e+38 -3.4e+38 -3.4e+38 -3.4e+38 -3.4e+38 -3.4e+38 -3.4e+38 -3.4e+38 -3.4e+38 -3.4e+38 -3.4e+38 -3.4e+38 -3.4e+38 -3.4e+38 7.299029675778e-05 6.59595971228555e-05 5.77641003474128e-05 5.02643015352078e-05 5.82700977247441e-07 2.42427002916656e-08 2.48713991624072e-08 2.56034002887873e-08 2.63869992522814e-08 2.71529998485676e-08 2.78455001279099e-08 2.83617005436554e-08 2.89634005667949e-08 2.95780004933022e-08 3.01457987461617e-08 3.05423988322673e-08 3.09436991585699e-08 3.13501011817152e-08 3.16308010894772e-08 3.17821999828993e-08 3.19343982368991e-08 3.20870015002583e-08 3.20364001993312e-08 3.19183008912205e-08 3.18007984390078e-08 3.16836015201716e-08
-3.4e+38 -3.4e+38 -3.4e+38 -3.4e+38 -3.4e+38 -3.4e+38 -3.4e+38 -3.4e+38 -3.4e+38 -3.4e+38 -3.4e+38 -3.4e+38 -3.4e+38 -3.4e+38 -3.4e+38 -3.4e+38 7.97149987192824e-05 7.78190005803481e-05 7.128510333132e-05 6.25675966148265e-05 1.80996994458837e-05 3.09230010486772e-08 2.71645994587288e-08 2.75590998910502e-08 2.79591994001294e-08 2.85344992079217e-08 2.91652995088043e-08 2.98101987539212e-08 3.0469401224309e-08 3.09509005091968e-08 3.14399990486436e-08 3.1936899347329e-08 3.24094990844515e-08 3.27910001374221e-08 3.31761000893493e-08 3.35658008054907e-08 3.38466996652187e-08 3.40160006828683e-08 3.41861010610955e-08 3.43571002758836e-08 3.43014008308273e-08 3.41704016193489e-08 3.40398003118025e-08 3.39097994128679e-08
-3.4e+38 -3.4e+38 -3.4e+38 -3.4e+38 -3.4e+38 -3.4e+38 -3.4e+38 -3.4e+38 -3.4e+38 -3.4e+38 -3.4e+38 -3.4e+38 -3.4e+38 -3.4e+38 8.58417988638394e-05 7.96586973592639e-05 7.26583020878024e-05 6.35463002254255e-05 1.78849995791097e-06 3.02602991553158e-08 3.03833012083032e-08 3.06144016803955e-08 3.09301988465904e-08 3.12492005605236e-08 3.15714991927507e-08 3.20003010756409e-08 3.24697992937217e-08 3.29462004344805e-08 3.34296004211865e-08 3.3777798336132e-08 3.41294992267649e-08 3.44850015210341e-08 3.48440991615462e-08 3.52057014652019e-08 3.55702987064888e-08 3.59387009041257e-08 3.62183989466303e-08 3.64073997616288e-08 3.6597299413188e-08 3.67883004059877e-08 3.6726799379494e-08 3.65814010194754e-08 3.64366989913378e-08 3.62925014485427e-08
-3.4e+38 -3.4e+38 -3.4e+38 -3.4e+38 -3.4e+38 -3.4e+38 -3.4e+38 -3.4e+38 -3.4e+38 -3.4e+38 9.15432028705254e-05 9.07704015844502e-05 9.02332976693287e-05 8.38353007566184e-05 7.70412007113919e-05 3.35628010361688e-06 3.86855987244417e-08 3.35908012516484e-08 3.37810988071396e-08 3.3972501256585e-08 3.41623014321613e-08 3.42907995332098e-08 3.43572992278496e-08 3.44238983984724e-08 3.44906005977919e-08 3.47881012885409e-08 3.51659998898413e-08 3.55479983227269e-08 3.59341996158946e-08 3.62758996175216e-08 3.66209000901563e-08 3.69692010337985e-08 3.73022004396262e-08 3.75818984821308e-08 3.78636997311332e-08 3.81476006339199e-08 3.84067000425148e-08 3.8640500577003e-08 3.88756014046976e-08 3.91122014775647e-08 3.91226002705025e-08 3.90574008690692e-08 3.89923009436188e-08 3.89273004941515e-08
9.56781004788354e-05 9.66480001807213e-05 9.64923019637354e-05 9.57872980507091e-05 9.43998020375147e-05 9.08521978999488e-05 9.38618031796068e-05 8.95170014700852e-05 8.49795032991096e-05 7.98170003690757e-06 2.02536995175251e-07 4.32923989990286e-08 3.62697001321521e-08 3.59497995816582e-08 3.63876004882968e-08 3.68306984910305e-08 3.72792996472526e-08 3.76803015456062e-08 3.79226001712141e-08 3.81658011860964e-08 3.84106009221341e-08 3.84105014461511e-08 3.81657017101134e-08 3.79225006952311e-08 3.76807989255212e-08 3.78197988482043e-08 3.80869984439869e-08 3.83562017702843e-08 3.86271992169895e-08 3.89596017669191e-08 3.9294899778497e-08 3.96331003571504e-08 3.99343988988221e-08 4.01179995890288e-08 4.03023996398133e-08 4.04876985271585e-08 4.07220994702584e-08 4.10065013056737e-08 4.12928002901936e-08 4.15811989284975e-08 4.16731005259408e-08 4.16989998086592e-08 4.17248990913777e-08 4.17507983740961e-08
4.27114983381216e-08 4.29791988665329e-08 4.31334008510476e-08 4.29434017235053e-08 4.27541984038271e-08 4.2565801550154e-08 4.20745998042094e-08 4.12912015690381e-08 4.0522401434373e-08 3.97680004482481e-08 3.95288992649512e-08 3.94587011953718e-08 3.93885990490617e-08 3.93186994074313e-08 4.00913009457327e-08 4.0879200469135e-08 4.16826004823179e-08 4.23451993469826e-08 4.25444000029529e-08 4.2744598971467e-08 4.29457003292555e-08 4.28628013082744e-08 4.24976001056621e-08 4.21355998980744e-08 4.17766017335452e-08 4.18566017401645e-08 4.20833998759917e-08 4.23111998770764e-08 4.25355004551875e-08 4.29001012491881e-08 4.32678994854996e-08 4.36387992408527e-08 4.396720143518e-08 4.41598011491351e-08 4.4353200223668e-08 4.45475016874752e-08 4.4768199813916e-08 4.50157990883326e-08 4.52646986559557e-08 4.55150015454819e-08 4.55334010496244e-08 4.54743016575776e-08 4.54153017415138e-08 4.53562982727362e-08
5.14618996305671e-08 5.14685005725823e-08 5.14300992904282e-08 5.1257398325788e-08 5.10853013224732e-08 5.09138011750565e-08 5.04726003214273e-08 4.97686016842636e-08 4.9074600383392e-08 4.83903015435772e-08 4.79148987153621e-08 4.75103014707656e-08 4.7109001144463e-08 4.67112002411341e-08 4.69607996933519e-08 4.72116994387761e-08 4.74638994774068e-08 4.76598991383526e-08 4.76834998153208e-08 4.77071999682721e-08 4.77308006452404e-08 4.76352006728575e-08 4.74210004597353e-08 4.72077985591568e-08 4.69955985238357e-08 4.71438994509299e-08 4.74135006811593e-08 4.76847006325443e-08 4.79573998291016e-08 4.84144990764435e-08 4.88759006600503e-08 4.93417005031915e-08 4.97769008234172e-08 5.01142984887792e-08 5.04541013413018e-08 5.07961992468609e-08 5.10136999309907e-08 5.11051005958052e-08 5.11966007366027e-08 5.12882998293662e-08 5.10334992043227e-08 5.06563999636001e-08 5.02812014246956e-08 4.99085999194904e-08
6.20173992160744e-08 6.16457995761266e-08 6.13332034049563e-08 6.11916988191297e-08 6.10504997666794e-08 6.09095991421782e-08 6.05573973189166e-08 5.99977028059584e-08 5.94431988076849e-08 5.88938995349508e-08 5.80912988823457e-08 5.72149012612044e-08 5.6351900923346e-08 5.55019994408212e-08 5.50142011945809e-08 5.45308012078749e-08 5.40517000047203e-08 5.36454010102716e-08 5.3446900238896e-08 5.32490993521151e-08 5.30521013786256e-08 5.29418997530229e-08 5.29181001240886e-08 5.28942010191713e-08 5.28702983615403e-08 5.31029016315188e-08 5.3422599677333e-08 5.37441984249654e-08 5.40677014271296e-08 5.46315988003698e-08 5.52014007837442e-08 5.57771997478085e-08 5.63452999813308e-08 5.68660993849335e-08 5.73911016488182e-08 5.79209000761693e-08 5.81304995250775e-08 5.80163010965862e-08 5.79023016200608e-08 5.77886005714845e-08 5.71884015698743e-08 5.64313005213535e-08 5.56673001028685e-08 5.49136984773213e-08
7.69666996802698e-08 7.67919985378285e-08 7.66361978321584e-08 7.65359970955615e-08 7.6436002416358e-08 7.63361995836931e-08 7.60554996759311e-08 7.55959987941424e-08 7.51392974507326e-08 7.4685402751129e-08 7.39769987490035e-08 7.31905984707737e-08 7.24127033890909e-08 7.16431003411344e-08 7.11303016487363e-08 7.06211977785642e-08 7.01158029414728e-08 6.96300972435893e-08 6.91954014087059e-08 6.87633985307912e-08 6.83341028206996e-08 6.78730032177555e-08 6.73808031592671e-08 6.68921984470217e-08 6.64070967104635e-08 6.59956000959028e-08 6.56096972306841e-08 6.52262031053397e-08 6.48448974516214e-08 6.45313988911767e-08 6.42193995759044e-08 6.39052970541343e-08 6.35815027294484e-08 6.32387013865809e-08 6.2897697716835e-08 6.25585983016208e-08 6.20654034833024e-08 6.14217015026952e-08 6.07846999400863e-08 6.01542993194926e-08 5.93454991815179e-08 5.84869006559074e-08 5.76399017404583e-08 5.68042999304907e-08
9.16606026635236e-08 9.17599010108461e-08 9.18267986094179e-08 9.17969984470801e-08 9.17671982847423e-08 9.17373981224046e-08 9.1580396599511e-08 9.12968971533701e-08 9.10142006205206e-08 9.07324988475011e-08 9.03029970800162e-08 8.98263010640221e-08 8.93519995770475e-08 8.88802986764858e-08 8.83608990420726e-08 8.78443984220212e-08 8.73310028737251e-08 8.67771987600463e-08 8.60976996364116e-08 8.54235011615856e-08 8.4753700946294e-08 8.39200993141276e-08 8.29323028028739e-08 8.19562018250508e-08 8.09913984767263e-08 7.98180010974647e-08 7.85895011290449e-08 7.73798021214134e-08 7.61887974931597e-08 7.48689998886221e-08 7.35719964950476e-08 7.22976025713251e-08 7.1044397031983e-08 6.98109019481308e-08 6.85988013060523e-08 6.74076972018156e-08 6.62135022366783e-08 6.49809024366732e-08 6.37714023810076e-08 6.25843981083563e-08 6.15680022519882e-08 6.06169976435922e-08 5.96808007458094e-08 5.87589994438531e-08
9.255570176947e-08 9.27215992874153e-08 9.28434999991623e-08 9.28322023696637e-08 9.28209971107208e-08 9.28096994812222e-08 9.27324990129819e-08 9.25896017633931e-08 9.24467968843601e-08 9.23042975387034e-08 9.20708984608609e-08 9.18076992206807e-08 9.15453028937918e-08 9.1283702374767e-08 9.08786006448281e-08 9.04748986840787e-08 9.00691006222587e-08 8.95886032026283e-08 8.88827997869157e-08 8.81825030774053e-08 8.74876988632423e-08 8.65856009113486e-08 8.54826964769018e-08 8.43936973637938e-08 8.33185964665972e-08 8.19689986997219e-08 8.05468971520895e-08 7.91495011753796e-08 7.77762991788222e-08 7.62148033572885e-08 7.46845998378376e-08 7.31851983459819e-08 7.17253030302345e-08 7.03224003473224e-08 6.89470027737116e-08 6.75984992426493e-08 6.63876988937773e-08 6.51563993869786e-08 6.39252988321459e-08 6.27141005793419e-08 6.17939974745241e-08 6.0975700932886e-08 6.0168297011387e-08 5.9371600968916e-08
7.96528993873835e-08 7.96283998738545e-08 7.959020109638e-08 7.95106984696758e-08 7.9431202948399e-08 7.93518992736608e-08 7.92459005083401e-08 7.91127021670945e-08 7.8979603301832e-08 7.88468028645184e-08 7.86565976795828e-08 7.84477975912523e-08 7.82396014642472e-08 7.80318032411742e-08 7.77257014306088e-08 7.74208004372667e-08 7.71171002611482e-08 7.67733965290063e-08 7.63082965704598e-08 7.58461027317026e-08 7.53867013258969e-08 7.48228998759259e-08 7.41568015882876e-08 7.34959968440307e-08 7.2841096709908e-08 7.20621002869848e-08 7.1248599908813e-08 7.04443010590694e-08 6.96489976803605e-08 6.87707029101148e-08 6.79034002359913e-08 6.70470967634174e-08 6.61357972830956e-08 6.52260965239293e-08 6.43286028889634e-08 6.34422008261026e-08 6.26439984330318e-08 6.1930897743423e-08 6.12258972410018e-08 6.05289969257683e-08 6.00010992002353e-08 5.95311000495258e-08 5.90647992737559e-08 5.86021009496562e-08
6.85271999145698e-08 6.83617997765396e-08 6.82058995948864e-08 6.80778029504836e-08 6.79498981526194e-08 6.78221994121486e-08 6.76976981139887e-08 6.75762024116011e-08 6.74548985557522e-08 6.73339002332796e-08 6.71817019792798e-08 6.70194992835604e-08 6.68577015972005e-08 6.66908022139978e-08 6.64149979456852e-08 6.61403021240403e-08 6.58668000141915e-08 6.55847003372401e-08 6.52747971230383e-08 6.49664002594363e-08 6.46595026410068e-08 6.43063984284709e-08 6.39080965925132e-08 6.35123029724127e-08 6.31190033573148e-08 6.2760499019987e-08 6.24148981387407e-08 6.20712015120262e-08 6.17293025584331e-08 6.13386035297481e-08 6.09503985060655e-08 6.05646022222572e-08 6.0204200735825e-08 5.99143987756179e-08 5.96259965846002e-08 5.93391007441824e-08 5.90845985470878e-08 5.88624011754746e-08 5.86409996117254e-08 5.84204009612677e-08 5.82605004240122e-08 5.81209000927174e-08 5.79816017420853e-08 5.78427012953853e-08
6.85773002828682e-08 6.84128025341124e-08 6.82576981603233e-08 6.81298999438695e-08 6.80024001553647e-08 6.7875099318826e-08 6.77504985446831e-08 6.76286973089191e-08 6.75071021305484e-08 6.73857982746995e-08 6.72337989726657e-08 6.70719018103227e-08 6.69104025519118e-08 6.67493011974329e-08 6.65250965425912e-08 6.63016024304852e-08 6.60788970208159e-08 6.58419025967305e-08 6.55604992516601e-08 6.52804033052234e-08 6.50014015945999e-08 6.46555022854045e-08 6.42643982473601e-08 6.38757029491899e-08 6.34894021800392e-08 6.31190033573148e-08 6.27552978471613e-08 6.2393802124916e-08 6.20343030277581e-08 6.16542976672463e-08 6.12766015706256e-08 6.09013000030245e-08 6.05472010306585e-08 6.02517005177106e-08 5.99575997739521e-08 5.96648987993831e-08 5.94079985205553e-08 5.91862985288572e-08 5.89655009264334e-08 5.87455986078567e-08 5.85851012147032e-08 5.8444499018151e-08 5.83042982782445e-08 5.81643995190007e-08
6.86275001271497e-08 6.84637981862579e-08 6.83094967257603e-08 6.81821035186658e-08 6.80549021581101e-08 6.79279992255033e-08 6.78033984513604e-08 6.76812987876474e-08 6.75593980759004e-08 6.74377034215468e-08 6.7285903071479e-08 6.71242972316577e-08 6.69632029826062e-08 6.68024000560763e-08 6.6578998314526e-08 6.6356399486267e-08 6.61344969898892e-08 6.58977015177697e-08 6.56149978794929e-08 6.53336016398498e-08 6.50532996360198e-08 6.47505018491756e-08 6.4425400125856e-08 6.41018971236917e-08 6.37800994240934e-08 6.34483967587585e-08 6.30976018101137e-08 6.27180014589612e-08 6.23407032662726e-08 6.19715976313273e-08 6.16046023083072e-08 6.12399020383236e-08 6.08920984745964e-08 6.05907999329247e-08 6.02909011604424e-08 5.99925016331326e-08 5.97330966911613e-08 5.95121001367716e-08 5.92918993902458e-08 5.90725015570115e-08 5.89114002025326e-08 5.87699986454027e-08 5.86287995929524e-08 5.84879984444342e-08
