results/Predictions/Median/Carnian.asc
NCOLS 360 
NROWS 180 
XLLCORNER -180 
YLLCORNER -90 
CELLSIZE 1 
NODATA_value -3.4e+38 
[rows 160 to 179 of 180, columns 44 to 87 of 360]
3.58302010283751e-08 3.67259005429332e-08 3.77173989818402e-08 3.87356990927401e-08 3.97816002362106e-08 4.08943989782529e-08 4.20515995358528e-08 4.32417017748321e-08 4.44656009790378e-08 4.56841000584518e-08 4.69361012278569e-08 4.82225992470831e-08 4.95187002513831e-08 5.07708008967711e-08 5.20545988536014e-08 5.33710995398451e-08 5.4645301617029e-08 5.58727002442083e-08 5.71277993799413e-08 5.84111994328396e-08 5.9643397776199e-08 6.08744983310316e-08 6.21311997406337e-08 6.34138999089373e-08 6.46981987983963e-08 6.60087025039502e-08 6.73459013000866e-08 6.87222012629718e-08 7.0162897713999e-08 7.16339982886893e-08 7.31360998429409e-08 7.46605977042236e-08 7.59374003678204e-08 7.72360024825502e-08 7.85569014283283e-08 7.99845025767354e-08 8.14667018289583e-08 8.29763990850552e-08 8.45141983063513e-08 8.62806999180066e-08 8.80841994899129e-08 8.99254004593786e-08 9.18303015851052e-08 9.38527975336001e-08
3.40681012289679e-08 3.48412996231673e-08 3.56920999422528e-08 3.65638008759106e-08 3.74568003280729e-08 3.83979994467154e-08 3.93720007707543e-08 4.03707005602882e-08 4.13950012045916e-08 4.23822008599473e-08 4.33930011922712e-08 4.44280985334444e-08 4.54820998641026e-08 4.65430005647249e-08 4.7628901711505e-08 4.87401017323918e-08 4.98422991768166e-08 5.09334014964224e-08 5.20485983201979e-08 5.31883017629298e-08 5.43200009417433e-08 5.54646000239245e-08 5.66334996676687e-08 5.78272008056047e-08 5.90343987028064e-08 6.02669985028115e-08 6.1525497585535e-08 6.28131999746984e-08 6.41366995068893e-08 6.54882015282965e-08 6.6868302894818e-08 6.83656011801759e-08 6.99866973263852e-08 7.142239866198e-08 7.27849993609198e-08 7.43949968295965e-08 7.61164002938131e-08 7.78776012566595e-08 7.96796015833934e-08 8.15910965457078e-08 8.35485991501628e-08 8.55530970511609e-08 8.75652972354146e-08 8.95008014367704e-08
3.23930002821271e-08 3.30538014736703e-08 3.37760006630106e-08 3.45140982460634e-08 3.52683997562053e-08 3.60547005584522e-08 3.68638986003589e-08 3.76913007471558e-08 3.85373013500612e-08 3.93199997006377e-08 4.01185999976406e-08 4.09335001450017e-08 4.17758982962368e-08 4.26689013011128e-08 4.35810001420123e-08 4.45126993042777e-08 4.54630999513483e-08 4.64325005111732e-08 4.74226986568738e-08 4.84340993978094e-08 4.94734990752477e-08 5.05372987902319e-08 5.16241982495558e-08 5.27345989098649e-08 5.38685007711592e-08 5.50267991172859e-08 5.6210200938267e-08 5.74144998211068e-08 5.86303983141079e-08 5.98721001665581e-08 6.11400992056588e-08 6.25633020945315e-08 6.41509032561771e-08 6.57790977243167e-08 6.74377034215468e-08 6.91966022259294e-08 7.11178032020143e-08 7.30924014646916e-08 7.51219033645611e-08 7.71566988078121e-08 7.92467034216315e-08 8.13935017163203e-08 8.34983993058813e-08 8.53505000009136e-08
3.15672004091994e-08 3.21311013351533e-08 3.27453015813717e-08 3.33713003897174e-08 3.400930026487e-08 3.46965016717604e-08 3.54101992172673e-08 3.61386014446907e-08 3.68820991525354e-08 3.75796993523636e-08 3.82906009122053e-08 3.90148997553297e-08 3.9758500491871e-08 4.05327007513279e-08 4.13220995199026e-08 4.2126998778258e-08 4.29478994590227e-08 4.37852989421117e-08 4.46391013042557e-08 4.55094983919935e-08 4.64080009976442e-08 4.73279015977823e-08 4.82660986733663e-08 4.92230007864691e-08 5.02442993877139e-08 5.12869000601768e-08 5.23512007077898e-08 5.34902007132132e-08 5.48152989665596e-08 5.61732989012853e-08 5.75650993539512e-08 5.92143010180735e-08 6.11410015949332e-08 6.31305994147624e-08 6.51851976840589e-08 6.73503990356039e-08 6.93051021016799e-08 7.13167978005913e-08 7.33869001123821e-08 7.52321014374502e-08 7.71238006791464e-08 7.90630991787111e-08 8.0962799131612e-08 8.2636802289926e-08
3.076250010281e-08 3.12342010033717e-08 3.1746100859209e-08 3.2266399330183e-08 3.27952989209734e-08 3.33896004178769e-08 3.40140999810501e-08 3.46501991543846e-08 3.52982993945261e-08 3.59167984242958e-08 3.65462007323458e-08 3.71865986892317e-08 3.78387987609585e-08 3.85040017647498e-08 3.91809003019716e-08 3.98697004300175e-08 4.05724982499578e-08 4.1289698771152e-08 4.20195007677648e-08 4.27624016197115e-08 4.35333014081607e-08 4.43232011093642e-08 4.51274999591078e-08 4.59464004620713e-08 4.6865100244986e-08 4.78022990080262e-08 4.87582987318547e-08 4.98353003308694e-08 5.124950064328e-08 5.27039993869494e-08 5.42000009318144e-08 5.60454012088485e-08 5.82727999187682e-08 6.05891017357862e-08 6.29978984534318e-08 6.53217000490258e-08 6.75386999660077e-08 6.95843027642695e-08 7.16919004162264e-08 7.33554017529059e-08 7.50575992469749e-08 7.67993029171521e-08 7.85040015216509e-08 8.00092010422304e-08
3.04363005909636e-08 3.08633012480186e-08 3.13367003457188e-08 3.18173007940459e-08 3.23054010209489e-08 3.28492006929082e-08 3.34186012196369e-08 3.39978996066748e-08 3.45871988827184e-08 3.51626994188337e-08 3.5747799387309e-08 3.63427012928241e-08 3.69427013424684e-08 3.75383990558475e-08 3.81436997543005e-08 3.87587988370797e-08 3.94003016879196e-08 4.00691000379538e-08 4.07493985221663e-08 4.14413001692537e-08 4.2131699018455e-08 4.28291997423003e-08 4.35383000763068e-08 4.42590994964576e-08 4.51105997001378e-08 4.59784992301593e-08 4.68631995431679e-08 4.79161990085686e-08 4.94596008593362e-08 5.10530000497056e-08 5.26979988535459e-08 5.46252003630343e-08 5.68616016494161e-08 5.91900999324935e-08 6.16143012166503e-08 6.38803001606902e-08 6.61039010196873e-08 6.80683029941065e-08 7.00911968465334e-08 7.1715398064498e-08 7.3377201204039e-08 7.50777005009695e-08 7.67067973583835e-08 7.80331035343806e-08
3.05733998118285e-08 3.09998000602718e-08 3.14944017532071e-08 3.19970006046333e-08 3.25076001672642e-08 3.30386988878217e-08 3.35826015884777e-08 3.41354997601684e-08 3.46975994602872e-08 3.52618982901731e-08 3.58353986484872e-08 3.64177985545666e-08 3.69991006721193e-08 3.75576014732815e-08 3.81245008895803e-08 3.87001009016785e-08 3.93293007050488e-08 4.0014601410121e-08 4.07118001533036e-08 4.14202006027153e-08 4.20677999102281e-08 4.27010000692007e-08 4.33430002999557e-08 4.39945999630709e-08 4.48081003412426e-08 4.56366002765662e-08 4.64802987210078e-08 4.75446988446038e-08 4.92694987030973e-08 5.10570998812909e-08 5.29099004609179e-08 5.48253993315484e-08 5.68055007477142e-08 5.88572994786318e-08 6.09837016440906e-08 6.30020977610002e-08 6.49812008646222e-08 6.67563000433802e-08 6.85800998212471e-08 7.02979008337934e-08 7.20589028446739e-08 7.38641006137186e-08 7.55287032916385e-08 7.66638024174426e-08
3.07110994413051e-08 3.11368992811367e-08 3.16529984445424e-08 3.21776987277644e-08 3.27108011788368e-08 3.32291989479927e-08 3.37474013178962e-08 3.42737003222737e-08 3.48082984658049e-08 3.53612996661923e-08 3.5923200414345e-08 3.64929988450058e-08 3.70555000017703e-08 3.75767008620187e-08 3.81051989961634e-08 3.86412999375807e-08 3.92577987895493e-08 3.99585999844021e-08 4.06718996259769e-08 4.13979996949365e-08 4.20028989367438e-08 4.25713011509288e-08 4.31475015716387e-08 4.37315001988736e-08 4.45071002275199e-08 4.52965984720777e-08 4.61001015139573e-08 4.71760017717315e-08 4.90800005081837e-08 5.10611997128763e-08 5.31228003808337e-08 5.50919985187193e-08 5.68245006604684e-08 5.86117003820164e-08 6.04553989091983e-08 6.22090965407551e-08 6.38774011463283e-08 6.54695000434913e-08 6.71014035447115e-08 6.89083989868777e-08 7.07641021335803e-08 7.2669898543154e-08 7.436850069098e-08 7.53182973767252e-08
3.21017985527305e-08 3.26386988547256e-08 3.31605001235857e-08 3.36906005315996e-08 3.42292985067161e-08 3.48431008490024e-08 3.54906006805322e-08 3.6150201054852e-08 3.68221009239278e-08 3.77374007598519e-08 3.86756013881495e-08 3.9636599780124e-08 4.0517999622125e-08 4.11093985519528e-08 4.17073984237959e-08 4.23141983674213e-08 4.29591011652519e-08 4.36436984330157e-08 4.43391989790598e-08 4.50459012313331e-08 4.59794016194337e-08 4.70059013935042e-08 4.80554014359313e-08 4.9128498602613e-08 5.00226988719987e-08 5.09331989917428e-08 5.18603009425078e-08 5.29617985023378e-08 5.45709006871675e-08 5.62285009664265e-08 5.7936698993899e-08 5.98243019567235e-08 6.19170990034945e-08 6.37798009961443e-08 6.56593996950505e-08 6.72463968953707e-08 6.8753301718516e-08 7.02940994301571e-08 7.18695005730297e-08 7.32748972609443e-08 7.47079980101262e-08 7.61690017725414e-08 7.76199016172541e-08 7.8980001205764e-08
3.35474013013481e-08 3.42020989307912e-08 3.47293998004261e-08 3.52649003332317e-08 3.5808700005191e-08 3.65273002955746e-08 3.73170010448121e-08 3.81239004809686e-08 3.89484000606899e-08 4.02625985884697e-08 4.16212984077902e-08 4.30262012685034e-08 4.42761987073936e-08 4.49436008409521e-08 4.56210997867856e-08 4.63089016022877e-08 4.69865995000873e-08 4.7653600177e-08 4.83301008102899e-08 4.90155009913451e-08 5.03282997499355e-08 5.18882998790104e-08 5.34970006071944e-08 5.51556986749802e-08 5.61836017709538e-08 5.72307001789341e-08 5.82973989082802e-08 5.94133986453471e-08 6.06408008252401e-08 6.18804989471755e-08 6.29469028012863e-08 6.45004973875984e-08 6.65761987761471e-08 6.87185988113015e-08 7.09267027332317e-08 7.25530995282497e-08 7.39956007578257e-08 7.54669002844821e-08 7.69675025935612e-08 7.79127020678061e-08 7.88694975994986e-08 7.98360986209445e-08 8.10138018891848e-08 8.28194970381446e-08
3.53280000808809e-08 3.60623992889941e-08 3.66297996379217e-08 3.72060995346146e-08 3.77916009597357e-08 3.8567499416331e-08 3.94210992737953e-08 4.02937985199969e-08 4.11858991355984e-08 4.26208011106155e-08 4.41058993772003e-08 4.56366997525492e-08 4.70136001240462e-08 4.77975987678292e-08 4.85923017379264e-08 4.93961991310243e-08 5.01591017609826e-08 5.0878600887927e-08 5.16084988078092e-08 5.23490015780226e-08 5.37826991831025e-08 5.54917001238664e-08 5.72552991684461e-08 5.90740008021839e-08 6.01705991698509e-08 6.12864994309348e-08 6.22648030912387e-08 6.31927008498678e-08 6.40086028624864e-08 6.48350990672952e-08 6.56721965697216e-08 6.70367015231932e-08 6.8960602561674e-08 7.09388032760216e-08 7.29707991808937e-08 7.4429102880913e-08 7.57028999487375e-08 7.69983969917121e-08 7.83161979711622e-08 7.90768979186396e-08 7.98450017214236e-08 8.06197988367785e-08 8.16541998460707e-08 8.34773032920566e-08
3.7490899273962e-08 3.82587010960833e-08 3.89070002881908e-08 3.95662986818479e-08 4.02368982577173e-08 4.10148999208104e-08 4.18406997937382e-08 4.26831014976869e-08 4.35425988598581e-08 4.47620998045295e-08 4.6015799171073e-08 4.73047983007291e-08 4.85242992454005e-08 4.94516001481315e-08 5.03966006704104e-08 5.13586009276423e-08 5.22695984273014e-08 5.31303001594097e-08 5.40051985353784e-08 5.48944996126011e-08 5.61306983115628e-08 5.75084015963512e-08 5.8920100798332e-08 6.03666023835103e-08 6.13257000736667e-08 6.22454976451081e-08 6.31791010619054e-08 6.40865991385908e-08 6.48854978635427e-08 6.56943015542311e-08 6.65132020571946e-08 6.75619986623133e-08 6.8851299772632e-08 7.01650009204968e-08 7.15031021059076e-08 7.25999029782542e-08 7.36239016418949e-08 7.46623030067894e-08 7.57154978714425e-08 7.66115988426463e-08 7.75179032075357e-08 7.84341978032899e-08 7.94745034227162e-08 8.08766031923369e-08
3.97770989479795e-08 4.05778983747496e-08 4.13119991549138e-08 4.20594012950914e-08 4.28204991465009e-08 4.3598500809594e-08 4.43917009818051e-08 4.51994992545224e-08 4.60219986564425e-08 4.70048000522638e-08 4.80087010146235e-08 4.90340994474536e-08 5.00836989658637e-08 5.11628996946456e-08 5.22654985957161e-08 5.33919006784345e-08 5.44647988931501e-08 5.54801999896881e-08 5.65135991337229e-08 5.75643994693564e-08 5.85814987630329e-08 5.9598601609423e-08 6.0521600175889e-08 6.14097999118712e-08 6.22959035467829e-08 6.31949035323487e-08 6.41067998685685e-08 6.49933014074122e-08 6.57744010368333e-08 6.65649011466485e-08 6.73650006888238e-08 6.80915022144291e-08 6.87419969835901e-08 6.93977000310042e-08 7.00595990110742e-08 7.08103016222594e-08 7.15967019004893e-08 7.23916997458218e-08 7.31955012156504e-08 7.42179011581356e-08 7.52545972204643e-08 7.63058025654573e-08 7.73528014974545e-08 7.83565994311175e-08
4.31649986865068e-08 4.38714984341004e-08 4.4528501774721e-08 4.5195399422937e-08 4.58723015128726e-08 4.65568987806364e-08 4.7250800605525e-08 4.79552006993345e-08 4.86699995860818e-08 4.94854006660717e-08 5.031460048599e-08 5.11576985218198e-08 5.20148013549715e-08 5.28857988513209e-08 5.37715010295869e-08 5.46720997363082e-08 5.55525012657654e-08 5.64110997913758e-08 5.72830991529827e-08 5.81674015620592e-08 5.9029801491306e-08 5.98608025370595e-08 6.06029999516977e-08 6.1354498370747e-08 6.21063023231727e-08 6.28674001745821e-08 6.36378985063857e-08 6.43931983290713e-08 6.50829008463916e-08 6.57799006376081e-08 6.64843966546869e-08 6.71421034326158e-08 6.77515004099405e-08 6.83662975120569e-08 6.89866013203755e-08 6.96510014108753e-08 7.03349982700274e-08 7.10258021285881e-08 7.17233987757027e-08 7.25353004327189e-08 7.3356396512736e-08 7.41868007025914e-08 7.50114992342787e-08 7.58006990508875e-08
4.68427998612242e-08 4.7433701411137e-08 4.79966004718335e-08 4.85661999505282e-08 4.91426987991872e-08 4.9716899042096e-08 5.02949006886411e-08 5.08794997244877e-08 5.14711011589952e-08 5.20975014239866e-08 5.2731699895503e-08 5.3373600650275e-08 5.4020599549176e-08 5.46670015921791e-08 5.53210988130104e-08 5.598320029776e-08 5.66619000608171e-08 5.73577985107931e-08 5.80621986046026e-08 5.87752992942114e-08 5.94734999026514e-08 6.00758980340288e-08 6.06843997275064e-08 6.12990973536398e-08 6.19171984794775e-08 6.25415026433984e-08 6.31722016919412e-08 6.37984030049665e-08 6.43983000259141e-08 6.50038032290468e-08 6.56150973554759e-08 6.62056010014567e-08 6.67747031002364e-08 6.73486013624824e-08 6.79276013215713e-08 6.85085979057476e-08 6.90938009029196e-08 6.9683899539541e-08 7.02790998730052e-08 7.08887029077232e-08 7.15035994858226e-08 7.21239032941412e-08 7.27387998722406e-08 7.33262979224492e-08
5.09465003517562e-08 5.14414004726405e-08 5.19202991711154e-08 5.24037986338044e-08 5.28916999087414e-08 5.33716999484568e-08 5.38517994641552e-08 5.43362013161186e-08 5.48251009035994e-08 5.53050014673317e-08 5.57892008146155e-08 5.62775994694675e-08 5.67637989945524e-08 5.72342990778907e-08 5.77087995168313e-08 5.81872008353912e-08 5.86922013212643e-08 5.92096007778764e-08 5.9655299367023e-08 6.01042984271771e-08 6.05625984917424e-08 6.10262986810994e-08 6.14935018461438e-08 6.1964101405465e-08 6.24418987626996e-08 6.29233980475874e-08 6.34085992601285e-08 6.38958965737402e-08 6.43820996515387e-08 6.48720970275463e-08 6.53656968552241e-08 6.58573995337974e-08 6.63468995298899e-08 6.68401014536357e-08 6.73368987236245e-08 6.78251979024935e-08 6.83129002254645e-08 6.88041978946785e-08 6.92988990635968e-08 6.97722981612969e-08 7.02489018067354e-08 7.07287028944847e-08 7.12053989104788e-08 7.16656032295759e-08
5.55325989637367e-08 5.59579014236533e-08 5.63664990238522e-08 5.67779991911266e-08 5.71926008774426e-08 5.75977985306508e-08 5.80017989193493e-08 5.84085988464267e-08 5.88075010909961e-08 5.91129989402361e-08 5.94200990633453e-08 5.972879790761e-08 6.00348997181754e-08 6.03300023271913e-08 6.06263981239863e-08 6.09243997473641e-08 6.12235027119823e-08 6.15236999124136e-08 6.18255029394277e-08 6.21286986302039e-08 6.24366975898738e-08 6.27473966119396e-08 6.30595025086222e-08 6.3372901593084e-08 6.36986001723017e-08 6.40258974726748e-08 6.43549000756138e-08 6.46886988420192e-08 6.50337028673675e-08 6.5380596936393e-08 6.57293028893946e-08 6.608829750121e-08 6.64578010400874e-08 6.68293012040522e-08 6.72029969450705e-08 6.75878979450317e-08 6.79780995938017e-08 6.83706034010356e-08 6.8765402261306e-08 6.91627022320063e-08 6.9562396731726e-08 6.9964301019354e-08 7.036680216288e-08 7.07662977106338e-08
6.03305991830894e-08 6.0594302908612e-08 6.08512991107091e-08 6.11092971780636e-08 6.13685031680689e-08 6.1609902957116e-08 6.18461015733374e-08 6.20831031028501e-08 6.2321099392193e-08 6.25230995865422e-08 6.27256966367895e-08 6.29290966003282e-08 6.31236005688152e-08 6.32904999520179e-08 6.34576977631696e-08 6.36254000596637e-08 6.37823021065742e-08 6.39282973224908e-08 6.40745980717838e-08 6.42212967250089e-08 6.43686988155423e-08 6.45166977619738e-08 6.46650022417816e-08 6.48134985681281e-08 6.49802984753478e-08 6.51473968105165e-08 6.53149996310276e-08 6.54910010666754e-08 6.56915020158522e-08 6.5892599820927e-08 6.60944010633102e-08 6.6319501001999e-08 6.65682975409254e-08 6.68179964691262e-08 6.70686972625845e-08 6.73507969395359e-08 6.76444003033794e-08 6.79391973790189e-08 6.82353018532922e-08 6.8557802990199e-08 6.88819028482612e-08 6.92075019514959e-08 6.9537499314265e-08 6.98776005947366e-08
6.0301701410026e-08 6.05632024530678e-08 6.08185999340094e-08 6.10750987561914e-08 6.13325994436309e-08 6.15717965501972e-08 6.180530220945e-08 6.20398026285329e-08 6.22750988554799e-08 6.24750029487586e-08 6.26756033739184e-08 6.28768006549763e-08 6.30696987968804e-08 6.32362002761511e-08 6.34030996593538e-08 6.35705035278988e-08 6.3727398469382e-08 6.3873699218675e-08 6.40202983959171e-08 6.41672031065355e-08 6.43141007117265e-08 6.44611972688836e-08 6.4608599359417e-08 6.47562998778994e-08 6.49230003091361e-08 6.50901981202878e-08 6.52577014648159e-08 6.54337029004637e-08 6.56341967442131e-08 6.58353016547153e-08 6.60370034211155e-08 6.62618973024109e-08 6.65100969854393e-08 6.67591990577421e-08 6.70093029953023e-08 6.72909976628944e-08 6.75843025987888e-08 6.78788012464793e-08 6.81746001873762e-08 6.8497200800266e-08 6.88213006583283e-08 6.9146899761563e-08 6.9476698172366e-08 6.98157975875802e-08
6.0143001689994e-08 6.04514980295789e-08 6.07521002393696e-08 6.10408008583363e-08 6.12968023006033e-08 6.15335977727227e-08 6.17646023215457e-08 6.19965021542157e-08 6.22291977947498e-08 6.24270981575137e-08 6.262550300562e-08 6.282459708018e-08 6.30157970249456e-08 6.31820000762673e-08 6.3348601031521e-08 6.35155998907067e-08 6.36725019376172e-08 6.38191011148592e-08 6.39659987200503e-08 6.41132018586177e-08 6.42595026079107e-08 6.44056967757933e-08 6.45523030584627e-08 6.46991011876707e-08 6.48658016189074e-08 6.50329994300591e-08 6.52006022505702e-08 6.53765965807906e-08 6.55769980539844e-08 6.57781029644866e-08 6.59796981494765e-08 6.62043007082502e-08 6.64519035353806e-08 6.67005011223409e-08 6.69499016225927e-08 6.72312978622358e-08 6.75242972647538e-08 6.78184974844953e-08 6.81138985214602e-08 6.843649913435e-08 6.87606984683953e-08 6.908629757163e-08 6.9415897030467e-08 6.97540016858511e-08
