results/Predictions/Median/Cenomanian.asc
NCOLS 360 
NROWS 180 
XLLCORNER -180 
YLLCORNER -90 
CELLSIZE 1 
NODATA_value -3.4e+38 
[rows 52 to 77 of 180, columns 180 to 239 of 360]
0.110145002603531 0.149085000157356 0.19293700158596 0.246592000126839 0.273054003715515 0.291790008544922 0.311026990413666 0.328162997961044 0.325639009475708 0.323107004165649 0.32056599855423 0.31878399848938 0.319290995597839 0.319788008928299 0.320273995399475 0.321119993925095 0.322721004486084 0.324398994445801 0.32607701420784 0.325183004140854 0.323419988155365 0.321642011404037 0.319851011037827 0.3141930103302 0.309065014123917 -3.4e+38 -3.4e+38 -3.4e+38 0.28745299577713 0.281883001327515 0.276609987020493 0.27165099978447 -3.4e+38 -3.4e+38 -3.4e+38 -3.4e+38 -3.4e+38 -3.4e+38 -3.4e+38 -3.4e+38 -3.4e+38 -3.4e+38 -3.4e+38 -3.4e+38 -3.4e+38 0.170304000377655 0.164392992854118 0.159452006220818 0.154583007097244 0.150925993919373 0.147678002715111 0.144990995526314 0.142515003681183 0.129227995872498 0.118270002305508 0.111619003117085 0.103170000016689 0.0972288995981216 0.0906762033700943 0.0844160988926888
0.166655004024506 0.205403000116348 0.24897700548172 0.294201999902725 0.318076014518738 0.333442986011505 0.349617004394531 -3.4e+38 -3.4e+38 -3.4e+38 0.359719008207321 0.357598006725311 0.357670992612839 0.357726991176605 0.357766002416611 -3.4e+38 -3.4e+38 -3.4e+38 -3.4e+38 -3.4e+38 -3.4e+38 -3.4e+38 -3.4e+38 -3.4e+38 -3.4e+38 -3.4e+38 -3.4e+38 -3.4e+38 -3.4e+38 0.320376008749008 -3.4e+38 -3.4e+38 -3.4e+38 -3.4e+38 -3.4e+38 -3.4e+38 -3.4e+38 -3.4e+38 0.270606994628906 0.262575000524521 0.254617005586624 0.246528998017311 -3.4e+38 -3.4e+38 -3.4e+38 -3.4e+38 -3.4e+38 0.199989005923271 0.194343999028206 0.189997002482414 0.18537899851799 0.18189300596714 0.178376004099846 0.165040999650955 0.151846006512642 0.141539007425308 0.133009999990463 0.124701999127865 0.116309002041817 0.109089002013206
-3.4e+38 0.272924989461899 0.308236986398697 0.341013014316559 0.358880013227463 0.373409003019333 0.390004009008408 0.405238002538681 0.402570009231567 -3.4e+38 -3.4e+38 0.394825994968414 0.393992006778717 0.393141001462936 0.392273992300034 0.392392992973328 -3.4e+38 -3.4e+38 -3.4e+38 -3.4e+38 -3.4e+38 -3.4e+38 -3.4e+38 -3.4e+38 -3.4e+38 -3.4e+38 -3.4e+38 -3.4e+38 -3.4e+38 -3.4e+38 -3.4e+38 -3.4e+38 0.342774003744125 0.338106006383896 0.333018988370895 0.327551007270813 0.321678996086121 0.315672010183334 0.308679014444351 0.302219986915588 0.295982986688614 0.288872003555298 0.280458986759186 -3.4e+38 -3.4e+38 -3.4e+38 -3.4e+38 -3.4e+38 0.24380199611187 0.237646996974945 0.231819003820419 0.225982993841171 0.219445005059242 0.20754599571228 0.19497999548912 0.18181100487709 0.168318003416061 0.158158004283905 0.148122996091843 0.138907998800278
-3.4e+38 0.32728299498558 0.355060994625092 0.380731999874115 0.398371994495392 0.414222002029419 0.426176995038986 0.439722001552582 0.436720013618469 0.433694988489151 -3.4e+38 0.427978008985519 0.426492989063263 0.424997001886368 0.423500001430511 0.424216002225876 -3.4e+38 -3.4e+38 0.431914001703262 0.430723011493683 -3.4e+38 -3.4e+38 -3.4e+38 -3.4e+38 -3.4e+38 -3.4e+38 -3.4e+38 -3.4e+38 -3.4e+38 -3.4e+38 -3.4e+38 0.38112398982048 0.377048999071121 0.372512012720108 0.366944998502731 0.361016988754272 0.355062991380692 0.34908801317215 0.343297988176346 0.33763599395752 -3.4e+38 0.325702995061874 0.319561004638672 0.313392013311386 -3.4e+38 -3.4e+38 -3.4e+38 -3.4e+38 -3.4e+38 0.279803991317749 0.273696005344391 0.266521990299225 0.259748011827469 0.247733995318413 0.23615300655365 0.222590997815132 0.20890599489212 0.193137004971504 0.182104006409645 0.171048998832703
-3.4e+38 0.367134004831314 0.392311006784439 0.42110601067543 0.441630005836487 0.454447001218796 0.467842996120453 0.477100014686584 0.47316899895668 0.469727009534836 -3.4e+38 -3.4e+38 0.461062014102936 0.458516001701355 0.455951005220413 0.454661011695862 -3.4e+38 0.454614996910095 0.455736994743347 0.454735994338989 0.453321993350983 0.451747000217438 -3.4e+38 -3.4e+38 -3.4e+38 -3.4e+38 -3.4e+38 -3.4e+38 -3.4e+38 -3.4e+38 -3.4e+38 -3.4e+38 0.402134001255035 0.398552000522614 -3.4e+38 -3.4e+38 -3.4e+38 -3.4e+38 -3.4e+38 -3.4e+38 -3.4e+38 -3.4e+38 -3.4e+38 -3.4e+38 -3.4e+38 -3.4e+38 -3.4e+38 -3.4e+38 -3.4e+38 -3.4e+38 -3.4e+38 -3.4e+38 0.29381600022316 0.280979007482529 0.269372999668121 0.257889002561569 0.24448199570179 0.227130994200706 0.216764003038406 0.206683993339539
-3.4e+38 0.401347994804382 0.427749007940292 0.464410006999969 0.481287986040115 0.490680009126663 0.499758005142212 0.506111979484558 0.50307297706604 -3.4e+38 -3.4e+38 -3.4e+38 -3.4e+38 -3.4e+38 -3.4e+38 -3.4e+38 -3.4e+38 0.479288011789322 0.479575991630554 0.477697014808655 0.475075006484985 0.471991986036301 0.468405991792679 -3.4e+38 -3.4e+38 -3.4e+38 -3.4e+38 -3.4e+38 -3.4e+38 -3.4e+38 -3.4e+38 -3.4e+38 -3.4e+38 -3.4e+38 -3.4e+38 -3.4e+38 -3.4e+38 -3.4e+38 -3.4e+38 -3.4e+38 -3.4e+38 -3.4e+38 -3.4e+38 -3.4e+38 -3.4e+38 -3.4e+38 -3.4e+38 -3.4e+38 -3.4e+38 -3.4e+38 -3.4e+38 -3.4e+38 -3.4e+38 0.317128002643585 0.307698994874954 0.298076003789902 0.285564005374908 0.266090989112854 0.254577994346619 0.244753003120422
0.427038013935089 0.456456005573273 0.483586013317108 0.505532026290894 0.51543802022934 0.520583987236023 0.52530699968338 0.529018998146057 -3.4e+38 -3.4e+38 -3.4e+38 -3.4e+38 -3.4e+38 -3.4e+38 -3.4e+38 -3.4e+38 -3.4e+38 0.496295988559723 0.49432298541069 0.491847008466721 0.490159004926682 0.487839013338089 0.484741002321243 0.481512993574142 0.478251993656158 -3.4e+38 -3.4e+38 -3.4e+38 -3.4e+38 -3.4e+38 -3.4e+38 -3.4e+38 -3.4e+38 -3.4e+38 -3.4e+38 -3.4e+38 -3.4e+38 -3.4e+38 -3.4e+38 -3.4e+38 0.409330993890762 0.404579013586044 0.400478005409241 -3.4e+38 -3.4e+38 -3.4e+38 -3.4e+38 -3.4e+38 -3.4e+38 -3.4e+38 -3.4e+38 -3.4e+38 -3.4e+38 -3.4e+38 -3.4e+38 0.328065007925034 0.318432986736298 0.301483005285263 0.284864991903305 0.276109993457794
0.48743799328804 0.507708013057709 0.523117005825043 0.538572013378143 0.542571008205414 0.543875992298126 0.545235991477966 -3.4e+38 -3.4e+38 -3.4e+38 -3.4e+38 -3.4e+38 -3.4e+38 -3.4e+38 -3.4e+38 -3.4e+38 -3.4e+38 0.512395977973938 0.510006010532379 0.506959021091461 0.504774987697601 0.502561986446381 0.500320971012115 0.497606009244919 0.494872987270355 0.491683006286621 -3.4e+38 -3.4e+38 -3.4e+38 -3.4e+38 -3.4e+38 -3.4e+38 -3.4e+38 -3.4e+38 -3.4e+38 -3.4e+38 -3.4e+38 -3.4e+38 -3.4e+38 0.432478994131088 0.427143007516861 0.422224998474121 0.418635994195938 0.414981007575989 -3.4e+38 -3.4e+38 -3.4e+38 -3.4e+38 -3.4e+38 -3.4e+38 -3.4e+38 -3.4e+38 -3.4e+38 -3.4e+38 -3.4e+38 -3.4e+38 -3.4e+38 0.335846990346909 0.322364002466202 0.309132009744644
0.535049974918365 -3.4e+38 0.55156797170639 0.558049023151398 -3.4e+38 -3.4e+38 -3.4e+38 -3.4e+38 -3.4e+38 -3.4e+38 -3.4e+38 -3.4e+38 -3.4e+38 -3.4e+38 -3.4e+38 -3.4e+38 -3.4e+38 0.526409983634949 0.523491024971008 0.520437002182007 0.517295002937317 0.514096021652222 0.510839998722076 0.507713973522186 0.504692018032074 0.501547992229462 0.498539000749588 -3.4e+38 -3.4e+38 -3.4e+38 -3.4e+38 -3.4e+38 -3.4e+38 -3.4e+38 -3.4e+38 -3.4e+38 -3.4e+38 -3.4e+38 -3.4e+38 -3.4e+38 0.444923996925354 0.439998000860214 0.435645014047623 -3.4e+38 -3.4e+38 -3.4e+38 -3.4e+38 -3.4e+38 -3.4e+38 -3.4e+38 -3.4e+38 -3.4e+38 -3.4e+38 -3.4e+38 -3.4e+38 -3.4e+38 -3.4e+38 -3.4e+38 0.355962008237839 0.347227990627289
-3.4e+38 -3.4e+38 -3.4e+38 -3.4e+38 -3.4e+38 -3.4e+38 -3.4e+38 -3.4e+38 -3.4e+38 -3.4e+38 -3.4e+38 -3.4e+38 -3.4e+38 -3.4e+38 -3.4e+38 -3.4e+38 -3.4e+38 0.536725997924805 0.534675002098083 0.531693994998932 0.528136014938354 0.524522006511688 0.521591007709503 0.517664015293121 0.51425701379776 0.510879993438721 0.507607996463776 0.504350006580353 -3.4e+38 -3.4e+38 -3.4e+38 -3.4e+38 -3.4e+38 -3.4e+38 -3.4e+38 -3.4e+38 -3.4e+38 -3.4e+38 -3.4e+38 -3.4e+38 -3.4e+38 0.453061014413834 -3.4e+38 -3.4e+38 -3.4e+38 -3.4e+38 -3.4e+38 -3.4e+38 -3.4e+38 -3.4e+38 -3.4e+38 -3.4e+38 -3.4e+38 -3.4e+38 -3.4e+38 -3.4e+38 -3.4e+38 -3.4e+38 -3.4e+38 0.378282994031906
0.587809979915619 -3.4e+38 -3.4e+38 0.578006982803345 0.574388027191162 0.571214973926544 0.568027019500732 -3.4e+38 -3.4e+38 -3.4e+38 -3.4e+38 -3.4e+38 -3.4e+38 -3.4e+38 -3.4e+38 -3.4e+38 -3.4e+38 -3.4e+38 0.544739007949829 0.541395008563995 0.538452982902527 0.535462021827698 0.53242301940918 0.527958989143372 0.523608028888702 0.519590020179749 0.515523016452789 0.513105988502502 0.510541975498199 -3.4e+38 -3.4e+38 0.502583026885986 0.499826997518539 0.49702200293541 -3.4e+38 -3.4e+38 0.485502004623413 0.48149099946022 -3.4e+38 -3.4e+38 -3.4e+38 -3.4e+38 -3.4e+38 -3.4e+38 -3.4e+38 -3.4e+38 -3.4e+38 -3.4e+38 -3.4e+38 -3.4e+38 -3.4e+38 -3.4e+38 -3.4e+38 -3.4e+38 -3.4e+38 -3.4e+38 -3.4e+38 -3.4e+38 -3.4e+38 -3.4e+38
0.56070601940155 0.571910977363586 0.581727027893066 0.590493977069855 0.587801992893219 0.581746995449066 0.575976014137268 0.570255994796753 0.570312976837158 0.570966005325317 0.57074898481369 0.570119976997375 0.566609978675842 0.563467979431152 0.561101019382477 -3.4e+38 -3.4e+38 -3.4e+38 -3.4e+38 0.550709009170532 0.54756098985672 0.544646978378296 0.541180014610291 0.537844002246857 -3.4e+38 -3.4e+38 0.527372002601624 0.524425983428955 0.521431982517242 -3.4e+38 0.514998972415924 0.512033998966217 0.509371995925903 0.506753027439117 0.503396987915039 0.499760985374451 0.496071010828018 0.492329001426697 0.488878011703491 -3.4e+38 -3.4e+38 -3.4e+38 -3.4e+38 -3.4e+38 -3.4e+38 -3.4e+38 -3.4e+38 -3.4e+38 -3.4e+38 -3.4e+38 -3.4e+38 -3.4e+38 -3.4e+38 -3.4e+38 -3.4e+38 -3.4e+38 -3.4e+38 -3.4e+38 -3.4e+38 -3.4e+38
0.539216995239258 0.561670005321503 0.58195298910141 0.601732015609741 0.600503027439117 0.592209994792938 0.583963990211487 0.575026988983154 0.574813008308411 0.575958013534546 0.576246023178101 0.575927972793579 0.572915017604828 0.569823026657104 0.567026972770691 0.564742028713226 -3.4e+38 -3.4e+38 -3.4e+38 0.557713985443115 0.554722011089325 0.550997018814087 0.547739028930664 0.544941008090973 0.542674005031586 -3.4e+38 0.538322985172272 0.535118997097015 0.531597971916199 -3.4e+38 0.52471798658371 0.521826028823853 0.518880009651184 0.515879988670349 0.512454986572266 0.508870005607605 0.505364000797272 0.502331972122192 0.49863201379776 0.495736002922058 0.491243004798889 0.486766993999481 0.48309999704361 -3.4e+38 -3.4e+38 -3.4e+38 -3.4e+38 -3.4e+38 -3.4e+38 -3.4e+38 -3.4e+38 -3.4e+38 -3.4e+38 -3.4e+38 -3.4e+38 -3.4e+38 -3.4e+38 -3.4e+38 -3.4e+38 -3.4e+38
-3.4e+38 -3.4e+38 0.58100301027298 0.59909600019455 0.599219024181366 0.592873990535736 0.587330996990204 0.581332981586456 0.581314980983734 0.581040978431702 0.580758988857269 0.579805016517639 0.577033996582031 0.574405014514923 0.571498990058899 0.569649994373322 0.56852799654007 -3.4e+38 -3.4e+38 -3.4e+38 0.560945987701416 0.55800998210907 0.55504298210144 0.552841007709503 0.550305008888245 -3.4e+38 -3.4e+38 0.541522026062012 0.538712978363037 0.535386979579926 -3.4e+38 0.529986023902893 0.527215003967285 0.524124979972839 -3.4e+38 -3.4e+38 0.514692008495331 0.511400997638702 0.50807797908783 0.504549980163574 0.501037001609802 0.497568011283875 0.494359999895096 0.491115987300873 -3.4e+38 -3.4e+38 -3.4e+38 -3.4e+38 -3.4e+38 -3.4e+38 -3.4e+38 -3.4e+38 -3.4e+38 -3.4e+38 -3.4e+38 -3.4e+38 -3.4e+38 -3.4e+38 -3.4e+38 -3.4e+38
0.569742977619171 0.573785006999969 0.578221023082733 0.583006978034973 0.585268020629883 0.58535099029541 0.586667001247406 0.588667988777161 0.587460994720459 0.586247980594635 0.585032999515533 0.583473980426788 0.580093026161194 0.576889991760254 0.57371199131012 0.57157701253891 0.571004986763 0.570397019386292 -3.4e+38 -3.4e+38 0.565451979637146 0.562889993190765 0.560922980308533 0.558880984783173 0.557201981544495 -3.4e+38 -3.4e+38 -3.4e+38 0.545545995235443 0.541547000408173 -3.4e+38 -3.4e+38 0.533123016357422 -3.4e+38 -3.4e+38 -3.4e+38 -3.4e+38 0.516671001911163 0.513894021511078 0.511264979839325 0.507937014102936 0.505050003528595 0.502739012241364 0.500477015972137 0.497961014509201 -3.4e+38 -3.4e+38 -3.4e+38 -3.4e+38 -3.4e+38 -3.4e+38 -3.4e+38 -3.4e+38 -3.4e+38 -3.4e+38 -3.4e+38 -3.4e+38 -3.4e+38 -3.4e+38 -3.4e+38
0.595854997634888 0.587727010250092 0.578341007232666 0.567785024642944 0.571206986904144 0.578705012798309 0.586324989795685 0.594726979732513 0.592589020729065 0.59042501449585 0.588235974311829 0.585677981376648 0.581736981868744 0.577108979225159 0.572261989116669 0.569972991943359 0.569630026817322 0.568942010402679 0.56869900226593 0.567959010601044 0.566976010799408 0.565717995166779 0.564572989940643 0.562776029109955 0.560936987400055 0.558991014957428 0.556896984577179 -3.4e+38 0.551451981067657 0.548511981964111 0.545798003673553 -3.4e+38 -3.4e+38 -3.4e+38 -3.4e+38 -3.4e+38 -3.4e+38 -3.4e+38 -3.4e+38 -3.4e+38 -3.4e+38 -3.4e+38 -3.4e+38 -3.4e+38 0.507634997367859 0.504348993301392 -3.4e+38 -3.4e+38 -3.4e+38 -3.4e+38 -3.4e+38 -3.4e+38 -3.4e+38 -3.4e+38 -3.4e+38 -3.4e+38 -3.4e+38 -3.4e+38 -3.4e+38 -3.4e+38
0.571271002292633 0.571034014225006 0.572315990924835 0.574123978614807 0.577530026435852 0.581754982471466 0.585983991622925 0.588519990444183 0.58747398853302 0.586412012577057 0.58533501625061 0.583548009395599 0.579623997211456 0.575887024402618 0.572511970996857 0.569670021533966 0.567629992961884 0.565868973731995 0.56452602148056 0.564110994338989 0.563996970653534 0.563866972923279 0.563710987567902 0.563206017017365 0.562519013881683 0.561369001865387 0.560056984424591 0.557857990264893 0.555411994457245 0.55349999666214 0.551239013671875 0.548355996608734 -3.4e+38 -3.4e+38 -3.4e+38 -3.4e+38 -3.4e+38 -3.4e+38 -3.4e+38 -3.4e+38 -3.4e+38 -3.4e+38 -3.4e+38 -3.4e+38 -3.4e+38 0.514809012413025 -3.4e+38 -3.4e+38 -3.4e+38 -3.4e+38 -3.4e+38 -3.4e+38 -3.4e+38 -3.4e+38 -3.4e+38 -3.4e+38 -3.4e+38 -3.4e+38 -3.4e+38 -3.4e+38
0.559041976928711 0.565779983997345 0.573252022266388 0.580210983753204 0.582269012928009 0.581909000873566 0.581265985965729 0.580883979797363 0.58125501871109 0.581800997257233 0.58237099647522 0.582431018352509 0.579300999641418 0.576479971408844 0.573581993579865 0.570860028266907 0.567607998847961 0.564481019973755 0.561466991901398 0.560715973377228 0.560917973518372 -3.4e+38 -3.4e+38 0.561568021774292 0.561097979545593 0.5608069896698 0.560021996498108 0.559063017368317 0.557978987693787 0.556751012802124 0.555171012878418 0.552406013011932 -3.4e+38 -3.4e+38 -3.4e+38 -3.4e+38 -3.4e+38 0.53166800737381 0.530936002731323 0.530062019824982 0.529299974441528 0.528921008110046 0.530351996421814 -3.4e+38 -3.4e+38 -3.4e+38 -3.4e+38 -3.4e+38 -3.4e+38 -3.4e+38 -3.4e+38 -3.4e+38 -3.4e+38 -3.4e+38 -3.4e+38 -3.4e+38 -3.4e+38 -3.4e+38 -3.4e+38 -3.4e+38
0.542415976524353 0.556104004383087 0.56897497177124 0.580513000488281 0.581456005573273 0.579357981681824 0.577193021774292 0.574989974498749 0.57609099149704 0.577412009239197 0.578712999820709 0.578702986240387 0.576443016529083 0.57403302192688 0.571408987045288 0.567534029483795 0.561878025531769 0.556379973888397 0.550311982631683 0.549694001674652 0.550342977046967 0.550765991210938 0.551187992095947 0.551496982574463 0.551856994628906 0.551719009876251 0.551750004291534 0.551406979560852 0.551210999488831 -3.4e+38 -3.4e+38 -3.4e+38 -3.4e+38 -3.4e+38 -3.4e+38 -3.4e+38 0.536643028259277 0.533990979194641 0.533923983573914 0.533841013908386 0.533520996570587 0.533985018730164 0.537885010242462 0.540192008018494 -3.4e+38 -3.4e+38 -3.4e+38 -3.4e+38 -3.4e+38 -3.4e+38 -3.4e+38 -3.4e+38 -3.4e+38 -3.4e+38 -3.4e+38 -3.4e+38 -3.4e+38 -3.4e+38 -3.4e+38 -3.4e+38
0.54907500743866 0.561394989490509 0.571691989898682 0.580145001411438 0.580905020236969 0.577607989311218 0.574111998081207 0.570002973079681 0.572835981845856 0.574937999248505 0.577278971672058 0.578390002250671 0.574226975440979 0.570105016231537 0.565908014774323 0.560126006603241 0.550976991653442 0.542289972305298 0.531849026679993 0.53066498041153 0.53134697675705 0.531574010848999 0.532279014587402 0.531835973262787 0.531383991241455 -3.4e+38 -3.4e+38 -3.4e+38 -3.4e+38 -3.4e+38 -3.4e+38 -3.4e+38 -3.4e+38 -3.4e+38 -3.4e+38 0.528479993343353 0.529070019721985 0.529617011547089 0.530521988868713 0.531114995479584 0.530806005001068 0.53354400396347 0.541989028453827 0.546437978744507 -3.4e+38 -3.4e+38 -3.4e+38 -3.4e+38 -3.4e+38 -3.4e+38 -3.4e+38 -3.4e+38 -3.4e+38 -3.4e+38 -3.4e+38 -3.4e+38 -3.4e+38 -3.4e+38 -3.4e+38 -3.4e+38
0.553561985492706 0.566863000392914 0.575911998748779 0.582826972007751 0.58014702796936 0.575037002563477 0.570684015750885 0.565226018428802 0.56783002614975 0.571475028991699 0.575502991676331 0.576587975025177 0.570807993412018 0.564877986907959 0.55858701467514 0.550400018692017 0.539866983890533 0.52701997756958 0.514689981937408 0.513617992401123 0.513185977935791 0.512466013431549 0.511534988880157 0.510306000709534 0.509023010730743 0.50772100687027 0.507779002189636 -3.4e+38 -3.4e+38 -3.4e+38 -3.4e+38 -3.4e+38 -3.4e+38 -3.4e+38 0.511788010597229 0.515271008014679 0.517979025840759 0.521050989627838 0.523575007915497 0.525291979312897 0.52699202299118 0.530173003673553 0.540892004966736 0.550364017486572 0.558673024177551 -3.4e+38 -3.4e+38 -3.4e+38 -3.4e+38 -3.4e+38 -3.4e+38 -3.4e+38 -3.4e+38 -3.4e+38 -3.4e+38 -3.4e+38 -3.4e+38 -3.4e+38 -3.4e+38 -3.4e+38
0.572987973690033 0.574034988880157 0.57558399438858 0.576367974281311 0.574458003044128 0.571303009986877 0.567825019359589 0.56981897354126 0.568672001361847 0.569855988025665 0.571286022663116 0.57089501619339 0.564532995223999 0.558548986911774 0.551083981990814 0.543887972831726 0.535965025424957 0.527822017669678 0.521740019321442 0.519931018352509 0.520290017127991 0.521481990814209 0.522678971290588 0.518943011760712 0.515743970870972 0.511713027954102 0.50798898935318 0.511270999908447 0.516173005104065 0.522023975849152 0.520699024200439 0.513122975826263 0.507323026657104 0.500706017017365 0.498656004667282 0.496167004108429 0.492664992809296 0.488431006669998 0.502415001392365 0.51263302564621 0.520829975605011 0.530143976211548 0.540835022926331 0.548079013824463 0.552908003330231 -3.4e+38 -3.4e+38 -3.4e+38 -3.4e+38 -3.4e+38 -3.4e+38 -3.4e+38 -3.4e+38 -3.4e+38 -3.4e+38 -3.4e+38 -3.4e+38 -3.4e+38 -3.4e+38 -3.4e+38
0.58043497800827 0.577961981296539 0.574509024620056 0.569975018501282 -3.4e+38 0.5676149725914 0.567960977554321 0.574653029441833 0.571195006370544 0.570186018943787 0.569305002689362 0.5660799741745 0.559315025806427 -3.4e+38 -3.4e+38 0.537478983402252 0.532395005226135 0.528316974639893 0.526507973670959 0.52777898311615 0.528503000736237 0.530611991882324 0.533056974411011 0.526739001274109 0.520465016365051 0.514672994613647 0.510583996772766 0.516955018043518 0.521804988384247 0.528083980083466 0.52639502286911 0.519519984722137 0.510482013225555 0.503166019916534 0.487280994653702 0.480443000793457 0.47529798746109 0.470670014619827 0.484088003635406 0.500042974948883 0.512668013572693 0.525879979133606 0.539776980876923 0.546431005001068 0.546364009380341 0.545867025852203 -3.4e+38 -3.4e+38 -3.4e+38 -3.4e+38 -3.4e+38 -3.4e+38 -3.4e+38 -3.4e+38 -3.4e+38 -3.4e+38 -3.4e+38 -3.4e+38 -3.4e+38 -3.4e+38
0.569916009902954 0.568015992641449 0.567201018333435 -3.4e+38 -3.4e+38 -3.4e+38 -3.4e+38 0.573038995265961 0.566651999950409 0.559413015842438 0.553520023822784 0.552241027355194 -3.4e+38 -3.4e+38 -3.4e+38 0.535875022411346 0.529787003993988 0.523800015449524 0.518630981445312 0.521359980106354 0.526762008666992 0.531264007091522 0.537352979183197 0.530574023723602 0.524556994438171 0.519023001194 0.516008973121643 0.520671010017395 0.524599015712738 0.5293830037117 0.529708027839661 0.523615002632141 0.518773972988129 0.512542009353638 0.496607005596161 0.482528001070023 0.473937004804611 0.462433993816376 0.477117002010345 0.488135010004044 0.502937018871307 0.515748977661133 0.530115008354187 0.538187980651855 0.538573980331421 0.539609014987946 -3.4e+38 -3.4e+38 -3.4e+38 -3.4e+38 -3.4e+38 -3.4e+38 -3.4e+38 -3.4e+38 -3.4e+38 -3.4e+38 -3.4e+38 -3.4e+38 -3.4e+38 -3.4e+38
0.542227983474731 0.548343002796173 -3.4e+38 -3.4e+38 -3.4e+38 -3.4e+38 -3.4e+38 -3.4e+38 0.561257004737854 0.544716000556946 0.533218026161194 0.540450990200043 0.544094979763031 0.546146988868713 0.547221004962921 0.542879998683929 0.534807980060577 0.526179015636444 0.518064022064209 0.520174980163574 0.523563027381897 0.528582990169525 0.537415981292725 0.531122982501984 0.524151980876923 0.520228028297424 0.51861697435379 0.521131992340088 0.522702991962433 0.520241022109985 0.521211981773376 0.524188995361328 0.524516999721527 0.526017010211945 0.51349002122879 0.495086997747421 0.474279999732971 0.457486003637314 -3.4e+38 -3.4e+38 0.491548001766205 0.502474009990692 0.5140780210495 0.522572994232178 0.529986023902893 0.533317983150482 0.534543991088867 -3.4e+38 -3.4e+38 -3.4e+38 -3.4e+38 -3.4e+38 -3.4e+38 -3.4e+38 -3.4e+38 -3.4e+38 -3.4e+38 -3.4e+38 -3.4e+38 -3.4e+38
0.512066006660461 0.5260009765625 -3.4e+38 -3.4e+38 -3.4e+38 -3.4e+38 -3.4e+38 -3.4e+38 0.551964998245239 0.532680988311768 0.514241993427277 0.527054011821747 0.536253988742828 0.551415026187897 0.595034003257751 0.602743029594421 0.578140020370483 0.551231980323792 0.536291003227234 0.516240000724792 0.519491970539093 0.521951973438263 0.534205973148346 0.528967976570129 0.52293598651886 0.520435988903046 -3.4e+38 0.518801987171173 0.515996992588043 0.507923007011414 0.506442010402679 0.51433801651001 0.516444981098175 0.518413007259369 0.51867002248764 0.509041011333466 0.492895990610123 -3.4e+38 -3.4e+38 -3.4e+38 -3.4e+38 0.485083997249603 0.499797999858856 0.513170003890991 0.524156987667084 0.526899993419647 0.527800977230072 -3.4e+38 -3.4e+38 -3.4e+38 -3.4e+38 -3.4e+38 -3.4e+38 -3.4e+38 -3.4e+38 -3.4e+38 -3.4e+38 -3.4e+38 -3.4e+38 -3.4e+38
