results/Predictions/Median/Cenomanian.asc
NCOLS 360 
NROWS 180 
XLLCORNER -180 
YLLCORNER -90 
CELLSIZE 1 
NODATA_value -3.4e+38 
[rows 40 to 59 of 180, columns 0 to 43 of 360]
1.91606995940674e-05 1.93631003639894e-05 1.95327993424144e-05 1.96861001313664e-05 1.98854995687725e-05 2.01677994482452e-05 2.04702992050443e-05 2.07772991416277e-05 2.10600992431864e-05 2.13465991691919e-05 2.15689997276058e-05 2.18919994949829e-05 2.22199996642303e-05 2.2553000235348e-05 2.28908993449295e-05 2.31662997975945e-05 2.33766004384961e-05 2.35889001487521e-05 2.38031007029349e-05 2.38012999034254e-05 2.37067997659324e-05 2.35741008509649e-05 2.34421004279284e-05 2.34304006880848e-05 2.34153994824737e-05 2.33338996622479e-05 2.32185993809253e-05 2.31352005357621e-05 2.30027999350568e-05 2.28711996896891e-05 2.26555002882378e-05 2.23580991587369e-05 2.20645997615065e-05 2.17750002775574e-05 2.15364998439327e-05 2.13084003917174e-05 2.11247006518533e-05 2.08885994652519e-05 2.06615004572086e-05 2.04247007786762e-05 2.01543007278815e-05 1.98778998310445e-05 1.96491000679089e-05 1.94227995962137e-05
2.97256992780603e-05 2.97382994176587e-05 2.96878006338375e-05 2.95887002721429e-05 2.94821002171375e-05 2.94311994366581e-05 2.9334400096559e-05 2.94503006443847e-05 2.95958998322021e-05 2.97293991025072e-05 2.98635004583048e-05 3.00568008242408e-05 3.04288005281705e-05 3.08052985928953e-05 3.11865005642176e-05 3.14524004352279e-05 3.15998004225548e-05 3.17480007652193e-05 3.1896801374387e-05 3.16617006319575e-05 3.13396012643352e-05 3.10811010422185e-05 3.08248017972801e-05 3.06034999084659e-05 3.0269200578914e-05 2.9973800337757e-05 2.98076993203722e-05 2.96324997179909e-05 2.94575002044439e-05 2.91650994768133e-05 2.87494003714528e-05 2.83681001747027e-05 2.79269006568938e-05 2.74884005193599e-05 2.71579992840998e-05 2.68573003268102e-05 2.65834005404031e-05 2.62659996224102e-05 2.58765994658461e-05 2.5487699531368e-05 2.49813001573784e-05 2.45421997533413e-05 2.42802998400293e-05 2.40210993069923e-05
4.46828016720247e-05 4.42109994764905e-05 4.37968010373879e-05 4.32882006862201e-05 4.30459003837314e-05 4.28323000960518e-05 4.2531199142104e-05 4.18050985899754e-05 4.18525996792596e-05 4.19485004385933e-05 4.19249990954995e-05 4.19333991885651e-05 4.23156016040593e-05 4.26603983214591e-05 4.29989995609503e-05 4.32043998443987e-05 4.31933985964861e-05 4.31824009865522e-05 4.31730986747425e-05 4.27589002356399e-05 4.21877011831384e-05 4.16506991314236e-05 4.10493994422723e-05 4.0474500565324e-05 3.99240998376627e-05 3.91204994230065e-05 3.85310013371054e-05 3.81198005925398e-05 3.76702992070932e-05 3.71142996300478e-05 3.65474006684963e-05 3.59703990397975e-05 3.5402499634074e-05 3.48436005879194e-05 3.42507992172614e-05 3.3807798899943e-05 3.3370601158822e-05 3.27144989569206e-05 3.21408988384064e-05 3.16100995405577e-05 3.10881987388711e-05 3.05989015032537e-05 3.01882992062019e-05 2.9783299396513e-05
6.34086973150261e-05 6.27616027486511e-05 6.21002982370555e-05 6.1428698245436e-05 6.08228983765002e-05 6.02459003857803e-05 5.93963995925151e-05 5.85558009333909e-05 5.83272994845174e-05 5.8075300330529e-05 5.76958991587162e-05 5.74129007873125e-05 5.77721002628095e-05 5.81335989409126e-05 5.83988985454198e-05 5.84480003453791e-05 5.82528009545058e-05 5.79697007196955e-05 5.7794401072897e-05 5.702810085495e-05 5.61865999770816e-05 5.53831014258321e-05 5.38804997631814e-05 5.32675985596143e-05 5.22170012118295e-05 5.13265986228362e-05 5.06522992509417e-05 4.96397988172248e-05 4.86405006085988e-05 4.77998983114958e-05 4.71396997454576e-05 4.63799988210667e-05 4.56326015410013e-05 4.48973987658974e-05 4.41765005234629e-05 4.33979985245969e-05 4.24304016632959e-05 4.15827016695403e-05 4.07527004426811e-05 3.99392993131187e-05 3.91421999665909e-05 3.83865990443155e-05 3.7817098927917e-05 3.72110007447191e-05
8.75792029546574e-05 8.66596965352073e-05 8.58291969052516e-05 8.50068026920781e-05 8.41231012600474e-05 8.32071964396164e-05 8.19525012047961e-05 8.10050987638533e-05 8.0745798186399e-05 8.04872979642823e-05 8.02296999609098e-05 8.00303969299421e-05 8.00041016191244e-05 7.99777990323491e-05 7.99514018581249e-05 7.98010005382821e-05 7.95270971138962e-05 7.88885008660145e-05 7.81952985562384e-05 7.66711018513888e-05 7.50679027987644e-05 7.36789006623439e-05 7.23515986464918e-05 7.09501982782967e-05 6.88931031618267e-05 6.71679008519277e-05 6.58618009765632e-05 6.46728003630415e-05 6.37436023680493e-05 6.2608698499389e-05 6.11618015682325e-05 5.9832600527443e-05 5.85890993534122e-05 5.7337099860888e-05 5.60049993509892e-05 5.46691990166437e-05 5.33651982550509e-05 5.19964996783528e-05 5.09476994920988e-05 4.9828398914542e-05 4.89193007524591e-05 4.79392001579981e-05 4.69916994916275e-05 4.60878000012599e-05
0.000116199000331 0.000114937996841036 0.000113690002763178 0.000112456000351813 0.000111235000076704 0.000110025997855701 0.000108831001853105 0.000107647996628657 0.000107180996565148 0.000106548999610823 0.000106296000012662 0.000105883002106566 0.000105551996966824 0.00010522200318519 0.000104890998045448 0.000104450002254453 0.000103874997876119 0.000103045997093432 0.000102188001619652 0.000100049997854512 9.83770005404949e-05 9.64029968599789e-05 9.45042993407696e-05 9.21476967050694e-05 8.98461003089324e-05 8.65908004925586e-05 8.44149981276132e-05 8.27043986646459e-05 8.13724982435815e-05 7.94419029261917e-05 7.75692969909869e-05 7.5783500506077e-05 7.44196004234254e-05 7.28902014088817e-05 7.12846012902446e-05 6.96792994858697e-05 6.8110202846583e-05 6.6458000219427e-05 6.46636981400661e-05 6.29572023171932e-05 6.13161973888054e-05 5.97772013861686e-05 5.84498011448886e-05 5.72606004425324e-05
0.000148111997987144 0.000146624995977618 0.000145152996992692 0.000143694996950217 0.000142396005685441 0.000141155993333086 0.000139926996780559 0.000138709001475945 0.000138117000460625 0.000137527997139841 0.000136941001983359 0.00013635000505019 0.000135743001010269 0.000135134003357962 0.000134500995045528 0.000133630994241685 0.000132404005853459 0.000131292996229604 0.000130191998323426 0.000128198997117579 0.000126119004562497 0.000123449994134717 0.000120850003440864 0.000118721000035293 0.000114510003186297 0.00011167699994985 0.000108590997115243 0.000105521998193581 0.000103029000456445 0.00010092699812958 9.87539970083162e-05 9.65162980719469e-05 9.43428967730142e-05 9.22882027225569e-05 9.01547027751803e-05 8.79064027685672e-05 8.56249971548095e-05 8.35918981465511e-05 8.16976971691474e-05 7.98464025137946e-05 7.79615002102219e-05 7.61389965191483e-05 7.45686993468553e-05 7.30308020138182e-05
0.000184044998604804 0.000182333998964168 0.000181007999344729 0.000180225004442036 0.000179691996891052 0.000179244001628831 0.000178493995917961 0.000177113004610874 0.000175793000380509 0.000174483997398056 0.000173724998603575 0.000172522995853797 0.000171300998772494 0.000170087005244568 0.0001691090001259 0.000168079001014121 0.000166854995768517 0.00016563999815844 0.000164434997714125 0.000161870993906632 0.000159702001838014 0.000156855006935075 0.0001535449991934 0.000150052001117729 0.000146018996019848 0.000142350007081404 0.000138866002089344 0.000135740992845967 0.000132610002765432 0.000129698993987404 0.000126610000734217 0.000123460005852394 0.000120099997729994 0.000117319999844767 0.000114408001536503 0.000111569002910983 0.000108774002001155 0.000106047998997383 0.000103412996395491 0.000100796001788694 9.83368008746766e-05 9.59570024861023e-05 9.38226003199816e-05 9.17357974685729e-05
0.0002202239993494 0.000218768997001462 0.000217324995901436 0.00021586699585896 0.000214525003684685 0.000213270002859645 0.00021202300558798 0.00021078200370539 0.000209997000638396 0.000209214995265938 0.000208501995075494 0.000207668999792077 0.000206195007194765 0.000204719006433152 0.0002032530028373 0.000201468006707728 0.000199039001017809 0.000196142995264381 0.00019314099336043 0.000189376005437225 0.000185420998604968 0.000182065006811172 0.000179458002094179 0.00017618399579078 0.000173881999216974 0.000170547005836852 0.000166825004271232 0.000164113997016102 0.00016029599646572 0.000156326001160778 0.000153057000716217 0.000149664003401995 0.000147102997289039 0.000144214005558752 0.000141113006975502 0.000137990995426662 0.000134625995997339 0.000130879998323508 0.000127268998767249 0.000124341997434385 0.000121539000247139 0.00011892899783561 0.000116351002361625 0.000113763999252114
0.000255480990745127 0.000254143989877775 0.000252814003033563 0.000251490011578426 0.000250321987550706 0.000249272998189554 0.00024822898558341 0.000246904994128272 0.000245447008637711 0.000243996997596696 0.000242556998273358 0.000241015994106419 0.000238958993577398 0.000237564992858097 0.0002357449993724 0.000233086000662297 0.000230605000979267 0.000227889002417214 0.000224613002501428 0.000220892005017959 0.00021707100677304 0.00021306199778337 0.000209543999517336 0.000205816002562642 0.000202198993065394 0.000199650006834418 0.000196583001525141 0.000193223997484893 0.000190026999916881 0.000186503006261773 0.000183451003977098 0.000179884998942725 0.000176475994521752 0.00017271499382332 0.000169499995536171 0.00016521499492228 0.000161527001182549 0.000158584996825084 0.000155186004121788 0.000151126994751394 0.000148456005263142 0.000146374004543759 0.00014376400213223 0.000140646006911993
0.000294164987280965 0.000292726006591693 0.000291831995127723 0.000291166012175381 0.000289990013698116 0.000288918992737308 0.00028618800570257 0.000284511013887823 0.000282833003439009 0.000281165994238108 0.000279508007224649 0.000276751001365483 0.000274607999017462 0.000272508012130857 0.000270424003247172 0.000268183997832239 0.000265659997239709 0.000262093002675101 0.0002590189978946 0.000254996994044632 0.000251257995842025 0.000247246003709733 0.00024297900381498 0.000238548003835604 0.000233742001000792 0.00022977999469731 0.000226642994675785 0.00022280600387603 0.000219966997974552 0.000217163993511349 0.000213022998650558 0.000208817000384443 0.000205732998438179 0.00020123299327679 0.00019720199634321 0.000194060005014762 0.000191389000974596 0.000187878002179787 0.000183751006261446 0.000180567003553733 0.000176816000021063 0.000173253996763378 0.000170087005244568 0.000166979007190093
0.000325825007166713 0.000324571010423824 0.000323532003676519 0.00032249599462375 0.000321286992402747 0.00032013701274991 0.000319304992444813 0.000318620004691184 0.000317697995342314 0.000315706012770534 0.000313797005219385 0.00031233299523592 0.000310503994114697 0.000308685994241387 0.000306475005345419 0.000303362001432106 0.000300253013847396 0.000296009995508939 0.000293138000415638 0.000289487012196332 0.000286286987829953 0.000282780994893983 0.000278972001979128 0.000275032012723386 0.000270237011136487 0.000265514012426138 0.000260778004303575 0.000256609986536205 0.000252358993748203 0.000248177995672449 0.000244502007262781 0.000240604000282474 0.000236314997891895 0.000232150996453129 0.000228767006774433 0.000225337003939785 0.00022085799719207 0.000217167005757801 0.000212799001019448 0.000209139005164616 0.000206652999622747 0.000202569004613906 0.000198406996787526 0.00019508799596224
0.000364347011782229 0.000363280007150024 0.000362216989742592 0.000361156999133527 0.000359914993168786 0.000358616991434246 0.00035672599915415 0.000355213996954262 0.000353596988134086 0.000351988011971116 0.000350415008142591 0.000348320987541229 0.000345520005794242 0.000342743005603552 0.000339988007908687 0.000336550991050899 0.000332453986629844 0.000329444999806583 0.000326278997818008 0.000322459993185475 0.000318250007694587 0.000314064003759995 0.000309994997223839 0.000306823989376426 0.000302598986309022 0.000298620987450704 0.000294299999950454 0.000289936986519024 0.000285001005977392 0.00028131200815551 0.000277671002550051 0.000273746001766995 0.000269876996753737 0.000266062008449808 0.000262021989328787 0.000258324987953529 0.000254679995123297 0.000250534998485819 0.000246707000769675 0.000242937996517867 0.000239119006437249 0.0002356009936193 0.000232111997320317 0.000228282995522022
0.000409445987315848 0.000408024003263563 0.000406606995966285 0.000405194004997611 0.000403835991164669 0.000402397010475397 0.000401427008910105 0.000399204989662394 0.000396679999539629 0.000394592003431171 0.00039166200440377 0.000389691995223984 0.000385950988857076 0.000382728991098702 0.00037984800292179 0.000376439013052732 0.000372671987861395 0.00036892801290378 0.000365251005860046 0.00036129099316895 0.000356701988494024 0.000351483991835266 0.000346037995768711 0.00034100201446563 0.000336792989401147 0.00033259199699387 0.000327813002513722 0.0003240889927838 0.000319585000397637 0.000315818004310131 0.00031092599965632 0.000306922011077404 0.000304115004837513 0.000301068008411676 0.000297780003165826 0.000292738986900076 0.000288315990474075 0.00028453700360842 0.000280373002169654 0.000276203005341813 0.000272130011580884 0.000268148985924199 0.000263978989096358 0.000259805005043745
0.000438608985859901 0.000438243005191907 0.000437401991803199 0.000436823989730328 0.000435880006989464 0.000434210000094026 0.000432191998697817 0.000429397012339905 0.000427552004111931 0.00042628200026229 0.000425656995503232 0.000422757002525032 0.000420364987803623 0.000418595998780802 0.000416808004956692 0.000414556008763611 0.000411259010434151 0.000407446001190692 0.000403910002205521 0.00039875999209471 0.000395796989323571 0.000391386012779549 0.00038733400288038 0.000382720987545326 0.000377869990188628 0.000373079994460568 0.000368208013242111 0.000363792001735419 0.000359128986019641 0.00035404899972491 0.00034993898589164 0.000345954991644248 0.000341395003488287 0.000337048986693844 0.000333119998686016 0.000328535010339692 0.000325374014209956 0.00032196199754253 0.000317550002364442 0.000313035998260602 0.000307881011394784 0.000304852990666404 0.00030148500809446 0.000298163009574637
0.000451153988251463 0.000450230989372358 0.000447850005002692 0.000447355007054284 0.000446910009486601 0.00044506200356409 0.000442891992861405 0.000440926989540458 0.000439374998677522 0.000439155002823099 0.000437812996096909 0.000436761998571455 0.000434754008892924 0.000434012006735429 0.000431232008850202 0.000428544997703284 0.000427554012276232 0.000426512997364625 0.000425476988311857 0.000423961988417432 0.00042229300015606 0.000422304001403973 0.000420408003265038 0.000418265000917017 0.000416132010286674 0.00041324199992232 0.000408977997722104 0.000405541009968147 0.000402545992983505 0.000396296993130818 0.00039089098572731 0.000387439009500667 0.000384415005100891 0.000381310004740953 0.000376095995306969 0.000370571011444554 0.000365126994438469 0.000359919009497389 0.000354657007846981 0.000349576002918184 0.000344783009495586 0.00034079299075529 0.000337197998305783 0.000332602008711547
0.000457549002021551 0.000455869012512267 0.000455492991022766 0.000454502995125949 0.000453969987574965 0.000453170010587201 0.000450018997071311 0.000448509003035724 0.00044763699406758 0.000446993013611063 0.000446705991635099 0.000447130005341023 0.00044723300379701 0.000446076999651268 0.000443430006271228 0.000440762989455834 0.000439585011918098 0.000439563009422272 0.000440120988059789 0.00043999298941344 0.00043867199565284 0.000437320006312802 0.000435894005931914 0.000434869987657294 0.000434235000284389 0.000432103988714516 0.000431349995778874 0.000431290012784302 0.000431230990216136 0.00042879898683168 0.000426201993832365 0.000424302008468658 0.000424158992245793 0.000421703007305041 0.000418703013565391 0.000415633985539898 0.000412405002862215 0.000408024992793798 0.000402573990868405 0.000396843010094017 0.000392077985452488 0.000387336011044681 0.000382644997444004 0.00037679000524804
0.000462908006738871 0.000460968003608286 0.000461840012576431 0.000461835996247828 0.000460645998828113 0.000458836992038414 0.000456632988061756 0.000454803986940533 0.000454083987278864 0.000453774991910905 0.000454140012152493 0.00045495099038817 0.00045640001189895 0.00045714300358668 0.000456706999102607 0.000456568988738582 0.000455269007943571 0.000454694993095472 0.000454340013675392 0.00045412199688144 0.000453966989880428 0.000453409011242911 0.000452962005510926 0.000451889995019883 0.000450821011327207 0.000449755985755473 0.000448876991868019 0.000447891012299806 0.000447894999524578 0.000448117993073538 0.000447225000243634 0.000447027996415272 0.000446832011220977 0.00044565400457941 0.00044408900430426 0.00044327400973998 0.00044189699110575 0.000438921997556463 0.000436887989053503 0.000434865010902286 0.000432459986768663 0.000429917010478675 0.000428550003562123 0.000424845988163725
0.000463989010313526 0.000463712000055239 0.000463814998511225 0.000463870994281024 0.000463890988612548 0.0004638509999495 0.000463812000816688 0.000463773001683876 0.000464295007986948 0.000464818003820255 0.000464779994217679 0.000464043987449259 0.000463236996438354 0.000462550000520423 0.000465707998955622 0.000465252989670262 0.000464768992969766 0.000464029988506809 0.00046443598694168 0.000464699987787753 0.000464793993160129 0.000464937998913229 0.00046508401283063 0.000464785000076517 0.000462836003862321 0.000461549003375694 0.000461006013210863 0.00046051200479269 0.000460921000922099 0.000459748000139371 0.000458941009128466 0.000459542992757633 0.000460145995020866 0.000459459988633171 0.000458110996987671 0.000457365997135639 0.000457143993116915 0.000455500994576141 0.000454158987849951 0.000453474000096321 0.000452984008006752 0.000452387001132593 0.000452248990768567 0.000451870000688359
0.000466741999844089 0.000467127014417201 0.000467239005956799 0.000467170990305021 0.000467553007183596 0.000467870995635167 0.000468154001282528 0.000468988990178332 0.000470686005428433 0.000470872997539118 0.000470077007776126 0.0004699089913629 0.000472473999252543 0.000473824009532109 0.000475589011330158 0.000475117994938046 0.00047570001333952 0.00047627798630856 0.000476618995890021 0.00047676800750196 0.000476926012197509 0.000477085006423295 0.000476012006402016 0.000475062988698483 0.000474116008263081 0.000473538006190211 0.000472654006443918 0.000471771985758096 0.000471220002509654 0.000470667990157381 0.000469864986371249 0.000469716993393376 0.000469824997708201 0.000469333986984566 0.000468940008431673 0.000468774989712983 0.000468610000098124 0.000468357990030199 0.000467697012936696 0.000467251986265182 0.000467478006612509 0.000465930992504582 0.000467209989437833 0.000467450998257846
