results/Predictions/Median/Cenomanian.asc
NCOLS 360 
NROWS 180 
XLLCORNER -180 
YLLCORNER -90 
CELLSIZE 1 
NODATA_value -3.4e+38 
[rows 120 to 139 of 180, columns 176 to 219 of 360]
0.000818033993709832 0.000313569005811587 0.000272316014161333 0.0501943007111549 0.360080003738403 -3.4e+38 -3.4e+38 -3.4e+38 -3.4e+38 -3.4e+38 -3.4e+38 -3.4e+38 -3.4e+38 -3.4e+38 -3.4e+38 -3.4e+38 -3.4e+38 -3.4e+38 -3.4e+38 -3.4e+38 -3.4e+38 -3.4e+38 -3.4e+38 -3.4e+38 -3.4e+38 -3.4e+38 -3.4e+38 -3.4e+38 -3.4e+38 -3.4e+38 -3.4e+38 -3.4e+38 -3.4e+38 -3.4e+38 -3.4e+38 -3.4e+38 0.508054971694946 0.00166534003801644 0.000425609992817044 0.000425365986302495 0.00042887098970823 0.000434073008364066 0.000425345002440736 0.000416566006606445
0.000342373998137191 0.000290399009827524 0.000246620998950675 0.000607519003096968 0.317871987819672 -3.4e+38 -3.4e+38 -3.4e+38 -3.4e+38 -3.4e+38 -3.4e+38 -3.4e+38 -3.4e+38 -3.4e+38 -3.4e+38 -3.4e+38 -3.4e+38 -3.4e+38 -3.4e+38 -3.4e+38 -3.4e+38 -3.4e+38 -3.4e+38 -3.4e+38 -3.4e+38 -3.4e+38 -3.4e+38 -3.4e+38 -3.4e+38 -3.4e+38 -3.4e+38 -3.4e+38 -3.4e+38 -3.4e+38 -3.4e+38 -3.4e+38 0.515015006065369 0.00101421994622797 0.000416549999499694 0.000410726002883166 0.000405269005568698 0.000395621987991035 0.000393733993405476 0.000395701994420961
0.000317869009450078 0.000266446993919089 0.000228007993428037 0.000238313994486816 0.0880564972758293 -3.4e+38 -3.4e+38 -3.4e+38 -3.4e+38 -3.4e+38 -3.4e+38 -3.4e+38 -3.4e+38 -3.4e+38 -3.4e+38 -3.4e+38 -3.4e+38 -3.4e+38 -3.4e+38 -3.4e+38 -3.4e+38 -3.4e+38 -3.4e+38 -3.4e+38 -3.4e+38 -3.4e+38 -3.4e+38 -3.4e+38 -3.4e+38 -3.4e+38 -3.4e+38 -3.4e+38 -3.4e+38 -3.4e+38 -3.4e+38 -3.4e+38 0.488595992326736 0.000552757002878934 0.000406973005738109 0.000397269992390648 0.000392088986700401 0.000389688997529447 0.000386992993298918 -3.4e+38
0.00027794498600997 0.000222816001041792 0.000185141994734295 0.000192235995200463 0.185918003320694 0.26179900765419 -3.4e+38 -3.4e+38 -3.4e+38 -3.4e+38 -3.4e+38 -3.4e+38 -3.4e+38 -3.4e+38 -3.4e+38 -3.4e+38 -3.4e+38 -3.4e+38 -3.4e+38 -3.4e+38 -3.4e+38 -3.4e+38 -3.4e+38 -3.4e+38 -3.4e+38 -3.4e+38 -3.4e+38 -3.4e+38 -3.4e+38 -3.4e+38 -3.4e+38 -3.4e+38 -3.4e+38 -3.4e+38 0.472434997558594 0.408345013856888 0.020559299737215 0.000443194003310055 0.00039164099143818 0.000537208979949355 0.476525992155075 -3.4e+38 -3.4e+38 -3.4e+38
0.000239247005083598 0.000182871997822076 0.000152228996739723 0.00020957799279131 0.216527000069618 -3.4e+38 -3.4e+38 -3.4e+38 -3.4e+38 -3.4e+38 -3.4e+38 -3.4e+38 -3.4e+38 -3.4e+38 -3.4e+38 -3.4e+38 -3.4e+38 -3.4e+38 -3.4e+38 -3.4e+38 -3.4e+38 -3.4e+38 -3.4e+38 -3.4e+38 -3.4e+38 -3.4e+38 -3.4e+38 -3.4e+38 -3.4e+38 -3.4e+38 -3.4e+38 -3.4e+38 0.467880994081497 0.36251899600029 0.0304001998156309 0.000663044978864491 0.000456326990388334 0.000492731982376426 0.000674184993840754 0.466095000505447 -3.4e+38 -3.4e+38 -3.4e+38 -3.4e+38
0.000210473997867666 0.000158747003297321 0.000130554995848797 0.000181195006007329 0.188446998596191 -3.4e+38 -3.4e+38 -3.4e+38 -3.4e+38 -3.4e+38 -3.4e+38 -3.4e+38 -3.4e+38 -3.4e+38 -3.4e+38 -3.4e+38 -3.4e+38 -3.4e+38 -3.4e+38 -3.4e+38 -3.4e+38 -3.4e+38 -3.4e+38 -3.4e+38 -3.4e+38 -3.4e+38 -3.4e+38 -3.4e+38 -3.4e+38 -3.4e+38 0.263433992862701 0.0654653012752533 0.0128912003710866 0.000460798008134589 0.000353868992533535 0.00035718601429835 0.000362733990186825 0.000392115005524829 0.00478229997679591 0.239352002739906 -3.4e+38 -3.4e+38 -3.4e+38 -3.4e+38
0.000177659007022157 0.000135195994516835 0.000116531002277043 0.00070020102430135 0.177375003695488 -3.4e+38 -3.4e+38 -3.4e+38 -3.4e+38 -3.4e+38 -3.4e+38 -3.4e+38 -3.4e+38 -3.4e+38 -3.4e+38 -3.4e+38 -3.4e+38 -3.4e+38 -3.4e+38 -3.4e+38 -3.4e+38 -3.4e+38 -3.4e+38 -3.4e+38 -3.4e+38 -3.4e+38 -3.4e+38 -3.4e+38 0.364030987024307 0.138130992650986 0.00284510990604758 0.00034083699574694 0.000302058993838727 0.000320330000249669 0.000334329000907019 0.000336720986524597 0.000343800988048315 0.000343924009939656 0.00103738997131586 0.106274999678135 -3.4e+38 -3.4e+38 -3.4e+38 -3.4e+38
0.000153859000420198 0.000117632000183221 0.000101940000604372 0.000958363001700491 0.164893999695778 -3.4e+38 -3.4e+38 -3.4e+38 -3.4e+38 -3.4e+38 -3.4e+38 -3.4e+38 -3.4e+38 -3.4e+38 -3.4e+38 -3.4e+38 -3.4e+38 -3.4e+38 -3.4e+38 -3.4e+38 -3.4e+38 -3.4e+38 -3.4e+38 -3.4e+38 -3.4e+38 -3.4e+38 -3.4e+38 0.306813985109329 0.297062009572983 0.0076240599155426 0.00029712900868617 0.000276178005151451 0.000298775994451717 0.000320941006066278 0.000338998012011871 0.000349017995176837 0.000346082000760362 0.000343193009030074 0.00467872014269233 0.2934750020504 -3.4e+38 -3.4e+38 -3.4e+38 -3.4e+38
0.000126547995023429 0.000100128003396094 8.98120997590013e-05 0.00117549998685718 0.155401006340981 -3.4e+38 -3.4e+38 -3.4e+38 -3.4e+38 -3.4e+38 -3.4e+38 -3.4e+38 -3.4e+38 -3.4e+38 -3.4e+38 -3.4e+38 -3.4e+38 -3.4e+38 -3.4e+38 -3.4e+38 -3.4e+38 -3.4e+38 -3.4e+38 -3.4e+38 -3.4e+38 -3.4e+38 0.244578003883362 0.288255006074905 0.0653373003005981 0.000356683012796566 0.000231708007049747 0.000246117007918656 0.000264355010585859 0.000281048007309437 0.000303931010421365 0.000313102995278314 0.000324472988722846 0.000331318995449692 0.211253002285957 -3.4e+38 -3.4e+38 -3.4e+38 -3.4e+38 -3.4e+38
0.000102543999673799 8.49427015054971e-05 7.92291029938497e-05 0.00545737007632852 0.140888005495071 -3.4e+38 -3.4e+38 -3.4e+38 -3.4e+38 -3.4e+38 -3.4e+38 -3.4e+38 -3.4e+38 -3.4e+38 -3.4e+38 -3.4e+38 -3.4e+38 -3.4e+38 -3.4e+38 -3.4e+38 -3.4e+38 -3.4e+38 -3.4e+38 -3.4e+38 -3.4e+38 0.284159004688263 0.26332500576973 0.0365311987698078 0.00259089004248381 0.00020979400142096 0.000204376003239304 0.000214441999560222 0.000226474992814474 0.000248909986112267 0.000258776999544352 0.00026967900339514 0.000285824993625283 0.000290820986265317 -3.4e+38 -3.4e+38 -3.4e+38 -3.4e+38 -3.4e+38 -3.4e+38
8.62563028931618e-05 7.44764984119684e-05 7.00176024110988e-05 0.0261384006589651 0.12279500067234 -3.4e+38 -3.4e+38 -3.4e+38 -3.4e+38 -3.4e+38 -3.4e+38 -3.4e+38 -3.4e+38 -3.4e+38 -3.4e+38 -3.4e+38 -3.4e+38 -3.4e+38 -3.4e+38 -3.4e+38 -3.4e+38 -3.4e+38 -3.4e+38 -3.4e+38 -3.4e+38 0.248432993888855 0.0347691997885704 0.00170606002211571 0.000297827005852014 0.00017632800154388 0.000167316000442952 0.000169652994372882 0.000181469993549399 0.000190311999176629 0.000202911993255839 0.000213391002034768 0.000221349997445941 0.000237254003877752 -3.4e+38 -3.4e+38 -3.4e+38 -3.4e+38 -3.4e+38 -3.4e+38
7.29706007405184e-05 6.33562012808397e-05 6.42563027213328e-05 0.0338304005563259 0.111674003303051 -3.4e+38 -3.4e+38 -3.4e+38 -3.4e+38 -3.4e+38 -3.4e+38 -3.4e+38 -3.4e+38 -3.4e+38 -3.4e+38 -3.4e+38 -3.4e+38 -3.4e+38 -3.4e+38 -3.4e+38 -3.4e+38 -3.4e+38 -3.4e+38 -3.4e+38 0.223151996731758 0.104671999812126 0.00541068986058235 0.000234981998801231 0.000188528996659443 0.000148717997944914 0.000136718997964635 0.000136232993099838 0.000137882001581602 0.000139939002110623 0.000143113997182809 0.000148934006574564 0.000155885994900018 0.000163107994012535 0.000251743011176586 -3.4e+38 -3.4e+38 -3.4e+38 -3.4e+38 0.143838003277779
6.15458993706852e-05 5.5602598877158e-05 5.22031987202354e-05 0.00399649003520608 0.100983999669552 -3.4e+38 -3.4e+38 -3.4e+38 -3.4e+38 -3.4e+38 -3.4e+38 -3.4e+38 -3.4e+38 -3.4e+38 -3.4e+38 -3.4e+38 -3.4e+38 -3.4e+38 -3.4e+38 -3.4e+38 -3.4e+38 -3.4e+38 -3.4e+38 -3.4e+38 0.147455006837845 0.0245904996991158 0.000971350993495435 0.000157760005095042 0.000127866005641408 0.000116069000796415 0.000107177002064418 0.000104913000541274 0.00010244899749523 9.80187032837421e-05 9.87601015367545e-05 0.000102341000456363 0.000105961997178383 0.000110310997115448 8.4789797256235e-05 0.126306995749474 -3.4e+38 -3.4e+38 0.0866056010127068 5.26990006619599e-05
4.98631998198107e-05 4.58965005236678e-05 4.38116003351752e-05 5.43315982213244e-05 0.0864923968911171 -3.4e+38 -3.4e+38 -3.4e+38 -3.4e+38 -3.4e+38 -3.4e+38 -3.4e+38 -3.4e+38 -3.4e+38 -3.4e+38 -3.4e+38 -3.4e+38 -3.4e+38 -3.4e+38 -3.4e+38 -3.4e+38 -3.4e+38 -3.4e+38 0.121004000306129 0.0840101018548012 0.00218352000229061 0.000148442995850928 0.000108182997792028 9.2092901468277e-05 8.64203975652345e-05 8.55598991620354e-05 8.21770008769818e-05 7.76201995904557e-05 7.379589806078e-05 7.16940994607285e-05 7.20758034731261e-05 7.3231101850979e-05 7.43393029551953e-05 6.30456997896545e-05 0.0482688993215561 0.0903540998697281 0.0739421024918556 6.38006022199988e-05 4.39264986198395e-05
4.08388987125363e-05 3.85462008125614e-05 3.70560992450919e-05 3.58500001311768e-05 0.0759714990854263 -3.4e+38 -3.4e+38 -3.4e+38 -3.4e+38 -3.4e+38 -3.4e+38 -3.4e+38 -3.4e+38 -3.4e+38 -3.4e+38 -3.4e+38 -3.4e+38 -3.4e+38 -3.4e+38 -3.4e+38 -3.4e+38 -3.4e+38 0.114375002682209 0.0774843022227287 0.000328944995999336 8.89177026692778e-05 8.09662014944479e-05 7.46942969271913e-05 6.64426988805644e-05 6.58015997032635e-05 6.5554297179915e-05 6.10639035585336e-05 5.72021999687422e-05 5.30192992300726e-05 5.13831982971169e-05 5.16649015480652e-05 5.105730087962e-05 5.06623000546824e-05 4.70611012133304e-05 0.090414397418499 0.0845151022076607 0.0666000992059708 3.58055985998362e-05 3.77268988813739e-05
3.20863982778974e-05 3.13326017931104e-05 3.06278998323251e-05 2.96182006422896e-05 0.0090064499527216 -3.4e+38 -3.4e+38 -3.4e+38 -3.4e+38 -3.4e+38 -3.4e+38 -3.4e+38 -3.4e+38 -3.4e+38 -3.4e+38 -3.4e+38 -3.4e+38 -3.4e+38 -3.4e+38 -3.4e+38 -3.4e+38 0.0968858003616333 9.1408503067214e-05 5.16791988047771e-05 5.20581015734933e-05 5.27086012880318e-05 5.52775018149987e-05 5.45836010132916e-05 5.24708993907552e-05 5.2111401600996e-05 5.04292984260246e-05 4.61847012047656e-05 4.3056599679403e-05 4.01405013690237e-05 3.83797996619251e-05 3.76524003513623e-05 3.68184992112219e-05 3.60503981937654e-05 0.00305296992883086 0.0748215988278389 0.0687524974346161 5.2099199820077e-05 3.06119000015315e-05 3.08861017401796e-05
2.56093007919844e-05 2.53027992584975e-05 2.51476994890254e-05 2.47910993493861e-05 3.01093004964059e-05 -3.4e+38 -3.4e+38 -3.4e+38 -3.4e+38 -3.4e+38 -3.4e+38 -3.4e+38 -3.4e+38 -3.4e+38 -3.4e+38 -3.4e+38 -3.4e+38 -3.4e+38 -3.4e+38 0.082428902387619 0.00422956980764866 4.17595001636073e-05 4.26883998443373e-05 4.31519001722336e-05 4.39825016655959e-05 4.46997983090114e-05 4.6998800826259e-05 4.57698006357532e-05 4.23749988840427e-05 4.06524013669696e-05 3.92449983337428e-05 3.63489016308449e-05 3.38415011356119e-05 3.16184014081955e-05 3.00730007438688e-05 2.90469997707987e-05 2.79842006420949e-05 0.0366602018475533 0.0590714998543262 0.0557626001536846 0.00028835199191235 2.37208005273715e-05 2.37316999118775e-05 2.37425992963836e-05
2.05254000320565e-05 2.05460000870517e-05 2.05665000976296e-05 2.05871001526248e-05 2.06836994038895e-05 0.0442406982183456 0.0479343011975288 0.0496810004115105 0.0471917986869812 0.0438066013157368 0.0393932983279228 0.0353386998176575 0.0380695015192032 -3.4e+38 -3.4e+38 -3.4e+38 0.0526290014386177 0.00326900999061763 5.23892995261122e-05 3.61019992851652e-05 3.64699008059688e-05 3.68692017218564e-05 3.72727990907151e-05 3.72389004041906e-05 3.70587986253668e-05 3.77557007595897e-05 0.000742534990422428 4.0382299630437e-05 3.41730010404717e-05 3.26687986671459e-05 3.08468988805544e-05 2.84575999103254e-05 2.63919991994044e-05 2.43862996285316e-05 2.29626002692385e-05 2.1908799681114e-05 2.9397000616882e-05 0.046688299626112 0.0443032011389732 0.0410791002213955 1.85065000550821e-05 1.80475999513874e-05 1.79194994416321e-05 1.77921992872143e-05
1.73154003277887e-05 1.73408006958198e-05 1.73661992448615e-05 1.74987999344012e-05 1.75867007783381e-05 1.77477995748632e-05 0.040626298636198 0.0422437004745007 0.0405021011829376 0.0377416983246803 0.0367375016212463 0.0335230007767677 0.0330132991075516 0.000267641007667407 2.3966800654307e-05 2.04107000172371e-05 2.17933993553743e-05 2.43547001446132e-05 2.70284999714931e-05 2.86428003164474e-05 2.89524996333057e-05 2.92655004159315e-05 2.95819991151802e-05 2.95060999633279e-05 2.93678003799869e-05 0.017051799222827 0.0610754005610943 2.83951994788367e-05 2.69291995209642e-05 2.55391005339334e-05 2.40823992498918e-05 2.25270996452309e-05 2.07072007469833e-05 1.92070001503453e-05 1.80987008207012e-05 1.72162999660941e-05 1.62013002409367e-05 2.7452999347588e-05 1.77858000824926e-05 1.42044000313035e-05 1.36977996589849e-05 1.32764998852508e-05 1.30668004203471e-05 1.28223000501748e-05
1.44246996569564e-05 1.45589001476765e-05 1.46790998769575e-05 1.45086996781174e-05 1.43426996146445e-05 1.44047999128816e-05 2.03512008738471e-05 1.86896995728603e-05 0.00843677017837763 0.0170152001082897 0.000162960001034662 1.58369002747349e-05 1.64832999871578e-05 1.73620992427459e-05 1.81812993105268e-05 1.87459991138894e-05 1.9883500499418e-05 2.10903999686707e-05 2.24030991375912e-05 2.31177000387106e-05 2.31933008763008e-05 2.32742004300235e-05 2.35232000704855e-05 2.35654006246477e-05 2.44660004682373e-05 0.000910778006073087 2.64974005403928e-05 2.22031994780991e-05 2.10275993595133e-05 1.98805992113193e-05 1.87157002073945e-05 1.74228007381316e-05 1.62241994985379e-05 1.51566000567982e-05 1.41708997034584e-05 1.33048997668084e-05 1.25168999147718e-05 1.17789004434599e-05 1.11735998871154e-05 1.06438001239439e-05 1.0190499779128e-05 9.66554034675937e-06 9.3892604127177e-06 9.13081021280959e-06
