results/Predictions/Median/Cenomanian.asc
NCOLS 360 
NROWS 180 
XLLCORNER -180 
YLLCORNER -90 
CELLSIZE 1 
NODATA_value -3.4e+38 
[rows 60 to 79 of 180, columns 176 to 219 of 360]
0.00059159699594602 0.000576119986362755 0.00056104501709342 0.000551788019947708 0.000546135008335114 0.000550833996385336 0.000781862006988376 0.00057435198687017 0.000552872021216899 0.000549056974705309 0.000545489019714296 0.000540860986802727 0.000538724998477846 0.000538357999175787 0.000535726023372263 0.000533313024789095 0.000533430022187531 0.000532718026079237 0.000532160978764296 0.000533524027559906 0.000533859012648463 0.00053314701654017 0.373580008745193 0.444287002086639 0.433032006025314 0.537903010845184 0.555224001407623 0.526225984096527 0.385547012090683 0.457037001848221 0.0752248987555504 0.000531905971001834 0.000531268015038222 0.00053144502453506 0.000532515987288207 0.000533072976395488 0.000534028979018331 0.000536128995008767 0.000535611994564533 0.000534699007403105 0.000533459009602666 0.000532131001818925 0.000531247002072632 0.000529143027961254
0.000608474016189575 0.000605832028668374 0.000601559993810952 0.000595648016314954 0.000584400026127696 0.000573014025576413 0.000566144997719675 0.000556550978217274 0.000551932025700808 0.000545435992535204 0.00054084399016574 0.000537907995749265 0.000536504026968032 0.000536713982000947 0.000536921026650816 0.000537217012606561 0.00053727999329567 0.000537403975613415 0.00053679698612541 0.000536207982804626 0.00053563597612083 0.000535068975295871 0.517736971378326 0.469047009944916 0.438652992248535 0.530923008918762 0.555702984333038 0.516795992851257 0.000574122008401901 0.543744027614594 0.414905995130539 0.530303001403809 0.000535257975570858 0.00053507398115471 0.000536799023393542 0.00053536199266091 0.000535698025487363 0.000536423001904041 0.000536330975592136 0.00053596799261868 0.000534793012775481 0.000534189981408417 0.000534827006049454 0.000533889979124069
0.00063021102687344 0.000632131996098906 0.000625882006715983 0.00062788202194497 0.000618721009232104 0.00060299300821498 0.000580271997023374 0.000560744025278836 0.000551100994925946 0.000547245028428733 0.000542850000783801 0.000537018990144134 0.000538297987077385 0.00053945102263242 0.000539352011401206 0.000538920983672142 0.000538676977157593 0.000538435007911175 0.000538196007255465 0.000537863990757614 0.000538078020326793 0.000538575986865908 0.0971587002277374 0.552760004997253 0.538016021251678 0.442548006772995 0.557237982749939 0.546535015106201 0.000539953005500138 0.000539582979399711 0.34570500254631 0.385421007871628 0.00055334297940135 0.000538820982910693 0.000540515000466257 0.000539603002835065 0.000538085994776338 0.000540340028237551 0.000540037988685071 0.000538754975423217 0.000537477026227862 0.000539264990948141 0.000537629006430507 0.00053713598754257
0.603686988353729 0.593442022800446 0.560185015201569 0.522714972496033 0.529223024845123 0.364639014005661 0.339769005775452 0.164208993315697 0.391905009746552 0.484465003013611 0.0775061026215553 0.00107176997698843 0.000574678997509181 0.000541442015673965 0.000540971988812089 0.000540337990969419 0.000539207016117871 0.000538313004653901 0.0005380529910326 0.000537852989509702 0.000537713000085205 0.000538172025699168 0.000538813008461148 0.489621996879578 0.557721972465515 0.436596006155014 0.531803011894226 0.542540013790131 0.0417199991643429 0.000539295026101172 0.468239992856979 0.436351001262665 0.0868669003248215 0.000542060006409883 0.000549370015505701 0.486117988824844 0.550345003604889 0.549216985702515 0.0270370002835989 0.000548460986465216 0.0893187969923019 0.55664998292923 0.010673999786377 0.000537134008482099
-3.4e+38 -3.4e+38 -3.4e+38 0.548967003822327 0.543851971626282 0.550049006938934 0.555806994438171 0.566636025905609 0.568871974945068 0.561248004436493 0.553211987018585 0.53915399312973 0.473105996847153 0.479573994874954 0.468425005674362 0.388897985219955 0.261828005313873 0.516273021697998 0.0594240985810757 0.000539545028004795 0.000539007014594972 0.000539058994036168 0.000541349989362061 0.000963609025347978 0.548134982585907 0.541644990444183 0.440102010965347 0.544804990291595 0.0186298005282879 0.000543128000572324 0.000543094996828586 0.408082008361816 0.390608012676239 0.031215799972415 0.242946997284889 0.555791020393372 0.548749983310699 0.554331004619598 0.521443009376526 0.319076001644135 0.556729972362518 0.556593000888824 0.373329013586044 0.000537134008482099
-3.4e+38 -3.4e+38 -3.4e+38 -3.4e+38 -3.4e+38 -3.4e+38 0.556088984012604 0.568970024585724 0.56811797618866 0.564598023891449 0.561774015426636 0.559619009494781 0.559421002864838 0.538141012191772 0.475703001022339 0.404933005571365 0.361393988132477 0.373825013637543 0.408975005149841 0.557120978832245 0.00105514004826546 0.000543434987775981 0.000544734008144587 0.000607070978730917 0.494630008935928 0.489829003810883 0.445423007011414 0.564767003059387 0.000548446027096361 0.000549103016965091 0.000549187010619789 0.541333973407745 0.423720002174377 0.342350006103516 0.299436002969742 0.423298001289368 0.560302972793579 0.474691987037659 0.00693417992442846 0.0202409997582436 0.557201981544495 0.55749899148941 0.562528014183044 0.541814029216766
-3.4e+38 -3.4e+38 0.541598975658417 0.540391981601715 -3.4e+38 -3.4e+38 -3.4e+38 0.553421974182129 0.552847981452942 0.556249022483826 0.556801021099091 0.558633029460907 0.55883401632309 0.558730006217957 0.543407022953033 0.498697012662888 0.444554001092911 0.428692013025284 0.404067009687424 0.358060985803604 0.554548025131226 0.0306256003677845 0.00101368001196533 0.00774816004559398 0.30783799290657 0.405061006546021 0.40768301486969 0.560750007629395 0.000551822013221681 0.000553122023120522 0.000554519996512681 0.000553190999198705 0.41669300198555 0.394473999738693 0.316267013549805 0.226560994982719 0.312507003545761 0.000549310992937535 0.000549249001778662 0.000545206014066935 0.00075758999446407 0.517584025859833 0.559859991073608 0.536104023456573
-3.4e+38 -3.4e+38 0.541878998279572 0.527222990989685 0.530335009098053 0.535071015357971 0.535363018512726 0.534871995449066 0.538947999477386 0.54536497592926 0.551247000694275 0.560572981834412 0.560800015926361 0.560563981533051 0.557434022426605 0.544606983661652 0.50994998216629 0.459378987550735 0.41745400428772 0.393014013767242 0.396560996770859 0.360908001661301 0.110657997429371 0.171655997633934 0.361703991889954 0.385962009429932 0.37533700466156 0.566883027553558 0.0010781999444589 0.000560080981813371 0.000563260982744396 0.000557866995222867 0.0376216992735863 0.417499989271164 0.375981003046036 0.125905007123947 0.00111238996032625 0.00055246299598366 0.000550050986930728 0.000548627984244376 0.000546439026948065 0.000547276984434575 0.000902389001566917 0.000723155972082168
-3.4e+38 -3.4e+38 0.530744016170502 0.528914988040924 0.524100005626678 0.528086006641388 0.533683001995087 0.538233995437622 0.541818976402283 0.546182990074158 0.551079988479614 0.557106971740723 0.558062970638275 0.559041023254395 0.561679005622864 0.557972013950348 0.545723974704742 0.521340012550354 0.479052990674973 0.430604010820389 0.409952998161316 0.408942997455597 0.372810989618301 0.400265991687775 0.410066992044449 0.384130001068115 0.378082990646362 0.568104982376099 0.544117987155914 0.000640177982859313 0.000603618973400444 0.000599358987528831 0.000565657974220812 0.415618985891342 0.415488988161087 0.335197985172272 0.00397119019180536 0.000570446019992232 0.00055415800306946 0.00054768001427874 0.000547125993762165 0.000546573020983487 0.00054481701226905 0.000541036017239094
-3.4e+38 -3.4e+38 -3.4e+38 -3.4e+38 -3.4e+38 0.539081990718842 0.53379100561142 0.542333006858826 0.547271013259888 0.548938989639282 0.551971971988678 0.554817974567413 0.557784020900726 0.559921026229858 0.564853012561798 0.567197024822235 0.564417004585266 0.555130004882812 0.543641984462738 0.499740988016129 0.448857992887497 0.424136012792587 0.404839992523193 0.389569014310837 0.377981007099152 0.333140999078751 0.281230002641678 0.550514996051788 0.448864012956619 0.488689988851547 0.552852988243103 0.553215980529785 0.388994991779327 0.437860995531082 0.425294995307922 0.434395998716354 0.0481758005917072 0.000894177996087819 0.0006051340023987 0.000574028003029525 0.000567727023735642 0.000555620004888624 0.000549095973838121 0.000546174007467926
-3.4e+38 -3.4e+38 -3.4e+38 -3.4e+38 -3.4e+38 0.532516002655029 0.532229006290436 0.547007977962494 0.55273300409317 0.552600979804993 0.552591979503632 0.552088975906372 0.556885004043579 0.562205970287323 0.568418979644775 0.571237027645111 0.571541011333466 0.570985019207001 0.570204019546509 0.56222802400589 0.546885013580322 0.479582011699677 0.42629998922348 0.405259013175964 0.391678005456924 0.368068009614944 0.309457004070282 0.334984987974167 0.383630990982056 0.463086992502213 0.424594014883041 0.417982995510101 0.359690994024277 0.37101998925209 0.370380997657776 0.335817992687225 0.120048001408577 0.0100144995376468 0.00212914007715881 0.00392402010038495 0.0309888999909163 0.175604999065399 0.449355989694595 0.551576018333435
-3.4e+38 -3.4e+38 0.522873997688293 0.517741024494171 0.51459801197052 0.517310976982117 0.530058026313782 0.552448987960815 0.556964993476868 0.55512398481369 0.553739011287689 0.551554024219513 0.556502997875214 0.565738022327423 0.570785999298096 0.572077989578247 0.571457982063293 0.572833001613617 0.574777007102966 0.573153972625732 0.56863397359848 0.54747998714447 0.523141026496887 0.471855998039246 0.450343996286392 0.421240985393524 0.394427001476288 0.371657013893127 0.32872998714447 0.310719013214111 0.264806002378464 0.292499005794525 0.326826006174088 0.340584009885788 0.322667002677917 0.278861999511719 0.182984992861748 0.0803480967879295 0.0717189982533455 0.217890992760658 0.542302012443542 0.563154995441437 0.561586022377014 0.558629989624023
-3.4e+38 -3.4e+38 -3.4e+38 0.520250976085663 0.513575971126556 0.514023005962372 0.527127981185913 0.556116998195648 0.564440011978149 0.559148013591766 0.554678022861481 0.551425993442535 0.557910025119781 0.568405985832214 0.57395601272583 0.575667023658752 0.573585987091064 0.574684023857117 0.576093971729279 0.572184026241302 0.564679980278015 0.544228971004486 0.534622013568878 0.529065012931824 0.535185992717743 0.546132981777191 0.546202003955841 0.531565010547638 0.414709985256195 0.339516997337341 0.284256011247635 0.273671001195908 0.286047995090485 0.287934005260468 0.278567999601364 0.246393993496895 0.227615997195244 0.219883993268013 0.293781012296677 0.518037974834442 0.56428599357605 0.567315995693207 0.561739027500153 0.559710025787354
-3.4e+38 -3.4e+38 -3.4e+38 0.524407029151917 0.514415979385376 0.518167018890381 0.526551008224487 0.542577981948853 0.549049019813538 0.550302982330322 0.551584005355835 0.552356004714966 0.558399021625519 0.568895995616913 0.576596975326538 0.576717019081116 0.575325012207031 0.567236006259918 0.555909991264343 0.54677402973175 0.543192982673645 0.538902997970581 0.535905003547668 0.537020027637482 0.539700984954834 0.542679011821747 0.545669972896576 0.555707991123199 0.548936009407043 0.526612997055054 0.399684011936188 0.333932012319565 0.29780501127243 0.259905010461807 0.238309994339943 0.236093997955322 0.262540012598038 0.317025989294052 0.431948006153107 0.52837598323822 0.534745991230011 0.533937990665436 0.534991025924683 0.547339022159576
-3.4e+38 -3.4e+38 -3.4e+38 0.543165028095245 0.537285983562469 0.532036006450653 0.534995973110199 -3.4e+38 -3.4e+38 0.549585998058319 0.554305016994476 0.559391975402832 0.559794008731842 0.569127023220062 0.579752027988434 0.583752989768982 -3.4e+38 -3.4e+38 -3.4e+38 0.535865008831024 0.532003998756409 0.5348100066185 0.537352025508881 0.539008021354675 0.540876984596252 0.542437970638275 0.542989015579224 0.550298988819122 0.55951201915741 0.560950994491577 0.554984986782074 0.512722015380859 0.399800986051559 0.329257994890213 0.298202008008957 0.306250989437103 0.339163988828659 0.413846999406815 0.506394982337952 0.514400005340576 0.513918995857239 0.508229970932007 0.517812013626099 0.534107029438019
-3.4e+38 -3.4e+38 -3.4e+38 0.55628502368927 0.556725025177002 0.549396991729736 -3.4e+38 -3.4e+38 -3.4e+38 -3.4e+38 -3.4e+38 0.561164021492004 0.552197992801666 0.551760971546173 0.55622798204422 0.55511200428009 -3.4e+38 -3.4e+38 -3.4e+38 0.532132029533386 0.522010028362274 0.520524978637695 0.522085011005402 0.527643978595734 0.53259801864624 0.53736799955368 0.542953014373779 0.544037997722626 0.545886993408203 0.552419006824493 0.545913994312286 0.531396985054016 0.515492022037506 0.500576972961426 0.493050992488861 0.496416985988617 0.500809013843536 0.511263012886047 0.514303982257843 0.512251019477844 0.503791987895966 0.49422100186348 0.509858012199402 -3.4e+38
-3.4e+38 -3.4e+38 -3.4e+38 0.555884003639221 0.555604994297028 0.553736984729767 -3.4e+38 -3.4e+38 -3.4e+38 -3.4e+38 -3.4e+38 -3.4e+38 0.544327974319458 0.525411009788513 0.521115005016327 0.518236994743347 0.52410101890564 -3.4e+38 -3.4e+38 0.523476004600525 0.510335028171539 0.507351994514465 0.50568699836731 0.507279992103577 0.516408026218414 0.529811024665833 0.545813977718353 0.5400710105896 0.534886002540588 0.53072202205658 0.52469402551651 0.515384018421173 0.508367002010345 0.506579995155334 0.506902992725372 0.511388003826141 0.519608020782471 0.529273986816406 0.526308000087738 0.515878975391388 0.506862998008728 -3.4e+38 -3.4e+38 -3.4e+38
-3.4e+38 -3.4e+38 -3.4e+38 0.556177973747253 0.559538006782532 -3.4e+38 -3.4e+38 -3.4e+38 -3.4e+38 -3.4e+38 -3.4e+38 -3.4e+38 0.527158975601196 0.514137029647827 0.511681973934174 0.509104013442993 0.511462986469269 0.516292989253998 0.518215000629425 0.515545010566711 0.511497974395752 0.508083999156952 0.5069580078125 0.510810017585754 0.513574004173279 0.531938016414642 0.557156026363373 0.447427988052368 -3.4e+38 -3.4e+38 -3.4e+38 -3.4e+38 0.511973977088928 0.510626971721649 0.508949995040894 0.513314008712769 0.528237998485565 0.541994988918304 0.542320013046265 0.53718900680542 -3.4e+38 -3.4e+38 -3.4e+38 -3.4e+38
-3.4e+38 -3.4e+38 0.557326018810272 0.557520985603333 0.568951010704041 -3.4e+38 -3.4e+38 -3.4e+38 -3.4e+38 -3.4e+38 -3.4e+38 -3.4e+38 -3.4e+38 0.517870008945465 0.51281201839447 0.512843012809753 0.51029497385025 0.511462986469269 0.515308022499084 0.514665007591248 0.511546015739441 0.514434993267059 -3.4e+38 -3.4e+38 -3.4e+38 -3.4e+38 -3.4e+38 -3.4e+38 -3.4e+38 -3.4e+38 -3.4e+38 -3.4e+38 -3.4e+38 0.416557013988495 0.516799986362457 0.516456007957458 -3.4e+38 -3.4e+38 -3.4e+38 -3.4e+38 -3.4e+38 -3.4e+38 -3.4e+38 -3.4e+38
-3.4e+38 -3.4e+38 0.554325997829437 0.559083998203278 0.562134981155396 -3.4e+38 -3.4e+38 -3.4e+38 -3.4e+38 -3.4e+38 -3.4e+38 -3.4e+38 -3.4e+38 0.532480001449585 0.534439027309418 0.540084004402161 0.526916980743408 0.522871971130371 -3.4e+38 0.521291971206665 0.519612014293671 -3.4e+38 -3.4e+38 -3.4e+38 -3.4e+38 -3.4e+38 -3.4e+38 -3.4e+38 -3.4e+38 -3.4e+38 -3.4e+38 -3.4e+38 -3.4e+38 -3.4e+38 -3.4e+38 -3.4e+38 -3.4e+38 -3.4e+38 -3.4e+38 -3.4e+38 -3.4e+38 -3.4e+38 -3.4e+38 -3.4e+38
