results/Predictions/Median/Cenomanian.asc
NCOLS 360 
NROWS 180 
XLLCORNER -180 
YLLCORNER -90 
CELLSIZE 1 
NODATA_value -3.4e+38 
[rows 100 to 119 of 180, columns 220 to 263 of 360]
-3.4e+38 -3.4e+38 -3.4e+38 -3.4e+38 0.552002012729645 0.550800979137421 0.542998015880585 0.000523219001479447 0.000522750022355467 0.000519060005899519 0.000516713014803827 0.000517409003805369 0.000518070010002702 0.000518647022545338 0.000519138004165143 0.000517621985636652 0.000516523024998605 0.000513066013809294 0.000509587989654392 0.000506134994793683 0.000503821007441729 0.000502631010022014 0.000501445028930902 0.000500262016430497 0.000500272028148174 0.000500679016113281 0.000501086993608624 0.000501494971103966 0.000502368027810007 0.000503242015838623 0.000504121999256313 0.00050532998284325 0.000506583019159734 0.000507290998939425 0.000506629992742091 0.000505924981553108 0.000505178002640605 0.000504429975990206 0.000502933980897069 0.000502100971061736 0.000497083005029708 0.000497600005473942 0.000498117005918175 0.000498497975058854
-3.4e+38 -3.4e+38 -3.4e+38 -3.4e+38 0.55621600151062 0.549090027809143 0.000519232999067754 0.000518310989718884 0.000517390028107911 0.000516330008395016 0.000516452011652291 0.000516547006554902 0.000516614993102849 0.000516680011060089 0.000515686988364905 0.000513239006977528 0.000509644974954426 0.000506311014760286 0.000502998998854309 0.000499707995913923 0.000498807989060879 0.000500369002111256 0.00050280598225072 0.000501431000884622 0.000500441994518042 0.000499581976328045 0.000496864027809352 0.000495543994475156 0.000496401975397021 0.000496362976264209 0.00049596797907725 0.000495765008963645 0.000495116983074695 0.000494993990287185 0.000495226006023586 0.00049326301086694 0.000484157004393637 0.000479604990687221 0.000479820999316871 0.000480059999972582 0.00048007199075073 0.000479915994219482 0.000481344002764672 0.000481758004752919
-3.4e+38 -3.4e+38 -3.4e+38 -3.4e+38 0.549655020236969 0.000584895024076104 0.000514284998644143 0.000515169987920672 0.000516614003572613 0.0005166310002096 0.000516154977958649 0.000515658990480006 0.000515144027303904 0.000513595994561911 0.0005105150048621 0.000508460972923785 0.000502809009049088 0.000499637972097844 0.000502904003951699 0.000501075992360711 0.000499392976053059 0.000493058993015438 0.00049617700278759 0.000494789972435683 0.000493647996336222 0.000487790995975956 0.000475358014227822 0.00047418600297533 0.000475325010484084 0.000473546009743586 0.000473226013127714 0.000474083004519343 0.000474409986054525 0.000476003013318405 0.000476974004413933 0.000478055007988587 0.000479006994282827 0.000479532987810671 0.000478656002087519 0.000478467001812533 0.000478700996609405 0.000479940994409844 0.000479734007967636 0.000479223002912477
-3.4e+38 -3.4e+38 -3.4e+38 -3.4e+38 0.000520361005328596 0.000514486979227513 0.000515490013640374 0.000516490021254867 0.000517488981131464 0.000517162028700113 0.000516379019245505 0.000515582971274853 0.000512031023390591 0.000509544974192977 0.000507263990584761 0.000502226001117378 0.00050291302613914 0.00050090899458155 0.000498916022479534 0.000496351975016296 0.000495061976835132 0.000498352979775518 0.000825873983558267 0.00983174983412027 0.0169596001505852 0.00139267998747528 0.00047299699508585 0.00047201500274241 0.000471626990474761 0.000471239996841177 0.00047091901069507 0.000469727005111054 0.000472043000627309 0.000474653003038839 0.000477277993923053 0.000475870998343453 0.000474399013910443 0.000474283006042242 0.000473391002742574 0.000471840001409873 0.000471475010272115 0.000472935003926978 0.000473785999929532 0.000472164014354348
-3.4e+38 -3.4e+38 0.0010232999920845 0.000516298983711749 0.000517909007612616 0.000516643980517983 0.000517203006893396 0.000517759006470442 0.000518213026225567 0.00051737402100116 0.000515820982400328 0.000512099009938538 0.000509251025505364 0.000506714975927025 0.000501323025673628 0.000501685019116849 0.000499273010063916 0.000493258994538337 0.000494964013341814 0.000489261990878731 0.000513919978402555 0.000962673977483064 0.0244635008275509 0.240445002913475 0.363144010305405 0.370790988206863 0.0211347993463278 0.000579066982027143 0.000469408987555653 0.000470328988740221 0.000470564991701394 0.000469105987576768 0.000468435988295823 0.000468776008347049 0.000468137004645541 0.000467486999696121 0.000466981990030035 0.000466595985926688 0.000468051992356777 0.000469505990622565 0.000470606988528743 0.000470800994662568 0.000469975988380611 0.000469344988232478
-3.4e+38 0.000722468015737832 0.000506616022903472 0.000511671998538077 0.000518833985552192 0.000517463020514697 0.000517943990416825 0.000517846026923507 0.000517748005222529 0.000516782980412245 0.000514151004608721 0.000510925019625574 0.000507931981701404 0.000504482013639063 0.000502455979585648 0.000499742978718132 0.000492856022901833 0.000494869018439204 0.000485739990836009 0.000533248006831855 0.00145877001341432 0.0310768000781536 0.167135998606682 0.346534013748169 0.366728991270065 0.370326012372971 0.374954998493195 0.106251001358032 0.000680349010508507 0.000467486999696121 0.000467486999696121 0.000465929013444111 0.0004639370017685 0.0004637649981305 0.000464932003524154 0.000465724006062374 0.000468023994471878 0.000469843012979254 0.000468985992483795 0.000468051002826542 0.000467986013973132 0.000467056990601122 0.000466211000457406 0.000466355995740741
0.000510910991579294 0.000508201017510146 0.000510821992065758 0.000514374987687916 0.000517822976689786 0.000516979023814201 0.000517755979672074 0.00051783601520583 0.000517874024808407 0.000516809988766909 0.000514880986884236 0.000511159014422446 0.000507736986037344 0.000504878000356257 0.000502037000842392 0.000499214977025986 0.000496233988087624 0.000493580009788275 0.000588166003581136 0.00499228993430734 0.0692856013774872 0.212813004851341 0.316792011260986 0.374920010566711 0.387309998273849 0.387163996696472 0.363030999898911 0.412108987569809 0.104833997786045 0.000511711987201124 0.000464440992800519 0.000464243988972157 0.00046472399844788 0.000467570003820583 0.000468093989184126 0.000467675010440871 0.000467325997306034 0.000466160010546446 0.000466330006020144 0.000466472003608942 0.00046658399514854 0.000465460994746536 0.000465026998426765 0.000463383010355756
0.000519532011821866 0.000514224986545742 0.000514568004291505 0.00051319197518751 0.000514639017637819 0.000515770982019603 0.000516097992658615 0.000516427971888334 0.000516758998855948 0.000516786996740848 0.000515233026817441 0.000511470017954707 0.000507541990373284 0.000504571013152599 0.000504671013914049 0.000496853026561439 0.00049588899128139 0.00054375798208639 0.00204056990332901 0.0701804980635643 0.29263499379158 0.350542008876801 0.393447995185852 0.397881001234055 0.400871008634567 0.39801099896431 0.390623986721039 0.354698002338409 0.40667799115181 0.012275299988687 0.000465924997115508 0.000468376994831488 0.000467653007945046 0.000467408011900261 0.00046658399514854 0.000466792000224814 0.000466939003672451 0.000466998986667022 0.000465254008304328 0.000463781994767487 0.000463200005469844 0.000463419011794031 0.000463639007648453 0.000463909993413836
0.000521390000358224 0.000519398017786443 0.000518644985277206 0.000517186999786645 0.000514535000547767 0.000512287020683289 0.000512646976858377 0.00051303202053532 0.000513417995534837 0.000513713981490582 0.000513982027769089 0.000512817001435906 0.000507641991134733 0.000504609022755176 0.00050763797480613 0.000498605018947273 0.000564326997846365 0.00155481998808682 0.0503871999680996 0.305171996355057 0.376500993967056 0.389295995235443 0.403914988040924 0.406287997961044 0.408820986747742 0.40361300110817 0.396124988794327 0.378095000982285 0.354359000921249 0.296582013368607 0.000561347987968475 0.000469009013613686 0.000469444988993928 0.000468801998067647 0.000469043006887659 0.000468770012957975 0.000468334998004138 0.000466188997961581 0.000465371005702764 0.000465490011265501 0.000465148012153804 0.00046439201105386 0.000464387005195022 0.000464292010292411
0.000522006012033671 0.000518904998898506 0.000517969019711018 0.000517049978952855 0.000516769010573626 0.000515936990268528 0.000515436986461282 0.000512989994604141 0.000510554993525147 0.000510553014464676 0.000510971003677696 0.000511392019689083 0.000510029029101133 0.000509249977767467 0.000508061028085649 0.000705717015080154 0.00267370999790728 0.0455213002860546 0.289862990379333 0.380861014127731 0.391214996576309 0.411024987697601 0.42085599899292 0.421781986951828 0.417777985334396 0.408178001642227 0.398541986942291 0.387515991926193 0.365545988082886 0.397974014282227 0.00247078994289041 0.00047071700100787 0.000470920989755541 0.000471125997137278 0.000471331004519016 0.000470756989670917 0.000468242011265829 0.000465799006633461 0.000466138008050621 0.000467153993668035 0.000466358003905043 0.000464887009002268 0.000463422999018803 0.00046234400360845
0.000531603000126779 0.000527004012838006 0.000524151022545993 0.000521313981153071 0.000518492015544325 0.000515713996719569 0.000515485007781535 0.00051522598369047 0.000513639010023326 0.000510514015331864 0.00050890602869913 0.000509353005327284 0.000508629018440843 0.000851483026053756 0.00671090977266431 0.0131248002871871 0.0285394992679358 0.182187005877495 0.506546974182129 0.404637008905411 0.42485100030899 0.433663010597229 0.437050998210907 0.43300798535347 0.428106009960175 0.416759997606277 0.401096999645233 0.392383009195328 0.378378987312317 0.367927014827728 0.0599483996629715 0.0004729249922093 0.000472949002869427 0.000472973013529554 0.00047299699508585 0.000471940002171323 0.000470961997052655 0.000469783000880852 0.000468601996544749 0.000466806988697499 0.000465915014501661 0.000465537013951689 0.000465032004285604 0.000466672005131841
0.000538591993972659 0.000535957980901003 0.000531408004462719 0.000529312004800886 0.000527223979588598 0.000524714996572584 0.000520215020515025 0.000516136002261192 0.000512572005391121 0.000510416983161122 0.000508707016706467 0.000558488012757152 0.0619274005293846 0.392836004495621 0.399264991283417 0.0945803970098495 0.11064600199461 0.523325979709625 0.536108016967773 0.530923008918762 0.500693023204803 0.467920005321503 0.4617899954319 0.443883001804352 0.436264991760254 0.428811997175217 0.410564005374908 0.398303985595703 0.385580986738205 0.36879500746727 0.318628013134003 0.000901506980881095 0.00047545600682497 0.000475462002214044 0.000475926994113252 0.000474956003017724 0.000473530002636835 0.000472835003165528 0.000470986997243017 0.000470074999611825 0.000470275990664959 0.000467753008706495 0.000468023004941642 0.000467454985482618
0.000546752009540796 0.000543745001778007 0.000541193003300577 0.000533452024683356 0.000529881974216551 0.000527394004166126 0.00052436301484704 0.000519023975357413 0.000518359011039138 0.000573794997762889 0.00856668967753649 0.275121003389359 0.516754984855652 0.545740008354187 0.54067200422287 0.513203978538513 0.546072006225586 0.541667997837067 0.535236001014709 0.536423981189728 0.528051018714905 0.471533000469208 0.491230010986328 0.459363996982574 0.448554992675781 0.442061007022858 0.429807007312775 0.407252013683319 0.39641198515892 0.380594998598099 0.370867997407913 0.136877000331879 0.000627162982709706 0.000482976989587769 0.000480932008940727 0.000477102992590517 0.000476406014058739 0.000472996005555615 0.000470817001769319 0.000471728999400511 0.000470171013148502 0.000469857011921704 0.000469544989755377 0.000469454011181369
0.000550422992091626 0.000548808020539582 0.000541619025170803 0.00053514598403126 0.000526906980667263 0.000551784003619105 0.00061289599398151 0.000706469989381731 0.00481098983436823 0.301212012767792 0.415601998567581 0.525512993335724 0.543352007865906 0.542290985584259 0.543097972869873 0.543944001197815 0.544430017471313 0.544091999530792 0.538654983043671 0.540315985679626 0.540763020515442 0.420015007257462 0.492069005966187 0.482704997062683 0.460622012615204 0.450087010860443 0.436432003974915 0.413341999053955 0.400586009025574 0.38630598783493 0.352946996688843 0.421898007392883 0.0973820984363556 0.000589479983318597 0.000478956004371867 0.000478353002108634 0.000476545013953 0.000474769010907039 0.000474826985737309 0.000474225002108142 0.000472710002213717 0.000471498991828412 0.00047193598584272 0.000471495994133875
0.000550267985090613 0.000546508003026247 0.000542053021490574 0.000536814972292632 0.000529451004695147 0.000574234989471734 0.000912939023692161 0.0121569996699691 0.192158997058868 0.428279995918274 0.532612979412079 0.543837010860443 0.548110008239746 0.545899987220764 0.549477994441986 0.550866007804871 0.54940801858902 0.548646986484528 0.54559600353241 -3.4e+38 -3.4e+38 0.514271020889282 0.473437994718552 0.493660002946854 0.47495299577713 0.459639996290207 0.44294399023056 0.425020009279251 0.406410992145538 0.394847005605698 0.374125987291336 0.355700999498367 0.422051012516022 0.106288999319077 0.000757426023483276 0.000479604990687221 0.000478940986795351 0.000477154011605307 0.000476401997730136 0.000475945009384304 0.000475190987344831 0.000474611006211489 0.000474033004138619 0.00047342901234515
0.000536745006684214 0.000536801002454013 0.000533795973751694 0.000532241014298052 0.000529145007021725 0.000528711010701954 0.000723216973710805 0.0277631003409624 0.304553002119064 0.539533972740173 0.5467129945755 0.549032986164093 0.557128012180328 -3.4e+38 -3.4e+38 -3.4e+38 -3.4e+38 -3.4e+38 -3.4e+38 -3.4e+38 -3.4e+38 0.518997013568878 0.493943005800247 0.494269996881485 0.486566990613937 0.466612011194229 0.450661987066269 0.435557007789612 0.415183991193771 0.403032004833221 0.395740985870361 0.371059000492096 0.363528996706009 0.4045490026474 0.226280003786087 0.00880999024957418 0.000606199027970433 0.000480888993479311 0.000479529990116134 0.000478494999697432 0.000477349996799603 0.000475615990580991 0.000474970991490409 0.000473391002742574
0.000511693011503667 0.000510515994392335 0.00050400901818648 0.00049694802146405 0.000491484999656677 0.00049169798148796 0.000533932994585484 0.0487080998718739 0.516705989837646 -3.4e+38 -3.4e+38 -3.4e+38 -3.4e+38 -3.4e+38 -3.4e+38 -3.4e+38 -3.4e+38 -3.4e+38 -3.4e+38 -3.4e+38 -3.4e+38 0.522909998893738 0.50643402338028 0.492475986480713 0.491286009550095 0.476220011711121 0.458240985870361 0.442101001739502 0.427340000867844 0.411033004522324 0.406298011541367 0.398393005132675 0.380769997835159 0.369958996772766 0.377330005168915 0.383112013339996 0.219361007213593 0.0131908003240824 0.000622481980826706 0.000480418995721266 0.000477310997666791 0.000475283013656735 0.000476246001198888 0.000474094005767256
0.00048784600221552 0.000480599992442876 0.000477524998132139 0.000469046994112432 0.000459033995866776 0.000447798985987902 0.000595045974478126 0.320529013872147 0.518517017364502 0.51657497882843 -3.4e+38 -3.4e+38 -3.4e+38 -3.4e+38 -3.4e+38 -3.4e+38 -3.4e+38 -3.4e+38 -3.4e+38 -3.4e+38 -3.4e+38 0.522868990898132 0.505724012851715 0.488561987876892 0.482134997844696 0.487291991710663 0.464792996644974 0.449568003416061 0.434372991323471 0.420468986034393 0.408309996128082 0.404083997011185 0.39691498875618 0.38562598824501 0.37567201256752 0.365051001310349 0.365139007568359 0.387046992778778 0.290318995714188 0.0433144010603428 0.0010598199442029 0.000520616013091058 0.000473372987471521 0.000471526989713311
0.000459258008049801 0.000450124003691599 0.000443625991465524 0.00325175002217293 0.000422890996560454 0.000410103995818645 0.0155133996158838 0.484183013439178 0.497350990772247 0.503347992897034 0.498365014791489 -3.4e+38 -3.4e+38 -3.4e+38 -3.4e+38 -3.4e+38 -3.4e+38 -3.4e+38 -3.4e+38 -3.4e+38 -3.4e+38 -3.4e+38 0.513840973377228 0.494940012693405 0.457354009151459 0.477519989013672 0.471731007099152 0.450516998767853 0.436524003744125 0.425227999687195 0.413758993148804 0.405887991189957 0.402043014764786 0.397002995014191 0.390433996915817 0.38612699508667 0.382732003927231 0.377557992935181 0.370505005121231 0.379139989614487 0.357297003269196 0.232611998915672 0.131429001688957 0.000656214018817991
0.000432202010415494 0.00042338200728409 -3.4e+38 -3.4e+38 0.277851998806 0.0444296002388 0.422269999980927 0.46908900141716 0.482969999313354 0.484367996454239 0.487161010503769 0.497256994247437 -3.4e+38 -3.4e+38 -3.4e+38 -3.4e+38 -3.4e+38 -3.4e+38 -3.4e+38 -3.4e+38 -3.4e+38 -3.4e+38 0.504351019859314 0.498596996068954 0.451705008745193 0.452589005231857 0.463156014680862 0.446002006530762 0.434682995080948 0.427922010421753 0.419135004281998 0.414855003356934 0.409512013196945 0.403421998023987 0.398467004299164 0.394713997840881 0.391584008932114 0.377476990222931 0.363510996103287 0.370258986949921 0.381731003522873 0.335069000720978 0.492433995008469 0.106549002230167
