results/Predictions/Median/Chattian.asc
NCOLS 360 
NROWS 180 
XLLCORNER -180 
YLLCORNER -90 
CELLSIZE 1 
NODATA_value -3.4e+38 
[rows 57 to 75 of 180, columns 44 to 87 of 360]
0.000100805002148263 9.9156801297795e-05 9.74509966908954e-05 9.55185969360173e-05 9.41273974603973e-05 9.2814298113808e-05 9.16201970539987e-05 9.04034968698397e-05 8.91309027792886e-05 8.57225022627972e-05 8.10228011687286e-05 7.77536988607608e-05 7.31238978914917e-05 6.61743033560924e-05 6.00899002165534e-05 5.43394016858656e-05 5.48310017620679e-05 6.02465988777112e-05 6.57733980915509e-05 7.15280984877609e-05 9.3055801698938e-05 0.000126518003526144 0.000167470992892049 0.000216180997085758 0.000303889013594016 0.0910317003726959 -3.4e+38 -3.4e+38 -3.4e+38 -3.4e+38 -3.4e+38 -3.4e+38 -3.4e+38 -3.4e+38 -3.4e+38 -3.4e+38 -3.4e+38 -3.4e+38 -3.4e+38 -3.4e+38 -3.4e+38 -3.4e+38 -3.4e+38 -3.4e+38
0.000113444999442436 0.000111478999315295 0.000109364998934325 0.000107293002656661 0.000105797997093759 0.000104088998341467 0.000102457997854799 0.0001008510007523 9.92705026874319e-05 9.39312012633309e-05 8.98654980119318e-05 8.5976098489482e-05 8.12380967545323e-05 7.33057968318462e-05 6.64893013890833e-05 6.07487017987296e-05 6.07201000093482e-05 6.51746013318188e-05 6.99630036251619e-05 7.59772010496818e-05 9.9227501777932e-05 0.000136542003019713 0.000184293996426277 0.000236819993006065 0.000318069010972977 0.000425640988396481 0.0492574982345104 -3.4e+38 -3.4e+38 -3.4e+38 -3.4e+38 -3.4e+38 -3.4e+38 -3.4e+38 -3.4e+38 -3.4e+38 -3.4e+38 -3.4e+38 -3.4e+38 -3.4e+38 -3.4e+38 -3.4e+38 -3.4e+38 -3.4e+38
0.000129545995150693 0.000127423001686111 0.000124804006190971 0.000122433993965387 0.000119935997645371 0.000117406001663767 0.000114975002361462 0.000112462003016844 0.000110264001705218 0.000104929000372067 9.96785965980962e-05 9.49406021391042e-05 8.91714007593691e-05 8.10322017059661e-05 7.38297967473045e-05 6.79789009154774e-05 6.66644991724752e-05 7.07572980900295e-05 7.58152964408509e-05 8.07323012850247e-05 0.000106464001873974 0.000148972001625225 0.000201977003598586 0.000259461987297982 0.000338720012223348 0.000427088001742959 0.000450032006483525 0.0998227000236511 -3.4e+38 -3.4e+38 -3.4e+38 -3.4e+38 -3.4e+38 -3.4e+38 -3.4e+38 -3.4e+38 -3.4e+38 -3.4e+38 -3.4e+38 -3.4e+38 -3.4e+38 -3.4e+38 -3.4e+38 -3.4e+38
0.000143337994813919 0.000140685995575041 0.000137829993036576 0.000135469002998434 0.000133206995087676 0.000130811997223645 0.000127462000818923 0.000124255995615385 0.000121156001114286 0.000115415001346264 0.000109517997771036 0.000104338003438897 9.74399008555338e-05 8.87849964783527e-05 8.1161102571059e-05 7.45029974495992e-05 7.34718996682204e-05 7.81010021455586e-05 8.25548995635472e-05 8.68693969096057e-05 0.000115513001219369 0.00016001399490051 0.00021357300283853 0.000274694990366697 0.000352247006958351 0.000429509993409738 0.000445926008978859 0.000455305998912081 0.52997899055481 -3.4e+38 -3.4e+38 -3.4e+38 -3.4e+38 -3.4e+38 -3.4e+38 -3.4e+38 -3.4e+38 -3.4e+38 -3.4e+38 -3.4e+38 -3.4e+38 -3.4e+38 -3.4e+38 -3.4e+38
0.000156801004777662 0.000153722998220474 0.000150417996337637 0.000147184997331351 0.000144022997119464 0.000140775999170728 0.00013723700249102 0.000133419001940638 0.000130383006762713 0.000124571000924334 0.000117545998364221 0.000111287998151965 0.000104703998658806 9.63596976362169e-05 8.84108012542129e-05 8.19264023448341e-05 8.11721984064206e-05 8.59396022860892e-05 9.06885979929939e-05 9.57789015956223e-05 0.000125398000818677 0.000170946004800498 0.000223928000195883 0.000283806992229074 0.00036952699883841 0.000431516004027799 0.000446596008259803 0.000453699001809582 0.00612667994573712 -3.4e+38 -3.4e+38 -3.4e+38 -3.4e+38 -3.4e+38 -3.4e+38 -3.4e+38 -3.4e+38 -3.4e+38 -3.4e+38 -3.4e+38 -3.4e+38 -3.4e+38 -3.4e+38 -3.4e+38
0.000169367005582899 0.000166180994710885 0.000162602998898365 0.000159843999426812 0.000156812006025575 0.000152594002429396 0.000147842001751997 0.000144357007229701 0.00014094400103204 0.000134019006509334 0.000126459999592043 0.000119652002467774 0.000112554000224918 0.000103400998341385 9.61690966505557e-05 8.96312994882464e-05 8.90177034307271e-05 9.4192597316578e-05 9.93099019979127e-05 0.000105268001789227 0.000135729002067819 0.000184541000635363 0.000235098006669432 0.00029413599986583 0.00038303600740619 0.00043252800242044 0.00044678698759526 0.00045414300984703 0.000456704990938306 -3.4e+38 -3.4e+38 -3.4e+38 -3.4e+38 -3.4e+38 -3.4e+38 -3.4e+38 -3.4e+38 -3.4e+38 -3.4e+38 -3.4e+38 -3.4e+38 -3.4e+38 -3.4e+38 -3.4e+38
0.00017918499361258 0.00017537000530865 0.000171375999343581 0.000167473001056351 0.000163731994689442 0.000159632007125765 0.000155183995957486 0.000150855994434096 0.000146645994391292 0.00014004300464876 0.00013262199354358 0.000125195001601242 0.000119085998449009 0.000111761000880506 0.000104286002169829 9.91220003925264e-05 9.96216986095533e-05 0.000106398998468649 0.000113686997792684 0.000121283002954442 0.000154067005496472 0.000201806004042737 0.000254602986387908 0.000310058007016778 0.000397833005990833 0.000433047011028975 0.000444537989096716 0.000450635008746758 0.000454908004030585 0.174722999334335 -3.4e+38 -3.4e+38 -3.4e+38 -3.4e+38 -3.4e+38 -3.4e+38 -3.4e+38 -3.4e+38 -3.4e+38 -3.4e+38 -3.4e+38 -3.4e+38 -3.4e+38 -3.4e+38
0.000188413003343157 0.000184977994649671 0.000180622999323532 0.000176298999576829 0.000172080006450415 0.000166703001013957 0.000161489995662123 0.000157012997078709 0.000152709006215446 0.000145661004353315 0.000138698000228032 0.00013121499796398 0.000124868005514145 0.000119999996968545 0.000114805996417999 0.0001100689987652 0.000112234003609046 0.000120873999549076 0.000130204003653489 0.000138300005346537 0.0001723830064293 0.000219918001675978 0.00027232599677518 0.000326265988405794 0.000409319007303566 0.000432803004514426 0.000442857010057196 0.00044763000914827 0.000452497013611719 0.000456965004559606 -3.4e+38 -3.4e+38 -3.4e+38 -3.4e+38 -3.4e+38 -3.4e+38 -3.4e+38 -3.4e+38 -3.4e+38 -3.4e+38 -3.4e+38 -3.4e+38 -3.4e+38 0.54034298658371
0.000193697997019626 0.000190095001016743 0.000187026002095081 0.00018238699703943 0.000177602996700443 0.000172040003235452 0.000166373007232323 0.000161906005814672 0.000157772999955341 0.000151946005644277 0.000145778001751751 0.000138966002850793 0.000133152003400028 0.000130658998386934 0.000128184998175129 0.000125346996355802 0.000129100997583009 0.000138717994559556 0.000149957995745353 0.000161595002282411 0.000198178997379728 0.000244274997385219 0.000295675999950618 0.000353514013113454 0.000419007992604747 0.000433192995842546 0.000441742013208568 0.000447844999143854 0.000457563000964001 0.000470975006464869 0.000483306008391082 -3.4e+38 -3.4e+38 -3.4e+38 -3.4e+38 -3.4e+38 -3.4e+38 -3.4e+38 -3.4e+38 -3.4e+38 -3.4e+38 -3.4e+38 0.56020200252533 0.175806999206543
0.000197921996004879 0.000193101994227618 0.00018960700253956 0.000184475997230038 0.000180044997250661 0.000174782006070018 0.000169545004609972 0.000165450997883454 0.000161624993779697 0.000157768998178653 0.000153424000018276 0.000148717997944914 0.000144488003570586 0.000143350000143982 0.00014297099551186 0.000142197997774929 0.000147814003867097 0.000162826996529475 0.000177631998667493 0.000193867002963088 0.000230874997214414 0.000275119993602857 0.00032652000663802 0.000389702006941661 0.000426601996878162 0.000438351009506732 0.000442337011918426 0.000451933010481298 0.000459030998172238 0.000468110985821113 0.00047712100786157 0.000748440972529352 -3.4e+38 -3.4e+38 -3.4e+38 -3.4e+38 -3.4e+38 -3.4e+38 -3.4e+38 -3.4e+38 -3.4e+38 -3.4e+38 0.548727989196777 0.0300597008317709
0.000201179005671293 0.000196698994841427 0.000192042003618553 0.000186713994480669 0.000182008996489458 0.000177348993020132 0.000172910993569531 0.000169192004250363 0.000165921999723651 0.000162844997248612 0.00016029599646572 0.000157835995196365 0.000156936002895236 0.000158858994836919 0.000160804003826343 0.000162736992933787 0.000172599000507034 0.000189943006262183 0.000207420001970604 0.000227269003516994 0.000263363006524742 0.000307801994495094 0.000362421997124329 0.000415204995078966 0.000431805005064234 0.000440197996795177 0.000452745996881276 0.000460859999293461 0.000468955986434594 0.000476006011012942 0.000487020006403327 0.000495216983836144 0.00052051100647077 -3.4e+38 -3.4e+38 -3.4e+38 -3.4e+38 -3.4e+38 -3.4e+38 -3.4e+38 -3.4e+38 -3.4e+38 0.553406000137329 0.100294999778271
0.000215708001633175 0.000212251004995778 0.000209167003049515 0.000206187993171625 0.000202297000214458 0.000199258996872231 0.000196692999452353 0.00019464899378363 0.000192432999028824 0.000191982006072067 0.000191897997865453 0.000191803002962843 0.00019377599528525 0.000199585003429092 0.000205881005967967 0.000210654005059041 0.000221901995246299 0.000241556001128629 0.000260962988249958 0.000279555999441072 0.000317666999762878 0.000364195992005989 0.000413942994782701 0.000426763988798484 0.000437023001722991 0.000440572999650612 0.000447816011728719 0.000455203000456095 0.000462436000816524 0.000474369007861242 0.000494248000904918 0.000506729003973305 0.000523228023666888 0.00052987999515608 -3.4e+38 -3.4e+38 -3.4e+38 -3.4e+38 -3.4e+38 -3.4e+38 -3.4e+38 -3.4e+38 0.549112021923065 0.37507900595665
0.000230863995966502 0.000227890006499365 0.000225808995310217 0.000223747003474273 0.000221741996938363 0.000220866000745445 0.000220931004150771 0.000220996997086331 0.000221063004573807 0.000223883005673997 0.000226739997742698 0.000229633005801588 0.000234991006436758 0.000242855006945319 0.000251463992753997 0.00026031699962914 0.000274775986326858 0.0002947419998236 0.000319757004035637 0.000339490012265742 0.000383245991542935 0.000417581002693623 0.000427844992373139 0.000432648987043649 0.000438713002949953 0.000440876989159733 0.000446371006546542 0.00045264299842529 0.000460960000054911 0.000472715997602791 0.000500072026625276 0.000515896012075245 0.000539090018719435 0.000544797978363931 0.000546874012798071 -3.4e+38 -3.4e+38 -3.4e+38 -3.4e+38 -3.4e+38 -3.4e+38 -3.4e+38 -3.4e+38 0.530340015888214
0.000264114991296083 0.000262201996520162 0.000260622007772326 0.000259182997979224 0.000258912012213841 0.000260586006334051 0.000262902991380543 0.000265284004854038 0.000267950992565602 0.000276261009275913 0.000282769004115835 0.000288345996523276 0.000295031000860035 0.000305810011923313 0.000318545993650332 0.000330006005242467 0.000348995992681012 0.000374116993043572 0.000403309997636825 0.000418753013946116 0.000428119004936889 0.000434507004683837 0.000438874994870275 0.000439628987805918 0.000441281008534133 0.000445314013632014 0.000450238992925733 0.000454379012808204 0.000463219999801368 0.000475036998977885 0.000500826979987323 0.000520528992637992 0.000547543982975185 0.000553079007659107 0.000557728984858841 0.000575090001802891 -3.4e+38 -3.4e+38 -3.4e+38 -3.4e+38 -3.4e+38 -3.4e+38 -3.4e+38 0.556681990623474
0.000319560000207275 0.000320521008688956 0.000322073989082128 0.000324135005939752 0.00032702399767004 0.000332307012286037 0.000337828998453915 0.000341192993801087 0.000346385990269482 0.000356489996192977 0.000368284992873669 0.000378869008272886 0.000393541995435953 0.000409550004405901 0.000420061987824738 0.000426573998993263 0.000433442008215934 0.00043722300324589 0.000442451011622325 0.00044483901001513 0.000449273997219279 0.000450241001090035 0.000450722000095993 0.000451011990662664 0.000452976004453376 0.000453421991551295 0.000457404006738216 0.000462655007140711 0.00047018300392665 0.000484263990074396 0.000502675015013665 0.000518494984135032 0.000541880028322339 0.000547633972018957 0.000550342025235295 0.000546929019037634 0.000541864021215588 0.0360854007303715 -3.4e+38 -3.4e+38 -3.4e+38 -3.4e+38 -3.4e+38 -3.4e+38
0.000386122002964839 0.000391762005165219 0.000398534990381449 0.000405750994104892 0.000411202985560521 0.000418345007346943 0.000426595011958852 0.000430262996815145 0.000432917004218325 0.000436783011537045 0.000438824994489551 0.000441401003627107 0.000445520010543987 0.00044884200906381 0.000451094005256891 0.000459453993244097 0.000467801990453154 0.000467061996459961 0.000468973012175411 0.000468679005280137 0.000466820987639949 0.000464089011074975 0.00046111800475046 0.000459623988717794 0.000462720985524356 0.000465246994281188 0.000467172998469323 0.000470883998787031 0.000479868991533294 0.000490458973217756 0.00050286902114749 0.000521128007676452 0.000533257029019296 0.0005412109894678 0.000544966023880988 0.000549460994079709 0.000552162004169077 0.000555364007595927 0.00418430985882878 -3.4e+38 -3.4e+38 -3.4e+38 -3.4e+38 -3.4e+38
0.000443881988758221 0.000444398989202455 0.000445009005488828 0.000448462989879772 0.000448473001597449 0.00045053698704578 0.000451458996394649 0.000453243992524222 0.000455341010820121 0.000455442990642041 0.00045625600614585 0.000456976005807519 0.00046054000267759 0.000462171999970451 0.000466653989860788 0.0004714319948107 0.000474211003165692 0.000473513005999848 0.000475365988677368 0.000475890992674977 0.000473777006845921 0.000471520004794002 0.000469451013486832 0.000469251011963934 0.00047092599561438 0.000472215993795544 0.000474725995445624 0.000481261988170445 0.000487415993120521 0.00049239001236856 0.000516331987455487 0.000526561983861029 0.000530402001459152 0.000538373016752303 0.000541639979928732 0.000544929003808647 0.000549165008123964 0.000555220991373062 0.000557564024347812 0.00328081008046865 -3.4e+38 -3.4e+38 -3.4e+38 -3.4e+38
0.000459739007055759 0.000459903996670619 0.000461351010017097 0.000462219002656639 0.00046290599857457 0.00046365600428544 0.00046391598880291 0.000463750009657815 0.000465107994386926 0.000466355006210506 0.000467878009658307 0.000470803992357105 0.000473872001748532 0.000475119013572112 0.000476996006909758 0.000479337002616376 0.000479309004731476 0.000477678986499086 0.000477877998491749 0.000479289999930188 0.000481493014376611 0.000481855997350067 0.00048286298988387 0.000481541006593034 0.000482476985780522 0.00048379399231635 0.000486901000840589 0.000489794998429716 0.000494600972160697 0.000518219021614641 0.000523319002240896 0.000524741015397012 0.000530603982042521 0.000537262996658683 0.000539619999472052 0.000547149975318462 0.000552701996639371 0.000558150990400463 0.000569807016290724 0.000554423022549599 0.00960765033960342 -3.4e+38 -3.4e+38 -3.4e+38
0.000467303005279973 0.000467056001070887 0.000467170990305021 0.000467403006041422 0.000467639009002596 0.000467729987576604 0.000469096994493157 0.000470786006189883 0.000472482992336154 0.000475670996820554 0.000477091991342604 0.000477194989798591 0.00047847701353021 0.000480610004160553 0.000480599002912641 0.00048192500253208 0.000483037991216406 0.000484527001390234 0.00048579799477011 0.00048707501264289 0.000488317979034036 0.00048770199646242 0.000487093988340348 0.000488401972688735 0.000488984980620444 0.000490950013045222 0.000492480990942568 0.000513840990606695 0.000518814020324498 0.000520768982823938 0.000526897027157247 0.000530564982909709 0.00053370202658698 0.00053686200408265 0.000540046021342278 0.000543488014955074 0.000550411001313478 0.000560900021810085 0.000569309981074184 0.000553250021766871 0.000540536013431847 0.0277619995176792 -3.4e+38 -3.4e+38
