results/Predictions/Median/Chattian.asc
NCOLS 360 
NROWS 180 
XLLCORNER -180 
YLLCORNER -90 
CELLSIZE 1 
NODATA_value -3.4e+38 
[rows 133 to 151 of 180, columns 44 to 87 of 360]
5.44235008419491e-05 5.37880987394601e-05 5.33776983502321e-05 5.29704011569265e-05 5.25661998835858e-05 5.209659866523e-05 5.15290012117475e-05 5.10237987327855e-05 5.05952011735644e-05 5.01825015817303e-05 4.97731016366743e-05 4.94230007461738e-05 4.90626007376704e-05 4.86015014757868e-05 4.81440001749434e-05 4.76991008326877e-05 4.72337997052819e-05 4.67452009615954e-05 4.62614007119555e-05 4.57821988675278e-05 4.52897002105601e-05 4.48005994257983e-05 4.43173994426616e-05 4.38392016803846e-05 4.32552988058887e-05 4.26793012593407e-05 4.21108998125419e-05 4.15313006669749e-05 4.0904400520958e-05 4.02869991376065e-05 3.96789982914925e-05 3.91977991966996e-05 3.88389998988714e-05 3.84835002478212e-05 3.81311001547147e-05 3.76112984667998e-05 3.70423986169044e-05 3.64822008123156e-05 3.59305013262201e-05 3.56400014425162e-05 3.53514988091774e-05 3.51693997799885e-05 3.49447982443962e-05 3.45631015079562e-05
4.54820001323242e-05 4.47337988589425e-05 4.42177006334532e-05 4.37074995716102e-05 4.32031993113924e-05 4.26248006988317e-05 4.20577016484458e-05 4.14979003835469e-05 4.09450985898729e-05 4.05714999942575e-05 4.02010009565856e-05 3.98334996134508e-05 3.94480011891574e-05 3.90029999834951e-05 3.85626990464516e-05 3.81270001525991e-05 3.76515999960247e-05 3.71380992874037e-05 3.66312997357454e-05 3.61310994776431e-05 3.56892996933311e-05 3.52698989445344e-05 3.48553985531908e-05 3.4416101698298e-05 3.38194986397866e-05 3.32333002006635e-05 3.26572990161367e-05 3.20992985507473e-05 3.15741999656893e-05 3.10577997879591e-05 3.06145011563785e-05 3.02847001876216e-05 3.00494994007749e-05 2.9816199457855e-05 2.95589998131618e-05 2.91177002509357e-05 2.87410002783872e-05 2.83480003417935e-05 2.79311007034266e-05 2.78103998425649e-05 2.7690099159372e-05 2.75704005616717e-05 2.73666992143262e-05 2.70168002316495e-05
3.81296995328739e-05 3.73926995962393e-05 3.68545006494969e-05 3.6324101529317e-05 3.58012985088862e-05 3.52394999936223e-05 3.46708984579891e-05 3.41113009199034e-05 3.35604017891455e-05 3.31822011503391e-05 3.27937996189576e-05 3.23786989611108e-05 3.1952698918758e-05 3.14848002744839e-05 3.10237010126002e-05 3.06268011627253e-05 3.01976997434394e-05 2.97332007903606e-05 2.93200992018683e-05 2.88696992356563e-05 2.84737998299534e-05 2.8129099518992e-05 2.78001007245621e-05 2.74542999250116e-05 2.69177999143722e-05 2.6462999812793e-05 2.59989992628107e-05 2.5510800696793e-05 2.51597994065378e-05 2.47874995693564e-05 2.43966005655238e-05 2.40778008446796e-05 2.38282991631422e-05 2.35815004998585e-05 2.33371993090259e-05 2.2963900846662e-05 2.25536005018512e-05 2.21719001274323e-05 2.18406003114069e-05 2.17785000131698e-05 2.171649975935e-05 2.16547996387817e-05 2.15511990973027e-05 2.13231996895047e-05
3.2200801797444e-05 3.14511999022216e-05 3.09011011268012e-05 3.04122004308738e-05 2.99310995615087e-05 2.93741995847085e-05 2.88149003608851e-05 2.83055996987969e-05 2.78604002232896e-05 2.75227994279703e-05 2.71734006673796e-05 2.68050007434795e-05 2.64678001258289e-05 2.60385004366981e-05 2.56233997788513e-05 2.52661993727088e-05 2.48397991526872e-05 2.43776994466316e-05 2.39242999668932e-05 2.34792005358031e-05 2.31163994612871e-05 2.27834007091587e-05 2.2455200451077e-05 2.21317004616139e-05 2.16492007893976e-05 2.11773003684357e-05 2.07156008400489e-05 2.02990995603614e-05 1.99946007342078e-05 1.96947003132664e-05 1.94311996892793e-05 1.92012994375546e-05 1.89971997315297e-05 1.87951991392765e-05 1.85953995242016e-05 1.83296997420257e-05 1.80455008376157e-05 1.76965004357044e-05 1.73087992152432e-05 1.72251002368284e-05 1.71417996170931e-05 1.70589992194436e-05 1.69366994668962e-05 1.6697200408089e-05
2.74182002613088e-05 2.67633004114032e-05 2.62163994193543e-05 2.57152005360695e-05 2.51599994953722e-05 2.4603099518572e-05 2.40580993704498e-05 2.352519913984e-05 2.30041005124804e-05 2.26586998905987e-05 2.23184997594217e-05 2.19834000745323e-05 2.16360003832961e-05 2.12429004022852e-05 2.08568999369163e-05 2.04779007617617e-05 2.00829999812413e-05 1.96754008356947e-05 1.927599987539e-05 1.88845006050542e-05 1.85727003554348e-05 1.82896001206245e-05 1.80107999767642e-05 1.77470992639428e-05 1.7360400306643e-05 1.69177001225762e-05 1.65226992976386e-05 1.6175599739654e-05 1.59446008183295e-05 1.57179001689656e-05 1.54944991663797e-05 1.52788998093456e-05 1.50709001900395e-05 1.48664003063459e-05 1.46654001582647e-05 1.44026998896152e-05 1.41236996569205e-05 1.38502000481822e-05 1.3582000065071e-05 1.35237996801152e-05 1.34658002934884e-05 1.34080000862014e-05 1.33265002659755e-05 1.3175000276533e-05
2.36236992350314e-05 2.29444995056838e-05 2.23569004447199e-05 2.17844008147949e-05 2.122660043824e-05 2.0735700672958e-05 2.02670998987742e-05 1.9809000150417e-05 1.93611995200627e-05 1.90430000657216e-05 1.87299992830958e-05 1.84222008101642e-05 1.81074992724461e-05 1.77634992724052e-05 1.74259002960753e-05 1.70948005688842e-05 1.67665002663853e-05 1.64550001500174e-05 1.61453008331591e-05 1.58418006321881e-05 1.55650996020995e-05 1.53001001308439e-05 1.50396999742952e-05 1.47836999531137e-05 1.44440000440227e-05 1.41122000059113e-05 1.37879997055279e-05 1.35018999571912e-05 1.33124003696139e-05 1.31254000734771e-05 1.2941200111527e-05 1.27474995679222e-05 1.25449996630778e-05 1.23457002700889e-05 1.21495995699661e-05 1.19338001240976e-05 1.17143999887048e-05 1.14989998110104e-05 1.12880998131004e-05 1.12349998744321e-05 1.11827002911014e-05 1.11304998426931e-05 1.10559003587696e-05 1.09148004412418e-05
2.02484006877057e-05 1.96206001419341e-05 1.90658993233228e-05 1.85275002877461e-05 1.80044007720426e-05 1.7565100279171e-05 1.71308001881698e-05 1.66983991221059e-05 1.63341992447386e-05 1.60595991474111e-05 1.57895992742851e-05 1.55095003719907e-05 1.52205002450501e-05 1.4905100215401e-05 1.45963003888028e-05 1.4293799722509e-05 1.40210995596135e-05 1.37769002321875e-05 1.35369000417995e-05 1.33010998979444e-05 1.3055700037512e-05 1.2810500265914e-05 1.25697997646057e-05 1.23227000585757e-05 1.2022300325043e-05 1.17490999400616e-05 1.14952999865636e-05 1.12675998025225e-05 1.11048002509051e-05 1.09444999907282e-05 1.07863997982349e-05 1.06136003523716e-05 1.04268001450691e-05 1.02432004496222e-05 1.00502002169378e-05 9.85414044407662e-06 9.67162031884072e-06 9.53427024796838e-06 9.37070035433862e-06 9.32412967813434e-06 9.27780001802603e-06 9.23168954614084e-06 9.16096996661508e-06 9.01718976820121e-06
1.73905991687207e-05 1.68179994943785e-05 1.63118002092233e-05 1.58208003995242e-05 1.53445998876123e-05 1.49603001773357e-05 1.46109996421728e-05 1.4272900443757e-05 1.39687999762828e-05 1.37147999339504e-05 1.34503998197033e-05 1.31911001517437e-05 1.29316003949498e-05 1.26527002066723e-05 1.23649997476605e-05 1.2106599569961e-05 1.18753996503074e-05 1.16662004074897e-05 1.14607000796241e-05 1.12588995762053e-05 1.10439996205969e-05 1.08279000414768e-05 1.0616099643812e-05 1.04083001133404e-05 1.01843997981632e-05 9.93258981907275e-06 9.68705990089802e-06 9.46914042287972e-06 9.31953036342748e-06 9.1982201411156e-06 9.07865978660993e-06 8.93441028892994e-06 8.73481985763647e-06 8.53966957947705e-06 8.3554295997601e-06 8.22432957647834e-06 8.09980974736391e-06 7.97718985268148e-06 7.85670999903232e-06 7.81753988121636e-06 7.77855984779308e-06 7.73977990320418e-06 7.68554036767455e-06 7.58523992772098e-06
1.49559000419686e-05 1.44660998557811e-05 1.40333995659603e-05 1.36135995489894e-05 1.32062996271998e-05 1.28756000776775e-05 1.25741998999729e-05 1.2279900147405e-05 1.19923997772275e-05 1.17460003821179e-05 1.15046996143064e-05 1.12683001134428e-05 1.1040800018236e-05 1.08301001091604e-05 1.06234001577832e-05 1.04206001196872e-05 1.02153999250731e-05 1.00168999779271e-05 9.82226993073709e-06 9.63141974352766e-06 9.41822963795858e-06 9.2012996901758e-06 8.98937014426338e-06 8.79641993378755e-06 8.65292986418353e-06 8.46383954922203e-06 8.2958204075112e-06 8.14863960840739e-06 8.03826969786314e-06 7.93101025919896e-06 7.82517963671125e-06 7.69893995311577e-06 7.55720020606532e-06 7.42069005355006e-06 7.28667009752826e-06 7.18194996807142e-06 7.08570996721392e-06 6.98016992828343e-06 6.88130012349575e-06 6.8350300352904e-06 6.78907008477836e-06 6.74340981277055e-06 6.68911980028497e-06 6.60872001390089e-06
1.27886996779125e-05 1.23488998724497e-05 1.19875003292691e-05 1.1662399629131e-05 1.13460000648047e-05 1.10814999061404e-05 1.08213998828433e-05 1.05674998849281e-05 1.02914000308374e-05 1.00381002994254e-05 9.79105971055105e-06 9.55015002546133e-06 9.32622970140073e-06 9.14002976060146e-06 8.95756966201589e-06 8.79523031471763e-06 8.65283982420806e-06 8.51526965561789e-06 8.36661001812899e-06 8.20337027107598e-06 8.05887975730002e-06 7.91433012636844e-06 7.77237983129453e-06 7.6252399594523e-06 7.49423998058774e-06 7.36549009161536e-06 7.23896982890437e-06 7.12045994077926e-06 7.02116994943935e-06 6.92327012075111e-06 6.82673999108374e-06 6.71287989462144e-06 6.58261978969676e-06 6.45488989903242e-06 6.32964020041982e-06 6.24346012045862e-06 6.17055002294364e-06 6.09848984822747e-06 6.02727004661574e-06 5.97628013565554e-06 5.92320020587067e-06 5.86625992582412e-06 5.80587993681547e-06 5.73533998249331e-06
1.10627997855772e-05 1.07560999822454e-05 1.04737000583555e-05 1.01345003713504e-05 9.80480035650544e-06 9.53364997258177e-06 9.28556983126327e-06 9.05101023818133e-06 8.84267956280382e-06 8.6756899690954e-06 8.51251024869271e-06 8.33310969028389e-06 8.16325973573839e-06 8.03551029093796e-06 7.90976991993375e-06 7.78602043283172e-06 7.65981985750841e-06 7.53134008846246e-06 7.40502991902758e-06 7.28085979062598e-06 7.15274018148193e-06 7.03210980645963e-06 6.90086017129943e-06 6.76173021929571e-06 6.66449977870798e-06 6.56867996440269e-06 6.47424985800171e-06 6.37843004369643e-06 6.28461020824034e-06 6.19217007624684e-06 6.10109009357984e-06 6.00222983848653e-06 5.89599994782475e-06 5.79164998271153e-06 5.68914992982172e-06 5.61757997274981e-06 5.55656015421846e-06 5.49619016965153e-06 5.43648002349073e-06 5.37914002052275e-06 5.32056992597063e-06 5.26247004017932e-06 5.20887988386676e-06 5.15711008119979e-06
9.5295099526993e-06 9.22237995837349e-06 8.99644965102198e-06 8.77612001204398e-06 8.53540041134693e-06 8.30800036055734e-06 8.13261976873036e-06 7.96094991528662e-06 7.77911009208765e-06 7.63321986596566e-06 7.49007995182183e-06 7.34963987270021e-06 7.21991000318667e-06 7.11622988092131e-06 7.00762984706671e-06 6.89511989548919e-06 6.77908019497409e-06 6.66005007587955e-06 6.54253017273732e-06 6.42736995359883e-06 6.31640978099313e-06 6.20807986706495e-06 6.10159986536019e-06 5.99695022174274e-06 5.91274010730558e-06 5.82971006224398e-06 5.7478500821162e-06 5.66541984881042e-06 5.5791001614125e-06 5.49844980923808e-06 5.42435009265319e-06 5.34858008904848e-06 5.27123984284117e-06 5.19504010298988e-06 5.11994994667475e-06 5.0596199798747e-06 4.99856014357647e-06 4.93824018121813e-06 4.87865008835797e-06 4.82548011859762e-06 4.77286994282622e-06 4.72083002023282e-06 4.67330983155989e-06 4.63801006844733e-06
8.26983978186036e-06 8.06465959612979e-06 7.86711007094709e-06 7.67440997151425e-06 7.48547017792589e-06 7.30996998754563e-06 7.14159978087991e-06 6.97710993335932e-06 6.816409950261e-06 6.69637984174187e-06 6.57847022011993e-06 6.46263015369186e-06 6.35293008599547e-06 6.26557994110044e-06 6.16504985373467e-06 6.07002994001959e-06 5.97376993027865e-06 5.87434988119639e-06 5.77657010580879e-06 5.68043014936848e-06 5.59012005396653e-06 5.50722006664728e-06 5.42951011084369e-06 5.35291019332362e-06 5.29320004716283e-06 5.23416019859724e-06 5.17580019732122e-06 5.11592998009291e-06 5.05031994180172e-06 4.98556983075105e-06 4.92167009724653e-06 4.85784994452843e-06 4.78572019346757e-06 4.71390012535267e-06 4.64314007331268e-06 4.58657996205147e-06 4.53505981568014e-06 4.48411992692854e-06 4.43375984104932e-06 4.38561983173713e-06 4.33801005783607e-06 4.29090005127364e-06 4.24967993239989e-06 4.22488983531366e-06
7.14438010618323e-06 6.97311998010264e-06 6.81244000588777e-06 6.65545985611971e-06 6.50209995001205e-06 6.36379991192371e-06 6.23776986685698e-06 6.11425002716715e-06 5.99316990701482e-06 5.89232013226137e-06 5.78980007048813e-06 5.6906001191237e-06 5.60519993086928e-06 5.52797018826823e-06 5.46057981409831e-06 5.39403981747455e-06 5.32553985976847e-06 5.25518998983898e-06 5.18578008268378e-06 5.11730013386114e-06 5.05129992234288e-06 4.98666986459284e-06 4.92288017994724e-06 4.85990995002794e-06 4.80770995636703e-06 4.75608021588414e-06 4.70500981464284e-06 4.65421999251703e-06 4.59768989458098e-06 4.53962002211483e-06 4.48229002358858e-06 4.42287000623764e-06 4.36146001447923e-06 4.30089994551963e-06 4.2411697904754e-06 4.19545995100634e-06 4.15462000091793e-06 4.11417022405658e-06 4.07412017011666e-06 4.03288004235947e-06 3.99206010115449e-06 3.95164988731267e-06 3.91689991374733e-06 3.89815022572293e-06
6.16223996985354e-06 6.02657019044273e-06 5.91145999351284e-06 5.79860989091685e-06 5.68499990549753e-06 5.56633995074662e-06 5.46159981240635e-06 5.36992001798353e-06 5.27977999809082e-06 5.20988987773308e-06 5.14094017489697e-06 5.07291997564607e-06 5.008219886804e-06 4.95154017698951e-06 4.89550984639209e-06 4.84012980450643e-06 4.78486981592141e-06 4.72974988952046e-06 4.67527979708393e-06 4.62143998447573e-06 4.56835005024914e-06 4.51591995442868e-06 4.46410012955312e-06 4.40451003669295e-06 4.35019001088222e-06 4.29652982347761e-06 4.24353993366822e-06 4.19256002714974e-06 4.14619989896892e-06 4.10036000175751e-06 4.05501987188472e-06 4.00660019295174e-06 3.95521010432276e-06 3.90447985409992e-06 3.85440989703056e-06 3.81971995011554e-06 3.79022003471619e-06 3.76095999854442e-06 3.73192006009049e-06 3.69828990187671e-06 3.66496010428818e-06 3.6319299852039e-06 3.60413991984387e-06 3.5912898965762e-06
5.37857022209209e-06 5.27047996001784e-06 5.180379957892e-06 5.09184019392706e-06 5.00484020449221e-06 4.92616982228355e-06 4.85077998746419e-06 4.77426010547788e-06 4.69894985144492e-06 4.64509002995328e-06 4.59186003354262e-06 4.53922984888777e-06 4.48854007117916e-06 4.44239003627445e-06 4.39672021457227e-06 4.35050014857552e-06 4.30151021646452e-06 4.25735015596729e-06 4.20968990511028e-06 4.16215016230126e-06 4.11031987823662e-06 4.05755008614506e-06 4.00545013690135e-06 3.95403003494721e-06 3.91585990655585e-06 3.8780499380664e-06 3.84062013836228e-06 3.80175993086596e-06 3.75799004359578e-06 3.71472992810595e-06 3.67196003026038e-06 3.63523008672928e-06 3.60437002200342e-06 3.57376006832055e-06 3.54342000719043e-06 3.51123003383691e-06 3.47863010574656e-06 3.44634008797584e-06 3.41433997164131e-06 3.40052997671592e-06 3.38677000399912e-06 3.37123992721899e-06 3.35323989020253e-06 3.32870990860101e-06
4.70458007839625e-06 4.62682010038407e-06 4.55411009170348e-06 4.48255013907328e-06 4.41210977442097e-06 4.34787989433971e-06 4.28626981374691e-06 4.22553011958371e-06 4.16564989791368e-06 4.12665986004868e-06 4.08367986892699e-06 4.03805006499169e-06 3.99264990846859e-06 3.94698008676642e-06 3.90182003684458e-06 3.85718021789216e-06 3.81829977413872e-06 3.78499998987536e-06 3.75200011148991e-06 3.71927990272525e-06 3.67826010005956e-06 3.63486992682738e-06 3.59198998012289e-06 3.54962003257242e-06 3.52488996213651e-06 3.50032996720984e-06 3.47595005223411e-06 3.44738009516732e-06 3.40612996296841e-06 3.36536004397203e-06 3.32508989231428e-06 3.29829003931081e-06 3.28464989252097e-06 3.27105999531341e-06 3.25751989294076e-06 3.22765004057146e-06 3.19176001539745e-06 3.15803004014015e-06 3.12379006572883e-06 3.12425004267425e-06 3.1234199013852e-06 3.12258998746984e-06 3.11547000819701e-06 3.08964990836103e-06
4.12855979448068e-06 4.06358003601781e-06 4.00314002035884e-06 3.94359994970728e-06 3.88115995519911e-06 3.82183998226537e-06 3.76487992070906e-06 3.70877000932524e-06 3.65349001185677e-06 3.61735010301345e-06 3.58155989488296e-06 3.54613007402804e-06 3.51066000803257e-06 3.47441005033033e-06 3.43854003403976e-06 3.40302995027741e-06 3.3734499993443e-06 3.34964988724096e-06 3.3260100735788e-06 3.3025401080522e-06 3.27024008583976e-06 3.23530002788175e-06 3.20072990689368e-06 3.16653995469096e-06 3.14862995764997e-06 3.1308300094679e-06 3.11313010570302e-06 3.09112010654644e-06 3.05612002193811e-06 3.02151988762489e-06 2.98730992653873e-06 2.96754001283261e-06 2.96192001769668e-06 2.95632003144419e-06 2.9507200451917e-06 2.92714003080619e-06 2.89781996798411e-06 2.86880003841361e-06 2.84007001027931e-06 2.84787006421539e-06 2.85568989966123e-06 2.86173008134938e-06 2.85928990706452e-06 2.83791996480431e-06
3.58369993591623e-06 3.53233008354437e-06 3.47979994330672e-06 3.42804992214951e-06 3.37707001563103e-06 3.3303599593637e-06 3.28546002492658e-06 3.24116990668699e-06 3.19747005050885e-06 3.16665000354988e-06 3.13612008540076e-06 3.10589007312956e-06 3.07634991258965e-06 3.04827995023516e-06 3.02046009892365e-06 2.9928999083495e-06 2.96901998808607e-06 2.94855999527499e-06 2.92823006020626e-06 2.91048991130083e-06 2.88744990939449e-06 2.86115005110332e-06 2.83397002931451e-06 2.80703989119502e-06 2.79098003375111e-06 2.77501999335072e-06 2.75913998848409e-06 2.74069998340565e-06 2.71445992439112e-06 2.68846997641958e-06 2.66272991211736e-06 2.64761001744773e-06 2.64291998064436e-06 2.63823994828272e-06 2.63356992036279e-06 2.6189700292889e-06 2.60118008554855e-06 2.58349996329343e-06 2.56594989878067e-06 2.56938005804841e-06 2.57282999882591e-06 2.57626993516169e-06 2.57623992183653e-06 2.56575003731996e-06
