results/Predictions/Median/Chattian.asc
NCOLS 360 
NROWS 180 
XLLCORNER -180 
YLLCORNER -90 
CELLSIZE 1 
NODATA_value -3.4e+38 
[rows 133 to 151 of 180, columns 176 to 219 of 360]
2.41306006500963e-05 2.43152007897152e-05 2.45011997321853e-05 2.46885992964962e-05 2.48631004069466e-05 2.5025399736478e-05 2.52146001002984e-05 2.54051992669702e-05 2.5427199943806e-05 2.5392699171789e-05 2.53582002187613e-05 2.53305006481241e-05 2.56138991971966e-05 2.58363998000277e-05 2.6092400730704e-05 2.64828995568678e-05 2.72867000603583e-05 2.81145003100391e-05 2.89322997559793e-05 2.97270998999011e-05 3.0530100048054e-05 3.13821001327597e-05 3.22501982736867e-05 3.28895002894569e-05 3.35051990987267e-05 3.41095001203939e-05 3.47247005265672e-05 3.55338997906074e-05 3.63619001291227e-05 3.72040012734942e-05 3.88381013181061e-05 4.35713009210303e-05 4.88881014462095e-05 5.48101997992489e-05 6.41752994852141e-05 7.93138024164364e-05 9.73214991972782e-05 0.000117490002594423 0.000122861994896084 0.000122758006909862 0.000122639001347125 0.000122555997222662 0.000118545001896564 0.000114561000373214
1.71576994034695e-05 1.74059005075833e-05 1.76575995283201e-05 1.79273993126117e-05 1.81963005161379e-05 1.85088993021054e-05 1.87558998732129e-05 1.90053997357609e-05 1.91430008271709e-05 1.9243099814048e-05 1.93437008420005e-05 1.94448002730496e-05 1.96253004105529e-05 1.9934899682994e-05 2.01069997274317e-05 2.03221006813692e-05 2.06661006814102e-05 2.10657999559771e-05 2.15313993976451e-05 2.19947996811243e-05 2.24769992200891e-05 2.29980996664381e-05 2.35313000302995e-05 2.39499004237587e-05 2.43330996454461e-05 2.47222997131757e-05 2.51178007601993e-05 2.54801998380572e-05 2.58617001236416e-05 2.61001005128492e-05 2.67390005319612e-05 2.86729991785251e-05 3.07595983031206e-05 3.22150008287281e-05 3.60394988092594e-05 4.2555300751701e-05 5.06910000694916e-05 5.93527001910843e-05 6.23883970547467e-05 6.31998991593719e-05 6.40115031274036e-05 6.48378991172649e-05 6.32778974249959e-05 6.17546029388905e-05
1.23454001368373e-05 1.2513200090325e-05 1.26934000945766e-05 1.28762003441807e-05 1.30997996166116e-05 1.33941002786742e-05 1.369510027871e-05 1.39901003421983e-05 1.41881000672583e-05 1.43565002872492e-05 1.45268995765946e-05 1.46992997542839e-05 1.48654999065911e-05 1.50334999489132e-05 1.52034999700845e-05 1.53955006680917e-05 1.56546993821394e-05 1.59183000505436e-05 1.61544994625729e-05 1.63808999786852e-05 1.66369991347892e-05 1.68972001119982e-05 1.72131003637332e-05 1.74604992935201e-05 1.76836001628544e-05 1.7909600501298e-05 1.81384002644336e-05 1.82378007593798e-05 1.83377997018397e-05 1.84414002433186e-05 1.87043006008025e-05 1.93725991266547e-05 2.00880003831116e-05 2.08058008865919e-05 2.25210005737608e-05 2.54539991146885e-05 2.874520032492e-05 3.24629982060287e-05 3.37798010150436e-05 3.42034982168116e-05 3.46326014550868e-05 3.5067099815933e-05 3.44424006470945e-05 3.38288991770241e-05
8.83746997715207e-06 8.97868994798046e-06 9.11538973014103e-06 9.25098993320717e-06 9.42596034292364e-06 9.64379978540819e-06 9.86646955425385e-06 1.0094099707203e-05 1.02700996649219e-05 1.04398995972588e-05 1.06134002635372e-05 1.07867999759037e-05 1.09293996501947e-05 1.10740002128296e-05 1.12266998257837e-05 1.14013000711566e-05 1.15653001557803e-05 1.17249001050368e-05 1.18923999252729e-05 1.20655004138825e-05 1.22443998407107e-05 1.24344996947912e-05 1.26331997307716e-05 1.27884995890781e-05 1.29248001030646e-05 1.30685002659447e-05 1.32139002744225e-05 1.33083003674983e-05 1.34032998175826e-05 1.34989995785872e-05 1.3632499758387e-05 1.38804998641717e-05 1.40625998028554e-05 1.42251001307159e-05 1.49181996675907e-05 1.6196099750232e-05 1.74817996594356e-05 1.91361996257911e-05 1.95814991457155e-05 1.96832006622571e-05 1.97889003175078e-05 1.99153000721708e-05 1.96430992218666e-05 1.93746000149986e-05
6.44622014078777e-06 6.54360019325395e-06 6.64108983983169e-06 6.69975997880101e-06 6.79521008351003e-06 6.94781010679435e-06 7.12213977749343e-06 7.30296005713171e-06 7.45891020415002e-06 7.60815009925864e-06 7.76029992266558e-06 7.91542970546288e-06 8.0331701610703e-06 8.16646024759393e-06 8.31746001495048e-06 8.46647981234128e-06 8.57496979733696e-06 8.67710969032487e-06 8.78046012076084e-06 8.88619979377836e-06 9.00196027942002e-06 9.11923962121364e-06 9.23804964259034e-06 9.32758030103287e-06 9.40761037782067e-06 9.48833985603414e-06 9.5741897894186e-06 9.67117011896335e-06 9.76914998318534e-06 9.84515008894959e-06 9.89327963907272e-06 9.87491966952803e-06 9.85373026196612e-06 9.82578967523295e-06 9.95116988633526e-06 1.01756004369236e-05 1.0405199645902e-05 1.06399002106627e-05 1.06896995930583e-05 1.06767001852859e-05 1.06656998468679e-05 1.06672996480484e-05 1.05808003354468e-05 1.04950995591935e-05
5.01927979712491e-06 5.07678987560212e-06 5.13495979248546e-06 5.19381001140573e-06 5.27657994098263e-06 5.38779022463132e-06 5.50104005014873e-06 5.60675016458845e-06 5.71552982364665e-06 5.82624988965108e-06 5.94238008488901e-06 6.06081994192209e-06 6.15857015873189e-06 6.25790016783867e-06 6.35802007309394e-06 6.44877991362591e-06 6.52282005830784e-06 6.59771012578858e-06 6.67698986944743e-06 6.75825003781938e-06 6.83116013533436e-06 6.90485012455611e-06 6.97934001436806e-06 7.0351998147089e-06 7.08498009771574e-06 7.13512008587713e-06 7.18560977475136e-06 7.23605990060605e-06 7.28687018636265e-06 7.33576007405645e-06 7.36085985408863e-06 7.34161994841998e-06 7.32243006495992e-06 7.30329020370846e-06 7.34197010388016e-06 7.43938016967149e-06 7.53808990339166e-06 7.63811021897709e-06 7.63476964493748e-06 7.60415014156024e-06 7.57021007302683e-06 7.53642007111921e-06 7.48436013964238e-06 7.43265991332009e-06
3.89965998692787e-06 3.94088010580163e-06 3.97785015593399e-06 4.01517991122091e-06 4.06866001867456e-06 4.13891984862857e-06 4.21041022491409e-06 4.28312978328904e-06 4.3692398321582e-06 4.45846990260179e-06 4.54949986306019e-06 4.63599008071469e-06 4.71449993710849e-06 4.79433992950362e-06 4.87553006678354e-06 4.95119002152933e-06 5.00609985465417e-06 5.05509979120689e-06 5.11285998072708e-06 5.1705801524804e-06 5.21549009135924e-06 5.26000985701103e-06 5.30490979144815e-06 5.33562979398994e-06 5.36165998710203e-06 5.38780977876741e-06 5.41409008292248e-06 5.43924988960498e-06 5.46452019989374e-06 5.48593015992083e-06 5.50044978808728e-06 5.48880007045227e-06 5.47717991139507e-06 5.46558021596866e-06 5.46881983609637e-06 5.48691014046199e-06 5.50507002117229e-06 5.52327992409118e-06 5.49573996977415e-06 5.45468992640963e-06 5.41395002073841e-06 5.37350979357143e-06 5.35483013663907e-06 5.33622005605139e-06
3.08955009131751e-06 3.11392000185151e-06 3.13676991936518e-06 3.15977990794636e-06 3.19558989758661e-06 3.24760003422853e-06 3.29655995301437e-06 3.34626997755549e-06 3.40421001965296e-06 3.46853994415142e-06 3.53406994690886e-06 3.6006499612995e-06 3.6670201097877e-06 3.7346198951127e-06 3.80347000827896e-06 3.86736019208911e-06 3.91057983506471e-06 3.95071992898011e-06 3.99158989239368e-06 4.0273298509419e-06 4.05703985961736e-06 4.08696996601066e-06 4.12106010116986e-06 4.14726991948555e-06 4.17059982282808e-06 4.19404977947124e-06 4.21763979829848e-06 4.23522988057812e-06 4.25289999839151e-06 4.27064014729694e-06 4.2840301830438e-06 4.28481007475057e-06 4.28425983045599e-06 4.2787200982275e-06 4.27038003181224e-06 4.25927009928273e-06 4.2481501623115e-06 4.23702022089856e-06 4.19519983552163e-06 4.14368014389765e-06 4.1041498661798e-06 4.05553009841242e-06 4.03939020543476e-06 4.02330988436006e-06
2.50961988967902e-06 2.52429003921861e-06 2.53994994636741e-06 2.55641998592182e-06 2.57941997006128e-06 2.61062996287365e-06 2.63896004071285e-06 2.66851998276252e-06 2.7072399007011e-06 2.75420006801141e-06 2.8019799174217e-06 2.85058990812104e-06 2.89995000457566e-06 2.94850997306639e-06 2.99534008263436e-06 3.04158993458259e-06 3.07444997815765e-06 3.10765994981921e-06 3.14088993036421e-06 3.16685009238427e-06 3.18430988954788e-06 3.20184994961892e-06 3.21948004966544e-06 3.23362996823562e-06 3.24662005368737e-06 3.25964992953232e-06 3.27270004163438e-06 3.28093005919072e-06 3.28917008118879e-06 3.29740009874513e-06 3.30530997416645e-06 3.30675993609475e-06 3.30819989358133e-06 3.30960006067471e-06 3.3063899991248e-06 3.29692988998431e-06 3.28735995935858e-06 3.27782004205801e-06 3.25276005241903e-06 3.22276991937542e-06 3.19508990287432e-06 3.16853993354016e-06 3.16034993375069e-06 3.15218994728639e-06
2.05326000468631e-06 2.05859009838605e-06 2.06388995138695e-06 2.06920003620326e-06 2.07991001843766e-06 2.09609993362392e-06 2.11241990655253e-06 2.13025009543344e-06 2.15772001865844e-06 2.18794002648792e-06 2.21857999349595e-06 2.24964992412424e-06 2.28220005737967e-06 2.31521994464856e-06 2.34872004511999e-06 2.37845006267889e-06 2.39893006437342e-06 2.4195799142035e-06 2.4404100713582e-06 2.45813998844824e-06 2.47333991865162e-06 2.48862988883047e-06 2.49786990025314e-06 2.50723996941815e-06 2.5168199044856e-06 2.52643008025188e-06 2.53608004641137e-06 2.54387009590573e-06 2.55168993135158e-06 2.55951999861281e-06 2.5657700462034e-06 2.57104989032086e-06 2.57634997069545e-06 2.58165005107003e-06 2.58115005635773e-06 2.57484998655855e-06 2.56855992120109e-06 2.56229009210074e-06 2.54990004577849e-06 2.53553002949047e-06 2.52124004873622e-06 2.50703010351572e-06 2.50052994488215e-06 2.49405002250569e-06
1.74913998307602e-06 1.74992999291135e-06 1.75072000274668e-06 1.751510012582e-06 1.75616003161849e-06 1.7647199683779e-06 1.77332003659103e-06 1.78195000444248e-06 1.79846995251864e-06 1.81778000296617e-06 1.83729002856126e-06 1.85702003818733e-06 1.88141996204649e-06 1.9061500324824e-06 1.93306004803162e-06 1.95821007764607e-06 1.97542999558209e-06 1.99280998458562e-06 2.01033003577322e-06 2.02242995328561e-06 2.02898991119582e-06 2.03558010980487e-06 2.04218008548196e-06 2.05078004000825e-06 2.06274989977828e-06 2.07622997550061e-06 2.08980009119841e-06 2.09836002795782e-06 2.10696998692583e-06 2.11559995477728e-06 2.12355007533915e-06 2.12935992749408e-06 2.1351800114644e-06 2.14102010431816e-06 2.14186002267525e-06 2.13770999835106e-06 2.13356997846859e-06 2.12942995858612e-06 2.11849010156584e-06 2.10533994504658e-06 2.09228005587647e-06 2.07929997486644e-06 2.07337006941088e-06 2.06746994990681e-06
1.49406002947217e-06 1.49156994666555e-06 1.48907997754577e-06 1.48660001286771e-06 1.48661001730943e-06 1.48908998198749e-06 1.49157995110727e-06 1.49408003835561e-06 1.50431003476115e-06 1.52068002989836e-06 1.5372399957414e-06 1.54852000378014e-06 1.56342002810561e-06 1.58131001626316e-06 1.60147999395122e-06 1.61935997766705e-06 1.6297500451401e-06 1.64020002557663e-06 1.6507200371052e-06 1.65918004313426e-06 1.66555003033864e-06 1.67194002642646e-06 1.67836003583943e-06 1.68614997164696e-06 1.6944300114119e-06 1.70273995081516e-06 1.71110002611385e-06 1.71637998391816e-06 1.72166994616418e-06 1.72698003098049e-06 1.73138994341571e-06 1.73306000306184e-06 1.73471994457941e-06 1.73780995282868e-06 1.73946000359138e-06 1.73823002569407e-06 1.737869979479e-06 1.73812998127687e-06 1.73315004303731e-06 1.72644001850131e-06 1.71975000284874e-06 1.71309000052133e-06 1.70860005255236e-06 1.70410999089654e-06
1.30353998883947e-06 1.29854004171648e-06 1.29355998979008e-06 1.28859005599224e-06 1.28680005673232e-06 1.28817998756858e-06 1.28956003209169e-06 1.29094996736967e-06 1.30024000100093e-06 1.31227000110812e-06 1.32234004013299e-06 1.33209005070967e-06 1.34424999487237e-06 1.35651998789399e-06 1.36891003421624e-06 1.37993004045711e-06 1.38861003051716e-06 1.39908001983713e-06 1.40962004024914e-06 1.41386999530368e-06 1.41533996611543e-06 1.42023998250806e-06 1.42706005590298e-06 1.43293004839506e-06 1.4385000213224e-06 1.44410000757489e-06 1.44992998230009e-06 1.45421995512152e-06 1.4585200460715e-06 1.46283002777636e-06 1.46636000408762e-06 1.46753995977633e-06 1.46871002471016e-06 1.46989998484059e-06 1.47116998050478e-06 1.47138996453577e-06 1.47200000810699e-06 1.47262005611992e-06 1.46927004607278e-06 1.46462002703629e-06 1.45998001244152e-06 1.45535000228847e-06 1.45140995755355e-06 1.44748003094719e-06
1.14283000129944e-06 1.13689998215705e-06 1.13098997189809e-06 1.12511997940601e-06 1.12207999336533e-06 1.1218400004509e-06 1.12160000753647e-06 1.12136001462204e-06 1.129169959313e-06 1.13974999749189e-06 1.15042996640113e-06 1.16120997972757e-06 1.17472995952994e-06 1.18841001039982e-06 1.20226002309209e-06 1.21370999295323e-06 1.22040000860579e-06 1.22712003758352e-06 1.233889975083e-06 1.24016003155702e-06 1.24593998407363e-06 1.25174994991539e-06 1.25681003737554e-06 1.26108000131353e-06 1.2676699725489e-06 1.27479995626345e-06 1.28057001802517e-06 1.28270005461673e-06 1.28481997307972e-06 1.28695000967127e-06 1.28901001517079e-06 1.29083002775587e-06 1.29266004478268e-06 1.29448994812265e-06 1.29497004763834e-06 1.2941200111527e-06 1.29326997466706e-06 1.29241004742653e-06 1.28893998407875e-06 1.28459998904873e-06 1.28028000290215e-06 1.27849000364222e-06 1.27587998122181e-06 1.27328996768483e-06
1.00198997188272e-06 9.9543694886961e-07 9.88922010947135e-07 9.82450046649319e-07 9.78497951109603e-07 9.77036961558042e-07 9.75576995188021e-07 9.74119984675781e-07 9.80674030870432e-07 9.89974978438113e-07 9.99364033305028e-07 1.00883994491596e-06 1.02009994407126e-06 1.0314799965272e-06 1.04298999303865e-06 1.0538300330154e-06 1.06233005681133e-06 1.07089999801246e-06 1.07953997030563e-06 1.08703000023525e-06 1.09334996523103e-06 1.09969994355197e-06 1.10609005332662e-06 1.11309998374054e-06 1.11970996385935e-06 1.12551003894623e-06 1.13133000922971e-06 1.13283999780833e-06 1.13434998638695e-06 1.13585997496557e-06 1.13724001948867e-06 1.13822000002983e-06 1.13919998057099e-06 1.14017996111215e-06 1.14006002149836e-06 1.13884004804277e-06 1.13762996534206e-06 1.13641999632819e-06 1.13356998099334e-06 1.13018995762104e-06 1.12681004793558e-06 1.12345003344672e-06 1.12015004560817e-06 1.11685994852451e-06
8.85037025000202e-07 8.79549986620987e-07 8.74096997449669e-07 8.68676977461291e-07 8.66035975377599e-07 8.66146024236514e-07 8.6625800577167e-07 8.66367997787165e-07 8.72563020948292e-07 8.80853974649654e-07 8.89222008026991e-07 8.97670020094665e-07 9.07946002826066e-07 9.18338002975361e-07 9.28848976400332e-07 9.38824996410403e-07 9.46920010846952e-07 9.55085056375538e-07 9.63319052971201e-07 9.70377982412174e-07 9.76232968241675e-07 9.81852053882903e-07 9.87029011412233e-07 9.92572950053727e-07 9.98261953100155e-07 1.0039799462902e-06 1.0097400036102e-06 1.01139994512778e-06 1.01306000033219e-06 1.01449995781877e-06 1.01577995792468e-06 1.01660998552688e-06 1.01743000868737e-06 1.01813998298894e-06 1.01740999980393e-06 1.01527996321238e-06 1.01315004030766e-06 1.01103000815783e-06 1.00836996352882e-06 1.00547003967222e-06 1.00234001365607e-06 9.99216013042314e-07 9.96178982859419e-07 9.93151047623542e-07
7.81060009558132e-07 7.76257991219609e-07 7.71485019868123e-07 7.66742004998378e-07 7.65171989769442e-07 7.66137986829563e-07 7.67105007071223e-07 7.68074016832543e-07 7.73731017034152e-07 7.81009987349535e-07 7.88358022418834e-07 7.95775008555211e-07 8.05194986241986e-07 8.14727002307336e-07 8.24372023089381e-07 8.33491981211409e-07 8.40776010591071e-07 8.48125011998491e-07 8.55536995914008e-07 8.61705984789296e-07 8.66602022142615e-07 8.71526026458014e-07 8.76477997735492e-07 8.8091002226065e-07 8.85179986198636e-07 8.89470015863481e-07 8.93781987088005e-07 8.94668005457788e-07 8.95554023827572e-07 8.96441974873596e-07 8.97251027254242e-07 8.9782497525448e-07 8.98398980098136e-07 8.98972984941793e-07 8.97886991424457e-07 8.95147991286649e-07 8.924170060709e-07 8.89693978933792e-07 8.86966006419243e-07 8.84242012944014e-07 8.81525977547426e-07 8.78818013916316e-07 8.76822014106438e-07 8.74829993335879e-07
6.95374978931795e-07 6.91958973675355e-07 6.88560021444573e-07 6.85178008552612e-07 6.84533972616919e-07 6.86620978740393e-07 6.88714010266267e-07 6.90813976689242e-07 6.96244001119339e-07 7.0283800823745e-07 7.09493974682118e-07 7.16214003659843e-07 7.2435500442225e-07 7.32589001017914e-07 7.40915993446833e-07 7.48872992062388e-07 7.55505993765837e-07 7.62197998938063e-07 7.68949007579067e-07 7.74464012920362e-07 7.78714991156448e-07 7.82990014158713e-07 7.87288001902198e-07 7.90579008480563e-07 7.93539982169023e-07 7.9651101714262e-07 7.99493989234179e-07 7.9994902080216e-07 8.00403995526722e-07 8.00859027094702e-07 8.01238002168247e-07 8.01383976067882e-07 8.01530973149056e-07 8.01678027073649e-07 8.00162979430752e-07 7.96996005192341e-07 7.93841024915309e-07 7.90699004937778e-07 7.87683973157982e-07 7.84719986768323e-07 7.81766004820383e-07 7.78824016833823e-07 7.74119996549416e-07 7.69445023252047e-07
6.2796402744425e-07 6.26362975708616e-07 6.24764993517601e-07 6.23172013547446e-07 6.23891025952616e-07 6.26931011993292e-07 6.29986004696548e-07 6.33054980880843e-07 6.38280027942528e-07 6.44268027372163e-07 6.50312017569377e-07 6.56413988053828e-07 6.63078992602095e-07 6.6981198187932e-07 6.76613979067042e-07 6.83200994444633e-07 6.88996010467235e-07 6.94839002335357e-07 7.00732016412076e-07 7.05347019902547e-07 7.08657978520932e-07 7.11985023826855e-07 7.1532798529006e-07 7.17467003141792e-07 7.19206980193121e-07 7.2095099312719e-07 7.22698985100578e-07 7.22970980859827e-07 7.23243999800616e-07 7.23517018741404e-07 7.23593018392421e-07 7.23078017017542e-07 7.22563981980784e-07 7.22050003787444e-07 7.20052014457906e-07 7.16582974291669e-07 7.13130987151089e-07 7.0969497301121e-07 7.06242985870631e-07 7.02797990470572e-07 6.99369024914631e-07 6.95956998697511e-07 6.8619101512013e-07 6.76562024182203e-07
