results/Predictions/Median/Chattian.asc
NCOLS 360 
NROWS 180 
XLLCORNER -180 
YLLCORNER -90 
CELLSIZE 1 
NODATA_value -3.4e+38 
[rows 95 to 113 of 180, columns 0 to 43 of 360]
0.000524293980561197 0.000524407019838691 0.000522014976013452 0.000521221023518592 0.000521060021128505 0.000521614972967654 0.0005221709725447 0.000522726972121745 0.000522601010743529 0.000522034009918571 0.000521467998623848 0.000522173999343067 0.000523552997037768 0.000524504983332008 0.000523982977028936 0.000523556023836136 0.000524018018040806 0.000523357011843473 0.00052281899843365 0.000524569011759013 0.00052465102635324 0.000524727976880968 0.000524425006005913 0.000523480004630983 0.0005223149782978 0.0005216000135988 0.000520450004842132 0.000517975015100092 0.000515513005666435 0.000513945007696748 0.000511982012540102 0.000509853998664767 0.000506805023178458 0.000503998016938567 0.000500203983392566 0.000496176013257354 0.00049086898798123 0.000485230004414916 0.00048256799345836 0.000478628993732855 0.0004760549927596 0.000472171988803893 0.000469372986117378 0.000465958000859246
0.00053681101417169 0.000536594016011804 0.000536377017851919 0.000536161009222269 0.000535572005901486 0.000536104023922235 0.000536178995389491 0.000537218002136797 0.000537458981852978 0.000538789026904851 0.000540370994713157 0.000539002998266369 0.000539357017260045 0.000537973013706505 0.000538340013008565 0.00053785799536854 0.000536695995833725 0.000535729981493205 0.000534766004420817 0.000535165017936379 0.000535698025487363 0.000536234001629055 0.00053726602345705 0.000536597974132746 0.000534558028448373 0.00053094100439921 0.00052880501607433 0.000526549003552645 0.000524182978551835 0.00052144197979942 0.000518331013154238 0.000515591003932059 0.000510180019773543 0.000507592980284244 0.00050279701827094 0.000497802975587547 0.00049285899149254 0.000487590994453058 0.000484610995044932 0.000481671013403684 0.000478116009617224 0.000475212000310421 0.000473360007163137 0.00047288098721765
0.00056808500085026 0.000568239018321037 0.000568392977584153 0.000568342977203429 0.000567622017115355 0.000566611008252949 0.000563141016755253 0.000558840984012932 0.000564897025469691 0.000565932015888393 0.000565896974876523 0.000563622976187617 0.000555457023438066 0.000551888020709157 0.000552922021597624 0.000554697995539755 0.000554036989342421 0.000552444020286202 0.000552968005649745 0.000553996011149138 0.000557260005734861 0.000553515972569585 0.000550900003872812 0.000547597999684513 0.000543246977031231 0.000541782006621361 0.000537130981683731 0.000534604012500495 0.000530046003405005 0.000528033007867634 0.000524972972925752 0.00051948701729998 0.00051440397510305 0.000510553014464676 0.000505733012687415 0.000500742986332625 0.000497660017572343 0.000493831001222134 0.000489985977765173 0.000487932993564755 0.000485789001686499 0.000485024997033179 0.000484076008433476 0.000482606992591172
0.000564625021070242 0.000564816000405699 0.000564021989703178 0.000563229026738554 0.000562727975193411 0.000563258014153689 0.000562521978281438 0.000561196997296065 0.000560459971893579 0.000561812019441277 0.000563168025109917 0.000564500980544835 0.000558005005586892 0.000564187997952104 0.000562497996725142 0.000561837980058044 0.000550828000996262 0.000550862983800471 0.000548567972145975 0.000548094976693392 0.000550250988453627 0.000550172990188003 0.000550105003640056 0.000547512026969343 0.000546492985449731 0.000543359026778489 0.000542811991181225 0.000538318010512739 0.000533244980033487 0.000529834011103958 0.000529896002262831 0.000525019015185535 0.000518206972628832 0.000514242972712964 0.000510419020429254 0.000506113981828094 0.000504465017002076 0.000500297988764942 0.000498563982546329 0.000497289991471916 0.000496022985316813 0.000494774023536593 0.00049356697127223 0.000492365972604603
0.000562371977139264 0.000561862019822001 0.000561037973966449 0.000560399028472602 0.000559952983167022 0.000558915024157614 0.000557885970920324 0.000556864019017667 0.000555693986825645 0.000557226012460887 0.000558933010324836 0.000558351981453598 0.000557559018488973 0.000556715007405728 0.000559132022317499 0.000553919991943985 0.000557549996301532 0.000552912009879947 0.000549643998965621 0.000547145027667284 0.000545562012121081 0.000545691989827901 0.000550607976038009 0.00055241899099201 0.000548737996723503 0.000545608985703439 0.000543406000360847 0.000543868984095752 0.000541298999451101 0.0005398920038715 0.000535111990757287 0.00052853801753372 0.000523941009305418 0.000520616013091058 0.000517678970936686 0.000513939012307674 0.000513168983161449 0.000509955978486687 0.000508406024891883 0.000506949028931558 0.000505860021803528 0.000504699011798948 0.000503336021210998 0.00050196802476421
0.000562158005777746 0.000560427026357502 0.00055870198411867 0.000556982005946338 0.000555209990125149 0.000554006022866815 0.000552612997125834 0.000551133009139448 0.000550332013517618 0.000549694988876581 0.000551322009414434 0.000553119985852391 0.000552953977603465 0.000552962010260671 0.000555099977646023 0.000556486018467695 0.000549025018699467 0.000548481999430805 0.000549319025594741 0.00054460798855871 0.000542934983968735 0.000544447975698858 0.000546212017070502 0.000545305025298148 0.000543583009857684 0.000543005997315049 0.000543639995157719 0.000544156006071717 0.000542155001312494 0.000539732980541885 0.000535410013981164 0.000532743986696005 0.000529583019670099 0.00053313298849389 0.000529158976860344 0.000523653987329453 0.000519956985954195 0.000518287008162588 0.000518647022545338 0.000518217973876745 0.000517792999744415 0.000517181004397571 0.000516002997756004 0.000514831976033747
0.000552288023754954 0.000550044991541654 0.000547971983905882 0.000545907008927315 0.000543996982742101 0.000542795984074473 0.000541098997928202 0.000538452994078398 0.000537218002136797 0.000536050996743143 0.000540435023140162 0.000541886023711413 0.000543760019354522 0.000545325980056077 0.000544877024367452 0.000541226996574551 0.000543730973731726 0.000542603025678545 0.000538058986421674 0.000533009006176144 0.00053766299970448 0.000540464010555297 0.000539669999852777 0.000539114989805967 0.000538272026460618 0.000539757020305842 0.000540444976650178 0.000538057996891439 0.000536297971848398 0.000534145976416767 0.000534278980921954 0.000537192972842604 0.000535140978172421 0.000533020996954292 0.000527511001564562 0.000525566982105374 0.000524737988598645 0.000524164992384613 0.000521388021297753 0.000521835987456143 0.000521760026458651 0.000520806992426515 0.000519684981554747 0.000518566987011582
0.000542229972779751 0.000540241017006338 0.000537644024007022 0.000534915016032755 0.000532651029061526 0.000531813013367355 0.000531375000718981 0.000529653974808753 0.000527025025803596 0.000528656993992627 0.000530291988980025 0.000533398997504264 0.000532871985342354 0.000532031990587711 0.000527746975421906 0.000525926996488124 0.000529647979419678 0.000532510981429368 0.000526566000189632 0.000529440003447235 0.000532922975253314 0.000531442987266928 0.000534332997631282 0.000533222977537662 0.000533721991814673 0.000533619022462517 0.000531585013959557 0.000532233971171081 0.000530120974872261 0.000537361018359661 0.000536629988346249 0.000535134982783347 0.000533643004018813 0.000531688972841948 0.000529078999534249 0.000526805990375578 0.000525132985785604 0.000523513008374721 0.00052407500334084 0.000523237977176905 0.000522374990396202 0.00052268902072683 0.000523530005011708 0.000524373026564717
0.000525708019267768 0.000523380993399769 0.000521569978445768 0.000520711007993668 0.000520039000548422 0.000519506982527673 0.000518392014782876 0.000516886997502297 0.000516610976774246 0.000517019012477249 0.000517427979502827 0.000518063025083393 0.000513699022121727 0.000513923005200922 0.000521080975886434 0.000521475973073393 0.000511439982801676 0.000511554011609405 0.000514833023771644 0.000518046028446406 0.000519876019097865 0.00052110297838226 0.000523508002515882 0.000522983027622104 0.000522149028256536 0.000522892980370671 0.000524036004208028 0.000523107009939849 0.000522192975040525 0.000530452001839876 0.000531156023498625 0.000530018005520105 0.000528882024809718 0.000528476026374847 0.000526854011695832 0.000525988987646997 0.000523408001754433 0.000523484020959586 0.000523473019711673 0.000522679998539388 0.00052208302076906 0.000524268019944429 0.000525610987097025 0.000526854011695832
0.000517225009389222 0.000515682972036302 0.000513686973135918 0.000511822989210486 0.000511636026203632 0.000511426012963057 0.000510832003783435 0.000506143027450889 0.000507322023622692 0.000505507981870323 0.000510144978761673 0.000509820005390793 0.000510387006215751 0.000508949975483119 0.000502605980727822 0.000500920985359699 0.000502036011312157 0.000502715993206948 0.000505127012729645 0.000505507981870323 0.000510917976498604 0.000513202976435423 0.000512860016897321 0.00051182002061978 0.000512867991346866 0.000514029001351446 0.000519298017024994 0.000519329973030835 0.000518547021783888 0.000520323985256255 0.000525731011293828 0.000524942995980382 0.000524156028404832 0.000526243995409459 0.000525983981788158 0.000524464005138725 0.000522779009770602 0.000523456023074687 0.00052284199045971 0.000522123009432107 0.000523224007338285 0.000525850977282971 0.000527056981809437 0.000527562981005758
0.000501610978972167 0.000500280992127955 0.000499088026117533 0.000497493019793183 0.000495617976412177 0.000495437008794397 0.000495630025397986 0.000496878987178206 0.000493130995891988 0.000486742006614804 0.000487907993374392 0.00048840802628547 0.000491591985337436 0.000491043028887361 0.000491008977405727 0.000491890998091549 0.000492646999191493 0.000491968006826937 0.000495388987474144 0.000500619993545115 0.00050100201042369 0.000502202019561082 0.000501875998452306 0.000503600982483476 0.000503910996485502 0.000505377014633268 0.000505251984577626 0.000509170000441372 0.000512550992425531 0.000512811995577067 0.000513851002324373 0.000518299988470972 0.000518204993568361 0.000519088993314654 0.000522196991369128 0.000522962014656514 0.000521755020599812 0.000522586982697248 0.000522051006555557 0.000521400012075901 0.000520752975717187 0.000523085007444024 0.000525438983459026 0.000527181022334844
0.000480965012684464 0.000480065995361656 0.000479168986203149 0.000477988010970876 0.000477505993330851 0.000477841997053474 0.000480046990560368 0.000479239999549463 0.000478942005429417 0.000479601992992684 0.000481847993796691 0.000483568001072854 0.000484902004245669 0.000485574011690915 0.000484454998513684 0.000484557007439435 0.000486094009829685 0.000489381025545299 0.00049081799807027 0.000491507002152503 0.000491824990604073 0.000493042985908687 0.000496112974360585 0.000496362976264209 0.000495463027618825 0.000500119989737868 0.000499829009640962 0.000500753987580538 0.000498866022098809 0.00050427601672709 0.000505804026033729 0.000507473014295101 0.000507028016727418 0.000511966994963586 0.000516619998961687 0.000516495027113706 0.000518232001923025 0.000521178997587413 0.000520384986884892 0.000520512985531241 0.000519927009008825 0.000519299996085465 0.000518888002261519 0.000521753972861916
0.000474800006486475 0.000474839995149523 0.000474881002446637 0.000474922999273986 0.000474803004181013 0.000475089997053146 0.000475378008559346 0.00047593199997209 0.000476707005873322 0.000476471992442384 0.000477752008009702 0.000477539986604825 0.000480021990370005 0.000481057999422774 0.000480932008940727 0.000480615010019392 0.00048116099787876 0.000482934003230184 0.000484913005493581 0.000484691991005093 0.000484863005112857 0.000486817996716127 0.000488779973238707 0.000489820027723908 0.000490862992592156 0.000491907994728535 0.000492969003971666 0.000494491017889231 0.000496353022754192 0.000496846972964704 0.000498638022691011 0.000499789020977914 0.000502872979268432 0.000504183990415186 0.000505839008837938 0.00050808402011171 0.000513317994773388 0.000515302002895623 0.000519573979545385 0.000519627996254712 0.000517678970936686 0.000518548011314124 0.000517891021445394 0.000517238979227841
0.000469738995889202 0.000469543010694906 0.000469302001874894 0.000469060993054882 0.000468848011223599 0.000468643993372098 0.000468440004624426 0.000468412006739527 0.0004687620094046 0.000468846003059298 0.000469233986223117 0.000469627004349604 0.000470914004836231 0.00047249800991267 0.000473154010251164 0.000472537009045482 0.000473369000246748 0.000474653003038839 0.000475940003525466 0.000476913992315531 0.000477688998216763 0.000478522008052096 0.000479606998851523 0.000480371003504843 0.000481553986901417 0.000482809002278373 0.00048436998622492 0.000485360011225566 0.000489845988340676 0.000490049016661942 0.000493380008265376 0.000492723018396646 0.00049467699136585 0.000497012981213629 0.000500119989737868 0.0005014130147174 0.000504143012221903 0.000504695985000581 0.000509155972395092 0.00051032897317782 0.000511505000758916 0.000513567996677011 0.000515478022862226 0.000514324987307191
0.000466074008727446 0.000465777004137635 0.0004655460070353 0.000465333985630423 0.000465146003989503 0.000464965007267892 0.000464785000076517 0.000464604003354907 0.000464237004052848 0.000464678014395759 0.000465666002128273 0.000466269004391506 0.000466325000161305 0.000466144003439695 0.000466759986011311 0.000467909005237743 0.000469652004539967 0.000470608996693045 0.000471600011223927 0.00047210999764502 0.000472599000204355 0.000473088002763689 0.000473605992738158 0.000474350992590189 0.000474806991405785 0.000475990993436426 0.000477675988804549 0.00047928499407135 0.00048111699288711 0.000483234995044768 0.000486673990963027 0.000487226992845535 0.000489683996420354 0.000491195998620242 0.000492480001412332 0.000493691011797637 0.000496210006531328 0.000496121996548027 0.000499974994454533 0.000502804992720485 0.000502231006976217 0.000507356016896665 0.000510486017446965 0.000510370999109
0.000465999997686595 0.000465121993329376 0.000464684999315068 0.000464270997326821 0.000463617005152628 0.000462789990706369 0.000461965013528243 0.000461638992419466 0.000461754010757431 0.000461746996734291 0.000462491007056087 0.000463055999716744 0.000463620002847165 0.000463812990346923 0.000464006996480748 0.000464281009044498 0.000464634998934343 0.000465210003312677 0.000466327008325607 0.000467414007289335 0.000468526006443426 0.000469196995254606 0.000469558988697827 0.000470327999209985 0.000471208011731505 0.000472090003313497 0.000472859013825655 0.000475862005259842 0.000477207009680569 0.00047723000170663 0.000482534989714622 0.000483004987472668 0.000484768999740481 0.000487840996356681 0.000487456010887399 0.000491157989017665 0.000491255021188408 0.000493914005346596 0.000497306988108903 0.000497015018481761 0.0004992859903723 0.000500742986332625 0.000502370996400714 0.000503121991641819
0.000463592004962265 0.000463750009657815 0.000463556003523991 0.000463308009784669 0.000462763011455536 0.000462597003206611 0.000462432013591751 0.000461886986158788 0.00046183800441213 0.000461790012195706 0.000461741990875453 0.00046178899356164 0.000462122989119962 0.000462532014353201 0.000462792988400906 0.000463509000837803 0.000464548997115344 0.000465024000732228 0.00046509801177308 0.000465166987851262 0.000466253986814991 0.000467033998575062 0.00046739200479351 0.000468009005999193 0.000468471989734098 0.000469335005618632 0.000470174010843039 0.000471128994831815 0.000472396990517154 0.000473393010906875 0.000474239001050591 0.000474917003884912 0.000476501998491585 0.000478797010146081 0.000480184011394158 0.000480521994177252 0.000483161013107747 0.0004852149868384 0.000486987002659589 0.000491125974804163 0.000494952022563666 0.00050023797666654 0.000499795016366988 0.000499996996950358
0.000458283990155905 0.000458233989775181 0.000458185997558758 0.000458138005342335 0.000458172988146544 0.000458235997939482 0.000458299007732421 0.000457904010545462 0.000457860995084047 0.000457818998256698 0.000457777001429349 0.000457846006611362 0.000458247988717631 0.000458649999927729 0.000458992988569662 0.000459411996416748 0.000460014009149745 0.000460617011412978 0.000461221003206447 0.000461799994809553 0.000462238996988162 0.000462680007331073 0.000462791009340435 0.000462991010863334 0.000463202013634145 0.000463414005935192 0.000463670992758125 0.000465930992504582 0.000468364014523104 0.000469213002361357 0.000470578990643844 0.000471429986646399 0.000472284009447321 0.000473321008030325 0.000474839995149523 0.000476977991638705 0.000479137001093477 0.000479921000078321 0.000481408991618082 0.000483782001538202 0.000485066993860528 0.000490208971314132 0.000495047017466277 0.000498569977935404
0.000454860011814162 0.000454454013379291 0.000455286004580557 0.000455041008535773 0.000454749999335036 0.000454082008218393 0.000453076994745061 0.000453835004009306 0.000453518005087972 0.000453201006166637 0.000452884007245302 0.000452756998129189 0.000453196989838034 0.000453637010650709 0.00045407799188979 0.000454594002803788 0.000455183995654806 0.000455775996670127 0.000456367997685447 0.000457562011433765 0.000457887013908476 0.000457990012364462 0.000458094000350684 0.000458371010608971 0.000458692986285314 0.000459267990663648 0.000459672999568284 0.000460489012766629 0.000461632007500157 0.000462074996903539 0.000462133000837639 0.000462783995317295 0.000462947995401919 0.00046351199853234 0.000466514000436291 0.000468470010673627 0.000471617007860914 0.000473910011351109 0.000474319997010753 0.000475814013043419 0.000479273003293201 0.000481541006593034 0.000486177013954148 0.000487574987346306
