results/Predictions/Median/Coniacian.asc
NCOLS 360 
NROWS 180 
XLLCORNER -180 
YLLCORNER -90 
CELLSIZE 1 
NODATA_value -3.4e+38 
[rows 152 to 170 of 180, columns 88 to 131 of 360]
4.24899008066859e-06 4.28601015300956e-06 4.32070009992458e-06 4.35300989920506e-06 4.38555980508681e-06 4.41987003796385e-06 4.478889877646e-06 4.54957989859395e-06 4.62137995782541e-06 4.69432006866555e-06 4.77900994155789e-06 4.86522003484424e-06 4.95299991598586e-06 5.03091996506555e-06 5.07536014993093e-06 5.12020005771774e-06 5.16544014317333e-06 5.20656021762989e-06 5.24346978636459e-06 5.28063992533134e-06 5.31807017978281e-06 5.32887997906073e-06 5.33074990016758e-06 5.33261982127442e-06 5.33449019712862e-06 5.19196009918232e-06 5.05324987898348e-06 4.9182399379788e-06 4.76186005471391e-06 4.53862003269023e-06 4.32586011811509e-06 4.12310009778594e-06 3.93002983400947e-06 3.68815994988836e-06 3.44541990671132e-06 3.17056992571452e-06 3.09316010316252e-06 3.07075993077888e-06 3.74496994481888e-06 0.00211157999001443 0.00761788012459874 0.00774818984791636 0.00808618031442165 0.00851283967494965
3.97948997488129e-06 4.02465002480312e-06 4.07524021284189e-06 4.12673989558243e-06 4.1788698581513e-06 4.23167011831538e-06 4.29418014391558e-06 4.36067011833075e-06 4.42818009105395e-06 4.4967200665269e-06 4.56025009043515e-06 4.62468005935079e-06 4.69001997771556e-06 4.74910984848975e-06 4.78719994134735e-06 4.82559016745654e-06 4.8643000809534e-06 4.89662988911732e-06 4.9318100536766e-06 4.97966993862065e-06 5.02800003232551e-06 5.04175977766863e-06 5.0438998187019e-06 5.04603985973517e-06 5.04817990076845e-06 4.86647013531183e-06 4.69133010483347e-06 4.52249014415429e-06 4.34041021435405e-06 4.11049995818757e-06 3.89279011869803e-06 3.67648999599623e-06 3.53963991983619e-06 3.44366003446339e-06 3.31673004438926e-06 3.74343994735682e-06 0.00312841008417308 0.0064418101683259 -3.4e+38 -3.4e+38 0.00563834980130196 0.00553860003128648 0.00521554006263614 0.000372712995158508
3.74822002413566e-06 3.80151004719664e-06 3.85950988857076e-06 3.9224000829563e-06 3.98629981646081e-06 4.05124001190416e-06 4.11760993301868e-06 4.18518993683392e-06 4.25385997004923e-06 4.32365004598978e-06 4.371289833216e-06 4.41945985585335e-06 4.46816011390183e-06 4.51107007393148e-06 4.53530992672313e-06 4.55966983281542e-06 4.58416980109178e-06 4.60954015579773e-06 4.63870992462034e-06 4.69589986096253e-06 4.75379010822508e-06 4.77015009892057e-06 4.77251978736604e-06 4.75973001812235e-06 4.73372983833542e-06 4.52556014352012e-06 4.32588012699853e-06 4.13501993534737e-06 3.93272011933732e-06 3.68419000551512e-06 3.46893989444652e-06 3.26253007187916e-06 3.16802993438614e-06 5.5733298722771e-06 0.00712316995486617 0.00734238000586629 -3.4e+38 -3.4e+38 0.00457479991018772 0.00365289999172091 0.00304161990061402 0.000714329013135284 7.6809803431388e-05 2.22922994908004e-06
3.54840994987171e-06 3.59828004548035e-06 3.65278992831009e-06 3.71208989236038e-06 3.77232004211692e-06 3.83349015464773e-06 3.89826982427621e-06 3.96501991417608e-06 4.0329000512429e-06 4.10190978072933e-06 4.14822989114327e-06 4.19505977333756e-06 4.24239988205954e-06 4.28434987043147e-06 4.30885984314955e-06 4.33351988249342e-06 4.35831998402136e-06 4.38024017057614e-06 4.39966015619575e-06 4.45048999608844e-06 4.50191009804257e-06 4.50097013526829e-06 4.44609986516298e-06 4.39161021859036e-06 4.31939997724839e-06 4.09439007853507e-06 3.87666977985646e-06 3.66489007319615e-06 3.44678005603782e-06 3.19436003337614e-06 2.97295991913415e-06 2.93099992632051e-06 0.00396785978227854 0.00406228983774781 -3.4e+38 -3.4e+38 -3.4e+38 0.0020343700889498 0.00225374009460211 0.00111343001481146 0.000150498002767563 3.16572986776009e-05 1.78630000391422e-06 1.00571003258665e-06
3.3725500543369e-06 3.41312011187256e-06 3.45497005582729e-06 3.49805009136617e-06 3.54157009496703e-06 3.58553006662987e-06 3.64402990271628e-06 3.70822999684606e-06 3.77352989744395e-06 3.84713985113194e-06 3.90036984754261e-06 3.95568986277794e-06 4.01480019718292e-06 4.06884009862551e-06 4.10568009101553e-06 4.14282021665713e-06 4.18029003412812e-06 4.20165997638833e-06 4.20797005062923e-06 4.23905021307291e-06 4.2703600229288e-06 4.21032018493861e-06 4.1015100578079e-06 3.99476994061843e-06 3.89007982448675e-06 3.63150002158363e-06 3.3969199648709e-06 3.17280000672326e-06 2.86244994640583e-06 2.58331010627444e-06 0.000117108997073956 0.00461026001721621 0.00373926991596818 -3.4e+38 -3.4e+38 0.00169965997338295 0.00161152996588498 0.00171529001090676 0.00118022004608065 0.000240274996031076 4.80784001410939e-05 7.77701006882126e-06 9.97225015453296e-07 7.10494987288257e-07
3.20502999784367e-06 3.23697008752788e-06 3.26749000123527e-06 3.2962800560199e-06 3.32494005306216e-06 3.35366007675475e-06 3.40643009621999e-06 3.46898991665512e-06 3.54381995748554e-06 3.62028004019521e-06 3.68477003576118e-06 3.75041008737753e-06 3.81723020836944e-06 3.87710997529211e-06 3.91328012483427e-06 3.96031009586295e-06 4.00917997467332e-06 4.02997011406114e-06 4.0246400203614e-06 4.03767990064807e-06 4.0507497942599e-06 3.93840991819161e-06 3.79068001166161e-06 3.63347999154939e-06 3.48359003510268e-06 3.21590005114558e-06 2.87575994661893e-06 2.57551005233836e-06 2.36407004194916e-06 0.00227581989020109 0.0033856900408864 0.00276945997029543 -3.4e+38 -3.4e+38 0.00176796002779156 0.00157435005530715 0.00147140002809465 0.00138748995959759 0.000525821989867836 0.000191732004168443 6.71477973810397e-05 1.33294997795019e-05 8.96051005838672e-07 4.99307020618289e-07
3.04655009131238e-06 3.13013993036293e-06 3.20354001814849e-06 3.2658999771229e-06 3.32939998770598e-06 3.39404004989774e-06 3.45722992278752e-06 3.52063989339513e-06 3.59099999514001e-06 3.67108009413641e-06 3.68937003258907e-06 3.70756993106625e-06 3.72586009689257e-06 3.73299008060712e-06 3.70632005797233e-06 3.67948996427003e-06 3.6528499549604e-06 3.62224000127753e-06 3.58763008989627e-06 3.55317001776712e-06 3.51885000782204e-06 3.42072007697425e-06 3.31623004967696e-06 3.15687998408976e-06 3.0398000490095e-06 2.82534006146307e-06 2.57063993558404e-06 2.46460990638298e-06 0.00228381995111704 0.00420064991340041 0.00338857993483543 -3.4e+38 -3.4e+38 -3.4e+38 -3.4e+38 0.00165931996889412 0.0015844899462536 0.00151034002192318 0.00146860000677407 0.00138746004085988 0.000474983011372387 0.000106519997643773 8.48869967740029e-06 4.81978986499598e-07
2.89298009192862e-06 3.02647003991297e-06 3.14036992676847e-06 3.23535005009035e-06 3.33319007950195e-06 3.43398005497875e-06 3.50785990121949e-06 3.57310000254074e-06 3.63943991033011e-06 3.72259000869235e-06 3.68561995855998e-06 3.66235008186777e-06 3.64043989975471e-06 3.60005992661172e-06 3.50560003425926e-06 3.41295003636333e-06 3.32265994984482e-06 3.25386008626083e-06 3.1983900043997e-06 3.14386988975457e-06 3.09027996081568e-06 3.00546003018098e-06 2.88612000076682e-06 2.75713000519318e-06 2.65262997345417e-06 2.46709009843471e-06 2.29386000683007e-06 1.37771003210219e-05 0.00458271009847522 0.00407906994223595 0.00336592993699014 -3.4e+38 -3.4e+38 -3.4e+38 -3.4e+38 -3.4e+38 -3.4e+38 -3.4e+38 0.00151170999743044 0.00150916003622115 0.00116253003943712 0.000847656978294253 0.000232306992984377 2.77144008578034e-05
2.7056501039624e-06 2.80645008388092e-06 2.89915010398545e-06 2.9684799756069e-06 3.03945989799104e-06 3.11213989334647e-06 3.14586009153572e-06 3.16621003548789e-06 3.18651996167318e-06 3.20679009746527e-06 3.14745989271614e-06 3.08911990032357e-06 3.03951992464135e-06 2.96121993414999e-06 2.88338992504578e-06 2.80099993688054e-06 2.72064994533139e-06 2.6513500870351e-06 2.59254011325538e-06 2.5349900170113e-06 2.47866000790964e-06 2.39279006564175e-06 2.29993997891142e-06 2.21054006033228e-06 2.12448003367172e-06 1.96726000467606e-06 1.81943994448375e-06 8.78241989994422e-05 0.00352380005642772 0.00334119005128741 0.0030988201033324 -3.4e+38 -3.4e+38 -3.4e+38 -3.4e+38 -3.4e+38 -3.4e+38 -3.4e+38 -3.4e+38 -3.4e+38 -3.4e+38 0.000392496003769338 0.000389013992389664 0.000382430996978655
2.51023993769195e-06 2.51726009992126e-06 2.52141990131349e-06 2.52313998316822e-06 2.52484005613951e-06 2.5265298972954e-06 2.49323011303204e-06 2.45830005951575e-06 2.41683005697269e-06 2.36780010709481e-06 2.28536009672098e-06 2.20735000766581e-06 2.12445002034656e-06 2.06174991035368e-06 2.04571006179322e-06 2.01313991965435e-06 1.99095006792049e-06 1.96539008356922e-06 1.92563993550721e-06 1.88667002021248e-06 1.8484699921828e-06 1.77501999587548e-06 1.68841995673574e-06 1.59973001245817e-06 1.51481003740628e-06 1.3631799902214e-06 7.65739969210699e-06 0.000589415023569018 0.00235697999596596 0.00252491002902389 0.00259605003520846 0.00271640997380018 -3.4e+38 -3.4e+38 -3.4e+38 -3.4e+38 -3.4e+38 -3.4e+38 -3.4e+38 -3.4e+38 -3.4e+38 -3.4e+38 -3.4e+38 0.000379767996491864
2.31908006753656e-06 2.25176995627407e-06 2.19289995584404e-06 2.14061992664938e-06 2.08730989470496e-06 2.03666991183127e-06 1.96085989045969e-06 1.86704994575848e-06 1.79588005266851e-06 1.72638999629271e-06 1.64221000886755e-06 1.56215003244142e-06 1.48600997817994e-06 1.43662998652871e-06 1.45789999805856e-06 1.42552005399921e-06 1.39182998282195e-06 1.36216999635508e-06 1.33369997001864e-06 1.30570003875619e-06 1.27711996356084e-06 1.21660002605495e-06 1.87657997230417e-06 4.73178988613654e-05 0.00077298900578171 0.00164171995129436 0.00194332003593445 0.00182020000647753 0.00169794994872063 0.00166484003420919 -3.4e+38 -3.4e+38 -3.4e+38 -3.4e+38 -3.4e+38 -3.4e+38 -3.4e+38 -3.4e+38 -3.4e+38 -3.4e+38 -3.4e+38 -3.4e+38 -3.4e+38 -3.4e+38
1.69811005434894e-06 1.61629998274293e-06 1.55976999849372e-06 1.52610004988674e-06 1.49315997077792e-06 1.46093998409924e-06 1.39704002322105e-06 1.32578998091049e-06 1.26018005630613e-06 1.19881997306948e-06 1.11608994757262e-06 1.04250000276807e-06 9.77801050794369e-07 9.47886974245193e-07 1.05186995824624e-06 1.16039996100881e-06 1.37222002649651e-06 2.47379989559704e-06 3.0048800908844e-05 0.000447377999080345 0.00281072990037501 0.00296896998770535 0.00282496004365385 0.00265166000463068 0.00251500005833805 0.00230140006169677 0.00209007994271815 -3.4e+38 -3.4e+38 -3.4e+38 -3.4e+38 -3.4e+38 -3.4e+38 -3.4e+38 -3.4e+38 -3.4e+38 -3.4e+38 -3.4e+38 -3.4e+38 -3.4e+38 -3.4e+38 -3.4e+38 -3.4e+38 -3.4e+38
1.23760003134521e-06 1.15174998427392e-06 1.09045004137442e-06 1.04259004274354e-06 1.02706997040514e-06 1.33400999402511e-06 2.7815599423775e-06 1.02394997156807e-05 3.62348000635393e-05 0.000269128009676933 0.000291789998300374 0.000786320015322417 0.00134075002279133 0.0013767599593848 0.00181481998879462 0.00231773010455072 0.00299218995496631 0.00337940989993513 0.00326447002589703 0.00318152992986143 0.00311192008666694 0.00295656989328563 -3.4e+38 -3.4e+38 -3.4e+38 -3.4e+38 -3.4e+38 -3.4e+38 -3.4e+38 -3.4e+38 -3.4e+38 -3.4e+38 -3.4e+38 -3.4e+38 -3.4e+38 -3.4e+38 -3.4e+38 -3.4e+38 -3.4e+38 -3.4e+38 -3.4e+38 -3.4e+38 -3.4e+38 -3.4e+38
0.00218792003579438 0.00222433009184897 0.00209142989479005 0.00204668007791042 0.00199072994291782 0.0019051400013268 0.00182409002445638 0.00173565000295639 0.00165753997862339 0.00156670005526394 0.00142230000346899 0.00127516000065953 -3.4e+38 -3.4e+38 -3.4e+38 -3.4e+38 -3.4e+38 -3.4e+38 -3.4e+38 -3.4e+38 -3.4e+38 -3.4e+38 -3.4e+38 -3.4e+38 -3.4e+38 -3.4e+38 -3.4e+38 -3.4e+38 -3.4e+38 -3.4e+38 -3.4e+38 -3.4e+38 -3.4e+38 -3.4e+38 -3.4e+38 -3.4e+38 -3.4e+38 -3.4e+38 -3.4e+38 -3.4e+38 -3.4e+38 -3.4e+38 -3.4e+38 0.000115290000394452
-3.4e+38 -3.4e+38 -3.4e+38 -3.4e+38 -3.4e+38 -3.4e+38 -3.4e+38 -3.4e+38 -3.4e+38 -3.4e+38 -3.4e+38 -3.4e+38 -3.4e+38 -3.4e+38 -3.4e+38 -3.4e+38 -3.4e+38 -3.4e+38 -3.4e+38 -3.4e+38 -3.4e+38 -3.4e+38 -3.4e+38 -3.4e+38 -3.4e+38 -3.4e+38 -3.4e+38 -3.4e+38 -3.4e+38 -3.4e+38 -3.4e+38 -3.4e+38 -3.4e+38 -3.4e+38 -3.4e+38 -3.4e+38 -3.4e+38 -3.4e+38 -3.4e+38 -3.4e+38 -3.4e+38 0.000114324000605848 0.000112456997158006 0.000112749003164936
-3.4e+38 -3.4e+38 -3.4e+38 -3.4e+38 -3.4e+38 -3.4e+38 -3.4e+38 -3.4e+38 -3.4e+38 -3.4e+38 -3.4e+38 -3.4e+38 -3.4e+38 -3.4e+38 -3.4e+38 -3.4e+38 -3.4e+38 -3.4e+38 -3.4e+38 -3.4e+38 -3.4e+38 -3.4e+38 -3.4e+38 -3.4e+38 -3.4e+38 -3.4e+38 -3.4e+38 -3.4e+38 -3.4e+38 -3.4e+38 -3.4e+38 -3.4e+38 -3.4e+38 -3.4e+38 -3.4e+38 -3.4e+38 -3.4e+38 -3.4e+38 -3.4e+38 -3.4e+38 -3.4e+38 0.00011488299787743 0.000113542999315541 0.000112082998384722
-3.4e+38 -3.4e+38 -3.4e+38 -3.4e+38 -3.4e+38 -3.4e+38 -3.4e+38 -3.4e+38 -3.4e+38 -3.4e+38 -3.4e+38 -3.4e+38 -3.4e+38 -3.4e+38 -3.4e+38 -3.4e+38 -3.4e+38 -3.4e+38 -3.4e+38 -3.4e+38 -3.4e+38 -3.4e+38 -3.4e+38 -3.4e+38 -3.4e+38 -3.4e+38 -3.4e+38 -3.4e+38 -3.4e+38 -3.4e+38 -3.4e+38 -3.4e+38 -3.4e+38 -3.4e+38 -3.4e+38 -3.4e+38 -3.4e+38 -3.4e+38 -3.4e+38 -3.4e+38 -3.4e+38 -3.4e+38 -3.4e+38 -3.4e+38
-3.4e+38 -3.4e+38 -3.4e+38 -3.4e+38 -3.4e+38 -3.4e+38 -3.4e+38 -3.4e+38 -3.4e+38 -3.4e+38 -3.4e+38 -3.4e+38 -3.4e+38 -3.4e+38 -3.4e+38 -3.4e+38 -3.4e+38 -3.4e+38 -3.4e+38 -3.4e+38 -3.4e+38 -3.4e+38 -3.4e+38 -3.4e+38 -3.4e+38 -3.4e+38 -3.4e+38 -3.4e+38 -3.4e+38 -3.4e+38 -3.4e+38 -3.4e+38 -3.4e+38 -3.4e+38 -3.4e+38 -3.4e+38 -3.4e+38 -3.4e+38 -3.4e+38 -3.4e+38 -3.4e+38 -3.4e+38 -3.4e+38 -3.4e+38
-3.4e+38 -3.4e+38 -3.4e+38 -3.4e+38 -3.4e+38 -3.4e+38 -3.4e+38 -3.4e+38 -3.4e+38 -3.4e+38 -3.4e+38 -3.4e+38 -3.4e+38 -3.4e+38 -3.4e+38 -3.4e+38 -3.4e+38 -3.4e+38 -3.4e+38 -3.4e+38 -3.4e+38 -3.4e+38 -3.4e+38 -3.4e+38 -3.4e+38 -3.4e+38 -3.4e+38 -3.4e+38 -3.4e+38 -3.4e+38 -3.4e+38 -3.4e+38 -3.4e+38 -3.4e+38 -3.4e+38 -3.4e+38 -3.4e+38 -3.4e+38 -3.4e+38 -3.4e+38 -3.4e+38 -3.4e+38 -3.4e+38 -3.4e+38
