results/Predictions/Median/Coniacian.asc
NCOLS 360 
NROWS 180 
XLLCORNER -180 
YLLCORNER -90 
CELLSIZE 1 
NODATA_value -3.4e+38 
[rows 133 to 151 of 180, columns 44 to 87 of 360]
3.61081001756247e-05 3.6904701119056e-05 3.82590005756356e-05 3.94599010178354e-05 4.06994004151784e-05 4.19936986872926e-05 4.3223499233136e-05 4.44889992650133e-05 4.57911992270965e-05 4.63992000732105e-05 4.73666004836559e-05 4.8041398258647e-05 4.85501986986492e-05 4.90345992147923e-05 4.95239983138163e-05 5.01817994518206e-05 5.07197983097285e-05 5.12004990014248e-05 5.16856998729054e-05 5.21756010130048e-05 5.26184012414888e-05 5.33286001882516e-05 5.40483015356585e-05 5.4777799959993e-05 5.49922006030101e-05 5.51308003196027e-05 5.52696983504575e-05 5.53872014279477e-05 5.57976018171757e-05 5.62491986784153e-05 5.67044007766526e-05 5.70769007026684e-05 5.73647994315252e-05 5.76542006456293e-05 5.79449988435954e-05 5.80156010983046e-05 5.800359940622e-05 5.79916013521142e-05 5.79795996600296e-05 5.77868995605968e-05 5.74972000322305e-05 5.72089993511327e-05 5.69051007914823e-05 5.65521986573003e-05
2.88546998490347e-05 2.9491000532289e-05 3.08197995764203e-05 3.18148995575029e-05 3.25596993207e-05 3.35732001985889e-05 3.46962006005924e-05 3.58565011993051e-05 3.70552988897543e-05 3.7701098335674e-05 3.82676007575355e-05 3.87164982385002e-05 3.91612011299003e-05 3.96967989217956e-05 4.03174999519251e-05 4.0948001696961e-05 4.14811001974158e-05 4.19126990891527e-05 4.23204000981059e-05 4.26465994678438e-05 4.29692008765414e-05 4.36264999734703e-05 4.42825003119651e-05 4.46636986453086e-05 4.48565988335758e-05 4.50414008810185e-05 4.53464999736752e-05 4.56615998700727e-05 4.59164984931704e-05 4.61187992186751e-05 4.62245006929152e-05 4.64164986624382e-05 4.63651012978517e-05 4.63137002952863e-05 4.62624993815552e-05 4.62796015199274e-05 4.63196010969114e-05 4.63596988993231e-05 4.63996984763071e-05 4.61425006506033e-05 4.6227898565121e-05 4.63128999399487e-05 4.63020005554426e-05 4.60045994259417e-05
2.37696003750898e-05 2.43261001742212e-05 2.50951998168603e-05 2.59647003986174e-05 2.68495005002478e-05 2.76973005384207e-05 2.85489004454575e-05 2.94266992568737e-05 3.03316992358305e-05 3.08941016555764e-05 3.14128992613405e-05 3.18774982588366e-05 3.22486994264182e-05 3.25895998685155e-05 3.31008013745304e-05 3.37165001838002e-05 3.42013991030399e-05 3.4610100556165e-05 3.50236987287644e-05 3.54192015947774e-05 3.57294993591495e-05 3.60113008355256e-05 3.62784994649701e-05 3.65168998541776e-05 3.6680001358036e-05 3.68438013538253e-05 3.70082998415455e-05 3.7152898585191e-05 3.72360991605092e-05 3.73877010133583e-05 3.75929994334001e-05 3.77108990505803e-05 3.77739997929893e-05 3.77785981982015e-05 3.77875003323425e-05 3.78266013285611e-05 3.78574986825697e-05 3.78617987735197e-05 3.79111988877412e-05 3.78441000066232e-05 3.7690198951168e-05 3.75367017113604e-05 3.74185983673669e-05 3.74053997802548e-05
1.94863005162915e-05 2.01407001441112e-05 2.07235007110285e-05 2.1451800421346e-05 2.22682992898626e-05 2.30074001592584e-05 2.35571005759994e-05 2.41199995798524e-05 2.46810996031854e-05 2.50494995270856e-05 2.54067999776453e-05 2.57869996858062e-05 2.6170899218414e-05 2.65541002590908e-05 2.69429001491517e-05 2.73375007964205e-05 2.76852006209083e-05 2.80110998573946e-05 2.83480003417935e-05 2.86889007838909e-05 2.89987001451664e-05 2.92999993689591e-05 2.96045000141021e-05 2.98181003017817e-05 2.99773000733694e-05 3.01373002002947e-05 3.02982007269748e-05 3.04410004901001e-05 3.05270987155382e-05 3.06133988488e-05 3.07000009343028e-05 3.07652007904835e-05 3.08087983285077e-05 3.08525013679173e-05 3.08962989947759e-05 3.09312017634511e-05 3.09630995616317e-05 3.09950992232189e-05 3.10272007482126e-05 3.09501992887817e-05 3.08732996927574e-05 3.07966984109953e-05 3.07504014926963e-05 3.07943992083892e-05
1.61493007908575e-05 1.66031004482647e-05 1.70258008438395e-05 1.7446800484322e-05 1.78782993316418e-05 1.82200001290767e-05 1.86134002433391e-05 1.90530990948901e-05 1.95392003661254e-05 1.98564994207118e-05 2.01791008294094e-05 2.05123997147894e-05 2.08653000299819e-05 2.11741007660748e-05 2.15144991670968e-05 2.18605000554817e-05 2.21669997699792e-05 2.24322993744863e-05 2.27008004003437e-05 2.29724992095726e-05 2.32002003031084e-05 2.33918999583693e-05 2.35857005463913e-05 2.38211996475002e-05 2.39790006162366e-05 2.41111993091181e-05 2.42441001319094e-05 2.43579997913912e-05 2.44130005739862e-05 2.45169994741445e-05 2.46235995291499e-05 2.4732600650168e-05 2.48441992880544e-05 2.49561999225989e-05 2.50686007348122e-05 2.51134006248321e-05 2.51354995270958e-05 2.51572000706801e-05 2.51695000770269e-05 2.51434994424926e-05 2.51176006713649e-05 2.50917000812478e-05 2.50897992373211e-05 2.51597994065378e-05
1.25794003906776e-05 1.29672998809838e-05 1.33304001792567e-05 1.37329998324276e-05 1.41837999763084e-05 1.44694004120538e-05 1.47377004395821e-05 1.501820042904e-05 1.53332002810203e-05 1.56366004375741e-05 1.59456994879292e-05 1.62609994731611e-05 1.65735000337008e-05 1.68648002727423e-05 1.71611991390819e-05 1.74628003151156e-05 1.77403999259695e-05 1.7979800759349e-05 1.82355997822015e-05 1.85079006769229e-05 1.87427995115286e-05 1.89710008271504e-05 1.92020997928921e-05 1.94360000023153e-05 1.95836000784766e-05 1.97401004697895e-05 1.98976995307021e-05 2.00561007659417e-05 2.02143000933575e-05 2.03736999537796e-05 2.05344003916252e-05 2.06571003218414e-05 2.07577995752217e-05 2.08581004699226e-05 2.09560002986109e-05 2.09942991205025e-05 2.10054004128324e-05 2.10163998417556e-05 2.10274993150961e-05 2.10771995625691e-05 2.11270998988766e-05 2.11771002796013e-05 2.12281993299257e-05 2.12823997571832e-05
9.51423044170951e-06 9.83604968496365e-06 1.01283003459685e-05 1.04293003460043e-05 1.07392997961142e-05 1.10338996819337e-05 1.13283003884135e-05 1.16306000563782e-05 1.19409996841568e-05 1.22479996207403e-05 1.25654996736557e-05 1.28913998196367e-05 1.31874003272969e-05 1.34319998323917e-05 1.36895996547537e-05 1.3952199878986e-05 1.42012995638652e-05 1.44359000842087e-05 1.46743996083387e-05 1.49168999996618e-05 1.51473996083951e-05 1.53501005115686e-05 1.5555500795017e-05 1.57681006385246e-05 1.5919000361464e-05 1.60714007506613e-05 1.62252999871271e-05 1.63837994477944e-05 1.65294004546013e-05 1.66735007951502e-05 1.6818799849716e-05 1.69396007549949e-05 1.70352996065049e-05 1.7131400454673e-05 1.72281997947721e-05 1.72668005689047e-05 1.73133994394448e-05 1.7360900528729e-05 1.74084998434409e-05 1.75094992300728e-05 1.76112007466145e-05 1.77051006176043e-05 1.7794100131141e-05 1.78688005689764e-05
7.46445994082023e-06 7.71297982282704e-06 7.94551033322932e-06 8.18505031929817e-06 8.42071040096926e-06 8.66047957970295e-06 8.88660997588886e-06 9.11864026420517e-06 9.35672960622469e-06 9.60778015723918e-06 9.8655700639938e-06 1.01303003248177e-05 1.03902002592804e-05 1.06204997791792e-05 1.08557997009484e-05 1.10964001578395e-05 1.13355999928899e-05 1.15752000056091e-05 1.18649995783926e-05 1.21620996651473e-05 1.23910003821948e-05 1.25743999888073e-05 1.28045003293664e-05 1.30388998513808e-05 1.32122004288249e-05 1.33570001707994e-05 1.34906003950164e-05 1.36245998874074e-05 1.37575998451211e-05 1.39275998662924e-05 1.40997999551473e-05 1.42320996019407e-05 1.43233000926557e-05 1.44151999847963e-05 1.4507600099023e-05 1.45660997077357e-05 1.46132997542736e-05 1.46605998452287e-05 1.47081000250182e-05 1.48115996125853e-05 1.49011002577026e-05 1.49912002598285e-05 1.50785999721847e-05 1.51563999679638e-05
6.02367981628049e-06 6.20738001089194e-06 6.38155006527086e-06 6.56062002235558e-06 6.76113995723426e-06 6.95467997502419e-06 7.14866018824978e-06 7.34806008040323e-06 7.55301016397425e-06 7.76613978814567e-06 7.96658969193231e-06 8.16186002339236e-06 8.39599033497507e-06 8.6350100900745e-06 8.86086036189226e-06 9.08154015633045e-06 9.3015396487317e-06 9.52056961978087e-06 9.74475005932618e-06 9.97421011561528e-06 1.01792002169532e-05 1.03782003861852e-05 1.05810995592037e-05 1.07879995994153e-05 1.09570000859094e-05 1.11285999082611e-05 1.13029000203824e-05 1.1507399904076e-05 1.16778001029161e-05 1.18123998618103e-05 1.19881997306948e-05 1.20905997391674e-05 1.21683997349464e-05 1.22466999528115e-05 1.23256004371797e-05 1.23779000205104e-05 1.24358002722147e-05 1.25255000966717e-05 1.26170998555608e-05 1.27261000670842e-05 1.28358997244504e-05 1.29466998259886e-05 1.3050000234216e-05 1.31290998979239e-05
4.82461018691538e-06 4.99957013744279e-06 5.15102010467672e-06 5.30231000084314e-06 5.45805005458533e-06 5.6220901569759e-06 5.79233983444283e-06 5.96775998928933e-06 6.14849977864651e-06 6.31108014204074e-06 6.47797014607931e-06 6.65469997329637e-06 6.84848009768757e-06 7.03788009559503e-06 7.23252014722675e-06 7.43254986446118e-06 7.6101300692244e-06 7.78571029513841e-06 7.98570999904769e-06 8.20453988126246e-06 8.41421024233568e-06 8.61236003402155e-06 8.79887011251412e-06 8.98757025424857e-06 9.16027966013644e-06 9.33630963118048e-06 9.51572019403102e-06 9.68552012636792e-06 9.81857010629028e-06 9.95345999399433e-06 1.00901997939218e-05 1.01975001598476e-05 1.0274499800289e-05 1.03519996628165e-05 1.04300997918472e-05 1.05066001196974e-05 1.06120996861137e-05 1.07190999187878e-05 1.08188996819081e-05 1.09235998024815e-05 1.10336995930993e-05 1.11383997136727e-05 1.12386996988789e-05 1.13236001197947e-05
4.08365986004355e-06 4.22217999584973e-06 4.36778009316185e-06 4.51840014648042e-06 4.65988978248788e-06 4.80029984828434e-06 4.94497999170562e-06 5.09402980242157e-06 5.24758979736362e-06 5.39541997568449e-06 5.54743019165471e-06 5.70373003938585e-06 5.8658602029027e-06 6.03698981649359e-06 6.21312983639655e-06 6.39440986560658e-06 6.57443979434902e-06 6.74685998092173e-06 6.9237999014149e-06 7.10540007275995e-06 7.27224005458993e-06 7.42084012017585e-06 7.58187979954528e-06 7.75306034483947e-06 7.91871025285218e-06 8.08789991424419e-06 8.26072027848568e-06 8.42340978124412e-06 8.54710015119053e-06 8.67262042447692e-06 8.79998970049201e-06 8.90416959009599e-06 8.98429971130099e-06 9.0651501523098e-06 9.14673000806943e-06 9.24642972677248e-06 9.352989764011e-06 9.46068030316383e-06 9.56950043473626e-06 9.64989976637298e-06 9.7241399998893e-06 9.79893957264721e-06 9.8758800959331e-06 9.9653998404392e-06
3.44480008607206e-06 3.56566010850656e-06 3.68777000403497e-06 3.80626011065033e-06 3.93637992601725e-06 4.06927983931382e-06 4.20609012508066e-06 4.34749017586e-06 4.47895990873803e-06 4.61288982478436e-06 4.75083015771816e-06 4.89291005578707e-06 5.04055014971527e-06 5.19667992193718e-06 5.35765002496191e-06 5.52362007510965e-06 5.68802988709649e-06 5.85042016609805e-06 6.01745978201507e-06 6.18270996710635e-06 6.32764022157062e-06 6.46917987978668e-06 6.61389003653312e-06 6.761849817849e-06 6.90625984134385e-06 7.04599005985074e-06 7.2001498665486e-06 7.34486002329504e-06 7.44714998290874e-06 7.55087012294098e-06 7.65603999752784e-06 7.74948966864031e-06 7.83076029620133e-06 7.91288039181381e-06 7.99586996436119e-06 8.10180972621311e-06 8.23250957182609e-06 8.35042010294273e-06 8.45842987473588e-06 8.54050995258149e-06 8.62335036799777e-06 8.70694020704832e-06 8.79128037922783e-06 8.8732404037728e-06
3.00853002954682e-06 3.09617007587804e-06 3.20189997182752e-06 3.31123010255396e-06 3.4243000754941e-06 3.53510995410034e-06 3.64351990356226e-06 3.76102002519474e-06 3.89169008485624e-06 4.03322019337793e-06 4.17987985201762e-06 4.31338003181736e-06 4.44877014160738e-06 4.5869001041865e-06 4.72933015771559e-06 4.87618990518968e-06 5.02197008245275e-06 5.16629006597213e-06 5.31477007825742e-06 5.46753017260926e-06 5.6070598475344e-06 5.7441297940386e-06 5.88456987316022e-06 6.02844011154957e-06 6.15943008597242e-06 6.29055011813762e-06 6.42275017526117e-06 6.53447978038457e-06 6.61830017634202e-06 6.70320014251047e-06 6.79505001244252e-06 6.88887985234032e-06 6.97717996445135e-06 7.06661012372933e-06 7.15717987986864e-06 7.25221980246715e-06 7.34955983716645e-06 7.44809995012474e-06 7.54786015022546e-06 7.62194986236864e-06 7.69670987210702e-06 7.77216973801842e-06 7.85212978371419e-06 7.94571042206371e-06
2.7007399694412e-06 2.78274001175305e-06 2.86003000837809e-06 2.95660993288038e-06 3.05770004160877e-06 3.16633008878853e-06 3.27545990330691e-06 3.38174004355096e-06 3.49146989719884e-06 3.60532999366114e-06 3.73467992176302e-06 3.87366981158266e-06 4.01302986574592e-06 4.14258011005586e-06 4.27343002229463e-06 4.39907989857602e-06 4.52730000688462e-06 4.65810990135651e-06 4.79270011055632e-06 4.93118977828999e-06 5.06168998981593e-06 5.19155992151354e-06 5.3247599680617e-06 5.46139017387759e-06 5.57706016479642e-06 5.69516987525276e-06 5.8149498727289e-06 5.92355991102522e-06 6.0076799854869e-06 6.08792015555082e-06 6.16672014075448e-06 6.24362019152613e-06 6.31851980870124e-06 6.39432983007282e-06 6.47106980977696e-06 6.54522000331781e-06 6.62769980408484e-06 6.71316001898958e-06 6.79963977745501e-06 6.86719022269244e-06 6.93536003382178e-06 7.00416012477945e-06 7.07711978975567e-06 7.16152999302722e-06
2.39915993915929e-06 2.47478010351188e-06 2.55869008469745e-06 2.64499999502732e-06 2.73034993369947e-06 2.82940004581178e-06 2.93397010864282e-06 3.04241007142991e-06 3.14965996039973e-06 3.25575001625111e-06 3.36542007062235e-06 3.47877994499868e-06 3.59071009370382e-06 3.70335010302369e-06 3.82012012778432e-06 3.94057997255004e-06 4.06171011491097e-06 4.18337003793567e-06 4.30866020906251e-06 4.43770977653912e-06 4.56503994428203e-06 4.69226006316603e-06 4.81833012599964e-06 4.94779988002847e-06 5.04319996252889e-06 5.14044995725271e-06 5.23956987308338e-06 5.33542015546118e-06 5.41719009561348e-06 5.50021013623336e-06 5.58449983145692e-06 5.67465986023308e-06 5.74774003325729e-06 5.8217701734975e-06 5.89677983953152e-06 5.96602012592484e-06 6.03381022301619e-06 6.10239021625603e-06 6.17176010564435e-06 6.22627021584776e-06 6.28129009783152e-06 6.3367901930178e-06 6.39575000604964e-06 6.46419994154712e-06
2.2354699922289e-06 2.30184991778515e-06 2.38047005041153e-06 2.46177000917669e-06 2.53961002272263e-06 2.63246988652099e-06 2.73476007350837e-06 2.8371700864227e-06 2.93691005026631e-06 3.03114006783289e-06 3.12841007144016e-06 3.22879009218013e-06 3.32802005686972e-06 3.41678992299421e-06 3.5095199564239e-06 3.61574007001764e-06 3.72312001672981e-06 3.83157021133229e-06 3.94317021346069e-06 4.05801984015852e-06 4.16931015934097e-06 4.28126986662392e-06 4.39625000581145e-06 4.51431014880654e-06 4.60575984106981e-06 4.69178985440522e-06 4.77358980788267e-06 4.85508007841418e-06 4.93265997647541e-06 5.01148997500422e-06 5.09157007400063e-06 5.17517992193461e-06 5.26245003129588e-06 5.35118988409522e-06 5.42995985597372e-06 5.493559910974e-06 5.55521000933368e-06 5.61755996386637e-06 5.68062978345552e-06 5.73114994040225e-06 5.78213985136244e-06 5.83357996220002e-06 5.88866987527581e-06 5.95391020397074e-06
2.08641995413927e-06 2.14759006667009e-06 2.21997993321565e-06 2.29561010200996e-06 2.3729398890282e-06 2.44422994910565e-06 2.53511007031193e-06 2.63270999312226e-06 2.73405998996168e-06 2.82203995993768e-06 2.90809998659824e-06 2.99678004012094e-06 3.08455992126255e-06 3.16381010634359e-06 3.24510006066703e-06 3.32849003825686e-06 3.41531995218247e-06 3.50934010384663e-06 3.60867989002145e-06 3.71082001038303e-06 3.80787992071419e-06 3.90474997402634e-06 4.00407998313312e-06 4.10594020650024e-06 4.18145009462023e-06 4.25834014095017e-06 4.33664990850957e-06 4.41418978880392e-06 4.48637001682073e-06 4.55971985502401e-06 4.63426022179192e-06 4.71016983283334e-06 4.78746005683206e-06 4.86600993099273e-06 4.94582991450443e-06 5.01437989441911e-06 5.07962022311403e-06 5.14412022312172e-06 5.20562980454997e-06 5.25996983924415e-06 5.31489013155806e-06 5.37038022230263e-06 5.42236011824571e-06 5.48446996617713e-06
1.97080998987076e-06 2.0280299395381e-06 2.09445988730295e-06 2.16305988942622e-06 2.2339199858834e-06 2.29875990953587e-06 2.36582991419709e-06 2.44950001615507e-06 2.53851999332255e-06 2.62311004917137e-06 2.70918008027365e-06 2.78765992334229e-06 2.86590989162505e-06 2.9386999358394e-06 3.01332988783543e-06 3.08986000163713e-06 3.16797991217754e-06 3.24772008752916e-06 3.32947001879802e-06 3.41326995112468e-06 3.48872003996803e-06 3.57049998456205e-06 3.65467008123233e-06 3.74082992493641e-06 3.80781989406387e-06 3.8759999370086e-06 3.94539983972209e-06 4.01516990677919e-06 4.08349978897604e-06 4.15297017752891e-06 4.22362018070999e-06 4.29337978857802e-06 4.36216987509397e-06 4.43203998656827e-06 4.50303014076781e-06 4.56419002148323e-06 4.62246998722549e-06 4.68149983134936e-06 4.74127000416047e-06 4.79338996228762e-06 4.84527981825522e-06 4.89772992295912e-06 4.95102995046182e-06 5.00574014949962e-06
1.88385001820279e-06 1.94046992874064e-06 1.99910004994308e-06 2.05950004783517e-06 2.12129998544697e-06 2.17645992961479e-06 2.23364008888893e-06 2.29682996177871e-06 2.3650400180486e-06 2.43694989876531e-06 2.5138699584204e-06 2.59322996498668e-06 2.66929009740124e-06 2.73810996986867e-06 2.80868994195771e-06 2.88111004920211e-06 2.95143991024815e-06 3.01945010505733e-06 3.08903008772177e-06 3.1602100989403e-06 3.22299001709325e-06 3.28360010826145e-06 3.34536002810637e-06 3.41393001690449e-06 3.47813988810231e-06 3.54355006493279e-06 3.61019010597374e-06 3.67754000762943e-06 3.7444799545483e-06 3.81262998416787e-06 3.88201988243964e-06 3.94649987356388e-06 4.00578983317246e-06 4.06598019253579e-06 4.12707004215918e-06 4.18115996581037e-06 4.23328992837924e-06 4.2859801396844e-06 4.33172999692033e-06 4.38523011325742e-06 4.43939006800065e-06 4.49421986559173e-06 4.54696009910549e-06 4.59188004242606e-06
