results/Predictions/Median/Coniacian.asc
NCOLS 360 
NROWS 180 
XLLCORNER -180 
YLLCORNER -90 
CELLSIZE 1 
NODATA_value -3.4e+38 
[rows 54 to 80 of 180, columns 180 to 239 of 360]
0.168834999203682 0.205697998404503 0.244191005825996 0.288392007350922 0.309065997600555 0.319651991128922 0.331981003284454 0.344224005937576 0.360863000154495 0.371845990419388 0.384710997343063 0.397311985492706 0.398378014564514 0.399430990219116 -3.4e+38 -3.4e+38 0.393620014190674 0.391169995069504 0.389501005411148 0.385794013738632 0.379880011081696 -3.4e+38 -3.4e+38 -3.4e+38 -3.4e+38 -3.4e+38 -3.4e+38 -3.4e+38 -3.4e+38 -3.4e+38 -3.4e+38 0.270933002233505 0.260214000940323 0.250144004821777 0.239388003945351 0.228223994374275 0.216469004750252 0.205555006861687 0.193211004137993 0.180573001503944 0.168723002076149 -3.4e+38 -3.4e+38 -3.4e+38 0.134605005383492 0.130826994776726 0.131090000271797 0.131183996796608 0.131447002291679 0.131891995668411 0.131400004029274 0.129672005772591 0.127945005893707 0.12321200221777 0.119528003036976 0.116146996617317 0.11260099709034 0.108581997454166 0.105896003544331 0.101940996944904
0.218768998980522 0.260190010070801 0.304832011461258 0.351117014884949 0.370182007551193 0.381074011325836 0.391822010278702 0.401169002056122 -3.4e+38 0.415208995342255 0.42331799864769 0.42833799123764 0.426578998565674 0.424618005752563 -3.4e+38 -3.4e+38 0.412990003824234 0.41075599193573 0.408309012651443 0.403737008571625 0.398425996303558 0.393058985471725 -3.4e+38 -3.4e+38 -3.4e+38 -3.4e+38 -3.4e+38 -3.4e+38 -3.4e+38 -3.4e+38 0.31207600235939 0.300996989011765 0.290888994932175 0.279686987400055 0.267482995986938 0.256644994020462 0.246325001120567 -3.4e+38 -3.4e+38 0.210583001375198 0.199600994586945 -3.4e+38 -3.4e+38 -3.4e+38 -3.4e+38 -3.4e+38 0.162089005112648 0.162208005785942 0.162513002753258 0.163098007440567 0.16193500161171 0.160942003130913 0.160261005163193 0.152762994170189 0.147758007049561 0.143399000167847 0.139705002307892 0.136579006910324 0.132992997765541 0.127774998545647
0.293603003025055 0.325067013502121 0.359970986843109 0.395989000797272 0.410937011241913 0.420579999685287 0.431026011705399 0.441224992275238 -3.4e+38 -3.4e+38 0.447791010141373 0.448078989982605 0.443643003702164 -3.4e+38 -3.4e+38 -3.4e+38 0.430424988269806 0.427870988845825 0.425731986761093 0.420552998781204 0.414914011955261 0.409220010042191 0.403474003076553 0.394912987947464 -3.4e+38 -3.4e+38 -3.4e+38 -3.4e+38 -3.4e+38 -3.4e+38 0.33526998758316 -3.4e+38 -3.4e+38 -3.4e+38 -3.4e+38 -3.4e+38 -3.4e+38 -3.4e+38 -3.4e+38 -3.4e+38 -3.4e+38 -3.4e+38 -3.4e+38 -3.4e+38 -3.4e+38 -3.4e+38 -3.4e+38 0.19208699464798 0.19250200688839 0.192909002304077 0.19182500243187 0.191107004880905 0.190782994031906 0.183785006403923 0.175760999321938 0.170747995376587 0.168149992823601 0.16635699570179 0.160062998533249 0.154845997691154
0.366396009922028 0.390262007713318 0.408903986215591 0.429513990879059 0.447041004896164 0.460671991109848 0.472297996282578 -3.4e+38 -3.4e+38 -3.4e+38 -3.4e+38 -3.4e+38 -3.4e+38 -3.4e+38 -3.4e+38 -3.4e+38 0.445726007223129 0.4427590072155 0.439752995967865 0.434677004814148 0.428894996643066 0.423087000846863 0.417879998683929 0.411529988050461 0.404657006263733 -3.4e+38 -3.4e+38 -3.4e+38 -3.4e+38 -3.4e+38 -3.4e+38 -3.4e+38 -3.4e+38 -3.4e+38 -3.4e+38 -3.4e+38 -3.4e+38 -3.4e+38 -3.4e+38 -3.4e+38 -3.4e+38 -3.4e+38 -3.4e+38 -3.4e+38 -3.4e+38 -3.4e+38 -3.4e+38 -3.4e+38 -3.4e+38 0.223043993115425 0.223618999123573 0.222926005721092 0.222714006900787 0.216655999422073 0.210306003689766 0.203603997826576 0.200819998979568 0.196579992771149 0.191554993391037 0.184964001178741
0.427284002304077 0.441343009471893 0.460126012563705 0.473758012056351 0.485808998346329 0.491320013999939 -3.4e+38 -3.4e+38 -3.4e+38 -3.4e+38 -3.4e+38 -3.4e+38 -3.4e+38 -3.4e+38 -3.4e+38 -3.4e+38 0.461232990026474 0.458092004060745 0.454789996147156 0.449570000171661 0.443928003311157 0.437191009521484 0.431704998016357 0.424203991889954 0.417439013719559 0.408529996871948 -3.4e+38 -3.4e+38 -3.4e+38 -3.4e+38 -3.4e+38 -3.4e+38 -3.4e+38 -3.4e+38 -3.4e+38 -3.4e+38 -3.4e+38 -3.4e+38 0.304352998733521 0.295873999595642 -3.4e+38 -3.4e+38 -3.4e+38 -3.4e+38 -3.4e+38 -3.4e+38 -3.4e+38 -3.4e+38 -3.4e+38 -3.4e+38 -3.4e+38 0.249436005949974 0.249433994293213 0.244726002216339 0.239986002445221 0.235615000128746 0.228533998131752 0.222788006067276 0.219400003552437 0.214012995362282
0.491380989551544 0.498423010110855 0.506510019302368 0.511858999729156 -3.4e+38 -3.4e+38 -3.4e+38 -3.4e+38 -3.4e+38 -3.4e+38 -3.4e+38 -3.4e+38 -3.4e+38 -3.4e+38 -3.4e+38 -3.4e+38 0.474577993154526 0.470155000686646 0.465250998735428 0.458925008773804 0.453352004289627 0.447147995233536 0.440165996551514 0.432904988527298 0.425595998764038 0.41821700334549 0.412057995796204 -3.4e+38 -3.4e+38 -3.4e+38 -3.4e+38 -3.4e+38 -3.4e+38 -3.4e+38 -3.4e+38 -3.4e+38 -3.4e+38 0.333918988704681 0.326247990131378 0.318381011486053 0.310449987649918 -3.4e+38 -3.4e+38 -3.4e+38 -3.4e+38 -3.4e+38 -3.4e+38 -3.4e+38 -3.4e+38 -3.4e+38 -3.4e+38 -3.4e+38 0.27633398771286 0.273649990558624 0.27123299241066 0.268622994422913 0.263951987028122 0.252404987812042 0.249082997441292 0.245768994092941
-3.4e+38 -3.4e+38 -3.4e+38 -3.4e+38 -3.4e+38 -3.4e+38 -3.4e+38 -3.4e+38 -3.4e+38 -3.4e+38 -3.4e+38 -3.4e+38 -3.4e+38 -3.4e+38 -3.4e+38 -3.4e+38 -3.4e+38 0.484735995531082 0.478462010622025 0.471915006637573 0.465157002210617 0.458404004573822 0.450643002986908 0.444168001413345 0.437492996454239 0.430900990962982 0.424506992101669 0.418792009353638 -3.4e+38 -3.4e+38 0.40124300122261 0.394872009754181 0.388601005077362 0.382173001766205 0.376186013221741 0.370171010494232 -3.4e+38 -3.4e+38 0.351397007703781 0.343796014785767 0.336879998445511 0.330011010169983 -3.4e+38 -3.4e+38 -3.4e+38 -3.4e+38 -3.4e+38 -3.4e+38 -3.4e+38 -3.4e+38 -3.4e+38 -3.4e+38 -3.4e+38 -3.4e+38 0.299594014883041 0.299032002687454 0.295753002166748 0.285741001367569 0.276365995407104 0.274360001087189
-3.4e+38 -3.4e+38 -3.4e+38 -3.4e+38 0.549351990222931 0.546427011489868 -3.4e+38 -3.4e+38 -3.4e+38 -3.4e+38 -3.4e+38 -3.4e+38 -3.4e+38 -3.4e+38 -3.4e+38 -3.4e+38 -3.4e+38 -3.4e+38 0.493501991033554 0.486948013305664 0.480314999818802 0.472506999969482 0.465018004179001 0.458451002836227 -3.4e+38 0.445174992084503 0.438901007175446 0.433865994215012 -3.4e+38 0.423938989639282 0.418668001890182 0.412910014390945 0.407314002513885 0.401506006717682 0.396474003791809 0.391802996397018 0.386817008256912 -3.4e+38 -3.4e+38 0.368761003017426 -3.4e+38 -3.4e+38 -3.4e+38 -3.4e+38 -3.4e+38 -3.4e+38 -3.4e+38 -3.4e+38 -3.4e+38 -3.4e+38 -3.4e+38 -3.4e+38 -3.4e+38 -3.4e+38 -3.4e+38 -3.4e+38 0.321177005767822 0.313571989536285 0.306607007980347 0.29907500743866
0.571255028247833 0.569643974304199 0.568413972854614 0.561577975749969 0.559063971042633 0.556384027004242 0.555393993854523 0.555323004722595 0.549091994762421 0.545332014560699 0.5434730052948 0.541149973869324 -3.4e+38 -3.4e+38 -3.4e+38 -3.4e+38 -3.4e+38 -3.4e+38 0.507155001163483 0.500783979892731 0.493995010852814 0.48599699139595 0.478109002113342 0.471693009138107 -3.4e+38 -3.4e+38 0.453193992376328 0.449027001857758 0.444678008556366 -3.4e+38 0.435288995504379 0.430063009262085 0.424733996391296 0.419245988130569 0.415237009525299 0.411626994609833 0.407577991485596 0.403490006923676 0.397226005792618 0.39096000790596 0.384640008211136 0.377844005823135 -3.4e+38 -3.4e+38 -3.4e+38 -3.4e+38 -3.4e+38 -3.4e+38 -3.4e+38 -3.4e+38 -3.4e+38 -3.4e+38 -3.4e+38 -3.4e+38 -3.4e+38 -3.4e+38 -3.4e+38 0.341529995203018 0.336697995662689 0.332087993621826
0.558158993721008 0.562785029411316 0.56570702791214 0.567647993564606 0.565945029258728 0.562843024730682 0.562025010585785 0.560738980770111 0.557085990905762 0.554826974868774 0.553453028202057 0.55153101682663 0.546011984348297 -3.4e+38 -3.4e+38 -3.4e+38 -3.4e+38 -3.4e+38 -3.4e+38 0.509854018688202 0.503117978572845 0.496544003486633 0.489692986011505 0.484151005744934 -3.4e+38 -3.4e+38 0.469188004732132 0.465092986822128 0.461048007011414 0.456613004207611 0.451898008584976 0.447082012891769 0.442054986953735 -3.4e+38 0.432292014360428 0.429241001605988 0.425179988145828 0.421582996845245 0.416231989860535 0.409857004880905 0.403623014688492 0.397430002689362 0.391178995370865 -3.4e+38 -3.4e+38 -3.4e+38 -3.4e+38 -3.4e+38 -3.4e+38 -3.4e+38 -3.4e+38 -3.4e+38 -3.4e+38 -3.4e+38 -3.4e+38 -3.4e+38 -3.4e+38 -3.4e+38 -3.4e+38 0.352454990148544
0.538856983184814 0.549968004226685 0.561163008213043 0.572631001472473 0.572497010231018 0.568916022777557 0.567887008190155 0.566390991210938 0.561416983604431 0.558615028858185 0.559635996818542 0.558324992656708 0.553254008293152 -3.4e+38 -3.4e+38 -3.4e+38 -3.4e+38 -3.4e+38 -3.4e+38 0.515789985656738 0.509962022304535 0.504676997661591 0.499877005815506 0.496354013681412 -3.4e+38 -3.4e+38 -3.4e+38 0.480872005224228 0.476440995931625 0.471951007843018 0.467269003391266 -3.4e+38 -3.4e+38 -3.4e+38 -3.4e+38 0.442425012588501 0.439372003078461 0.436345994472504 0.431504994630814 0.426494002342224 0.421081990003586 0.41550201177597 0.410012990236282 0.40379199385643 -3.4e+38 -3.4e+38 -3.4e+38 -3.4e+38 -3.4e+38 -3.4e+38 -3.4e+38 -3.4e+38 -3.4e+38 -3.4e+38 -3.4e+38 -3.4e+38 -3.4e+38 -3.4e+38 -3.4e+38 -3.4e+38
-3.4e+38 0.543713986873627 0.559656023979187 0.575484991073608 0.576667010784149 0.573525011539459 0.572709977626801 0.571734011173248 0.566156029701233 0.563472986221313 0.562852025032043 0.56138002872467 0.555231988430023 0.548991978168488 -3.4e+38 -3.4e+38 -3.4e+38 -3.4e+38 -3.4e+38 -3.4e+38 0.517416000366211 0.513208985328674 0.508937001228333 0.505834996700287 0.50246000289917 0.499300986528397 0.495992004871368 0.492042005062103 0.488011002540588 0.483491986989975 0.479357987642288 -3.4e+38 -3.4e+38 -3.4e+38 -3.4e+38 -3.4e+38 -3.4e+38 -3.4e+38 -3.4e+38 -3.4e+38 -3.4e+38 -3.4e+38 0.426272004842758 0.420709013938904 -3.4e+38 -3.4e+38 -3.4e+38 -3.4e+38 -3.4e+38 -3.4e+38 -3.4e+38 -3.4e+38 -3.4e+38 -3.4e+38 -3.4e+38 -3.4e+38 -3.4e+38 -3.4e+38 -3.4e+38 -3.4e+38
0.531352996826172 0.543869018554688 0.559961974620819 0.574277997016907 0.577353000640869 0.576794981956482 0.575513005256653 0.574612021446228 0.572480022907257 0.568822979927063 0.564961016178131 0.560626983642578 0.554072022438049 0.547397971153259 0.540565013885498 -3.4e+38 -3.4e+38 -3.4e+38 -3.4e+38 -3.4e+38 -3.4e+38 0.520604014396667 0.516882002353668 0.514285981655121 0.511578023433685 0.508952975273132 0.505936026573181 0.502106010913849 0.498257011175156 0.494354993104935 0.490514010190964 0.486519008874893 -3.4e+38 -3.4e+38 -3.4e+38 -3.4e+38 -3.4e+38 -3.4e+38 -3.4e+38 -3.4e+38 -3.4e+38 -3.4e+38 -3.4e+38 0.435039013624191 0.430121004581451 -3.4e+38 -3.4e+38 -3.4e+38 -3.4e+38 -3.4e+38 -3.4e+38 -3.4e+38 -3.4e+38 -3.4e+38 -3.4e+38 -3.4e+38 -3.4e+38 -3.4e+38 -3.4e+38 -3.4e+38
-3.4e+38 0.546303987503052 0.559800982475281 0.573180973529816 0.5782830119133 0.578864991664886 0.578456997871399 0.578514993190765 0.575793027877808 0.573001027107239 0.568064987659454 0.563090026378632 0.556334018707275 0.549549996852875 0.542855978012085 0.538946986198425 -3.4e+38 -3.4e+38 -3.4e+38 -3.4e+38 -3.4e+38 -3.4e+38 0.524663984775543 0.522476971149445 0.520249009132385 0.517861008644104 0.515217006206512 0.511891007423401 0.508512020111084 0.505080997943878 0.501428008079529 0.496917992830276 -3.4e+38 -3.4e+38 -3.4e+38 -3.4e+38 -3.4e+38 -3.4e+38 0.476790010929108 0.473116010427475 0.468661993741989 -3.4e+38 -3.4e+38 -3.4e+38 -3.4e+38 -3.4e+38 -3.4e+38 -3.4e+38 -3.4e+38 -3.4e+38 -3.4e+38 -3.4e+38 -3.4e+38 -3.4e+38 -3.4e+38 -3.4e+38 -3.4e+38 -3.4e+38 -3.4e+38 -3.4e+38
-3.4e+38 0.555010974407196 0.570438981056213 0.58500200510025 0.586835026741028 0.586445987224579 0.584197998046875 0.582013010978699 0.578890025615692 0.574622988700867 0.570487976074219 0.565303981304169 0.559319019317627 0.553277015686035 0.547128975391388 0.543705999851227 0.543071985244751 0.54246598482132 0.541904985904694 0.540130972862244 0.537732005119324 0.535676002502441 0.533792018890381 0.531531989574432 0.528922021389008 0.5259850025177 0.523356974124908 0.520814001560211 -3.4e+38 -3.4e+38 -3.4e+38 -3.4e+38 -3.4e+38 -3.4e+38 0.50006902217865 0.499853998422623 0.49847400188446 0.497846990823746 0.492426007986069 0.487724006175995 0.482398003339767 0.476635009050369 -3.4e+38 -3.4e+38 -3.4e+38 -3.4e+38 -3.4e+38 -3.4e+38 -3.4e+38 -3.4e+38 -3.4e+38 -3.4e+38 -3.4e+38 -3.4e+38 -3.4e+38 -3.4e+38 -3.4e+38 -3.4e+38 -3.4e+38 -3.4e+38
-3.4e+38 0.562502026557922 0.57864898443222 0.59197199344635 0.593078017234802 0.589800000190735 0.58762800693512 0.583957016468048 0.5799760222435 0.575096011161804 0.570168972015381 0.565240025520325 0.560603976249695 0.55628901720047 0.55094701051712 0.548106014728546 0.547692000865936 0.547173023223877 0.54662299156189 0.545404970645905 0.543871998786926 0.542500972747803 0.54074102640152 0.5382120013237 0.535340011119843 -3.4e+38 -3.4e+38 -3.4e+38 -3.4e+38 -3.4e+38 -3.4e+38 -3.4e+38 0.517095983028412 0.513680994510651 0.513813018798828 0.514137029647827 0.514419972896576 0.514221012592316 0.508005976676941 0.501707971096039 0.495142996311188 0.489165991544724 0.484703987836838 -3.4e+38 -3.4e+38 -3.4e+38 -3.4e+38 -3.4e+38 -3.4e+38 -3.4e+38 -3.4e+38 -3.4e+38 -3.4e+38 -3.4e+38 -3.4e+38 -3.4e+38 -3.4e+38 -3.4e+38 -3.4e+38 -3.4e+38
0.537849009037018 0.555509984493256 0.568672001361847 0.583997011184692 0.586097002029419 0.584299981594086 0.584963977336884 0.584810018539429 0.581822991371155 0.577753007411957 0.573481023311615 0.569276988506317 0.565397977828979 0.561178982257843 0.557510018348694 0.554261982440948 0.551687002182007 0.548713028430939 0.546572983264923 0.545741021633148 0.54560399055481 0.546217024326324 0.546149015426636 0.543353974819183 0.540430009365082 0.537771999835968 0.535440027713776 0.534982979297638 0.534246981143951 0.533540010452271 0.53233802318573 0.530795991420746 0.528312981128693 0.526261985301971 0.526919007301331 0.527962028980255 0.528834998607635 0.529106974601746 0.522544026374817 0.515956997871399 0.508206009864807 0.502963006496429 0.498254001140594 0.493849992752075 -3.4e+38 -3.4e+38 -3.4e+38 -3.4e+38 -3.4e+38 -3.4e+38 -3.4e+38 -3.4e+38 -3.4e+38 -3.4e+38 -3.4e+38 -3.4e+38 -3.4e+38 -3.4e+38 -3.4e+38 -3.4e+38
0.543794989585876 0.558059990406036 0.569687008857727 0.579542994499207 0.578025996685028 0.573593020439148 0.577063977718353 0.5850989818573 0.583939015865326 0.582536995410919 0.581686019897461 0.579771995544434 0.574733018875122 0.570501029491425 0.566784977912903 0.562453985214233 0.555947005748749 0.550894975662231 0.545481026172638 0.543932020664215 0.544880986213684 0.545777022838593 0.546941995620728 0.545204997062683 0.543604016304016 0.541842997074127 0.541041016578674 0.540709018707275 0.540816009044647 0.54068797826767 0.540373980998993 0.539830982685089 0.539044976234436 0.538645029067993 0.538609981536865 0.539306998252869 0.538891971111298 0.538443982601166 0.533353984355927 0.526636004447937 0.521091997623444 0.515524983406067 0.509893000125885 0.504876017570496 0.499597012996674 -3.4e+38 -3.4e+38 -3.4e+38 -3.4e+38 -3.4e+38 -3.4e+38 -3.4e+38 -3.4e+38 -3.4e+38 -3.4e+38 -3.4e+38 -3.4e+38 -3.4e+38 -3.4e+38 -3.4e+38
0.580783009529114 0.576816976070404 0.578631997108459 0.580190002918243 0.577569007873535 0.572409987449646 0.571457028388977 0.585446000099182 0.584681987762451 0.585641026496887 0.586368024349213 -3.4e+38 -3.4e+38 0.57887202501297 0.574361026287079 0.569620013237 0.562497973442078 0.55477899312973 0.548089027404785 0.545265018939972 0.54298198223114 0.54303902387619 0.543855011463165 0.54373699426651 0.542527973651886 0.542328000068665 0.542262017726898 0.544023990631104 0.545222997665405 0.546573996543884 0.547295987606049 0.548431992530823 0.548637986183167 0.548780977725983 0.549022972583771 0.549220979213715 0.547854006290436 0.546002984046936 0.540880024433136 0.536571025848389 0.531620979309082 0.526453971862793 0.520051002502441 0.513298988342285 0.506394028663635 -3.4e+38 -3.4e+38 -3.4e+38 -3.4e+38 -3.4e+38 -3.4e+38 -3.4e+38 -3.4e+38 -3.4e+38 -3.4e+38 -3.4e+38 -3.4e+38 -3.4e+38 -3.4e+38 -3.4e+38
0.579717993736267 0.579443991184235 0.577672004699707 0.575721979141235 0.569031000137329 0.56053102016449 0.562869012355804 0.570257008075714 0.573584973812103 0.577283024787903 0.579979002475739 -3.4e+38 -3.4e+38 -3.4e+38 -3.4e+38 0.557115972042084 0.549992978572845 0.542676985263824 0.534910976886749 0.535004019737244 0.537775993347168 0.539268970489502 0.541603982448578 0.543437004089355 0.544831991195679 0.545198976993561 0.545916020870209 0.548328995704651 0.550366997718811 0.552716016769409 0.553560972213745 0.552765011787415 0.55205500125885 0.551406979560852 0.549036026000977 0.545674026012421 0.543090999126434 0.539569020271301 0.535997986793518 0.53193199634552 0.528346002101898 0.524464011192322 0.51868200302124 0.51331901550293 0.507731020450592 0.501993000507355 -3.4e+38 -3.4e+38 -3.4e+38 -3.4e+38 -3.4e+38 -3.4e+38 -3.4e+38 -3.4e+38 -3.4e+38 -3.4e+38 -3.4e+38 -3.4e+38 -3.4e+38 -3.4e+38
0.58227401971817 -3.4e+38 -3.4e+38 -3.4e+38 -3.4e+38 -3.4e+38 -3.4e+38 0.555306017398834 0.562698006629944 0.566689014434814 0.568982005119324 0.567092001438141 -3.4e+38 -3.4e+38 -3.4e+38 0.545670986175537 0.538881003856659 0.530471980571747 0.522189021110535 0.52419501543045 0.528716027736664 0.53386402130127 0.539871990680695 0.54228800535202 0.54398101568222 0.545889019966125 0.548233985900879 0.55171400308609 0.555482983589172 0.558992028236389 0.559722006320953 0.55730801820755 0.554244995117188 0.551056981086731 0.54728102684021 0.547693014144897 0.544897973537445 0.540295004844666 0.5348179936409 0.529482007026672 0.525272011756897 0.521438002586365 0.51800000667572 0.513333976268768 0.509105980396271 0.505658984184265 0.50314599275589 -3.4e+38 -3.4e+38 -3.4e+38 -3.4e+38 -3.4e+38 -3.4e+38 -3.4e+38 -3.4e+38 -3.4e+38 -3.4e+38 -3.4e+38 -3.4e+38 -3.4e+38
0.578292012214661 -3.4e+38 -3.4e+38 -3.4e+38 -3.4e+38 -3.4e+38 -3.4e+38 -3.4e+38 0.560792982578278 0.564920008182526 0.563883006572723 0.559647023677826 0.556298017501831 0.550297975540161 0.543551981449127 0.535977005958557 0.530335009098053 0.524477005004883 0.517068028450012 0.519190013408661 0.523189008235931 0.527637004852295 0.534258008003235 -3.4e+38 -3.4e+38 -3.4e+38 -3.4e+38 0.550200998783112 0.555001020431519 0.560992002487183 0.560459971427917 0.554530024528503 -3.4e+38 0.544025003910065 0.544749021530151 0.54695600271225 0.547721028327942 0.546518981456757 0.538443028926849 0.530519008636475 0.522786974906921 0.516396999359131 0.515577018260956 0.514083981513977 0.513136982917786 0.513459026813507 0.515065014362335 0.516722023487091 -3.4e+38 -3.4e+38 -3.4e+38 -3.4e+38 -3.4e+38 -3.4e+38 -3.4e+38 -3.4e+38 -3.4e+38 -3.4e+38 -3.4e+38 -3.4e+38
0.570574998855591 -3.4e+38 -3.4e+38 -3.4e+38 -3.4e+38 -3.4e+38 -3.4e+38 -3.4e+38 0.568122982978821 0.570316016674042 0.567610025405884 0.559525012969971 0.552716970443726 0.544508993625641 0.536224007606506 0.530264973640442 0.525914013385773 0.521678984165192 0.516323983669281 -3.4e+38 -3.4e+38 -3.4e+38 -3.4e+38 -3.4e+38 -3.4e+38 -3.4e+38 0.538250982761383 0.54304701089859 0.548929989337921 0.553005993366241 0.552443027496338 0.546070992946625 -3.4e+38 -3.4e+38 0.533765017986298 0.539478003978729 0.544875979423523 0.549695014953613 0.539440989494324 0.530052006244659 0.520268976688385 0.514437019824982 0.516645014286041 0.518054008483887 0.51978200674057 0.522706985473633 0.526602983474731 0.530119001865387 0.532509028911591 -3.4e+38 -3.4e+38 -3.4e+38 -3.4e+38 -3.4e+38 -3.4e+38 -3.4e+38 -3.4e+38 -3.4e+38 -3.4e+38 -3.4e+38
0.563287973403931 -3.4e+38 -3.4e+38 -3.4e+38 -3.4e+38 -3.4e+38 -3.4e+38 -3.4e+38 0.572829008102417 0.575410008430481 0.569126009941101 0.556603014469147 0.547903001308441 0.540190994739532 0.533914029598236 0.529416978359222 0.526647984981537 -3.4e+38 -3.4e+38 -3.4e+38 -3.4e+38 -3.4e+38 -3.4e+38 -3.4e+38 -3.4e+38 -3.4e+38 -3.4e+38 0.533619999885559 0.536108016967773 0.537286996841431 0.536798000335693 0.53547602891922 -3.4e+38 -3.4e+38 -3.4e+38 0.532014012336731 0.541962027549744 0.55231899023056 0.540121972560883 0.527877986431122 0.515981018543243 0.507520973682404 0.514339029788971 0.521004021167755 0.528513014316559 0.534542977809906 0.537239015102386 0.541642010211945 0.545215010643005 -3.4e+38 -3.4e+38 -3.4e+38 -3.4e+38 -3.4e+38 -3.4e+38 -3.4e+38 -3.4e+38 -3.4e+38 -3.4e+38 -3.4e+38
-3.4e+38 -3.4e+38 -3.4e+38 -3.4e+38 -3.4e+38 -3.4e+38 -3.4e+38 -3.4e+38 0.585720002651215 0.589991986751556 0.568279981613159 0.539960026741028 0.536917984485626 0.532235980033875 -3.4e+38 -3.4e+38 -3.4e+38 -3.4e+38 -3.4e+38 -3.4e+38 -3.4e+38 -3.4e+38 -3.4e+38 -3.4e+38 -3.4e+38 -3.4e+38 -3.4e+38 -3.4e+38 0.513096988201141 0.515150010585785 0.516304016113281 -3.4e+38 -3.4e+38 -3.4e+38 -3.4e+38 -3.4e+38 -3.4e+38 -3.4e+38 -3.4e+38 0.530037999153137 0.526175975799561 0.521984994411469 0.517508983612061 0.519722998142242 0.52223002910614 0.526692986488342 0.532564997673035 0.539907991886139 0.547936975955963 0.549080014228821 -3.4e+38 -3.4e+38 -3.4e+38 -3.4e+38 -3.4e+38 -3.4e+38 -3.4e+38 -3.4e+38 -3.4e+38 -3.4e+38
-3.4e+38 -3.4e+38 0.513544976711273 0.511730015277863 -3.4e+38 -3.4e+38 -3.4e+38 -3.4e+38 0.573076009750366 0.602950990200043 0.571362972259521 0.524183988571167 0.523164987564087 -3.4e+38 -3.4e+38 -3.4e+38 -3.4e+38 -3.4e+38 -3.4e+38 -3.4e+38 -3.4e+38 -3.4e+38 -3.4e+38 -3.4e+38 -3.4e+38 -3.4e+38 -3.4e+38 -3.4e+38 -3.4e+38 -3.4e+38 -3.4e+38 -3.4e+38 -3.4e+38 -3.4e+38 -3.4e+38 -3.4e+38 -3.4e+38 -3.4e+38 -3.4e+38 -3.4e+38 0.543222010135651 0.541653990745544 0.532719016075134 0.522280991077423 0.514654994010925 0.518115997314453 0.529551029205322 0.539784014225006 0.551607012748718 0.556572020053864 0.559935986995697 -3.4e+38 -3.4e+38 -3.4e+38 -3.4e+38 -3.4e+38 -3.4e+38 -3.4e+38 -3.4e+38 -3.4e+38
-3.4e+38 0.494103014469147 0.492262989282608 0.48896399140358 0.500829994678497 -3.4e+38 -3.4e+38 0.497004985809326 0.579659998416901 0.593954980373383 0.546880006790161 0.502385020256042 0.506145000457764 -3.4e+38 -3.4e+38 -3.4e+38 -3.4e+38 -3.4e+38 -3.4e+38 -3.4e+38 -3.4e+38 -3.4e+38 -3.4e+38 -3.4e+38 -3.4e+38 -3.4e+38 -3.4e+38 -3.4e+38 -3.4e+38 -3.4e+38 -3.4e+38 -3.4e+38 -3.4e+38 -3.4e+38 -3.4e+38 -3.4e+38 -3.4e+38 -3.4e+38 -3.4e+38 -3.4e+38 0.542757987976074 0.540722012519836 0.533928990364075 0.527067005634308 0.520696997642517 0.520120978355408 0.530336976051331 0.541112005710602 0.552964985370636 0.560150027275085 0.566290974617004 -3.4e+38 -3.4e+38 -3.4e+38 -3.4e+38 -3.4e+38 -3.4e+38 -3.4e+38 -3.4e+38 -3.4e+38
