results/Predictions/Median/Coniacian.asc
NCOLS 360 
NROWS 180 
XLLCORNER -180 
YLLCORNER -90 
CELLSIZE 1 
NODATA_value -3.4e+38 
[rows 38 to 56 of 180, columns 308 to 351 of 360]
-3.4e+38 -3.4e+38 -3.4e+38 -3.4e+38 -3.4e+38 -3.4e+38 -3.4e+38 -3.4e+38 -3.4e+38 -3.4e+38 -3.4e+38 -3.4e+38 -3.4e+38 -3.4e+38 0.00160492002032697 0.00170284998603165 0.00179864000529051 0.00187485001515597 0.00207875994965434 0.00197191000916064 1.65255994488689e-06 1.77950005308958e-06 2.09918994187319e-06 2.38601001001371e-06 2.68437997874571e-06 3.04898003378185e-06 3.44894010595453e-06 3.82040980184684e-06 4.24023983214283e-06 4.70443001177046e-06 5.09114988744841e-06 5.37714004167356e-06 5.82329994358588e-06 6.18513013250777e-06 6.66769983581617e-06 7.10282984073274e-06 7.65434015193023e-06 8.25193001219304e-06 8.70255007612286e-06 9.16471981327049e-06 9.64843002293492e-06 1.02727999546914e-05 1.08365002233768e-05 1.1399100003473e-05
-3.4e+38 -3.4e+38 -3.4e+38 -3.4e+38 -3.4e+38 -3.4e+38 -3.4e+38 -3.4e+38 -3.4e+38 -3.4e+38 -3.4e+38 -3.4e+38 -3.4e+38 0.0017656700219959 0.00165896001271904 0.00180627999361604 0.00192843994591385 0.00208025006577373 0.00120079994667321 1.66540996815456e-06 1.4243099712985e-06 1.68951999057754e-06 1.97120994016586e-06 2.26213001042197e-06 2.6038499072456e-06 2.97493988909991e-06 3.36233006237308e-06 3.83233009415562e-06 4.24515019403771e-06 4.72830015496584e-06 5.20471985510085e-06 5.72593990000314e-06 6.21716981186182e-06 6.77849993735435e-06 7.26182997823344e-06 7.90183003118727e-06 8.54741028888384e-06 9.28936970012728e-06 9.91514025372453e-06 1.05348999568378e-05 1.11907002064981e-05 1.18630996439606e-05 1.25426004160545e-05 1.32888999360148e-05
-3.4e+38 -3.4e+38 -3.4e+38 -3.4e+38 -3.4e+38 -3.4e+38 -3.4e+38 -3.4e+38 -3.4e+38 -3.4e+38 -3.4e+38 -3.4e+38 -3.4e+38 0.00202297000214458 0.00192168005742133 0.00209734006784856 0.00216889008879662 0.000218357003177516 1.49463994603138e-06 1.3464399444274e-06 1.59339003857895e-06 1.87329999334906e-06 2.1752700831712e-06 2.50123002842884e-06 2.86095996671065e-06 3.21472998621175e-06 3.64239008376899e-06 4.12706003771746e-06 4.66223991679726e-06 5.15278998136637e-06 5.89541014051065e-06 6.61775993648916e-06 7.2979000833584e-06 7.94859988673124e-06 8.61039006849751e-06 9.42621954891365e-06 1.0307399861631e-05 1.11638000817038e-05 1.18734997158754e-05 1.26024997371132e-05 1.33772000481258e-05 1.41992004500935e-05 1.50594996739528e-05 1.59286992129637e-05
-3.4e+38 -3.4e+38 -3.4e+38 -3.4e+38 -3.4e+38 -3.4e+38 -3.4e+38 -3.4e+38 -3.4e+38 -3.4e+38 -3.4e+38 -3.4e+38 -3.4e+38 0.00239001004956663 0.00239880010485649 0.00195037003140897 3.77657997887582e-05 1.56076998791832e-06 1.50927996855899e-06 1.79328003468981e-06 2.08658002520679e-06 2.47544994635973e-06 2.81161010207143e-06 3.15142006002134e-06 3.54206008523761e-06 3.95361985283671e-06 4.45398018200649e-06 5.01431986776879e-06 5.66021981285303e-06 6.27485997028998e-06 7.35044977773214e-06 8.33805006550392e-06 9.30058013182133e-06 1.02007998066256e-05 1.11778999780654e-05 1.21588000183692e-05 1.31717997646774e-05 1.40879001264693e-05 1.49199995576055e-05 1.58016991917975e-05 1.67357993632322e-05 1.76913999894168e-05 1.87165005627321e-05 1.97597000806127e-05
-3.4e+38 -3.4e+38 -3.4e+38 -3.4e+38 -3.4e+38 -3.4e+38 -3.4e+38 -3.4e+38 -3.4e+38 -3.4e+38 -3.4e+38 -3.4e+38 0.00450531020760536 0.00354826007969677 0.000235896994126961 1.98692009689694e-06 1.58235002345464e-06 1.75336003849225e-06 1.97895997189335e-06 2.33569994634308e-06 2.71777003035822e-06 3.16712998937874e-06 3.57386011273775e-06 3.88008993468247e-06 4.36034997619572e-06 4.83126996186911e-06 5.40098017154378e-06 6.12929989074473e-06 6.87823012412991e-06 7.65609001973644e-06 9.16063982003834e-06 1.0518800081627e-05 1.1761199857574e-05 1.30584003272816e-05 1.43282004501089e-05 1.54972003656439e-05 1.66851004905766e-05 1.76361008925596e-05 1.87709993042517e-05 1.98893994820537e-05 2.10266007343307e-05 2.21709997276776e-05 2.33597002079478e-05 2.45812007051427e-05
-3.4e+38 -3.4e+38 -3.4e+38 -3.4e+38 -3.4e+38 -3.4e+38 -3.4e+38 -3.4e+38 -3.4e+38 -3.4e+38 -3.4e+38 -3.4e+38 0.00620097992941737 0.000202869006898254 2.49867002821702e-06 2.92252002509485e-06 3.69272993339109e-06 4.58951990367495e-06 5.61409979127347e-06 6.19557022218942e-06 6.64188019072753e-06 7.06430000718683e-06 7.42822021493339e-06 7.65967979532434e-06 7.92484024714213e-06 8.30683984531788e-06 9.14235988602741e-06 9.98849009192782e-06 1.10385999505525e-05 1.20970998978009e-05 1.45678995977505e-05 1.61225998454029e-05 1.7786500393413e-05 1.97280005522771e-05 2.09191002795706e-05 2.20766996790189e-05 2.32819002121687e-05 2.44090006162878e-05 2.55107006523758e-05 2.66622992057819e-05 2.79604992101667e-05 2.93364992103307e-05 3.0606101063313e-05 3.19307982863393e-05
-3.4e+38 -3.4e+38 -3.4e+38 -3.4e+38 -3.4e+38 -3.4e+38 -3.4e+38 -3.4e+38 -3.4e+38 -3.4e+38 -3.4e+38 -3.4e+38 0.00147494999691844 4.1567600419512e-06 4.37884000348276e-06 6.1231799008965e-06 8.63456989463884e-06 1.23245999930077e-05 1.62583000928862e-05 1.6352700185962e-05 1.59876999532571e-05 1.54296994878678e-05 1.49753996083746e-05 1.46948996189167e-05 1.44196001201635e-05 1.41653999889968e-05 1.54428998939693e-05 1.70333005371504e-05 1.82766998477746e-05 1.95255997823551e-05 2.21233003685484e-05 2.43166996369837e-05 2.67019004240865e-05 2.87305992969777e-05 3.01701002172194e-05 3.130899858661e-05 3.26156987284776e-05 3.39256002916954e-05 3.52089009538759e-05 3.65408013749402e-05 3.79230987164192e-05 3.92742986150552e-05 4.06448998546693e-05 4.20288015448023e-05
-3.4e+38 -3.4e+38 -3.4e+38 -3.4e+38 -3.4e+38 -3.4e+38 -3.4e+38 -3.4e+38 -3.4e+38 -3.4e+38 -3.4e+38 0.0805831998586655 4.34217981819529e-05 1.7032100004144e-05 1.07150999610894e-05 1.51818003359949e-05 2.18403001781553e-05 3.13657001242973e-05 3.86760984838475e-05 3.77762989955954e-05 3.68766995961778e-05 3.53586001438089e-05 3.39010002790019e-05 3.23808999382891e-05 3.08015987684485e-05 2.89496001641965e-05 3.00296997011174e-05 3.07463997160085e-05 3.1506599043496e-05 3.24040993291419e-05 3.52392016793601e-05 3.79142984456848e-05 4.07740008085966e-05 4.27359991590492e-05 4.39071009168401e-05 4.52952008345164e-05 4.65217017335817e-05 4.75925007776823e-05 4.8632500693202e-05 4.98283006891143e-05 5.09896999574266e-05 5.20243011123966e-05 5.32218982698396e-05 5.4738800827181e-05
-3.4e+38 -3.4e+38 -3.4e+38 -3.4e+38 -3.4e+38 -3.4e+38 -3.4e+38 -3.4e+38 -3.4e+38 -3.4e+38 -3.4e+38 0.005700440146029 4.56554007541854e-05 3.91342000511941e-05 3.37335004587658e-05 4.39294017269276e-05 5.65955997444689e-05 7.28075028746389e-05 8.0268997407984e-05 7.77328023104928e-05 7.52636988181621e-05 7.34041968826205e-05 7.01273966114968e-05 6.58801000099629e-05 6.15387034486048e-05 5.76675993215758e-05 5.67177994525991e-05 5.63270004931837e-05 5.58102001377847e-05 5.52981000510044e-05 5.78684994252399e-05 6.03888001933228e-05 6.19108031969517e-05 6.30048016319051e-05 6.37639022897929e-05 6.45320978946984e-05 6.53094975859858e-05 6.60712976241484e-05 6.68166030663997e-05 6.76130002830178e-05 6.84800979797728e-05 6.94342015776783e-05 7.04272024449892e-05 7.14346024324186e-05
-3.4e+38 -3.4e+38 -3.4e+38 -3.4e+38 -3.4e+38 -3.4e+38 -3.4e+38 -3.4e+38 -3.4e+38 -3.4e+38 0.12330699712038 0.000127676001284271 7.66895027481951e-05 8.94214026629925e-05 0.000104899998405017 0.000123274003271945 0.000143406999995932 0.000156517999130301 0.000166130004799925 0.000161318006576039 0.000155361005454324 0.000147158003528602 0.000137654002173804 0.000127716004499234 0.000118057003419381 0.000109428998257499 0.000104812999779824 0.000100994999229442 9.69419998000376e-05 9.30750975385308e-05 9.40851023187861e-05 9.42201004363596e-05 9.43553968681954e-05 9.44480998441577e-05 9.4402399554383e-05 9.43607010412961e-05 9.42547994782217e-05 9.42057013162412e-05 9.4185299531091e-05 9.41800972213969e-05 9.41692997002974e-05 9.4512703071814e-05 9.4979397545103e-05 9.54451970756054e-05
-3.4e+38 -3.4e+38 -3.4e+38 -3.4e+38 -3.4e+38 -3.4e+38 -3.4e+38 -3.4e+38 -3.4e+38 0.173926994204521 0.0101971998810768 0.000100865996500943 0.000117128001875244 0.000137408002046868 0.000159500006702729 0.000178517002495937 0.000192202001926489 0.000203935996978544 0.000209566002013162 0.00020636900444515 0.000197343004401773 0.000191461003851146 0.000182550997124054 0.000170501996763051 0.000161079005920328 0.000151521002408117 0.000145066005643457 0.000139240000862628 0.000133834997541271 0.000128710002172738 0.000127563995192759 0.000126427999930456 0.000125302001833916 0.000124237994896248 0.000123335004900582 0.000122557001304813 0.000121803001093213 0.000121197001135442 0.000120737000543159 0.000120276999950875 0.000119814998470247 0.00011973999789916 0.000119841999548953 0.000120044998766389
-3.4e+38 -3.4e+38 -3.4e+38 -3.4e+38 -3.4e+38 -3.4e+38 -3.4e+38 -3.4e+38 -3.4e+38 0.221018001437187 0.000191484999959357 0.000147001002915204 0.000173246997292154 0.000201439994270913 0.000236491992836818 0.000248927011853084 0.000253939011599869 0.000259608990745619 0.000260139000602067 0.000255035003647208 0.000249822012847289 0.00024265400134027 0.000234324994380586 0.000224457995500416 0.000211841004784219 0.000204695999855176 0.000195290995179676 0.000187833997188136 0.000181993993464857 0.000175701003172435 0.000172682004631497 0.00017023399414029 0.000166794998222031 0.000164412005688064 0.000162377997185104 0.000160006005899049 0.000157667993335053 0.000155986999743618 0.000154943001689389 0.000153904999024235 0.000152744993101805 0.000152357999468222 0.000152230000821874 0.000152100998093374
-3.4e+38 -3.4e+38 -3.4e+38 -3.4e+38 -3.4e+38 -3.4e+38 -3.4e+38 -3.4e+38 -3.4e+38 0.332572013139725 0.000223616996663623 0.000217292006709613 0.000250568991759792 0.000285393995000049 0.000315014010993764 0.000312402989948168 0.00031146701076068 0.000308654009131715 0.000306022993754596 0.000302936008665711 0.000295136997010559 0.000289380986941978 0.000279792002402246 0.000269753014435992 0.000257231004070491 0.000247329007834196 0.000242178997723386 0.000234788996749558 0.000226999996812083 0.000218137996853329 0.000213045001146384 0.000210102007258683 0.000206762997549959 0.000202064999029972 0.000198515001102351 0.000195026994333602 0.000191600993275642 0.000189537997357547 0.000188835998415016 0.000188138001249172 0.000187441997695714 0.000186473000212573 0.000185462995432317 0.000184459000593051
-3.4e+38 -3.4e+38 -3.4e+38 -3.4e+38 -3.4e+38 -3.4e+38 -3.4e+38 -3.4e+38 0.379070997238159 0.0503879003226757 0.000284837995423004 0.000302694010315463 0.000334668991854414 0.00035677501000464 0.000375558011000976 0.000372264999896288 0.000364303996320814 0.000357859011273831 0.000348286994267255 0.000341403007041663 0.000332675990648568 0.000322086998494342 0.000314267002977431 0.000304140005027875 0.000293785007670522 0.000282813009107485 0.000275389989838004 0.000266052986262366 0.00025811800151132 0.000250549986958504 0.00024711899459362 0.000243111004238017 0.000238741995417513 0.000234834995353594 0.000232129998039454 0.000229457000386901 0.000226813994231634 0.000224624003749341 0.000222874004975893 0.000221138005144894 0.000219349996768869 0.000218136003240943 0.000217127002542838 0.000216122993151657
-3.4e+38 -3.4e+38 -3.4e+38 -3.4e+38 -3.4e+38 0.419048011302948 0.302092999219894 0.0234561990946531 0.00301062990911305 0.000417547998949885 0.000371536007151008 0.000387943000532687 0.000407454004744068 0.000417209987062961 0.000426676997449249 0.000428828003350645 0.000422779005020857 0.000411220011301339 0.000400729011744261 0.000386021012673154 0.00037171901203692 0.000359436991857365 0.000347663997672498 0.000337134988512844 0.000327048008330166 0.000317155994707718 0.000310223986161873 0.000304715998936445 0.000295925012324005 0.000288848008494824 0.000284425012068823 0.00027968900394626 0.000274666002951562 0.00026997399982065 0.00026677901041694 0.000263927009655163 0.000261104985838756 0.000258846004726365 0.000257131992839277 0.000255335005931556 0.000253551988862455 0.000252888014074415 0.000252886005910113 0.000252449011895806
-3.4e+38 -3.4e+38 -3.4e+38 -3.4e+38 -3.4e+38 0.437660992145538 0.0182204991579056 0.000460042007034644 0.000371892005205154 0.000392487010685727 0.000409947999287397 0.000424633995862678 0.00043180599459447 0.000437840993981808 0.000443710014224052 0.000445904996013269 0.000443002005340531 0.000435691996244714 0.000426324986619875 0.000414523005019873 0.00040035299025476 0.000384195009246469 0.000370658992324024 0.000359780999133363 0.000348689005477354 0.000338976009516045 0.000330926006427035 0.000325305998558179 0.000320560007821769 0.000316070014378056 0.000311826996039599 0.000308241986203939 0.000305775989545509 0.000303376989904791 0.000301763997413218 0.000299259001621976 0.000296774989692494 0.0002951160131488 0.000294267985736951 0.000293355988105759 0.000292209995677695 0.000291773991193622 0.000291803997242823 0.000292248005280271
-3.4e+38 -3.4e+38 -3.4e+38 -3.4e+38 0.448538988828659 0.202311992645264 0.00052714702906087 0.000384209008188918 0.000404877006076276 0.000428403989644721 0.0004453290021047 0.000447614991571754 0.00045209500240162 0.000454391993116587 0.00045733101433143 0.00045660900650546 0.000452214997494593 0.000446502992417663 0.000439447001554072 0.000435808004112914 0.000424355996074155 0.000409955013310537 0.00039952399674803 0.000387968000723049 0.000377126998500898 0.00036467399331741 0.000357440992956981 0.000351349997799844 0.000344558007782325 0.000340697006322443 0.000337693985784426 0.0003350879997015 0.000332752999383956 0.000329358997987583 0.000327908986946568 0.000326846988173202 0.000326075009070337 0.00032548900344409 0.000325116008752957 0.000324743014061823 0.000324371008900926 0.000324155989801511 0.000324719992931932 0.000324724009260535
-3.4e+38 -3.4e+38 -3.4e+38 -3.4e+38 0.496161013841629 0.00544143002480268 0.000413191999541596 0.000416989001678303 0.000435728987213224 0.000450449006166309 0.000458688009530306 0.000464557990198955 0.000463828007923439 0.000465254008304328 0.000461869989521801 0.000459281989606097 0.000456701993243769 0.000451947998953983 0.000446112011559308 0.000441620009951293 0.000435597001342103 0.000432528991950676 0.000421984994318336 0.000411590997828171 0.00040184598765336 0.000393055990571156 0.000387661013519391 0.000384498009225354 0.000382472004275769 0.000375551986508071 0.000373549992218614 0.000372095993952826 0.000370360998203978 0.000368881010217592 0.000368740991689265 0.000368586013792083 0.000368428998626769 0.000368470005923882 0.000368709006579593 0.000368948007235304 0.00036918799742125 0.000369705987395719 0.000370402005501091 0.000371230999007821
-3.4e+38 -3.4e+38 -3.4e+38 0.49992299079895 0.0170547999441624 0.000470714003313333 0.000445104989921674 0.000448100006906316 0.000454883993370458 0.000459481991128996 0.000467473000753671 0.000468812009785324 0.000467748992377892 0.000466088997200131 0.000462477997643873 0.000459634989965707 0.000456570996902883 0.000454026012448594 0.0004484310047701 0.000443919008830562 0.000439344992628321 0.000435905007179826 0.000431468011811376 0.000428400991950184 0.000424898986238986 0.000422075012465939 0.000420855998527259 0.000419013987993822 0.000416400987887755 0.000414673006162047 0.000414690002799034 0.000414731999626383 0.000415196001995355 0.000415843009250239 0.000416944996686652 0.000417997012846172 0.000419049989432096 0.000419813004555181 0.000420830008806661 0.000421848992118612 0.000422871991759166 0.000423833989771083 0.00042430599569343 0.000423705991124734
