results/Predictions/Median/Coniacian.asc
NCOLS 360 
NROWS 180 
XLLCORNER -180 
YLLCORNER -90 
CELLSIZE 1 
NODATA_value -3.4e+38 
[rows 114 to 132 of 180, columns 132 to 175 of 360]
0.000499820976983756 0.129399999976158 -3.4e+38 -3.4e+38 -3.4e+38 -3.4e+38 -3.4e+38 -3.4e+38 -3.4e+38 -3.4e+38 -3.4e+38 -3.4e+38 -3.4e+38 -3.4e+38 -3.4e+38 -3.4e+38 -3.4e+38 -3.4e+38 -3.4e+38 -3.4e+38 -3.4e+38 -3.4e+38 -3.4e+38 -3.4e+38 -3.4e+38 -3.4e+38 -3.4e+38 -3.4e+38 -3.4e+38 -3.4e+38 -3.4e+38 -3.4e+38 -3.4e+38 -3.4e+38 0.515146017074585 0.500458002090454 0.000573891971725971 0.00043193600140512 0.000439617986558005 0.000458519003586844 0.000502032984513789 0.000509520003106445 0.000514088023919612 0.00051872298354283
0.000252011988777667 0.00015192199498415 0.174692004919052 -3.4e+38 -3.4e+38 -3.4e+38 -3.4e+38 -3.4e+38 -3.4e+38 -3.4e+38 -3.4e+38 -3.4e+38 -3.4e+38 -3.4e+38 -3.4e+38 -3.4e+38 -3.4e+38 -3.4e+38 -3.4e+38 -3.4e+38 -3.4e+38 -3.4e+38 -3.4e+38 -3.4e+38 -3.4e+38 -3.4e+38 -3.4e+38 -3.4e+38 -3.4e+38 -3.4e+38 -3.4e+38 -3.4e+38 -3.4e+38 -3.4e+38 0.503130972385406 0.0853419974446297 0.00042100899736397 0.000421539996750653 0.000430988002335653 0.00045200198655948 0.000497767992783338 0.000506535987369716 0.00051050097681582 0.000515928026288748
0.00018792599439621 0.000129862004541792 0.121964998543262 -3.4e+38 -3.4e+38 -3.4e+38 -3.4e+38 -3.4e+38 -3.4e+38 -3.4e+38 -3.4e+38 -3.4e+38 -3.4e+38 -3.4e+38 -3.4e+38 -3.4e+38 -3.4e+38 -3.4e+38 -3.4e+38 -3.4e+38 -3.4e+38 -3.4e+38 -3.4e+38 -3.4e+38 -3.4e+38 -3.4e+38 -3.4e+38 -3.4e+38 -3.4e+38 -3.4e+38 0.505464971065521 0.507690012454987 0.508745014667511 0.497406989336014 0.141036003828049 0.000427643011789769 0.000415337010053918 0.000419713003793731 0.00042948400368914 0.00045053000212647 0.000487384997541085 0.000503152026794851 0.00051236100262031 0.000514592975378036
0.000160481999046169 0.000119595999422017 0.000388513988582417 -3.4e+38 -3.4e+38 -3.4e+38 -3.4e+38 -3.4e+38 -3.4e+38 -3.4e+38 -3.4e+38 -3.4e+38 -3.4e+38 -3.4e+38 -3.4e+38 -3.4e+38 -3.4e+38 -3.4e+38 -3.4e+38 -3.4e+38 -3.4e+38 -3.4e+38 -3.4e+38 -3.4e+38 -3.4e+38 -3.4e+38 -3.4e+38 -3.4e+38 0.514728009700775 0.51000702381134 0.498497009277344 0.389735996723175 0.162985995411873 0.0488957986235619 0.000692076981067657 0.000435399997513741 0.000421170989284292 0.000426796992542222 0.000437660986790434 0.000456798996310681 0.000476243993034586 0.000494559004437178 0.000519821012858301 0.000518592016305774
0.000196355002117343 0.000158527996973135 0.0001349649974145 0.211564004421234 -3.4e+38 -3.4e+38 -3.4e+38 -3.4e+38 -3.4e+38 -3.4e+38 -3.4e+38 -3.4e+38 -3.4e+38 -3.4e+38 -3.4e+38 -3.4e+38 -3.4e+38 -3.4e+38 -3.4e+38 -3.4e+38 -3.4e+38 -3.4e+38 -3.4e+38 -3.4e+38 -3.4e+38 -3.4e+38 -3.4e+38 0.507270991802216 0.502997994422913 0.49337500333786 0.229836001992226 0.0134917004033923 0.00156313995830715 0.000716209004167467 0.000484313990455121 0.00043004599865526 0.000425564998295158 0.000428191007813439 0.000434321991633624 0.000455028988653794 0.000478923990158364 0.000506522017531097 0.000515294028446078 0.000522997986990958
0.000243903996306472 0.000200823997147381 0.000189166006748565 0.272942990064621 -3.4e+38 -3.4e+38 -3.4e+38 -3.4e+38 -3.4e+38 -3.4e+38 -3.4e+38 -3.4e+38 -3.4e+38 -3.4e+38 -3.4e+38 -3.4e+38 -3.4e+38 -3.4e+38 -3.4e+38 -3.4e+38 -3.4e+38 -3.4e+38 -3.4e+38 -3.4e+38 -3.4e+38 -3.4e+38 -3.4e+38 0.489829003810883 0.490911990404129 0.129741996526718 0.00078536500222981 0.000452473992481828 0.000461991003248841 0.000485291995573789 0.000463580014184117 0.000435899011790752 0.000420670985477045 0.000424638012191281 0.000440342002548277 0.00046610098797828 0.000491873011924326 0.000505623000208288 0.00050990900490433 0.000510222977027297
0.000251960009336472 0.000211805003345944 0.00019006899674423 0.297711998224258 -3.4e+38 -3.4e+38 -3.4e+38 -3.4e+38 -3.4e+38 -3.4e+38 -3.4e+38 -3.4e+38 -3.4e+38 -3.4e+38 -3.4e+38 -3.4e+38 -3.4e+38 -3.4e+38 -3.4e+38 -3.4e+38 -3.4e+38 -3.4e+38 -3.4e+38 -3.4e+38 -3.4e+38 -3.4e+38 0.498746991157532 0.487870991230011 0.471489995718002 0.00110158999450505 0.000403968006139621 0.000411713990615681 0.000435842986917123 0.000473983003757894 0.00045678298920393 0.000438168994151056 0.0004217519890517 0.000427391001721844 0.00044763000914827 0.000468309997813776 0.000487915007397532 0.000496467982884496 0.000503206974826753 0.000493671977892518
0.000223417999222875 0.000186955992830917 0.000163859993335791 0.269212990999222 -3.4e+38 -3.4e+38 -3.4e+38 -3.4e+38 -3.4e+38 -3.4e+38 -3.4e+38 -3.4e+38 -3.4e+38 -3.4e+38 -3.4e+38 -3.4e+38 -3.4e+38 -3.4e+38 -3.4e+38 -3.4e+38 -3.4e+38 -3.4e+38 -3.4e+38 -3.4e+38 -3.4e+38 -3.4e+38 0.498362004756927 0.491030007600784 0.221990004181862 0.000404782011173666 0.000405544997192919 0.000408058986067772 0.000421317003201693 0.000441870011854917 0.000434201996540651 0.000427949009463191 0.000423819001298398 0.000431988009950146 0.000448687002062798 0.00046875499538146 0.000481794006191194 0.000487404991872609 0.000493909989017993 0.00748775992542505
0.000202765004360117 0.000165396006195806 0.000150081003084779 0.240614995360374 -3.4e+38 -3.4e+38 -3.4e+38 -3.4e+38 -3.4e+38 -3.4e+38 -3.4e+38 -3.4e+38 -3.4e+38 -3.4e+38 -3.4e+38 -3.4e+38 -3.4e+38 -3.4e+38 -3.4e+38 -3.4e+38 -3.4e+38 -3.4e+38 -3.4e+38 -3.4e+38 -3.4e+38 0.499017000198364 0.489834994077682 0.480627000331879 0.00385119998827577 0.000402845005737618 0.000402631994802505 0.000405450991820544 0.000411507993703708 0.000416880997363478 0.000420191005105153 0.000424286001361907 0.000425428996095434 0.000437824986875057 0.00045045799924992 0.000468245008960366 0.000469533988507465 0.000473877997137606 -3.4e+38 0.0359565988183022
0.000181675000931136 0.000148830004036427 0.000145537997013889 0.225048005580902 -3.4e+38 -3.4e+38 -3.4e+38 -3.4e+38 -3.4e+38 -3.4e+38 -3.4e+38 -3.4e+38 -3.4e+38 -3.4e+38 -3.4e+38 -3.4e+38 -3.4e+38 -3.4e+38 -3.4e+38 -3.4e+38 -3.4e+38 -3.4e+38 -3.4e+38 -3.4e+38 -3.4e+38 0.501206994056702 0.495481997728348 0.0882275030016899 0.000395245006075129 0.000396533985622227 0.000397880008677021 0.000398756004869938 0.000403473997721449 0.000406656006816775 0.000410108012147248 0.000410489999921992 0.000411721994169056 0.00041673899977468 0.000427861989010125 0.000443024007836357 0.000446502002887428 0.00043492199620232 -3.4e+38 0.000777038978412747
0.000164679004228674 0.000138239993248135 0.000139816998853348 0.215163007378578 -3.4e+38 -3.4e+38 -3.4e+38 -3.4e+38 -3.4e+38 -3.4e+38 -3.4e+38 -3.4e+38 -3.4e+38 -3.4e+38 -3.4e+38 -3.4e+38 -3.4e+38 -3.4e+38 -3.4e+38 -3.4e+38 -3.4e+38 -3.4e+38 -3.4e+38 -3.4e+38 0.503356993198395 0.494926989078522 0.330062985420227 0.000401052995584905 0.000392733985790983 0.000390025990782306 0.000390172994229943 0.000392326997825876 0.000394736009184271 0.000395326991565526 0.00039543499588035 0.000398820004193112 0.000397499010432512 0.000400991004426032 0.000406134000513703 0.000407768005970865 0.00040178801282309 0.000393616006476805 0.000377188989659771 0.000361068989150226
0.000146133999805897 0.000125659003970213 0.000116684001113754 0.200371995568275 -3.4e+38 -3.4e+38 -3.4e+38 -3.4e+38 -3.4e+38 -3.4e+38 -3.4e+38 -3.4e+38 -3.4e+38 -3.4e+38 -3.4e+38 -3.4e+38 -3.4e+38 -3.4e+38 -3.4e+38 -3.4e+38 -3.4e+38 -3.4e+38 -3.4e+38 0.483851999044418 0.478165000677109 0.482639998197556 0.000583758985158056 0.000387974985642359 0.000381891004508361 0.000379968987544999 0.000381369987735525 0.000381944002583623 0.000382375001208857 0.000382391008315608 0.000382575992261991 0.000380623008823022 0.000375565985450521 0.000367916014511138 0.000367146014468744 0.000363916013156995 0.000359689991455525 0.000345759995980188 0.000331954011926427 0.000313496013404801
0.000125480000860989 0.000111638000817038 0.000117784999019932 0.194365993142128 -3.4e+38 -3.4e+38 -3.4e+38 -3.4e+38 -3.4e+38 -3.4e+38 -3.4e+38 -3.4e+38 -3.4e+38 -3.4e+38 -3.4e+38 -3.4e+38 -3.4e+38 -3.4e+38 -3.4e+38 -3.4e+38 -3.4e+38 -3.4e+38 -3.4e+38 0.459170013666153 0.448951005935669 0.341340988874435 0.00034161499934271 0.000346807995811105 0.000352914008544758 0.000357837008778006 0.000358110992237926 0.00035838398616761 0.000357946992153302 0.000353593000909314 0.000346085987985134 0.000338732003001496 0.000332193012582138 0.000327598012518138 0.000324427004670724 0.000316783000016585 0.000313621014356613 0.000297524005873129 0.000282933004200459 0.00026834401069209
0.000108442996861413 9.87082967185415e-05 0.000298599014058709 -3.4e+38 -3.4e+38 -3.4e+38 -3.4e+38 -3.4e+38 -3.4e+38 -3.4e+38 -3.4e+38 -3.4e+38 -3.4e+38 -3.4e+38 -3.4e+38 -3.4e+38 -3.4e+38 -3.4e+38 -3.4e+38 -3.4e+38 -3.4e+38 -3.4e+38 0.3107930123806 0.345885008573532 0.366288989782333 0.000278510007774457 0.000291361997369677 0.000300298008369282 0.000308090006001294 0.000317586993332952 0.000313272990752012 0.000309427996398881 0.000305630004731938 0.000301241991110146 0.000298883009236306 0.000297082005999982 0.000290063006104901 0.000292320997687057 0.000283380009932443 0.000278754014289007 0.000269848009338602 0.000255399005254731 0.000243542002863251 0.0002234980056528
9.60148026933894e-05 8.86945999809541e-05 0.0409643985331059 -3.4e+38 -3.4e+38 -3.4e+38 -3.4e+38 -3.4e+38 -3.4e+38 -3.4e+38 -3.4e+38 -3.4e+38 -3.4e+38 -3.4e+38 -3.4e+38 -3.4e+38 -3.4e+38 -3.4e+38 -3.4e+38 -3.4e+38 -3.4e+38 -3.4e+38 0.292991012334824 0.317088007926941 0.000231537997024134 0.000243002999923192 0.000252430007094517 0.000261011009570211 0.000268050003796816 0.000271530996542424 0.000269409007159993 0.000267055002041161 0.00026408999110572 0.000261668988969177 0.000259719003224745 0.000256558996625245 0.000253192003583536 0.000248942000325769 0.000243390997638926 0.000236584994127043 0.000230703997658566 0.000216656000702642 0.000202109004021622 0.000188653997611254
8.5968196799513e-05 8.16906976979226e-05 0.156937003135681 -3.4e+38 -3.4e+38 -3.4e+38 -3.4e+38 -3.4e+38 -3.4e+38 -3.4e+38 -3.4e+38 -3.4e+38 -3.4e+38 -3.4e+38 -3.4e+38 -3.4e+38 -3.4e+38 -3.4e+38 -3.4e+38 -3.4e+38 -3.4e+38 0.268135994672775 0.27360200881958 0.000235464001889341 0.000199436995899305 0.000206583994440734 0.000212215003557503 0.000218000001041219 0.000223006994929165 0.000226702002692036 0.000225171999773011 0.000223651994019747 0.000222507995204069 0.000220703994273208 0.000219605994061567 0.000218511006096378 0.000217023000004701 0.000211595994187519 0.000205327000003308 0.000198837005882524 0.000194025997188874 0.000182568997843191 0.000169349994393997 0.000157325004693121
7.15201967977919e-05 7.48176971683279e-05 0.151556000113487 -3.4e+38 -3.4e+38 -3.4e+38 -3.4e+38 -3.4e+38 -3.4e+38 -3.4e+38 -3.4e+38 -3.4e+38 -3.4e+38 -3.4e+38 -3.4e+38 -3.4e+38 -3.4e+38 -3.4e+38 -3.4e+38 -3.4e+38 -3.4e+38 0.249111995100975 0.000467845995444804 0.000159764997079037 0.000166597994393669 0.000165645004017279 0.000168194004800171 0.000171139996382408 0.000173734995769337 0.000176975998328999 0.000176731002284214 0.000177152003743686 0.000176613000803627 0.000176481000380591 0.000177003996213898 0.00017789400590118 0.000177487992914394 0.000173898995853961 0.000169121005455963 0.000164854995091446 0.000160009993123822 0.000147522005136125 0.000137098002596758 0.000126265993458219
6.11797004239634e-05 0.000139965995913371 0.149301007390022 -3.4e+38 -3.4e+38 -3.4e+38 -3.4e+38 -3.4e+38 -3.4e+38 -3.4e+38 -3.4e+38 -3.4e+38 -3.4e+38 -3.4e+38 -3.4e+38 -3.4e+38 -3.4e+38 -3.4e+38 -3.4e+38 -3.4e+38 0.227570995688438 0.217696994543076 0.000122522993478924 0.000128756000776775 0.000132343004224822 0.000134141999296844 0.000134474001242779 0.000137082999572158 0.00013899800251238 0.000141048993100412 0.000141878001159057 0.000141922006150708 0.00014147799811326 0.000142446995596401 0.000141858996357769 0.000141740994877182 0.000141575001180172 0.000139630996272899 0.000136564995045774 0.000133403998916037 0.000130544998683035 0.000121956996736117 0.000113132002297789 0.000103703001514077
4.54951987194363e-05 0.0175090003758669 0.100661002099514 -3.4e+38 -3.4e+38 -3.4e+38 -3.4e+38 -3.4e+38 -3.4e+38 -3.4e+38 -3.4e+38 -3.4e+38 -3.4e+38 -3.4e+38 -3.4e+38 -3.4e+38 -3.4e+38 -3.4e+38 -3.4e+38 0.157697007060051 0.165387004613876 0.000408293009968475 9.91506021819077e-05 0.000100261997431517 0.000102890000562184 0.000103090002085082 0.000105293001979589 0.000108020998595748 0.000109496002551168 0.000111100998765323 0.000110617998871021 0.000111093002487905 0.000112061999971047 0.000112492998596281 0.000113068999780808 0.000113713002065197 0.00011408599675633 0.000112182999146171 0.000110321001557168 0.000108009997347835 0.000105724000604823 9.81314005912282e-05 9.09782975213602e-05 8.46074981382117e-05
