results/Predictions/Median/Danian.asc
NCOLS 360 
NROWS 180 
XLLCORNER -180 
YLLCORNER -90 
CELLSIZE 1 
NODATA_value -3.4e+38 
[rows 100 to 119 of 180, columns 220 to 263 of 360]
0.000525279028806835 0.000528439995832741 0.000528641976416111 0.000528104021213949 0.00052688701543957 0.000525787007063627 0.000529429002199322 0.000533097016159445 0.000536789011675864 0.000538864987902343 0.494875013828278 0.0237793996930122 0.554916977882385 0.566981971263885 0.57055401802063 0.566187977790833 -3.4e+38 -3.4e+38 -3.4e+38 -3.4e+38 -3.4e+38 -3.4e+38 -3.4e+38 -3.4e+38 -3.4e+38 -3.4e+38 -3.4e+38 -3.4e+38 -3.4e+38 0.556806027889252 0.551658987998962 0.54456901550293 0.535205006599426 0.529799997806549 0.52436900138855 0.51596200466156 0.514446020126343 0.515268981456757 0.517813980579376 0.522709012031555 0.530929982662201 0.53964501619339 0.542976021766663 0.543470025062561
0.000521127018146217 0.000521930982358754 0.000523503986187279 0.000525081995874643 0.000525047013070434 0.00052390102064237 0.000526522984728217 0.000529210024978966 0.000531909987330437 0.000533795973751694 0.000535411003511399 0.000537030980922282 0.265455991029739 0.559566020965576 0.566073000431061 0.567898988723755 0.577398002147675 -3.4e+38 -3.4e+38 -3.4e+38 -3.4e+38 -3.4e+38 -3.4e+38 -3.4e+38 -3.4e+38 -3.4e+38 -3.4e+38 -3.4e+38 -3.4e+38 -3.4e+38 -3.4e+38 0.556177020072937 0.549681007862091 0.539438009262085 0.528451025485992 0.522222995758057 0.520484983921051 0.520344018936157 0.520518004894257 0.523146986961365 0.527975022792816 0.534213006496429 0.53710001707077 0.537018001079559
0.000517220003530383 0.000515502004418522 0.000518416985869408 0.000521350011695176 0.000523214985150844 0.00052242202218622 0.000523631984833628 0.000525350973475724 0.000527076015714556 0.000528773991391063 0.000530468008946627 0.000532165984623134 0.00189634005073458 0.559908986091614 0.549997985363007 0.556096017360687 0.576487004756927 -3.4e+38 -3.4e+38 -3.4e+38 -3.4e+38 -3.4e+38 -3.4e+38 -3.4e+38 -3.4e+38 -3.4e+38 -3.4e+38 -3.4e+38 -3.4e+38 -3.4e+38 -3.4e+38 -3.4e+38 -3.4e+38 0.544757008552551 0.536019027233124 0.531756997108459 0.528850972652435 0.526210010051727 0.525714993476868 0.522844970226288 0.524443984031677 0.530008971691132 0.532797992229462 0.528497993946075
0.000518185028340667 0.000516481988597661 0.000517012027557939 0.000517546024639159 0.000519484980031848 0.000520624977070838 0.000520420027896762 0.000518193002790213 0.000518472981639206 0.000520304020028561 0.000522344023920596 0.000524392002262175 0.000526447023730725 0.000801035028416663 0.00104127998929471 0.0186425000429153 0.575697004795074 -3.4e+38 -3.4e+38 -3.4e+38 -3.4e+38 -3.4e+38 -3.4e+38 -3.4e+38 -3.4e+38 -3.4e+38 -3.4e+38 -3.4e+38 -3.4e+38 -3.4e+38 -3.4e+38 -3.4e+38 -3.4e+38 0.552854001522064 0.546316027641296 0.543008983135223 0.54102897644043 0.534895002841949 0.535044014453888 0.529860973358154 0.529278993606567 0.535030007362366 0.539439022541046 0.527558982372284
0.000519162975251675 0.000518271001055837 0.000518587999977171 0.000518905988428742 0.000519226014148444 0.000518114014994353 0.000515579013153911 0.000514900020789355 0.000514659972395748 0.000579065002966672 0.000537829007953405 0.000516730011440814 0.00051912700291723 0.000523135007824749 0.00052717502694577 0.000665922008920461 0.565721988677979 -3.4e+38 -3.4e+38 -3.4e+38 -3.4e+38 -3.4e+38 -3.4e+38 -3.4e+38 -3.4e+38 -3.4e+38 -3.4e+38 -3.4e+38 -3.4e+38 -3.4e+38 -3.4e+38 -3.4e+38 -3.4e+38 -3.4e+38 -3.4e+38 0.551707029342651 0.54714298248291 0.543029010295868 0.542122006416321 0.536001980304718 0.536840975284576 -3.4e+38 0.528285026550293 0.518280982971191
0.000521814974490553 0.000521488022059202 0.000520871020853519 0.000520672008860856 0.00052095897262916 0.000519874971359968 0.000517888984177262 0.000515912019181997 0.000786554999649525 0.231855005025864 0.102456003427505 0.0199737008661032 0.000516008993145078 0.000517298001796007 0.000521707988809794 0.000588239985518157 0.555095016956329 -3.4e+38 -3.4e+38 -3.4e+38 -3.4e+38 -3.4e+38 -3.4e+38 -3.4e+38 -3.4e+38 -3.4e+38 -3.4e+38 -3.4e+38 -3.4e+38 -3.4e+38 -3.4e+38 -3.4e+38 -3.4e+38 -3.4e+38 -3.4e+38 -3.4e+38 -3.4e+38 -3.4e+38 -3.4e+38 -3.4e+38 -3.4e+38 0.514895975589752 0.444110006093979 0.000842122011817992
0.000514381972607225 0.000514214974828064 0.000514492974616587 0.000514705025125295 0.000514918006956577 0.0005156000261195 0.000516752013936639 0.00051790801808238 0.00116075994446874 -3.4e+38 0.559466004371643 0.557007014751434 0.00172545004170388 0.000516313011758029 0.000517480017151684 0.000522385991644114 0.543982028961182 -3.4e+38 -3.4e+38 -3.4e+38 -3.4e+38 -3.4e+38 -3.4e+38 -3.4e+38 -3.4e+38 -3.4e+38 -3.4e+38 -3.4e+38 -3.4e+38 -3.4e+38 -3.4e+38 -3.4e+38 -3.4e+38 -3.4e+38 -3.4e+38 0.524757027626038 0.516304016113281 0.514868974685669 0.523249983787537 0.522525012493134 0.458299994468689 0.0315245017409325 0.000622964987996966 0.000473588006570935
0.000524820003192872 0.000523154973052442 0.000521912006661296 0.000519337016157806 0.000516990025062114 0.000516548985615373 0.000512556987814605 0.000511637015733868 0.000512951985001564 0.00051573000382632 0.000918445992283523 0.54926198720932 0.551222026348114 0.000766774988733232 0.000515443971380591 0.000591001007705927 0.266782999038696 0.554073989391327 -3.4e+38 -3.4e+38 -3.4e+38 -3.4e+38 -3.4e+38 -3.4e+38 -3.4e+38 -3.4e+38 -3.4e+38 -3.4e+38 -3.4e+38 -3.4e+38 -3.4e+38 -3.4e+38 -3.4e+38 -3.4e+38 0.525834977626801 0.517168998718262 0.506265997886658 0.475156009197235 0.475569009780884 0.239148005843163 0.00300623988732696 0.000500600028317422 0.000470584986032918 0.000471308012492955
0.00053363002371043 0.000532655976712704 0.000527278985828161 0.000516526983119547 0.000521166017279029 0.000518538989126682 0.000513830978889018 0.000516257015988231 0.000518424028996378 0.000510678975842893 0.000514427025336772 0.00234871008433402 0.212868005037308 0.0336951985955238 0.000742708973120898 0.00174005003646016 0.1423279941082 0.551241993904114 -3.4e+38 -3.4e+38 -3.4e+38 -3.4e+38 -3.4e+38 -3.4e+38 -3.4e+38 -3.4e+38 -3.4e+38 -3.4e+38 -3.4e+38 -3.4e+38 -3.4e+38 -3.4e+38 -3.4e+38 0.526818990707397 0.516120970249176 0.481534004211426 0.174425005912781 0.0649475008249283 0.0283467993140221 0.00115105998702347 0.000488364021293819 0.000471489998744801 0.000470809987746179 0.00047125801211223
0.000522706017363816 0.00051831902237609 0.000514937972184271 0.000515981984790415 0.000518661981914192 0.000514880986884236 0.000510164012666792 0.000510237994603813 0.000519660010468215 0.000520034984219819 0.00051573698874563 0.000514140992891043 0.000518445973284543 0.000542223977390677 0.000676954980008304 0.00478242011740804 0.339552998542786 0.5521320104599 -3.4e+38 -3.4e+38 -3.4e+38 -3.4e+38 -3.4e+38 -3.4e+38 -3.4e+38 -3.4e+38 -3.4e+38 -3.4e+38 -3.4e+38 -3.4e+38 -3.4e+38 -3.4e+38 0.522975981235504 0.512251019477844 0.301501989364624 0.0372755005955696 0.000925093016121536 0.000668774999212474 0.000581315020099282 0.000471217994345352 0.000470703991595656 0.000471033999929205 0.000470931991003454 0.000471208011731505
0.00052482500905171 0.000518320011906326 0.000514242972712964 0.000507207994814962 0.000503449002280831 0.000504018971696496 0.000537108979187906 0.000514363986440003 0.000514227023813874 0.000513385981321335 0.000524142000358552 0.00051980500575155 0.000517527980264276 0.000521026027854532 0.000566466012969613 0.00341569003649056 0.273420006036758 -3.4e+38 -3.4e+38 -3.4e+38 -3.4e+38 -3.4e+38 -3.4e+38 -3.4e+38 -3.4e+38 -3.4e+38 -3.4e+38 -3.4e+38 -3.4e+38 -3.4e+38 -3.4e+38 0.518473029136658 0.517916977405548 0.429535001516342 0.0118512995541096 0.000604237022344023 0.000464901007944718 0.000464637007098645 0.000467261008452624 0.000467764009954408 0.000470094004413113 0.000470755010610446 0.000471128994831815 0.00047100501251407
0.000520134984981269 0.00051606900524348 0.000511422986164689 0.000507741991896182 0.000505067000631243 0.00860738009214401 0.000829569005873054 0.000503465998917818 0.00050929602002725 0.000515971973072737 0.000514360028319061 0.000525849987752736 0.000521544017829001 0.000516880012582988 0.00053698499687016 0.00382450991310179 0.278306990861893 -3.4e+38 -3.4e+38 -3.4e+38 -3.4e+38 -3.4e+38 -3.4e+38 -3.4e+38 -3.4e+38 -3.4e+38 -3.4e+38 -3.4e+38 -3.4e+38 0.514871001243591 0.514333009719849 0.488963007926941 0.0405966006219387 0.000535095983650535 0.00046297098742798 0.000464142009150237 0.00046494000707753 0.000466477009467781 0.000467742007458583 0.000469641992822289 0.000469986000098288 0.000470041006337851 0.000470238010166213 0.000469933002023026
0.000520561006851494 0.000516668020281941 0.000513337028678507 0.000507958990056068 0.000505873002111912 0.00370755000039935 0.000504212977830321 0.000507420976646245 0.000507803983055055 0.000509731005877256 0.000519222987350076 0.000525415991432965 0.000528239994309843 0.000519277004059404 0.000520346977282315 0.00286793010309339 0.532697975635529 -3.4e+38 -3.4e+38 -3.4e+38 -3.4e+38 -3.4e+38 -3.4e+38 -3.4e+38 -3.4e+38 0.509222984313965 0.523913979530334 0.529835999011993 0.514907002449036 0.0168887991458178 0.52369099855423 0.00053967401618138 0.000460801995359361 0.000462649011751637 0.000463414005935192 0.000465627992525697 0.000467211008071899 0.000466966012027115 0.000468824990093708 0.000468760001240298 0.000468693993752822 0.000468284997623414 0.000468562997411937 0.000469102000351995
0.000519665016327053 0.00051593902753666 0.000512104015797377 0.000508707016706467 0.000505337025970221 0.000504203024320304 0.000505921023432165 0.000507650023791939 0.000508375000208616 0.000507680000737309 0.000514286977704614 0.000523070979397744 0.000531258003320545 0.000526362971868366 0.000522584014106542 0.000865913985762745 0.225618004798889 -3.4e+38 -3.4e+38 -3.4e+38 -3.4e+38 -3.4e+38 -3.4e+38 -3.4e+38 0.502025008201599 0.000531966972630471 0.00048644799971953 0.000471053004730493 0.000468014011858031 0.000466058001620695 0.0588519014418125 0.000460618990473449 0.000462799012893811 0.000464777986053377 0.000465209013782442 0.000465349003206939 0.000466800003778189 0.000468593992991373 0.000468057987745851 0.00046718999510631 0.000466917990706861 0.000466174999019131 0.000465996999992058 0.000465946999611333
0.000521632027812302 0.000514168990775943 0.00453115021809936 0.460633993148804 0.0386307016015053 0.000499585003126413 0.000502554001286626 0.000505549018271267 0.000508569995872676 0.000512222002726048 0.000517014996148646 0.000524937000591308 0.000530556018929929 0.000529479002580047 0.000529117009136826 0.000723741017282009 0.251013994216919 -3.4e+38 -3.4e+38 -3.4e+38 -3.4e+38 -3.4e+38 -3.4e+38 -3.4e+38 0.00171037996187806 0.000441687006969005 0.000460912997368723 0.000472218001959845 0.000467537989607081 0.000894346972927451 0.000465199002064764 0.000463400006992742 0.000462872994830832 0.000462978990981355 0.000463086005765945 0.000463392992969602 0.000463901000330225 0.000464496988570318 0.000464921991806477 0.00046454300172627 0.000463662989204749 0.000464098993688822 0.000463881005998701 0.000463736010715365
0.000515089021064341 0.000716777984052896 0.547318994998932 -3.4e+38 0.0485563017427921 0.000507435004692525 0.00050805602222681 0.000508662022184581 0.000509253994096071 0.000513229984790087 0.000520968984346837 0.000525670009665191 0.000536800012923777 0.000527422991581261 0.000526360003277659 0.000631624017842114 0.12737600505352 0.54525101184845 -3.4e+38 -3.4e+38 -3.4e+38 -3.4e+38 -3.4e+38 -3.4e+38 0.000419579009758309 0.000436188012827188 0.000455577013781294 0.000468518992420286 0.127001002430916 0.0569057017564774 0.000463242002297193 0.000462649011751637 0.000460721988929436 0.00046291301259771 0.00046280599781312 0.000462630006950349 0.00046261798706837 0.000462605996290222 0.000461919989902526 0.000461927003925666 0.000462205003714189 0.000461985997390002 0.000460957991890609 0.000459967995993793
0.00181321997661144 0.542297005653381 -3.4e+38 -3.4e+38 0.547622978687286 0.000523595022968948 0.000511960010044277 0.000511383987031877 0.000511895981617272 0.000515674997586757 0.000521104026120156 0.00052694499026984 0.000530057994183153 0.0005242699990049 0.000524721981491894 0.000561879016458988 0.0414767004549503 0.534501016139984 -3.4e+38 -3.4e+38 -3.4e+38 -3.4e+38 0.24949599802494 0.0710614025592804 0.000426898011937737 0.00043744599679485 0.000451416010037065 0.000462002004496753 0.339379996061325 0.000793687999248505 0.000463023985503241 0.000462819007225335 0.000462252006400377 0.000461688003269956 0.000460912997368723 0.000458238995634019 0.000458488008007407 0.000458738999441266 0.000458981987321749 0.000458972994238138 0.000458888011053205 0.00045799498911947 0.000456473004305735 0.000455792003776878
0.547196984291077 0.544120013713837 -3.4e+38 -3.4e+38 -3.4e+38 0.000991957960650325 0.000523831986356527 0.00052196899196133 0.000518115994054824 0.000519088993314654 0.000523224996868521 0.000528211996424943 0.000529859971720725 0.000526817981153727 0.000525281997397542 0.000548080017324537 0.0727071017026901 0.535079002380371 -3.4e+38 -3.4e+38 -3.4e+38 0.435115993022919 0.367738008499146 0.000579076004214585 0.000435177993495017 0.000440069998148829 0.000445348996436223 0.000451925996458158 0.00383216002956033 0.000738034024834633 0.00045883099664934 0.000461141986306757 0.00045962500735186 0.00045717999455519 0.000454891007393599 0.000453224987722933 0.000452450010925531 0.000451636005891487 0.000450822990387678 0.000449774990556762 0.000451378989964724 0.000453348999144509 0.000450980005552992 0.000451200001407415
-3.4e+38 -3.4e+38 -3.4e+38 -3.4e+38 0.548215985298157 0.000504251976963133 0.000509231991600245 0.000517643988132477 0.000528013973962516 0.000529968005139381 0.000529086973983794 0.000528096978086978 0.000525494979228824 0.000525815994478762 0.000526026997249573 0.000540135020855814 0.00468765990808606 0.402182012796402 -3.4e+38 -3.4e+38 0.507409989833832 0.507458984851837 -3.4e+38 0.000431911990744993 0.000435255002230406 0.000439760013250634 0.000441653013695031 0.000445824000053108 0.13306500017643 0.000450480991275981 0.000452959997346625 0.000452701991889626 0.000450719002401456 0.000448101985966787 0.000445509009296075 0.000444778997916728 0.000444745004642755 0.000444008997874334 0.000443277007434517 0.000441256008343771 0.000442468997789547 0.000441489013610408 0.000440194009570405 0.000439375988207757
-3.4e+38 -3.4e+38 -3.4e+38 -3.4e+38 0.0467160008847713 0.000483079988043755 0.000494566978886724 0.000516580999828875 0.000532715988811105 0.000533304992131889 0.000530255027115345 0.000526719028130174 0.000524590024724603 0.000527033000253141 0.000529590004589409 0.000535926024895161 0.000784692005254328 0.00506595987826586 0.161296993494034 0.0171859003603458 0.0145391002297401 -3.4e+38 -3.4e+38 0.000452465988928452 0.000434299989137799 0.000436392991105095 0.000438460992882028 0.000438957998994738 0.519479990005493 0.000442980992374942 0.000444808014435694 0.000444536999566481 0.000440950010670349 0.00043994901352562 0.000436959991930053 0.000434807996498421 0.000433000997873023 0.000431057997047901 0.000429034989792854 0.000428325001848862 0.000428808998549357 0.000426740996772423 0.000426323007559404 0.000426643004175276
