results/Predictions/Median/Danian.asc
NCOLS 360 
NROWS 180 
XLLCORNER -180 
YLLCORNER -90 
CELLSIZE 1 
NODATA_value -3.4e+38 
[rows 100 to 119 of 180, columns 264 to 307 of 360]
0.537990987300873 0.543829023838043 0.000524241011589766 0.000511755992192775 0.000512716011144221 0.000513677019625902 0.000514607003424317 0.000515504973009229 0.000516403990332037 0.000517060980200768 0.000517327978741378 0.000517546024639159 0.000517765001859516 0.000517983979079872 0.000518416985869408 0.000518849992658943 0.000519284978508949 0.000519187015015632 0.000518588989507407 0.000517992011737078 0.000517396023496985 0.00051658897427842 0.000515574007295072 0.000514562008902431 0.000514303974341601 0.000514701008796692 0.000515026971697807 0.000515352992806584 0.000515680992975831 0.000515512016136199 0.000515344028826803 0.000515176972839981 0.00051507301395759 0.000515157007612288 0.000515241990797222 0.000515326973982155 0.000515068008098751 0.000514712010044605 0.000516284024342895 0.000516196014359593 0.000516313011758029 0.0005171790253371 0.00051804498070851 0.000519047025591135
0.535090029239655 0.527718007564545 0.000509537989273667 0.000509883975610137 0.000510231009684503 0.000510019017383456 0.000505335978232324 0.000506034994032234 0.000506734009832144 0.000507434015162289 0.000507773016579449 0.00050799100426957 0.000508208002429456 0.000508425990119576 0.000508956029079854 0.000509486009832472 0.000510015990585089 0.000510576006490737 0.000511221005581319 0.000511867983732373 0.000512515020091087 0.000513367995154113 0.000514429993927479 0.000515492982231081 0.00051655899733305 0.000516781001351774 0.0005166030023247 0.000516426982358098 0.000516253989189863 0.000516102998517454 0.000515957013703883 0.000515097985044122 0.00051432300824672 0.00051434402121231 0.000514364975970238 0.000514386978466064 0.000514094019308686 0.000513485982082784 0.000512879982125014 0.000513934995979071 0.000513995997607708 0.000514106010086834 0.000514218001626432 0.000514156010467559
0.521264970302582 0.0201945994049311 0.000481747003505006 0.000488298013806343 0.000497372995596379 0.000503501971252263 0.000504310010001063 0.000504683994222432 0.000505056988913566 0.00050095102051273 0.000501627975609154 0.000502397015225142 0.000506983022205532 0.000507108983583748 0.000507356016896665 0.000508387980517 0.000508879020344466 0.000509424018673599 0.000509816978592426 0.000510136014781892 0.000510454003233463 0.000510817975737154 0.000510243000462651 0.000510828976985067 0.000511416990775615 0.000512068974785507 0.00051274400902912 0.000513419974595308 0.000513950013555586 0.000513663981109858 0.000513378996402025 0.000513694016262889 0.000513619976118207 0.000513577018864453 0.000513534003403038 0.000513493025209755 0.000513163977302611 0.00051254901336506 0.00051193602848798 0.000511594989802688 0.000513002974912524 0.000515728024765849 0.000513790990225971 0.000514230981934816
0.505927979946136 0.000478114990983158 0.000479095993796363 0.000480754009913653 0.000482364994240925 0.000483982003061101 0.000485041993670166 0.000485536002088338 0.000486028991872445 0.00048652000259608 0.000487168988911435 0.000487476994749159 0.000487488985527307 0.000488099991343915 0.000489934987854213 0.000490591977722943 0.00049125001532957 0.000491808983497322 0.000492157996632159 0.000493102008476853 0.000496121007017791 0.000498892972245812 0.000504190975334495 0.000507116026710719 0.000508588971570134 0.000508858996909112 0.00050617300439626 0.000507761025801301 0.000509637000504881 0.000510098994709551 0.000511399994138628 0.000511755002662539 0.000511253019794822 0.000510648009367287 0.000510124024003744 0.000509683974087238 0.000509477977175266 0.00051130197243765 0.000511437014210969 0.000511099002324045 0.000511082005687058 0.000512324972078204 0.000514529994688928 0.000516762025654316
0.000666755018755794 0.000476304994663224 0.000474898988613859 0.000475445995107293 0.000476943008834496 0.000477788998978212 0.000478847010526806 0.00047979099326767 0.0004807359946426 0.000481683993712068 0.000482152012409642 0.000482459989143535 0.000482767994981259 0.000483076000818983 0.000484121002955362 0.000485546013806015 0.000486976001411676 0.000488505989778787 0.000490117992740124 0.000489016994833946 0.000486745004309341 0.000487125013023615 0.00048965000314638 0.00049076002324 0.000491018989123404 0.000490877020638436 0.000490600010380149 0.000490323989652097 0.000490048027131706 0.000490340986289084 0.000494055973831564 0.000495584972668439 0.00049917702563107 0.000508430006448179 0.000507473014295101 0.000505462987348437 0.000508330995216966 0.000507943972479552 0.00050818599993363 0.000510310987010598 0.000510987010784447 0.000511495978571475 0.000512788014020771 0.000514044018927962
0.000474164000479504 0.000473179010441527 0.000471714010927826 0.000472618994535878 0.000473736989079043 0.000473939988296479 0.000474144995678216 0.000474808999570087 0.00047601098776795 0.000477216992294416 0.000477608002256602 0.000477727997349575 0.000477847002912313 0.000477966998005286 0.000478780013509095 0.000479620997793972 0.000480610993690789 0.000481143011711538 0.000481617986224592 0.000482092989841476 0.00048256799345836 0.000483089010231197 0.000483796000480652 0.000484504009364173 0.000485213997308165 0.00048496198724024 0.00048571900697425 0.000486476987134665 0.000487234996398911 0.000489774974994361 0.000492711027618498 0.000493034021928906 0.000492481980472803 0.000492540013510734 0.000492597988341004 0.000492656021378934 0.000492781982757151 0.000492975988890976 0.000499622023198754 0.000505835982039571 0.000506228010635823 0.000506935000885278 0.000510519021190703 0.000512317987158895
0.000473569001769647 0.000473549996968359 0.000473549996968359 0.00047360299504362 0.000473691005026922 0.000473636988317594 0.000473778985906392 0.000473860010970384 0.000474213011329994 0.000474692002171651 0.000474680011393502 0.000474505999591202 0.000474330998258665 0.000474911008495837 0.000476302986498922 0.000476485001854599 0.00047666800674051 0.00047684001037851 0.000476976012578234 0.000477113004308194 0.00047738800640218 0.00047829799586907 0.000479498994536698 0.000480221002362669 0.000480485003208742 0.000480601011076942 0.000480860006064177 0.000481616996694356 0.000482900999486446 0.000483707000967115 0.000484188989503309 0.000484971998957917 0.00048502700519748 0.000485716009279713 0.000487126992084086 0.000487951998366043 0.000489807978738099 0.000490460020955652 0.000492814986500889 0.000495163025334477 0.000493223022203892 0.000495252024848014 0.000495083979330957 0.000497148022986948
0.000472993007861078 0.000474483007565141 0.000474786997074261 0.000473677995614707 0.000474030006444082 0.000473407009849325 0.000471867009764537 0.000472170009743422 0.000472473009722307 0.000473277003038675 0.00047323398757726 0.000473193998914212 0.0004731549997814 0.0004732410016004 0.000473404012154788 0.000473566993605345 0.000473730004159734 0.000474659987958148 0.000475198990898207 0.000475981010822579 0.000476849003462121 0.000476860004710034 0.00047681201249361 0.000477047986350954 0.000477358000352979 0.000477635010611266 0.00047790099051781 0.000478166009997949 0.000478430010844022 0.000478283996926621 0.000479457987239584 0.000479209993500262 0.000478339992696419 0.00047878100303933 0.000479626003652811 0.000480927003081888 0.000482775009004399 0.000484446994960308 0.000483281997730955 0.000484007992781699 0.000485917000332847 0.000488844001665711 0.000490707985591143 0.000492192979436368
0.000471823004772887 0.000472674990305677 0.000472793995868415 0.000472596992040053 0.000471998995635659 0.00047117201029323 0.000471084000309929 0.000471314007882029 0.000471543986350298 0.000471951992949471 0.000471890001790598 0.000471937004476786 0.000471948005724698 0.000472056010039523 0.000473758991574869 0.000473942985991016 0.000474536005640402 0.000475417997222394 0.000476368004456162 0.000476470013381913 0.000476529996376485 0.000476590008474886 0.000476649991469458 0.000477149005746469 0.00047770599485375 0.000477889989269897 0.000477807014249265 0.000476690998766571 0.000475576991448179 0.000475518987514079 0.000475139997433871 0.000474536995170638 0.000474005006253719 0.000474383006803691 0.000475114997243509 0.000475987006211653 0.00047797299339436 0.000478689995361492 0.00047940798685886 0.000480126007460058 0.00048089399933815 0.000481678987853229 0.00048187401262112 0.000480949995107949
0.000471484003355727 0.000471631006803364 0.000471837003715336 0.000471384992124513 0.000470920000225306 0.000469519000034779 0.000468431011540815 0.000469041988253593 0.000469652994070202 0.000470649014459923 0.00047082599485293 0.000471145001938567 0.000471559993457049 0.000471976003609598 0.000473230000352487 0.000473738997243345 0.000474622996989638 0.000475290988106281 0.000475309003377333 0.000475326989544556 0.000475345004815608 0.000475306005682796 0.000475479988381267 0.000475696986541152 0.000475818000268191 0.000474886997835711 0.000473594991490245 0.000473699008580297 0.000473857013275847 0.00047334301052615 0.000472562009235844 0.000471828010631725 0.000472745014121756 0.000473268009955063 0.000473783991765231 0.000473599997349083 0.000473894004244357 0.000474667001981288 0.000475442007882521 0.000476221001008525 0.000475851004011929 0.000474235013825819 0.000473886000690982 0.000474798987852409
0.000470917002530769 0.000470989005407318 0.000471067993203178 0.000470503990072757 0.000469447986688465 0.000469458987936378 0.000469446007627994 0.000469586986582726 0.000470252998638898 0.00047035000170581 0.000470338010927662 0.000470566999865696 0.000471184990601614 0.000471147999633104 0.000471651990665123 0.000474080996355042 0.00047517500934191 0.000476192013593391 0.000476632994832471 0.000477076013339683 0.00047738099237904 0.000477363995742053 0.000477186986245215 0.000477010995382443 0.000476833985885605 0.000476168002933264 0.000475194014143199 0.000474200991448015 0.000473377003800124 0.000471687002573162 0.000470163009595126 0.000470124999992549 0.000469488004455343 0.000468984013423324 0.00046848101192154 0.000467978999949992 0.000467993988422677 0.000468526006443426 0.000469708000309765 0.000470534985652193 0.00046926800860092 0.00046695998753421 0.000470072001917288 0.000472242012619972
0.0004698229895439 0.000469544000225142 0.000469379010610282 0.000469557999167591 0.000469357997644693 0.00046968599781394 0.000469205988338217 0.000468807003926486 0.00046868299250491 0.000468445010483265 0.000468612008262426 0.000468701007775962 0.000468970014480874 0.000469240010716021 0.000471467996248975 0.00047316899872385 0.000474024011055008 0.000474492000648752 0.000474656000733376 0.000474820000817999 0.000474984000902623 0.00047490099677816 0.00047458300832659 0.00047448999248445 0.000474675005534664 0.000475059991003945 0.000475453998660669 0.000475848995847628 0.000475365988677368 0.000471314997412264 0.000470022991066799 0.000469669001176953 0.000466403987957165 0.000466494006104767 0.000466809986392036 0.000467011006549001 0.000466471014078707 0.000466388009954244 0.000466305995360017 0.000465483986772597 0.000465491000795737 0.000466610013972968 0.000466842990135774 0.000467075995402411
0.000469102989882231 0.000469102989882231 0.000469258986413479 0.000468723010271788 0.000468418991658837 0.000468526995973662 0.000467911013402045 0.000467923993710428 0.000468042009742931 0.000468159007141367 0.000468307989649475 0.000468468002509326 0.000468351994641125 0.000468217011075467 0.000469135004095733 0.000470425991807133 0.000472740008262917 0.00047418600297533 0.00047447401448153 0.00047562801046297 0.000475551991257817 0.000475949986139312 0.000475664011901245 0.000475957000162452 0.000476262008305639 0.000476655986858532 0.000476443005027249 0.000476104993140325 0.000476048007840291 0.000473237014375627 0.000471342995297164 0.000468607002403587 0.000466570985736325 0.000464871991425753 0.000464587996248156 0.000464304990600795 0.00046365600428544 0.000463494012365118 0.000462724012322724 0.000462674011941999 0.000463462987681851 0.000463784992462024 0.000462894997326657 0.000463784992462024
0.000465896999230608 0.000466027006041259 0.000466630997834727 0.000465602992335334 0.000465535005787387 0.000466536002932116 0.000466096011223271 0.000465705001261085 0.000465313991298899 0.000464924989501014 0.000465112010715529 0.000466775003587827 0.00046737099182792 0.000469844992039725 0.000470211991341785 0.000470499013317749 0.000470784987555817 0.000471815990749747 0.000472726009320468 0.000474250002298504 0.000475778011605144 0.000476457003969699 0.000476281013106927 0.000476106011774391 0.000475931010441855 0.000475339009426534 0.000474608008516952 0.000473878986667842 0.000473151012556627 0.000472819985589013 0.000472037994768471 0.000469824008177966 0.000468084996100515 0.000464632001239806 0.000462708994746208 0.000462099007563666 0.000461479008663446 0.000460926996311173 0.00046037501306273 0.000460379000287503 0.000461035990156233 0.000460871000541374 0.000461496994830668 0.000461926014395431
0.000463041011244059 0.000463106989627704 0.000464023993117735 0.000463859003502876 0.000463695003418252 0.000464504992123693 0.000464414013549685 0.000464460987132043 0.000464507000287995 0.000464554002974182 0.000466116005554795 0.000468085985630751 0.000470064987894148 0.000470683997264132 0.00047036400064826 0.000470044993562624 0.000470330007374287 0.000471953011583537 0.000472114013973624 0.000472276005893946 0.000473527004942298 0.000474411994218826 0.000474283006042242 0.000474155007395893 0.000474027008749545 0.000473132997285575 0.000472968997200951 0.000473021995276213 0.00047307601198554 0.000473002990474924 0.000472929008537903 0.000470823986688629 0.000469343998702243 0.000467995996586978 0.000463789998320863 0.000459898001281545 0.000460232986370102 0.000460159004433081 0.000459225993836299 0.000457165006082505 0.000456179986940697 0.000623890024144202 0.0101260002702475 0.00632769986987114
0.000459155009593815 0.000459331989986822 0.000460012000985444 0.000460993993328884 0.000461721007013693 0.000461591000203043 0.000462438998511061 0.000461977004306391 0.000461821997305378 0.000464815006125718 0.00046532999840565 0.000467648991616443 0.000467748992377892 0.000467319012386724 0.000466970988782123 0.000467022997327149 0.000468924001324922 0.000470827013486996 0.000472721003461629 0.000473060994409025 0.00047322700265795 0.000473377003800124 0.000473513005999848 0.000473649008199573 0.000473864987725392 0.000473888998385519 0.000473983003757894 0.000473986990982667 0.000473257008707151 0.00047070300206542 0.000468162994366139 0.000466570985736325 0.000465273013105616 0.000464520009700209 0.000459366012364626 0.000457565998658538 0.00045766998664476 0.000456820009276271 0.000456593988928944 0.00045503000728786 0.000454532011644915 0.531324982643127 0.521462976932526 0.521584987640381
0.000454914988949895 0.00045429400051944 0.000455511995824054 0.000457876012660563 0.000456928013591096 0.00045721500646323 0.000456898007541895 0.000456643989309669 0.000459406001027673 0.000463483011117205 0.000464968994492665 0.000465341989183798 0.000465263001387939 0.000465185003122315 0.000464890996227041 0.000464596989331767 0.000464781012851745 0.000464446988189593 0.00046404599561356 0.000463928998215124 0.000466074998257682 0.000468107988126576 0.00046949798706919 0.000469380989670753 0.000469263992272317 0.000469232996692881 0.000469285005237907 0.000469907012302428 0.000469226011773571 0.00046786101302132 0.000466008990770206 0.000463022995973006 0.000460503011709079 0.000460526993265375 0.000459653994766995 0.000457573012681678 0.000457552989246324 0.000456145993666723 0.000453415996162221 0.000450702995294705 0.000448795995907858 0.509558022022247 0.51502799987793 0.518644988536835
0.000451202009571716 0.000451299012638628 0.000451602012617514 0.000452203006716445 0.000453335989732295 0.000453577988082543 0.000454277993412688 0.000454716995591298 0.00045537599362433 0.00045522500295192 0.000455505010904744 0.000457563000964001 0.000460262992419302 0.000460067007225007 0.00045965300523676 0.000459239992778748 0.000458828988485038 0.000458439986687154 0.000458113994682208 0.000457790010841563 0.00045746800606139 0.000459836010122672 0.000458847003756091 0.000462204014183953 0.00046152900904417 0.000458906986750662 0.000459205009974539 0.000459586997749284 0.000459967995993793 0.000458530004834756 0.000456882000435144 0.000455859990324825 0.000455842004157603 0.000455781002528965 0.000453110988019034 0.000450324005214497 0.000447442987933755 0.000445712998043746 0.000441965996287763 0.000439836992882192 0.000439616007497534 0.000455928995506838 0.512293994426727 0.513621985912323
0.000440025003626943 0.000438429007772356 0.000438549992395565 0.000439930008724332 0.000441431009676307 0.000442374002886936 0.000442599004600197 0.000442958000348881 0.000443500990513712 0.000443728000391275 0.00044565400457941 0.000448631006292999 0.000449465995188802 0.000449809012934566 0.000448995997430757 0.000447041005827487 0.000444575998699293 0.000443799013737589 0.000443988014012575 0.000446077989181504 0.000447422993602231 0.00044879800407216 0.000449376995675266 0.000449623999884352 0.000449871004093438 0.000449543993454427 0.000449026003479958 0.000448509003035724 0.000449046987341717 0.000448373990366235 0.000447700993390754 0.000447030004579574 0.000445849989773706 0.000444177014287561 0.000442124990513548 0.000439894007286057 0.000437317008618265 0.000434399989899248 0.000433020002674311 0.000428208993980661 0.000425753998570144 0.000424004014348611 0.425864011049271 0.504453003406525
0.000426963990321383 0.000427285005571321 0.000427579012466595 0.000427802006015554 0.000426893995609134 0.000427074992330745 0.000427321996539831 0.000426723010605201 0.00042731998837553 0.000427337014116347 0.000427521008532494 0.000428497995017096 0.000429205014370382 0.000430459011113271 0.000430610991315916 0.00042881999979727 0.000430918007623404 0.000431558000855148 0.000433181994594634 0.000432530010584742 0.000432280008681118 0.000432494998676702 0.000434276007581502 0.000436109985457733 0.000437952985521406 0.000438187009422109 0.000437370006693527 0.000436489994172007 0.000435675989137962 0.000435113004641607 0.000434615998528898 0.000433359993621707 0.000431933993240818 0.000429865991463885 0.000426089012762532 0.000424061989178881 0.000422276993049309 0.000420558004407212 0.000418345996877179 0.000410567998187616 0.000410239008488134 0.000411187007557601 0.000463142001535743 0.502299010753632
