results/Predictions/Median/Danian.asc
NCOLS 360 
NROWS 180 
XLLCORNER -180 
YLLCORNER -90 
CELLSIZE 1 
NODATA_value -3.4e+38 
[rows 52 to 77 of 180, columns 177 to 235 of 360]
0.107643000781536 0.11854899674654 0.129675000905991 0.13986299932003 0.146467000246048 -3.4e+38 -3.4e+38 -3.4e+38 0.180261000990868 0.194848999381065 0.209882006049156 0.216949999332428 0.223491996526718 -3.4e+38 -3.4e+38 -3.4e+38 0.205091997981071 0.193205997347832 0.178213000297546 0.1632129997015 0.149257004261017 0.137932002544403 0.137979999184608 0.142311006784439 0.149929001927376 0.15828500688076 0.170141994953156 0.182245001196861 0.193923994898796 0.203110992908478 0.198394998908043 0.193298995494843 0.187960997223854 0.185965999960899 0.185249000787735 0.185565993189812 0.186207994818687 0.17229300737381 0.156001999974251 0.140589997172356 0.126414000988007 0.104117996990681 0.0860122963786125 0.0693845003843307 0.055442500859499 0.044420599937439 0.0361188985407352 0.0292457994073629 0.0266590006649494 0.0277414005249739 0.0289537999778986 0.0298094991594553 0.0268435999751091 0.0230372007936239 0.020423399284482 0.0181141998618841 0.0173567999154329 0.0166894998401403 0.0161095000803471
-3.4e+38 -3.4e+38 -3.4e+38 0.175132006406784 0.174099996685982 0.173711001873016 -3.4e+38 0.185127004981041 0.201754003763199 0.220311999320984 0.2396350055933 0.243165001273155 -3.4e+38 -3.4e+38 -3.4e+38 0.235544994473457 0.225272998213768 0.213986992835999 0.204634994268417 0.194003000855446 0.184209004044533 0.1752769947052 0.175596997141838 0.181833997368813 0.188106000423431 0.193970993161201 0.201437994837761 0.208169996738434 0.214377000927925 0.218845993280411 0.212610006332397 0.206028997898102 0.200397998094559 0.198172003030777 0.201077997684479 0.204018995165825 0.206330999732018 0.19888199865818 0.187932997941971 0.177297994494438 0.167214006185532 0.148845002055168 0.130112007260323 0.113356001675129 0.0939174965023994 0.0703942999243736 0.0546723008155823 0.0409866012632847 0.0364271998405457 0.0387592986226082 0.0407932996749878 0.043222900480032 0.0389381982386112 0.0333150997757912 0.0284061003476381 0.024702500551939 0.0238122995942831 0.0227649006992579 0.0225521996617317
-3.4e+38 -3.4e+38 -3.4e+38 -3.4e+38 0.206247001886368 0.19930799305439 0.192901000380516 0.204232007265091 0.223222002387047 0.242825001478195 0.263711988925934 0.265293002128601 -3.4e+38 -3.4e+38 -3.4e+38 0.254420012235641 0.244626998901367 0.23649500310421 0.230663999915123 0.227140992879868 0.22427000105381 0.221505001187325 0.223134994506836 0.225504994392395 0.228661000728607 0.232010006904602 0.233420997858047 0.234209001064301 0.235705003142357 0.234746992588043 0.227512001991272 0.219499006867409 -3.4e+38 -3.4e+38 0.216447994112968 0.221081003546715 0.225057005882263 0.22545300424099 0.223009005188942 0.220549002289772 0.218075007200241 0.201966002583504 0.188587993383408 0.172821000218391 0.149829000234604 0.104492999613285 0.0790377035737038 0.0564305000007153 0.0486265011131763 0.0527902990579605 0.0567009001970291 0.0604002997279167 0.0553327985107899 0.0470803007483482 0.0399658009409904 0.0340484008193016 0.0325183011591434 0.0317874997854233 0.0309737995266914
-3.4e+38 -3.4e+38 -3.4e+38 0.218282997608185 0.218390002846718 0.220006003975868 0.221511006355286 0.235422000288963 0.254568010568619 0.27293199300766 0.292158991098404 0.292993009090424 -3.4e+38 -3.4e+38 -3.4e+38 0.277808994054794 0.269760996103287 0.262028992176056 0.257928997278214 0.258376985788345 0.257602989673615 0.25602999329567 0.258038997650146 0.261545985937119 0.2656170129776 0.267172008752823 0.261898994445801 0.258168011903763 0.255127996206284 0.250694990158081 0.242382004857063 0.235018998384476 0.228189006447792 -3.4e+38 -3.4e+38 -3.4e+38 -3.4e+38 -3.4e+38 0.244781002402306 0.248574003577232 0.254108995199203 0.246635004878044 0.239993005990982 0.23233699798584 0.209334999322891 0.14699399471283 0.109751999378204 0.0786347985267639 0.0674173012375832 0.0704945027828217 0.0738537982106209 0.0771647021174431 0.0713144019246101 0.0638080984354019 0.0555728003382683 0.048395499587059 0.0467339009046555 0.0455201007425785 0.0448203012347221
-3.4e+38 -3.4e+38 0.179805994033813 0.189440995454788 0.213107004761696 0.237892001867294 0.266245990991592 0.28515100479126 0.30001100897789 0.314983993768692 0.328530013561249 -3.4e+38 0.321796000003815 -3.4e+38 -3.4e+38 -3.4e+38 0.300608992576599 0.292396008968353 0.287045985460281 0.284195989370346 0.281374990940094 0.279495000839233 0.28023499250412 0.283073008060455 0.285955011844635 0.287142992019653 0.281962990760803 -3.4e+38 -3.4e+38 -3.4e+38 -3.4e+38 0.249689996242523 0.241537004709244 0.238392993807793 -3.4e+38 -3.4e+38 0.244065001606941 0.250990986824036 0.257616996765137 0.264791995286942 0.272484004497528 0.274414002895355 0.276769012212753 0.281208992004395 0.26485401391983 0.203480005264282 0.148542001843452 -3.4e+38 0.0941831991076469 0.0916740000247955 0.0903579965233803 0.0936698988080025 0.0898685976862907 0.0822955965995789 0.0764193013310432 0.0717085003852844 0.0702283978462219 0.0684880986809731 0.0664876028895378
0.208776995539665 0.181081995368004 0.171862006187439 0.182824999094009 0.212987005710602 0.259622007608414 0.320004999637604 0.344199985265732 0.351675003767014 0.358622014522552 -3.4e+38 -3.4e+38 -3.4e+38 -3.4e+38 -3.4e+38 -3.4e+38 0.329964995384216 0.322791993618011 0.316644012928009 0.31172901391983 0.307453989982605 0.303739011287689 0.302457988262177 0.305388987064362 0.307134985923767 0.306856989860535 0.300832003355026 0.294818013906479 -3.4e+38 -3.4e+38 0.274347990751266 0.266010999679565 0.257773995399475 0.251634001731873 0.249421998858452 0.24770599603653 0.245983004570007 0.254139006137848 0.266321986913681 0.277583003044128 0.28881099820137 0.302285999059677 0.316603988409042 0.336084008216858 0.334874987602234 0.270787000656128 0.215219005942345 0.162296995520592 0.134283006191254 0.126989006996155 0.118303000926971 0.118056997656822 0.114846996963024 0.109442003071308 0.104163996875286 0.103982999920845 0.101352997124195 0.0978541001677513 0.0939750969409943
0.290455996990204 0.263785004615784 0.239836007356644 0.245750993490219 0.279650986194611 0.314552992582321 -3.4e+38 -3.4e+38 -3.4e+38 -3.4e+38 -3.4e+38 -3.4e+38 -3.4e+38 -3.4e+38 -3.4e+38 -3.4e+38 -3.4e+38 0.346320003271103 0.339780986309052 0.334154009819031 0.328408002853394 0.32234400510788 0.320773988962173 0.320309013128281 -3.4e+38 0.318614989519119 0.313874006271362 0.309215992689133 -3.4e+38 0.300011992454529 0.2933129966259 0.286639988422394 0.279996991157532 -3.4e+38 0.27191698551178 0.270229011774063 0.268916010856628 0.277146995067596 0.288354992866516 0.30019599199295 0.312175005674362 0.325217008590698 -3.4e+38 0.35785299539566 0.358393996953964 0.309513986110687 0.26164498925209 0.214662998914719 0.176484003663063 0.141334995627403 0.113353997468948 0.0983868986368179 0.09809560328722 0.107009001076221 0.115432001650333 0.127489000558853 0.131927996873856 0.136304005980492 0.140777006745338
0.380261987447739 0.365581005811691 0.351300001144409 -3.4e+38 -3.4e+38 -3.4e+38 -3.4e+38 -3.4e+38 -3.4e+38 -3.4e+38 -3.4e+38 -3.4e+38 -3.4e+38 -3.4e+38 -3.4e+38 -3.4e+38 -3.4e+38 -3.4e+38 0.362713009119034 0.355746001005173 0.34867200255394 0.340234994888306 0.336261987686157 0.33550700545311 -3.4e+38 0.3299959897995 0.327683001756668 0.325361996889114 0.323033004999161 0.31988799571991 0.314754009246826 0.309603005647659 0.30443799495697 0.299587994813919 0.296184003353119 0.294472992420197 0.292387008666992 0.299349993467331 0.308499991893768 0.318637013435364 0.330399006605148 0.343928009271622 -3.4e+38 -3.4e+38 -3.4e+38 0.339168012142181 0.302139014005661 -3.4e+38 0.216014996170998 0.156469002366066 0.113035000860691 0.0890450999140739 0.091771699488163 0.105290003120899 0.127232000231743 0.155612006783485 0.174199998378754 0.192037001252174 0.212197005748749
-3.4e+38 -3.4e+38 -3.4e+38 0.429866999387741 -3.4e+38 -3.4e+38 0.417412996292114 0.419380992650986 0.422677993774414 -3.4e+38 -3.4e+38 -3.4e+38 -3.4e+38 -3.4e+38 -3.4e+38 -3.4e+38 -3.4e+38 -3.4e+38 -3.4e+38 0.376087993383408 0.367482006549835 0.359539985656738 0.355084002017975 0.35284298658371 -3.4e+38 -3.4e+38 0.342976003885269 0.341627985239029 0.340272009372711 0.338261991739273 0.334331005811691 0.330601990222931 0.32685399055481 0.322970002889633 0.319646000862122 0.317882001399994 0.315872997045517 0.322324991226196 0.330742001533508 0.339377999305725 0.349974989891052 -3.4e+38 -3.4e+38 -3.4e+38 -3.4e+38 -3.4e+38 0.340889990329742 -3.4e+38 -3.4e+38 -3.4e+38 -3.4e+38 0.105751000344753 0.106610000133514 0.120282001793385 0.14207099378109 0.167613998055458 0.195105999708176 0.229074001312256 0.265327006578445
0.454362988471985 0.453442007303238 0.452771008014679 0.451411992311478 0.449232995510101 0.442106992006302 0.4356330037117 0.437445998191833 0.441145002841949 0.444191992282867 0.446985989809036 0.441733986139297 0.436253011226654 -3.4e+38 -3.4e+38 -3.4e+38 -3.4e+38 -3.4e+38 -3.4e+38 -3.4e+38 0.386323004961014 0.37992200255394 0.375438004732132 0.371740996837616 -3.4e+38 -3.4e+38 0.361977010965347 0.360345989465714 0.358700007200241 0.356801003217697 0.354171007871628 0.351799994707108 0.349465996026993 0.346715986728668 0.343555003404617 0.341913014650345 0.340573996305466 0.345463007688522 0.353141009807587 0.363550990819931 0.376464009284973 0.387562990188599 0.397058993577957 -3.4e+38 -3.4e+38 -3.4e+38 -3.4e+38 -3.4e+38 0.319988012313843 0.263713002204895 -3.4e+38 0.170114994049072 0.156187996268272 0.155509993433952 0.160481005907059 0.163192003965378 0.196937993168831 0.233476996421814 0.287129998207092
0.470385998487473 0.473008006811142 0.473661988973618 0.471038013696671 0.469316005706787 0.460359990596771 0.453276008367538 0.453684002161026 0.45881199836731 0.463881999254227 0.465936988592148 0.45914900302887 0.451752990484238 0.44471600651741 -3.4e+38 -3.4e+38 -3.4e+38 -3.4e+38 -3.4e+38 -3.4e+38 0.404514998197556 0.398478001356125 0.393527001142502 0.389106005430222 -3.4e+38 -3.4e+38 -3.4e+38 0.378369987010956 0.377279013395309 0.37593799829483 0.374179005622864 0.372516989707947 0.371315002441406 0.369289010763168 0.366971999406815 0.364679992198944 0.363629013299942 0.368694990873337 0.378291994333267 0.390828013420105 0.403129994869232 0.408874988555908 0.415491014719009 0.420295000076294 -3.4e+38 -3.4e+38 -3.4e+38 -3.4e+38 -3.4e+38 0.34673199057579 0.313131004571915 0.278282999992371 0.234010994434357 0.198386996984482 0.17892099916935 0.164787992835045 0.201872006058693 0.249362006783485 0.304845005273819
-3.4e+38 -3.4e+38 -3.4e+38 -3.4e+38 -3.4e+38 0.463326007127762 0.46409198641777 0.46500301361084 0.468726992607117 0.475811004638672 0.482454985380173 0.474442005157471 0.466309010982513 0.457978010177612 -3.4e+38 -3.4e+38 -3.4e+38 -3.4e+38 -3.4e+38 -3.4e+38 -3.4e+38 0.415194004774094 0.411199003458023 0.407077997922897 0.402491986751556 0.398380994796753 0.396510988473892 0.394623011350632 0.392717987298965 0.390814989805222 0.388673007488251 0.386864989995956 0.385107010602951 0.383522003889084 0.382191002368927 0.381680011749268 0.381980985403061 0.385226011276245 0.39155301451683 0.399785995483398 0.407119005918503 0.413576990365982 0.419735997915268 0.425244003534317 -3.4e+38 -3.4e+38 -3.4e+38 -3.4e+38 -3.4e+38 -3.4e+38 -3.4e+38 0.332783997058868 0.298274010419846 0.261604011058807 0.23479500412941 0.216069996356964 0.253349006175995 0.293172985315323 0.348450005054474
-3.4e+38 -3.4e+38 -3.4e+38 0.457195997238159 0.461636990308762 0.466497987508774 0.477387994527817 0.478749990463257 0.477382004261017 0.484905004501343 0.494868010282516 0.486333012580872 0.477279990911484 0.468993991613388 -3.4e+38 -3.4e+38 -3.4e+38 -3.4e+38 -3.4e+38 -3.4e+38 -3.4e+38 -3.4e+38 0.427617013454437 0.42391499876976 0.420204013586044 0.416202008724213 0.413679003715515 0.410878986120224 0.408059000968933 0.405431002378464 0.403214991092682 0.400664001703262 -3.4e+38 0.396678000688553 0.396757006645203 0.397998005151749 0.399877995252609 0.40294998884201 0.405110001564026 0.407240986824036 0.411437004804611 0.418051987886429 0.424201011657715 0.428254008293152 -3.4e+38 -3.4e+38 -3.4e+38 -3.4e+38 -3.4e+38 -3.4e+38 -3.4e+38 -3.4e+38 0.363418012857437 0.338856995105743 0.315185993909836 0.289983987808228 0.323460012674332 0.356763988733292 0.392006993293762
-3.4e+38 -3.4e+38 0.414332985877991 0.424001008272171 0.442651003599167 0.460887014865875 0.484575986862183 0.48913300037384 0.489232003688812 0.496531009674072 0.505007982254028 0.495599985122681 0.486117005348206 0.476952999830246 0.469673007726669 -3.4e+38 -3.4e+38 -3.4e+38 -3.4e+38 -3.4e+38 -3.4e+38 -3.4e+38 -3.4e+38 0.436650007963181 0.433595985174179 0.430536985397339 0.427177011966705 0.423703998327255 0.420215010643005 -3.4e+38 -3.4e+38 -3.4e+38 -3.4e+38 -3.4e+38 0.408219009637833 0.412220001220703 0.417317003011703 0.418175995349884 0.417811989784241 0.41889899969101 0.420612990856171 0.426418006420135 0.431522995233536 0.435272991657257 -3.4e+38 -3.4e+38 -3.4e+38 -3.4e+38 -3.4e+38 -3.4e+38 -3.4e+38 -3.4e+38 -3.4e+38 0.390933007001877 0.377480000257492 0.364367008209229 0.381884008646011 0.401542007923126 0.423703998327255
-3.4e+38 0.346803992986679 0.351408004760742 0.372507989406586 0.41100800037384 0.45040300488472 0.489652991294861 0.501715004444122 0.504812002182007 0.507327020168304 0.511029005050659 0.501941025257111 0.49345999956131 0.483956009149551 0.476889997720718 0.472763001918793 0.468786001205444 0.464282006025314 0.460388988256454 0.457150995731354 0.453790009021759 0.450515002012253 0.448314994573593 0.446417987346649 0.444471001625061 0.442416995763779 0.43792998790741 -3.4e+38 -3.4e+38 -3.4e+38 -3.4e+38 -3.4e+38 -3.4e+38 0.416967004537582 0.420864999294281 0.425790995359421 0.431210994720459 0.432303994894028 0.431701004505157 0.43266499042511 0.434195995330811 0.438706010580063 0.443423986434937 0.44683501124382 0.44880598783493 -3.4e+38 -3.4e+38 -3.4e+38 -3.4e+38 -3.4e+38 -3.4e+38 -3.4e+38 -3.4e+38 -3.4e+38 -3.4e+38 0.401362001895905 0.41407498717308 0.426872998476028 0.438322991132736
-3.4e+38 0.297170013189316 0.327239990234375 0.356821000576019 0.390343993902206 0.435671001672745 0.500553011894226 0.51835697889328 0.518141984939575 0.514728009700775 0.511543989181519 0.503862977027893 0.496313005685806 0.488869994878769 0.482427000999451 0.479461014270782 0.476440995931625 0.474400997161865 0.470687001943588 0.466286987066269 0.46186500787735 0.457134008407593 0.455715000629425 0.454685986042023 0.453649014234543 0.452437996864319 -3.4e+38 -3.4e+38 -3.4e+38 -3.4e+38 -3.4e+38 -3.4e+38 -3.4e+38 0.428820013999939 0.434042006731033 0.439404994249344 0.44420400261879 0.445681005716324 0.445845007896423 0.446496993303299 0.44700500369072 0.450239986181259 0.454896003007889 0.457345992326736 0.459161013364792 0.455473005771637 -3.4e+38 -3.4e+38 -3.4e+38 -3.4e+38 -3.4e+38 -3.4e+38 -3.4e+38 -3.4e+38 -3.4e+38 -3.4e+38 0.442797005176544 0.448406994342804 0.451523989439011
-3.4e+38 0.346240997314453 0.364464998245239 0.380230009555817 0.401234000921249 0.443390995264053 0.482297003269196 0.488835990428925 0.493757992982864 0.507059991359711 0.520051002502441 0.514223992824554 0.508572995662689 0.502420008182526 0.495200008153915 0.488065004348755 0.479786992073059 0.471260994672775 0.466847985982895 0.466001003980637 0.46450999379158 0.460197001695633 0.457735002040863 0.455413997173309 0.45345801115036 0.450798004865646 0.450753003358841 0.450688987970352 0.450381010770798 0.450787991285324 0.451898008584976 0.452327013015747 0.452645987272263 0.449678987264633 0.446285992860794 0.444552004337311 0.442155003547668 0.445349007844925 0.449279993772507 0.454064011573792 0.459042012691498 0.459336012601852 0.460592985153198 0.461600005626678 0.462424993515015 0.463153004646301 -3.4e+38 -3.4e+38 -3.4e+38 -3.4e+38 -3.4e+38 -3.4e+38 -3.4e+38 -3.4e+38 -3.4e+38 -3.4e+38 -3.4e+38 -3.4e+38 -3.4e+38
-3.4e+38 0.409038007259369 0.397747993469238 0.414330005645752 0.441700011491776 0.477420002222061 0.506402015686035 0.506461977958679 0.49676901102066 0.5001580119133 0.530776977539062 0.52524197101593 0.519298017024994 0.513595998287201 0.506437003612518 0.494340002536774 0.482093006372452 0.46942999958992 0.463259994983673 0.464623004198074 0.465191006660461 0.461753994226456 0.457628011703491 0.453474998474121 0.448004007339478 0.443935006856918 0.449503988027573 0.454762995243073 0.460418999195099 0.466138005256653 0.470981985330582 0.474637001752853 0.476568996906281 0.470256000757217 0.456842988729477 0.447986990213394 0.43912398815155 0.442510008811951 0.452398002147675 0.460909008979797 0.469617009162903 0.467767000198364 0.46587198972702 0.464619994163513 0.465535014867783 0.471578001976013 0.474745988845825 -3.4e+38 -3.4e+38 -3.4e+38 -3.4e+38 -3.4e+38 -3.4e+38 -3.4e+38 -3.4e+38 -3.4e+38 -3.4e+38 -3.4e+38 -3.4e+38
-3.4e+38 0.451150000095367 0.449202001094818 0.466778010129929 0.479465991258621 0.501940011978149 0.519257009029388 0.515245974063873 0.505037009716034 0.500083982944489 0.528147995471954 0.523337006568909 0.518362998962402 0.513243973255157 0.504951000213623 0.490206003189087 0.475217998027802 0.460388988256454 0.455386012792587 0.459215998649597 0.462072014808655 0.462426990270615 0.460566014051437 0.457610011100769 0.453841000795364 0.450520992279053 0.45737698674202 0.464206993579865 0.470928996801376 0.476410001516342 0.479095995426178 0.48207899928093 0.483107000589371 0.474043011665344 -3.4e+38 0.449589997529984 0.441390991210938 0.443870007991791 0.454106986522675 0.46662300825119 0.478271991014481 0.475239992141724 0.471534997224808 0.467512995004654 0.466365993022919 0.475427001714706 0.483523994684219 0.490925014019012 -3.4e+38 -3.4e+38 -3.4e+38 -3.4e+38 -3.4e+38 -3.4e+38 -3.4e+38 -3.4e+38 -3.4e+38 -3.4e+38 -3.4e+38
0.406143009662628 0.456169992685318 0.496183007955551 0.514765024185181 0.514554977416992 0.518661022186279 0.523581981658936 0.518157005310059 0.513247013092041 0.508894026279449 0.515116989612579 0.508671998977661 -3.4e+38 -3.4e+38 -3.4e+38 -3.4e+38 0.463330000638962 0.454021006822586 0.45176100730896 0.455556988716125 0.460179001092911 0.463717997074127 0.469101995229721 0.471201002597809 0.473585993051529 0.476752012968063 0.479220002889633 0.481514990329742 0.484225988388062 0.484914004802704 0.479891985654831 0.475807011127472 0.469749003648758 0.461263000965118 -3.4e+38 0.454151004552841 0.456122010946274 0.451855003833771 0.457735985517502 0.470775008201599 0.483898013830185 0.478947013616562 0.473998993635178 0.469460010528564 0.467857986688614 0.477463006973267 0.485464990139008 0.493640005588531 0.496989995241165 -3.4e+38 -3.4e+38 -3.4e+38 -3.4e+38 -3.4e+38 -3.4e+38 -3.4e+38 -3.4e+38 -3.4e+38 -3.4e+38
0.374460995197296 0.463519006967545 0.544435977935791 0.566349983215332 0.546522974967957 -3.4e+38 -3.4e+38 -3.4e+38 0.520330011844635 0.515648007392883 -3.4e+38 -3.4e+38 -3.4e+38 -3.4e+38 -3.4e+38 -3.4e+38 0.453314989805222 0.448864996433258 0.44964200258255 0.456164985895157 0.462920993566513 0.46748098731041 0.475409001111984 0.48378598690033 0.493483990430832 0.502219974994659 0.499843001365662 0.497337013483047 0.494792997837067 0.491712003946304 0.484010994434357 0.474323987960815 0.463164001703262 -3.4e+38 -3.4e+38 0.455004990100861 0.464727014303207 0.465115994215012 0.462307006120682 0.474678993225098 0.489077985286713 0.482964009046555 0.475825011730194 0.46908700466156 0.467063993215561 0.47680801153183 0.48759201169014 0.496140003204346 0.501010000705719 0.502321004867554 -3.4e+38 -3.4e+38 -3.4e+38 -3.4e+38 -3.4e+38 -3.4e+38 -3.4e+38 -3.4e+38 -3.4e+38
0.460803002119064 0.506527006626129 0.545239984989166 -3.4e+38 -3.4e+38 -3.4e+38 -3.4e+38 -3.4e+38 -3.4e+38 -3.4e+38 -3.4e+38 -3.4e+38 -3.4e+38 -3.4e+38 -3.4e+38 -3.4e+38 -3.4e+38 0.447160989046097 0.447470009326935 0.45135098695755 0.456584990024567 0.461223989725113 0.465999007225037 0.472741991281509 0.478022992610931 0.484883993864059 0.488750994205475 0.492594003677368 0.49567699432373 0.495869994163513 0.486463993787766 0.475257009267807 0.462895005941391 -3.4e+38 -3.4e+38 -3.4e+38 0.416334003210068 0.426786005496979 0.441154003143311 0.455729991197586 0.470295995473862 0.469112008810043 0.466939985752106 0.464462995529175 0.46424400806427 0.471341013908386 0.476790010929108 0.483702003955841 0.48844501376152 0.490314990282059 0.491302996873856 -3.4e+38 -3.4e+38 -3.4e+38 -3.4e+38 -3.4e+38 -3.4e+38 -3.4e+38 -3.4e+38
0.529817998409271 0.540592014789581 0.549638986587524 -3.4e+38 -3.4e+38 -3.4e+38 -3.4e+38 -3.4e+38 -3.4e+38 -3.4e+38 -3.4e+38 -3.4e+38 -3.4e+38 -3.4e+38 -3.4e+38 -3.4e+38 -3.4e+38 -3.4e+38 0.453056007623672 -3.4e+38 -3.4e+38 -3.4e+38 -3.4e+38 -3.4e+38 -3.4e+38 -3.4e+38 0.477005004882812 0.48616299033165 0.493474006652832 0.495218992233276 0.485767006874084 0.475084006786346 0.461104989051819 -3.4e+38 -3.4e+38 -3.4e+38 -3.4e+38 0.413722991943359 0.423388987779617 0.45058000087738 0.477364987134933 0.478383988142014 0.478031009435654 0.476442992687225 0.474366992712021 0.472701996564865 0.471264004707336 0.472207993268967 0.476310014724731 0.480509996414185 0.486169010400772 0.491189986467361 -3.4e+38 -3.4e+38 -3.4e+38 -3.4e+38 -3.4e+38 -3.4e+38 -3.4e+38
0.549156010150909 0.54940402507782 0.553149998188019 -3.4e+38 -3.4e+38 -3.4e+38 -3.4e+38 -3.4e+38 -3.4e+38 -3.4e+38 -3.4e+38 -3.4e+38 -3.4e+38 -3.4e+38 -3.4e+38 -3.4e+38 -3.4e+38 -3.4e+38 -3.4e+38 -3.4e+38 -3.4e+38 -3.4e+38 -3.4e+38 -3.4e+38 -3.4e+38 -3.4e+38 -3.4e+38 0.474231004714966 0.480313003063202 0.482268989086151 0.473632007837296 0.464756011962891 0.454708993434906 -3.4e+38 -3.4e+38 -3.4e+38 -3.4e+38 -3.4e+38 -3.4e+38 -3.4e+38 0.467368990182877 0.472526997327805 0.477129995822906 0.48107698559761 0.48335400223732 0.481665998697281 0.479281008243561 0.477075010538101 0.476496011018753 0.482140988111496 0.48633399605751 0.491802006959915 -3.4e+38 -3.4e+38 -3.4e+38 -3.4e+38 -3.4e+38 -3.4e+38 -3.4e+38
0.542020976543427 0.548705995082855 -3.4e+38 -3.4e+38 -3.4e+38 -3.4e+38 -3.4e+38 -3.4e+38 -3.4e+38 -3.4e+38 -3.4e+38 -3.4e+38 -3.4e+38 -3.4e+38 -3.4e+38 -3.4e+38 -3.4e+38 -3.4e+38 -3.4e+38 -3.4e+38 -3.4e+38 -3.4e+38 -3.4e+38 -3.4e+38 -3.4e+38 -3.4e+38 -3.4e+38 -3.4e+38 0.457975000143051 0.457850009202957 0.453332006931305 0.448760002851486 -3.4e+38 -3.4e+38 -3.4e+38 -3.4e+38 -3.4e+38 -3.4e+38 -3.4e+38 -3.4e+38 -3.4e+38 0.448873996734619 0.460413992404938 0.470665991306305 0.477775990962982 0.4792740046978 0.479654014110565 0.477265000343323 0.475001990795135 0.483049988746643 0.486368000507355 0.491252988576889 0.490016996860504 -3.4e+38 -3.4e+38 -3.4e+38 -3.4e+38 -3.4e+38 -3.4e+38
-3.4e+38 -3.4e+38 -3.4e+38 -3.4e+38 -3.4e+38 -3.4e+38 -3.4e+38 -3.4e+38 -3.4e+38 -3.4e+38 -3.4e+38 -3.4e+38 -3.4e+38 -3.4e+38 -3.4e+38 -3.4e+38 -3.4e+38 -3.4e+38 -3.4e+38 -3.4e+38 -3.4e+38 -3.4e+38 -3.4e+38 -3.4e+38 -3.4e+38 -3.4e+38 -3.4e+38 -3.4e+38 -3.4e+38 0.433732986450195 0.432949006557465 -3.4e+38 -3.4e+38 -3.4e+38 -3.4e+38 -3.4e+38 -3.4e+38 -3.4e+38 -3.4e+38 -3.4e+38 -3.4e+38 -3.4e+38 0.439128011465073 0.453193992376328 0.465874999761581 0.472970008850098 0.478614002466202 0.476273000240326 0.474334001541138 0.483743995428085 0.491046011447906 0.497444987297058 0.497790992259979 0.496082007884979 -3.4e+38 -3.4e+38 -3.4e+38 -3.4e+38 -3.4e+38
