results/Predictions/Median/Danian.asc
NCOLS 360 
NROWS 180 
XLLCORNER -180 
YLLCORNER -90 
CELLSIZE 1 
NODATA_value -3.4e+38 
[rows 140 to 159 of 180, columns 88 to 131 of 360]
1.19732003440731e-05 1.21495004350436e-05 1.23422996693989e-05 1.25525002658833e-05 1.27556004372309e-05 1.29619002109393e-05 1.30722000903916e-05 1.3150200175005e-05 1.32286995722097e-05 1.33077001009951e-05 1.36822000058601e-05 1.39920002766303e-05 1.43078996188706e-05 1.45943004099536e-05 1.48440003613359e-05 1.50981004480855e-05 1.53389992192388e-05 1.54583995026769e-05 1.56226997205522e-05 1.55524994625011e-05 1.5526900824625e-05 1.6017300367821e-05 1.69066006492358e-05 1.7885800843942e-05 1.90030004887376e-05 1.85079006769229e-05 1.80444003490265e-05 1.75713994394755e-05 1.71922001754865e-05 0.0370723009109497 -3.4e+38 -3.4e+38 -3.4e+38 -3.4e+38 -3.4e+38 -3.4e+38 -3.4e+38 -3.4e+38 -3.4e+38 -3.4e+38 -3.4e+38 -3.4e+38 -3.4e+38 0.0188979990780354
9.93037974694744e-06 1.01255000117817e-05 1.03222000689129e-05 1.05205999716418e-05 1.07228997876518e-05 1.09290003820206e-05 1.10684004539507e-05 1.11856998046278e-05 1.13042997327284e-05 1.14241001938353e-05 1.17440004032687e-05 1.20856002467917e-05 1.23924000945408e-05 1.26485001601395e-05 1.28103001770796e-05 1.29976997413905e-05 1.3268499969854e-05 1.34990996230044e-05 1.36693997774273e-05 1.36907001433428e-05 1.36047001433326e-05 1.41684004120179e-05 1.5017700206954e-05 1.60241997946287e-05 1.69250997714698e-05 1.66976005857578e-05 1.62527994689299e-05 1.58721995831002e-05 1.54706995090237e-05 0.0346276015043259 -3.4e+38 -3.4e+38 -3.4e+38 -3.4e+38 -3.4e+38 -3.4e+38 -3.4e+38 -3.4e+38 -3.4e+38 -3.4e+38 -3.4e+38 -3.4e+38 -3.4e+38 0.0189009997993708
8.3241902757436e-06 8.48862964630825e-06 8.64407957124058e-06 8.78989976627054e-06 8.93820015335223e-06 9.08900983631611e-06 9.22634990274673e-06 9.35623029363342e-06 9.48793967836536e-06 9.62152989814058e-06 9.95817026705481e-06 1.03066004157881e-05 1.06672996480484e-05 1.09522998172906e-05 1.11391000245931e-05 1.13343003249611e-05 1.15535003715195e-05 1.17876998046995e-05 1.19032001748565e-05 1.19769001685199e-05 1.20624999908614e-05 1.25534998005605e-05 1.33398998514167e-05 1.43131001095753e-05 1.53097007569158e-05 1.50654996105004e-05 1.45801996040973e-05 1.43287998071173e-05 1.37966999318451e-05 0.0305150002241135 -3.4e+38 -3.4e+38 -3.4e+38 -3.4e+38 -3.4e+38 -3.4e+38 -3.4e+38 -3.4e+38 -3.4e+38 -3.4e+38 -3.4e+38 -3.4e+38 -3.4e+38 -3.4e+38
7.17092007107567e-06 7.3210599111917e-06 7.46282012187294e-06 7.59559998186887e-06 7.73033025325276e-06 7.86725013313117e-06 7.99120971350931e-06 8.11022982816212e-06 8.2310298239463e-06 8.35362970974529e-06 8.61279022501549e-06 8.87999976839637e-06 9.15553027880378e-06 9.42588030738989e-06 9.67012965702452e-06 9.92963032331318e-06 1.01518999144901e-05 1.02986996353138e-05 1.03489001048729e-05 1.0371900316386e-05 1.04378996184096e-05 1.10398996184813e-05 1.17143999887048e-05 1.25627002489637e-05 1.35569998747087e-05 1.35872996906983e-05 1.37566003104439e-05 1.38336999953026e-05 1.3840999599779e-05 0.0281067993491888 -3.4e+38 -3.4e+38 -3.4e+38 -3.4e+38 -3.4e+38 -3.4e+38 -3.4e+38 -3.4e+38 -3.4e+38 0.0089159095659852 -3.4e+38 -3.4e+38 -3.4e+38 -3.4e+38
6.09893004366313e-06 6.2552999224863e-06 6.40607004243066e-06 6.55067015031818e-06 6.67577978674672e-06 6.79819004290039e-06 6.92717003403232e-06 7.05154980096268e-06 7.17322018317645e-06 7.29670000509941e-06 7.49219998397166e-06 7.69304006098537e-06 7.96753010945395e-06 8.20118020783411e-06 8.41999008116545e-06 8.64462981553515e-06 8.87526039150544e-06 9.01702969713369e-06 9.0631501734606e-06 8.97097015695181e-06 8.84501969267149e-06 9.51414040173404e-06 1.0427599590912e-05 1.11280996861751e-05 1.20334998428007e-05 1.23513000289677e-05 1.27795001390041e-05 1.31997003336437e-05 1.35089003379107e-05 0.000505138013977557 -3.4e+38 -3.4e+38 -3.4e+38 -3.4e+38 0.0245711002498865 0.0239762999117374 0.0205118004232645 -3.4e+38 -3.4e+38 0.00846379995346069 0.00930810999125242 0.0105975996702909 0.0117467995733023 0.0126836998388171
5.21967012900859e-06 5.36121979166637e-06 5.49846981812152e-06 5.6308899729629e-06 5.76651018491248e-06 5.89415003560134e-06 6.01353985985043e-06 6.13600013821269e-06 6.25337997917086e-06 6.37113998891436e-06 6.5459098550491e-06 6.72547002977808e-06 6.90996012053802e-06 7.10373979018186e-06 7.3027999860642e-06 7.45840998206404e-06 7.6805399658042e-06 7.79739002609858e-06 7.81215021561366e-06 7.79322999733267e-06 7.72900966694579e-06 8.13562019175151e-06 8.86979978531599e-06 9.80093955149641e-06 1.05715998870437e-05 1.10174996734713e-05 1.15308002932579e-05 1.20063996291719e-05 1.24871003208682e-05 1.2283199794183e-05 0.0247015003114939 -3.4e+38 -3.4e+38 0.0265810005366802 0.0244111996144056 0.0226668007671833 0.019870400428772 0.0158584993332624 -3.4e+38 0.00910820998251438 0.0085904598236084 0.00368877011351287 0.00982857029885054 0.0107693001627922
4.51812002211227e-06 4.63509013570729e-06 4.75198021376855e-06 4.8764600251161e-06 5.00418991578044e-06 5.13526993017877e-06 5.24850020156009e-06 5.35699018655578e-06 5.46771980225458e-06 5.58073998035979e-06 5.7176098380296e-06 5.85783982387511e-06 6.00150997343007e-06 6.16138004261302e-06 6.36471986581455e-06 6.57477994536748e-06 6.79176991980057e-06 6.81095980326063e-06 6.77739990351256e-06 6.78335982229328e-06 6.72018995828694e-06 7.17038983566454e-06 7.70984024711652e-06 8.40074972074945e-06 9.1539995992207e-06 9.76624960458139e-06 1.02379999589175e-05 1.05774997791741e-05 1.10302999019041e-05 1.12956004159059e-05 1.1517900020408e-05 0.0224786996841431 -3.4e+38 -3.4e+38 0.0252308994531631 0.0246047992259264 0.020346699282527 0.0151768000796437 0.012270100414753 0.00161111005581915 0.000132278000819497 4.58030008303467e-05 0.00012646900722757 0.000494302017614245
3.92051015296602e-06 4.03217018174473e-06 4.13836005463963e-06 4.2414299059601e-06 4.34705998486606e-06 4.46558988187462e-06 4.57258011010708e-06 4.6755199036852e-06 4.78076981380582e-06 4.88839987156098e-06 4.99411999044241e-06 5.10213021698291e-06 5.23666994922678e-06 5.36589004695998e-06 5.53712015971541e-06 5.73719989915844e-06 5.94451012148056e-06 6.01611009187764e-06 5.92524020248675e-06 5.87451995670563e-06 5.80466985411476e-06 6.19101001575473e-06 6.76419995215838e-06 7.33019987819716e-06 8.03750026534544e-06 8.47062983666547e-06 8.977020115708e-06 9.42681981541682e-06 9.66122024692595e-06 1.01157002063701e-05 1.06652996691992e-05 1.12447996798437e-05 0.00186522002331913 0.0234871990978718 -3.4e+38 -3.4e+38 0.0168504994362593 0.0122181000187993 0.00069311197148636 7.23481980458018e-06 5.26198982697679e-06 4.93315019411966e-06 4.93742982143885e-06 4.82783980260137e-06
3.46024989994476e-06 3.56495002051815e-06 3.67305005966045e-06 3.78467007067229e-06 3.89966999136959e-06 4.01121997128939e-06 4.10350003221538e-06 4.19161005993374e-06 4.28161001764238e-06 4.37440985479043e-06 4.48803984909318e-06 4.60554019809933e-06 4.72611009172397e-06 4.84942984257941e-06 4.997270025342e-06 5.14962994202506e-06 5.31079012944247e-06 5.39232996743522e-06 5.37554979018751e-06 5.3711601140094e-06 5.3757498790219e-06 5.61610977456439e-06 6.01456986260018e-06 6.4073001340148e-06 6.73390013616881e-06 7.19189984010882e-06 7.65942968428135e-06 8.12122016213834e-06 8.45441991259577e-06 8.66981008584844e-06 8.95543962542433e-06 9.16800036065979e-06 9.05174965737388e-06 8.72200962476199e-06 1.36670996653265e-05 -3.4e+38 -3.4e+38 0.0155159998685122 0.00408624997362494 5.3297098929761e-06 5.15297006131732e-06 4.97175005875761e-06 4.81654979012092e-06 4.70538998342818e-06
3.06967990582052e-06 3.15725992550142e-06 3.24901998283167e-06 3.35099002768402e-06 3.45954003933002e-06 3.57157000507868e-06 3.66816993846442e-06 3.76086995856895e-06 3.85591010854114e-06 3.95334018321591e-06 4.0551099118602e-06 4.15891008742619e-06 4.2653600758058e-06 4.38269989899709e-06 4.51222012998187e-06 4.64556978840847e-06 4.78285983263049e-06 4.86629005536088e-06 4.89294006911223e-06 4.93272000312572e-06 4.97875998917152e-06 5.11800999447587e-06 5.31111982127186e-06 5.52997016711743e-06 5.71664986637188e-06 6.04815977567341e-06 6.48092009214452e-06 6.94464006301132e-06 7.38260996513418e-06 7.44245016903733e-06 7.41343001209316e-06 7.51730021875119e-06 7.52654977986822e-06 7.53674021325423e-06 7.51081006455934e-06 7.56124018153059e-06 8.29721011541551e-06 8.87409987626597e-06 6.16299985267688e-06 5.63237017559004e-06 5.47526997252135e-06 5.32255990037811e-06 5.18081014888594e-06 4.99454017699463e-06
2.76553009825875e-06 2.8441199901863e-06 2.92569006887788e-06 3.01037994177022e-06 3.09955999000522e-06 3.19861010211753e-06 3.28670989802049e-06 3.37240999215282e-06 3.46033993992023e-06 3.55054999090498e-06 3.65348000741506e-06 3.75933996110689e-06 3.8682001104462e-06 3.98339989260421e-06 4.11298015023931e-06 4.22733000959852e-06 4.34485991718248e-06 4.410279871081e-06 4.42115015175659e-06 4.43205999545171e-06 4.44523993792245e-06 4.50589004685753e-06 4.58392014479614e-06 4.66481014882447e-06 4.74712987852399e-06 5.22439995620516e-06 5.69194980926113e-06 6.2960298237158e-06 6.723430033162e-06 6.43308021608391e-06 6.22395009486354e-06 5.86079022468766e-06 6.85816985424026e-06 5.96937979935319e-06 6.17125988355838e-06 6.38682013232028e-06 6.1363898566924e-06 5.80506002734182e-06 5.46122009836836e-06 5.12961014464963e-06 4.95110998599557e-06 4.74182979814941e-06 4.43403996541747e-06 4.21000004280359e-06
2.53170992436935e-06 2.60119008999027e-06 2.67164000433695e-06 2.74302010438987e-06 2.81627990261768e-06 2.89148010779172e-06 2.96476991934469e-06 3.04355990010663e-06 3.1244198908098e-06 3.20742992698797e-06 3.31192995872698e-06 3.41975010087481e-06 3.52951997228956e-06 3.63840990758035e-06 3.74627006749506e-06 3.85722978535341e-06 3.97136000174214e-06 3.99913005821873e-06 3.94083008359303e-06 3.88101989301504e-06 3.82633015760803e-06 3.82060989068123e-06 3.83854012397933e-06 3.85130988433957e-06 3.85570001526503e-06 4.49890012532705e-06 5.52368010175996e-06 0.00125590001698583 0.0139496000483632 0.0135692004114389 -3.4e+38 -3.4e+38 0.00988756027072668 0.00908560026437044 4.36452000940335e-06 4.54128985438729e-06 4.46276999355177e-06 4.31862008554162e-06 4.17914998251945e-06 4.04422007704852e-06 3.75251988771197e-06 3.53252994500508e-06 3.36208995577181e-06 3.11302005684411e-06
2.33432001550682e-06 2.38991992773663e-06 2.44998000198393e-06 2.50779999078077e-06 2.56695989264699e-06 2.62750995716488e-06 2.69232009486586e-06 2.75969000540499e-06 2.82871997114853e-06 2.89946001430508e-06 3.00228998639795e-06 3.11081998916052e-06 3.21881998388562e-06 3.32322997564916e-06 3.40941005561035e-06 3.49774995811458e-06 3.59000000571541e-06 3.58653005605447e-06 3.48617004419793e-06 3.38861991622252e-06 3.29322006109578e-06 3.22896994475741e-06 3.17820990858309e-06 4.10095981351333e-06 0.00678903982043266 0.00566395977512002 -3.4e+38 -3.4e+38 -3.4e+38 0.00314207002520561 0.00421005999669433 0.00573296006768942 0.00170532998163253 2.98499003292818e-06 3.07535992760677e-06 3.23769995702605e-06 3.26309009324177e-06 3.19248010782758e-06 3.13849000121991e-06 3.08566995954607e-06 2.92107006316655e-06 2.7061000764661e-06 2.52776999332127e-06 2.31579997489462e-06
2.2228100533539e-06 2.27376995098894e-06 2.32119009524467e-06 2.37729000218678e-06 2.43472004513023e-06 2.49354002335167e-06 2.56937005360669e-06 2.6528000489634e-06 2.73886007562396e-06 2.82760993286502e-06 2.89683998744295e-06 2.96767007057497e-06 3.04014997709601e-06 3.08763992507011e-06 3.05597995975404e-06 3.02464991364104e-06 2.99364000966307e-06 2.90108005174261e-06 2.75266006610764e-06 2.6118100322492e-06 2.47816001319734e-06 0.000125635997392237 0.00643798988312483 -3.4e+38 -3.4e+38 -3.4e+38 -3.4e+38 0.00279995007440448 0.00209972006268799 0.00235264003276825 0.0011855800403282 1.95879010789213e-06 1.45047999922099e-06 1.49321999742824e-06 1.53754001530615e-06 1.58319005549856e-06 1.61896002737194e-06 1.66106997312454e-06 1.68716996995499e-06 1.71506997048709e-06 1.61235004725313e-06 1.51469998854736e-06 1.40981001095497e-06 1.27262001115014e-06
2.12043005376472e-06 2.15498994293739e-06 2.19917001231806e-06 2.25363010031288e-06 2.30928003475128e-06 2.36636992667627e-06 2.45203000304173e-06 2.55006989391404e-06 2.65183007286396e-06 2.7574399155128e-06 2.79726009466685e-06 2.83760005004297e-06 2.8784500045731e-06 2.87042007585114e-06 2.74299009106471e-06 2.61669993051328e-06 2.49620006798068e-06 2.34622007155849e-06 2.3647799025639e-06 0.00413445010781288 0.00456965016201138 0.00490160984918475 -3.4e+38 -3.4e+38 -3.4e+38 -3.4e+38 0.00406508008018136 0.00267659989185631 0.00193641998339444 0.000282224005786702 9.88963051895553e-07 7.96337019437487e-07 7.95165988165536e-07 8.0287401260648e-07 8.10638994153123e-07 8.23023015072977e-07 8.57558973166306e-07 8.67357982770045e-07 8.87717988007353e-07 9.08138019894977e-07 8.65528022586659e-07 8.22449976567441e-07 7.71868997162528e-07 7.0651299211022e-07
1.98697989617358e-06 2.01679995370796e-06 2.05821993404243e-06 2.11189990295679e-06 2.1669600300811e-06 2.22341009248339e-06 2.30114005717041e-06 2.38822008213901e-06 2.47830007538141e-06 2.57012993643002e-06 2.55383997682657e-06 2.54019005296868e-06 2.53884991252562e-06 2.48709989136842e-06 2.33471996580192e-06 2.18270997720538e-06 2.03843001145287e-06 5.61613996978849e-05 0.00436575012281537 0.00415170984342694 -3.4e+38 -3.4e+38 -3.4e+38 -3.4e+38 0.00126710999757051 0.00135442998725921 0.00142294995021075 0.00150270003359765 0.000675437971949577 6.46353009869927e-06 5.42479995147005e-07 4.76924981285265e-07 4.48732009772357e-07 4.60818995406953e-07 4.62183010085937e-07 4.63555011265271e-07 4.81237009353208e-07 5.10530014707911e-07 5.41846986834571e-07 5.73623026411951e-07 5.50436027424439e-07 5.17183025294798e-07 4.98539975524182e-07 4.7827199978201e-07
1.82800999937172e-06 1.86018996828352e-06 1.90278001355182e-06 1.95635993804899e-06 2.0113200207561e-06 2.07252992368012e-06 2.12274994737527e-06 2.17700994653569e-06 2.21841992242844e-06 2.22140010919247e-06 2.17687011172529e-06 2.12510008168465e-06 2.07257994588872e-06 1.99220994545612e-06 1.83675001608208e-06 2.77009007731976e-06 0.0038703300524503 0.00371960992924869 0.00378514011390507 0.00385567010380328 -3.4e+38 -3.4e+38 -3.4e+38 -3.4e+38 -3.4e+38 0.00121887994464487 0.00119681004434824 0.00112042005639523 0.000647593988105655 2.06562999665039e-05 3.68645999060391e-07 3.11798004304364e-07 2.938039926903e-07 2.96391988285905e-07 2.98999992764948e-07 3.01625988186061e-07 3.1998200711314e-07 3.4517898939157e-07 3.75241995698161e-07 4.17492998394664e-07 4.13359003914593e-07 4.07762001941592e-07 4.08413001196095e-07 4.02040996050346e-07
1.67786004112713e-06 1.7114000456786e-06 1.75518005107733e-06 1.80994004495005e-06 1.86629995369003e-06 1.92464995052433e-06 1.93030996342713e-06 1.90839000424603e-06 1.91462004295317e-06 1.90147000012075e-06 1.82774999757385e-06 1.74895001237019e-06 1.66917004662537e-06 2.03936997422716e-06 0.000546295021194965 0.00330998003482819 0.00297980988398194 0.00286464998498559 -3.4e+38 -3.4e+38 -3.4e+38 -3.4e+38 -3.4e+38 -3.4e+38 -3.4e+38 -3.4e+38 0.000773123989347368 0.000754327978938818 0.000720722018741071 0.000355691008735448 3.90028986885227e-07 2.00502995539864e-07 1.88067005524317e-07 1.91073993960345e-07 1.94129000874455e-07 1.97231997844938e-07 2.14240003515442e-07 2.39060994999818e-07 2.67828994537922e-07 3.00561993071824e-07 3.09947012056e-07 3.21535992497957e-07 3.29344999272507e-07 3.34311010874444e-07
1.3275199535201e-06 1.34486003844358e-06 1.365129946862e-06 1.37720996917778e-06 1.3947900470157e-06 1.41420002819359e-06 1.42040994433046e-06 1.42257999868889e-06 1.41969997002889e-06 1.42169994887809e-06 1.359180032523e-06 3.05187995763845e-06 0.000587966002058238 0.00296931993216276 0.00296438997611403 0.00292209000326693 -3.4e+38 -3.4e+38 -3.4e+38 -3.4e+38 -3.4e+38 -3.4e+38 -3.4e+38 -3.4e+38 -3.4e+38 -3.4e+38 -3.4e+38 0.000754436012357473 0.000677710981108248 0.000481738999951631 2.55310005741194e-05 1.86999997708881e-07 1.19426005085188e-07 1.26097006614145e-07 1.33802998902866e-07 1.41928993002693e-07 1.55978995053374e-07 1.71799996451227e-07 1.90622998275103e-07 2.09185003541279e-07 2.20781998905295e-07 2.34374994079189e-07 2.47705003175724e-07 2.58714010215044e-07
9.87527982942993e-07 9.8465397968539e-07 1.0425700338601e-06 1.25145004403748e-06 1.76266996732011e-06 6.99928978065145e-06 4.42509990534745e-05 0.000299356994219124 0.0010305600007996 0.00237662997096777 0.00247495993971825 0.00244583003222942 0.0023601099383086 0.00232907989993691 0.00248321006074548 -3.4e+38 -3.4e+38 -3.4e+38 -3.4e+38 -3.4e+38 -3.4e+38 -3.4e+38 -3.4e+38 -3.4e+38 -3.4e+38 -3.4e+38 -3.4e+38 -3.4e+38 0.000669831992127001 0.000445510988356546 0.000279477011645213 8.09384000604041e-05 5.21365018357756e-06 1.40918004376545e-07 9.72538032328885e-08 1.05182998311193e-07 1.15416000312507e-07 1.25724994859411e-07 1.36957993390752e-07 1.49117994396875e-07 1.58060998955989e-07 1.69466005672803e-07 1.80753005452061e-07 1.88325003591672e-07
