results/Predictions/Median/Danian.asc
NCOLS 360 
NROWS 180 
XLLCORNER -180 
YLLCORNER -90 
CELLSIZE 1 
NODATA_value -3.4e+38 
[rows 20 to 39 of 180, columns 308 to 351 of 360]
-3.4e+38 -3.4e+38 -3.4e+38 -3.4e+38 -3.4e+38 -3.4e+38 -3.4e+38 -3.4e+38 -3.4e+38 -3.4e+38 -3.4e+38 -3.4e+38 -3.4e+38 -3.4e+38 -3.4e+38 -3.4e+38 -3.4e+38 -3.4e+38 -3.4e+38 -3.4e+38 -3.4e+38 -3.4e+38 -3.4e+38 -3.4e+38 -3.4e+38 -3.4e+38 -3.4e+38 -3.4e+38 -3.4e+38 -3.4e+38 0.000144503006595187 0.000147928003570996 0.000147332000778988 0.00015615600568708 0.000165678997291252 0.000134963003802113 4.06415983889019e-06 1.27920998238551e-07 9.6176101749279e-08 9.89604984624748e-08 1.0128999861081e-07 1.03649000493533e-07 1.05923000148778e-07 1.07185002207189e-07
-3.4e+38 -3.4e+38 -3.4e+38 -3.4e+38 -3.4e+38 -3.4e+38 -3.4e+38 -3.4e+38 -3.4e+38 -3.4e+38 -3.4e+38 -3.4e+38 -3.4e+38 -3.4e+38 -3.4e+38 -3.4e+38 -3.4e+38 -3.4e+38 -3.4e+38 -3.4e+38 -3.4e+38 -3.4e+38 -3.4e+38 -3.4e+38 -3.4e+38 -3.4e+38 -3.4e+38 -3.4e+38 0.000146884995047003 0.000135647002025507 0.000145607002195902 9.26479988265783e-05 2.26172005568515e-07 7.76051010120682e-08 8.9081503062971e-08 9.93491013900893e-08 1.13174998261911e-07 1.18927999892549e-07 1.23424001685635e-07 1.2795300108337e-07 1.32647002715203e-07 1.37924004661727e-07 1.43208993108601e-07 1.46952999102723e-07
-3.4e+38 -3.4e+38 -3.4e+38 -3.4e+38 -3.4e+38 -3.4e+38 -3.4e+38 -3.4e+38 -3.4e+38 -3.4e+38 -3.4e+38 -3.4e+38 -3.4e+38 -3.4e+38 -3.4e+38 -3.4e+38 -3.4e+38 -3.4e+38 -3.4e+38 -3.4e+38 -3.4e+38 -3.4e+38 -3.4e+38 -3.4e+38 -3.4e+38 -3.4e+38 -3.4e+38 0.000177516005351208 2.08878991543315e-05 5.80598999988524e-08 6.40557971109956e-08 7.52666977632543e-08 8.48095993433162e-08 9.39427025059558e-08 1.05532997451974e-07 1.23877995861221e-07 1.35156000169445e-07 1.44598999440859e-07 1.5546099518815e-07 1.67116994020944e-07 1.75804004243219e-07 1.83316004154221e-07 1.92984998648171e-07 1.99078996843127e-07
-3.4e+38 -3.4e+38 -3.4e+38 -3.4e+38 -3.4e+38 -3.4e+38 -3.4e+38 -3.4e+38 -3.4e+38 -3.4e+38 -3.4e+38 -3.4e+38 -3.4e+38 -3.4e+38 -3.4e+38 -3.4e+38 -3.4e+38 -3.4e+38 -3.4e+38 -3.4e+38 -3.4e+38 -3.4e+38 -3.4e+38 -3.4e+38 -3.4e+38 -3.4e+38 9.84278969440311e-08 8.08296007903664e-08 7.74408022152784e-08 7.66962031661933e-08 8.75995027627141e-08 9.7585598268779e-08 1.08691999400889e-07 1.20261006486544e-07 1.41732002134631e-07 1.634130057937e-07 1.78736996758744e-07 1.96304000610326e-07 2.07708993116285e-07 2.22823004492056e-07 2.39038001836889e-07 2.4537399667679e-07 2.50964006909271e-07 2.47515004048182e-07
-3.4e+38 -3.4e+38 -3.4e+38 -3.4e+38 -3.4e+38 -3.4e+38 -3.4e+38 -3.4e+38 -3.4e+38 -3.4e+38 -3.4e+38 -3.4e+38 -3.4e+38 -3.4e+38 -3.4e+38 -3.4e+38 -3.4e+38 -3.4e+38 -3.4e+38 -3.4e+38 -3.4e+38 -3.4e+38 -3.4e+38 -3.4e+38 2.32898000831483e-05 8.4619998119706e-08 8.63388009975097e-08 8.7944201254686e-08 9.33120034574131e-08 9.9015998955565e-08 1.11797000101888e-07 1.23692998954539e-07 1.37716995141091e-07 1.62865006814172e-07 1.88784994747948e-07 2.13571993867845e-07 2.36440996559395e-07 2.59334996144389e-07 2.80742000313694e-07 2.91065987312322e-07 3.05823988355769e-07 3.08582997377016e-07 3.09500990169909e-07 3.13316007805042e-07
-3.4e+38 -3.4e+38 -3.4e+38 -3.4e+38 -3.4e+38 -3.4e+38 -3.4e+38 -3.4e+38 -3.4e+38 -3.4e+38 -3.4e+38 -3.4e+38 -3.4e+38 -3.4e+38 -3.4e+38 -3.4e+38 -3.4e+38 -3.4e+38 -3.4e+38 -3.4e+38 -3.4e+38 -3.4e+38 -3.4e+38 0.000223600000026636 8.92056988277545e-08 8.81698980492729e-08 9.27134991002276e-08 9.73680016613798e-08 1.0629300106757e-07 1.19356002414861e-07 1.33319005612975e-07 1.57941997258604e-07 1.89063996458572e-07 2.15724000440787e-07 2.43516012687905e-07 2.77796004866104e-07 3.11722999413178e-07 3.41167009310084e-07 3.49005006228253e-07 3.65392992307534e-07 3.70576003660972e-07 3.76641992261284e-07 3.83934008141296e-07 3.91366000940252e-07
-3.4e+38 -3.4e+38 -3.4e+38 -3.4e+38 -3.4e+38 -3.4e+38 -3.4e+38 -3.4e+38 -3.4e+38 -3.4e+38 -3.4e+38 -3.4e+38 -3.4e+38 -3.4e+38 -3.4e+38 -3.4e+38 -3.4e+38 -3.4e+38 -3.4e+38 -3.4e+38 -3.4e+38 -3.4e+38 -3.4e+38 0.000233158003538847 9.41087989758671e-08 9.50646992237125e-08 1.03441998078324e-07 1.15261997279958e-07 1.23798002960029e-07 1.34751005020917e-07 1.69708002317748e-07 2.06303994332302e-07 2.44133985916051e-07 2.83205991991053e-07 3.14731011030744e-07 3.48899988011908e-07 3.86806988217359e-07 4.15258995190015e-07 4.30448011456974e-07 4.41909008941366e-07 4.53002996891883e-07 4.66003001520221e-07 4.78140975701535e-07 4.90795002860978e-07
-3.4e+38 -3.4e+38 -3.4e+38 -3.4e+38 -3.4e+38 -3.4e+38 -3.4e+38 -3.4e+38 -3.4e+38 -3.4e+38 -3.4e+38 -3.4e+38 -3.4e+38 -3.4e+38 -3.4e+38 -3.4e+38 -3.4e+38 -3.4e+38 -3.4e+38 -3.4e+38 -3.4e+38 -3.4e+38 -3.4e+38 -3.4e+38 1.22003996239073e-07 1.04821999968863e-07 1.13810003199433e-07 1.29013997707261e-07 1.47047998666494e-07 1.64667000035479e-07 2.06343003128495e-07 2.54451009595869e-07 3.11827989207814e-07 3.77936999029771e-07 4.10513990800609e-07 4.46901992745552e-07 4.86853025449818e-07 5.13549991865148e-07 5.28718999248667e-07 5.39702000423858e-07 5.49259993931628e-07 5.66257995160413e-07 5.92911987951084e-07 6.13280974448571e-07
-3.4e+38 -3.4e+38 -3.4e+38 -3.4e+38 -3.4e+38 -3.4e+38 -3.4e+38 -3.4e+38 -3.4e+38 -3.4e+38 -3.4e+38 -3.4e+38 -3.4e+38 -3.4e+38 -3.4e+38 -3.4e+38 -3.4e+38 -3.4e+38 -3.4e+38 -3.4e+38 -3.4e+38 -3.4e+38 -3.4e+38 -3.4e+38 0.000282163004158065 1.19258004360745e-07 1.2806999905024e-07 1.46605998452287e-07 1.65537997531828e-07 1.85149005460516e-07 2.33288005802024e-07 2.89808014031223e-07 3.60293000767342e-07 4.34128992310434e-07 4.71363989618112e-07 5.15890974384092e-07 5.57583973659348e-07 5.91876016642345e-07 6.13974009411322e-07 6.35575020169199e-07 6.53742972644977e-07 6.76756997108896e-07 6.99124996117462e-07 7.22875995506911e-07
-3.4e+38 -3.4e+38 -3.4e+38 -3.4e+38 -3.4e+38 -3.4e+38 -3.4e+38 -3.4e+38 -3.4e+38 0.000274646998150274 0.000266324990661815 0.000253981008427218 0.000250754994340241 -3.4e+38 -3.4e+38 -3.4e+38 -3.4e+38 -3.4e+38 -3.4e+38 -3.4e+38 -3.4e+38 -3.4e+38 -3.4e+38 -3.4e+38 -3.4e+38 0.00029564299620688 1.45174993804176e-07 1.67866005540418e-07 1.8494100118005e-07 2.03379997287811e-07 2.63261995314679e-07 3.2683999506844e-07 4.13136007182402e-07 4.9806300239652e-07 5.41169981715939e-07 5.9102700333824e-07 6.38436006283882e-07 6.80480013670604e-07 7.09216010363889e-07 7.39169990993105e-07 7.67735002682457e-07 7.94875006704387e-07 8.23318998754985e-07 8.58336022702133e-07
-3.4e+38 -3.4e+38 -3.4e+38 -3.4e+38 -3.4e+38 -3.4e+38 -3.4e+38 -3.4e+38 -3.4e+38 0.000288520997855812 0.000279611995210871 0.000270413001999259 0.000266699003987014 -3.4e+38 -3.4e+38 -3.4e+38 -3.4e+38 -3.4e+38 -3.4e+38 -3.4e+38 -3.4e+38 -3.4e+38 -3.4e+38 -3.4e+38 -3.4e+38 0.000343271996825933 1.54752996195384e-07 1.79625004648187e-07 2.0048899784797e-07 2.25313996793375e-07 2.8939700769115e-07 3.61232991963334e-07 4.59831994703563e-07 5.59357999918575e-07 6.12976975844504e-07 6.67918016006297e-07 7.16597980954248e-07 7.68136999340641e-07 8.03796979198523e-07 8.4130698496665e-07 8.80027982930187e-07 9.19658020848146e-07 9.66173956840066e-07 1.01078001080168e-06
-3.4e+38 -3.4e+38 -3.4e+38 -3.4e+38 -3.4e+38 -3.4e+38 -3.4e+38 -3.4e+38 -3.4e+38 0.000307498004985973 0.000313925993395969 0.00029903301037848 0.00028910199762322 0.000293840013910085 -3.4e+38 -3.4e+38 -3.4e+38 -3.4e+38 -3.4e+38 -3.4e+38 -3.4e+38 -3.4e+38 -3.4e+38 -3.4e+38 -3.4e+38 0.000106792002043221 1.432340042129e-07 1.71842998497596e-07 2.0426099922588e-07 2.45239988316825e-07 3.12628003484861e-07 3.94169006767697e-07 5.01800002439268e-07 6.15769010892109e-07 6.73127999561984e-07 7.32722980956169e-07 7.97614006842196e-07 8.50761011861323e-07 8.89455975539022e-07 9.3573100912181e-07 9.84945017989958e-07 1.04171999737446e-06 1.10930000118969e-06 1.16690000595554e-06
-3.4e+38 -3.4e+38 -3.4e+38 -3.4e+38 -3.4e+38 -3.4e+38 -3.4e+38 -3.4e+38 -3.4e+38 0.000334117998136207 0.000329124013660476 0.000401442986913025 0.000500568014103919 0.000654769013635814 -3.4e+38 -3.4e+38 -3.4e+38 -3.4e+38 -3.4e+38 -3.4e+38 -3.4e+38 -3.4e+38 -3.4e+38 -3.4e+38 0.000235960003919899 1.24801005085828e-07 1.33162998849912e-07 1.66473995477645e-07 1.98820998775773e-07 2.47091008986899e-07 3.32722009943609e-07 4.20817997337508e-07 5.47623017155274e-07 6.76858974202332e-07 7.38193023153144e-07 8.03831028406421e-07 8.68551012445096e-07 9.35207992824871e-07 9.87236035143724e-07 1.04079003904189e-06 1.09622999389103e-06 1.17493004836433e-06 1.26847999126767e-06 1.33979995098343e-06
-3.4e+38 -3.4e+38 -3.4e+38 -3.4e+38 -3.4e+38 -3.4e+38 -3.4e+38 -3.4e+38 -3.4e+38 0.000328563997754827 0.000327657005982473 0.000390044006053358 0.000497318978887051 0.000658680975902826 -3.4e+38 -3.4e+38 -3.4e+38 -3.4e+38 -3.4e+38 -3.4e+38 -3.4e+38 -3.4e+38 0.000730708008632064 2.99094011779744e-07 2.13422993056156e-07 1.65390005690824e-07 1.74050001078285e-07 -3.4e+38 2.47172010858776e-07 2.82705002518924e-07 3.77551003793997e-07 4.67581003249506e-07 5.95120013713313e-07 7.16597980954248e-07 7.86070984304388e-07 8.57509007801127e-07 9.38765992941626e-07 1.01975001598476e-06 1.08912001905992e-06 1.16599005650642e-06 1.25968995234871e-06 1.35488994601474e-06 1.45082003655261e-06 1.5455000266229e-06
-3.4e+38 -3.4e+38 -3.4e+38 -3.4e+38 -3.4e+38 -3.4e+38 -3.4e+38 -3.4e+38 -3.4e+38 -3.4e+38 -3.4e+38 0.000372545007849112 6.72913984089973e-06 1.14544002371986e-06 -3.4e+38 -3.4e+38 -3.4e+38 -3.4e+38 -3.4e+38 -3.4e+38 7.11654024598829e-07 3.7917399708931e-07 3.42295010113958e-07 2.83259993238971e-07 2.37509993894491e-07 2.02869003373962e-07 2.1663599625299e-07 2.50276002589089e-07 2.85023986634769e-07 3.34398009727011e-07 4.13523991937836e-07 5.19571017321141e-07 6.39412974123843e-07 7.66360983561754e-07 8.43388022531144e-07 9.2666300588462e-07 1.00730005669902e-06 1.10016003418423e-06 1.19230003292614e-06 1.29833995288209e-06 1.43826002840797e-06 1.54221004322608e-06 1.66162999448716e-06 1.79189999016671e-06
-3.4e+38 -3.4e+38 -3.4e+38 -3.4e+38 -3.4e+38 -3.4e+38 -3.4e+38 -3.4e+38 -3.4e+38 -3.4e+38 -3.4e+38 0.00113479001447558 5.25856989952445e-07 4.09208013252282e-07 0.00022914499277249 0.00111529999412596 2.53307007369585e-05 7.45047998407244e-07 8.23535003746656e-07 6.81657013501535e-07 5.513970222637e-07 4.46564996536836e-07 3.71026004586383e-07 3.24853004940451e-07 2.78684012755548e-07 2.48002010039272e-07 2.71989989641952e-07 3.13936993734387e-07 3.55069005308906e-07 4.10613012036265e-07 4.99917007346085e-07 6.0350998865033e-07 7.202060032796e-07 8.49709977046587e-07 9.39630979246431e-07 1.02778994914843e-06 1.12691998310765e-06 1.23899997106491e-06 1.35807999868121e-06 1.49798995607853e-06 1.65786002526147e-06 1.80577001174242e-06 1.95644997802447e-06 2.11969995689287e-06
-3.4e+38 -3.4e+38 -3.4e+38 -3.4e+38 -3.4e+38 -3.4e+38 -3.4e+38 -3.4e+38 -3.4e+38 -3.4e+38 0.00122805999126285 0.00110449001658708 8.97175993941346e-07 4.45903992840613e-07 4.14041011254085e-07 5.03171008858772e-07 6.1427601849573e-07 7.5810601174453e-07 8.35168975754641e-07 7.05450986515643e-07 6.00735972966504e-07 5.14547991770087e-07 4.49477994379777e-07 4.0145098978428e-07 3.49846004610299e-07 3.15187008936846e-07 3.47682998835808e-07 3.9974199239623e-07 4.64784989162581e-07 5.3575899983116e-07 6.36457002656243e-07 7.510240038755e-07 8.61298985910253e-07 1.00039994777035e-06 1.10660005248064e-06 1.2276600500627e-06 1.34136996621237e-06 1.47353000556905e-06 1.61373998253111e-06 1.78148002305534e-06 1.98479006030539e-06 2.18000991480949e-06 2.3748500552756e-06 2.58784007201029e-06
-3.4e+38 -3.4e+38 -3.4e+38 -3.4e+38 -3.4e+38 -3.4e+38 -3.4e+38 -3.4e+38 -3.4e+38 0.00154265994206071 0.000858868006616831 0.00114673003554344 5.05086006796773e-07 4.86786973397102e-07 4.70288000542496e-07 5.46576018223277e-07 6.35455990050104e-07 7.37779998871702e-07 8.07585990969528e-07 -3.4e+38 6.51612026558723e-07 5.82860025133414e-07 5.31576972662151e-07 4.86026010548812e-07 4.39274998598194e-07 4.05321998186992e-07 4.43389012616535e-07 5.05959008023638e-07 5.9006197261624e-07 6.92616993092088e-07 7.83361997491738e-07 8.94999004685815e-07 1.02057003914524e-06 1.15941998046765e-06 1.29835996176553e-06 1.42558997140441e-06 1.57737997596996e-06 1.75365994437016e-06 1.92720995073614e-06 2.13780003832653e-06 2.36416008192464e-06 2.60970000454108e-06 2.87547004518274e-06 3.14591989081237e-06
-3.4e+38 -3.4e+38 -3.4e+38 -3.4e+38 -3.4e+38 -3.4e+38 -3.4e+38 -3.4e+38 -3.4e+38 0.00191817001905292 0.00169357005506754 0.00178543000947684 8.12972018593427e-07 8.51646973387687e-07 8.92022001153236e-07 1.02925002920529e-06 1.18793002457096e-06 1.37032998281938e-06 1.44064995311055e-06 1.33744003960601e-06 1.22296000881761e-06 1.11925999135565e-06 1.0161700174649e-06 9.21929995456594e-07 8.40707002680574e-07 7.6519802405528e-07 8.2122500089099e-07 9.27787027649174e-07 1.03936997675191e-06 1.14039994514314e-06 1.28310000491183e-06 1.42861995300336e-06 1.58955003826122e-06 1.75752995801304e-06 1.91613003153179e-06 2.09504992199072e-06 2.28748990593886e-06 2.50741004492738e-06 2.76268997367879e-06 3.09125994135684e-06 3.40971996592998e-06 3.70504994862131e-06 4.00494991481537e-06 4.31759008279187e-06
-3.4e+38 -3.4e+38 -3.4e+38 -3.4e+38 -3.4e+38 -3.4e+38 -3.4e+38 -3.4e+38 -3.4e+38 0.00223150011152029 0.00234163994900882 1.11432996163785e-06 1.26582995108038e-06 1.44911996358132e-06 1.63257004714978e-06 1.89236004644044e-06 2.17855995288119e-06 2.51628989644814e-06 2.7295200197841e-06 2.5179199383274e-06 2.3166398932517e-06 2.13928001357999e-06 1.9693300146173e-06 1.80868005372758e-06 1.65565995757788e-06 1.50077005400817e-06 1.55087002440268e-06 1.64925995704834e-06 1.76055004885711e-06 1.85458998203103e-06 2.02037995222781e-06 2.20880997403583e-06 2.41596990235848e-06 2.64280993178545e-06 2.8544300221256e-06 3.07544996758224e-06 3.36094990416314e-06 3.68778000847669e-06 4.04891989091993e-06 4.40645999333356e-06 4.84945985590457e-06 5.21161018696148e-06 5.51759012523689e-06 5.83273003940121e-06
