results/Predictions/Median/Hauterivian.asc
NCOLS 360 
NROWS 180 
XLLCORNER -180 
YLLCORNER -90 
CELLSIZE 1 
NODATA_value -3.4e+38 
[rows 100 to 119 of 180, columns 0 to 43 of 360]
0.000590143026784062 0.000589596980717033 0.000589050992857665 0.000588505004998296 0.000588372000493109 0.000594852026551962 0.000595515011809766 0.000602764019276947 0.000588033988606185 0.000588127004448324 0.000591244024690241 0.000591209973208606 0.000591073010582477 0.000591601012274623 0.00059179897652939 0.00058970000827685 0.000587423972319812 0.00058519298909232 0.000580957974307239 0.000576857011765242 0.000574384990613908 0.000571860990021378 0.000569925003219396 0.000567729002796113 0.000565544993150979 0.000563371984753758 0.000561969995032996 0.000560940010473132 0.000560089014470577 0.000558103027287871 0.00055456900736317 0.000552447978407145 0.000550483993720263 0.000548528973013163 0.000546146009583026 0.000543632020708174 0.000541131012141705 0.000538643973413855 0.000535826024133712 0.000533311977051198 0.00053032801952213 0.000526071002241224 0.000521677022334188 0.00051833299221471
0.000587742018979043 0.000587283982895315 0.00058897997951135 0.000589979987125844 0.000589518982451409 0.000594400975387543 0.000598699029069394 0.000600745028350502 0.000594391021877527 0.000594858021941036 0.000596060010138899 0.000595994002651423 0.000595571997109801 0.000594131008256227 0.000595112971495837 0.000597005011513829 0.000595172983594239 0.000591579999309033 0.000589751987718046 0.000586019014008343 0.000584669993259013 0.000583889021072537 0.000583273998927325 0.000580222986172885 0.000577267026528716 0.000575153972022235 0.000573049997910857 0.00057078298414126 0.000568407005630434 0.000565987022127956 0.000563350971788168 0.000559100997634232 0.000555641017854214 0.000552790996152908 0.000549968972336501 0.000547276984434575 0.000544021022506058 0.000541126995813102 0.000537970976438373 0.000534838007297367 0.00053172797197476 0.00052823597798124 0.000523915980011225 0.000519844004884362
0.000591992982663214 0.000592095020692796 0.000590929994359612 0.000592143973335624 0.000592612021137029 0.000598764978349209 0.000599167018663138 0.000607183028478175 0.000603449007030576 0.00060455099446699 0.000596560013946146 0.00059662398416549 0.000598264974541962 0.000600636005401611 0.000602364016231149 0.000602697022259235 0.000602065003477037 0.000600340019445866 0.00059883197536692 0.000596909027080983 0.000593244971241802 0.000592456024605781 0.000591133022680879 0.000589071016293019 0.000587019021622837 0.000586761976592243 0.000584450026508421 0.000580640975385904 0.000578404986299574 0.000576180987991393 0.000573756988160312 0.000571135024074465 0.000568526971619576 0.000565505994018167 0.00056193902855739 0.000558411004021764 0.000554997997824103 0.000552129989955574 0.000549284974113107 0.000544850016012788 0.000537396990694106 0.000534375023562461 0.000530236982740462 0.000522353977430612
0.00060431199381128 0.000602617976255715 0.000599952007178217 0.000601842999458313 0.000608119007665664 0.000614783028140664 0.000618770020082593 0.000611305993515998 0.000622329011093825 0.00060868397122249 0.000613506999798119 0.000613323005381972 0.000613367010373622 0.000610593007877469 0.000608954986091703 0.00060631800442934 0.000605377019383013 0.000598517013713717 0.000597700010985136 0.000595117977354676 0.000594287004787475 0.000594620010815561 0.000593347009271383 0.000591663992963731 0.000590374984312803 0.000587677001021802 0.000583598972298205 0.00057934399228543 0.000575962010771036 0.000575668993405998 0.00057364598615095 0.000569914001971483 0.000566205009818077 0.000562521978281438 0.000559262989554554 0.000556417973712087 0.000553591002244502 0.000550781027413905 0.000547746021766216 0.000542533991392702 0.000538411026354879 0.000535485974978656 0.000529550015926361 0.000526588992215693
0.000606681976933032 0.000609246024396271 0.000613040989264846 0.000619201979134232 0.0006279909866862 0.000628349022008479 0.000613568001426756 0.000624376989435405 0.00062449200777337 0.000623075990006328 0.00061787199229002 0.00061720097437501 0.000613752985373139 0.000610959017649293 0.000608236994594336 0.000605133012868464 0.000605938024818897 0.000601063016802073 0.000599341990891844 0.000596704019699246 0.000595330027863383 0.000594460987485945 0.000593594973906875 0.000592451018746942 0.000591311021707952 0.000589065020903945 0.000584412016905844 0.000582172011490911 0.000580387015361339 0.000578607025090605 0.000576303980778903 0.000573483004700392 0.000570675998460501 0.000567881972528994 0.000564743007998914 0.000560577027499676 0.000555814011022449 0.000551094010006636 0.000545636983588338 0.000541024026460946 0.000537956017069519 0.000534848019015044 0.000531575991772115 0.000526932999491692
0.000609942013397813 0.000616936013102531 0.000617543002590537 0.000622728024609387 0.000613816024269909 0.000618709018453956 0.000620671024080366 0.000620023987721652 0.000616386998444796 0.000614664983004332 0.00061309797456488 0.000611043011303991 0.000611911993473768 0.000614919990766793 0.000612111005466431 0.000612246978562325 0.000608232978265733 0.000608175003435463 0.000607002002652735 0.000602436019107699 0.00060028798179701 0.000598642975091934 0.000597004021983594 0.000594958022702485 0.000592919997870922 0.000590890005696565 0.000588912982493639 0.000584952998906374 0.000580177991650999 0.000575442973058671 0.000571782991755754 0.000568605028092861 0.00056544499238953 0.000562302011530846 0.000558982021175325 0.000555616978090256 0.000552273006178439 0.000548264011740685 0.000544771028216928 0.000541859015356749 0.000539306027349085 0.000536028004717082 0.000530529010575265 0.000526564021129161
0.000594645971432328 0.000601672974880785 0.000605772016569972 0.000606230983976275 0.000605065026320517 0.000604350003413856 0.000603588996455073 0.000604689004831016 0.000607728026807308 0.000607708003371954 0.000606934016104788 0.000606358982622623 0.00060686597134918 0.000607395020779222 0.000607899972237647 0.000608238973654807 0.000608208007179201 0.000607681984547526 0.000607157009653747 0.000605996989179403 0.000604628992732614 0.000602453015744686 0.000598825979977846 0.00059421599144116 0.000589643022976816 0.000586658017709851 0.00058397400425747 0.000581567990593612 0.000579175015445799 0.000576793972868472 0.00057333498261869 0.000568815972656012 0.00056433497229591 0.000559891981538385 0.000555540027562529 0.000552213983610272 0.000548138981685042 0.000543399015441537 0.000540348002687097 0.000537833024282008 0.000535333994776011 0.000532831007149071 0.00053029099944979 0.000527766009327024
0.000576096994336694 0.000582578999456018 0.00058362097479403 0.000585732981562614 0.000591178017202765 0.000593764998484403 0.000593670003581792 0.000595532997976989 0.000596757978200912 0.000597985985223204 0.000600875995587558 0.000600340019445866 0.000602871004957706 0.000602460000663996 0.000602742016781121 0.000603355001658201 0.00060290697729215 0.000601505977101624 0.000601587991695851 0.000600414001382887 0.000598824990447611 0.000597239995840937 0.000595660007093102 0.000592915981542319 0.000590286974329501 0.000587670016102493 0.00058519997401163 0.000583146989811212 0.000581101980060339 0.000579063023906201 0.000576419988647103 0.000573178986087441 0.000569229014217854 0.000564000976737589 0.000558142026420683 0.000552495010197163 0.000549281015992165 0.000546585011761636 0.000543538015335798 0.000541827990673482 0.000539180997293442 0.000534937018528581 0.00053138000657782 0.000529004028066993
0.000556960003450513 0.000559284002520144 0.00056646199664101 0.000570444972254336 0.000574608973693103 0.000578718027099967 0.000579832994844764 0.00058228598209098 0.000586542999371886 0.000590831972658634 0.00059515202883631 0.000595949997659773 0.000595627992879599 0.000595305988099426 0.000597658974584192 0.000599832972511649 0.00059894600417465 0.000598060025367886 0.000597176025621593 0.000595972000155598 0.000595892022829503 0.000595812976825982 0.000595732999499887 0.000594980025198311 0.00059312698431313 0.000590361014474183 0.000586764013860375 0.000582146982196718 0.000578105973545462 0.000574805017095059 0.000570418022107333 0.000564970017876476 0.000560491986107081 0.000558105995878577 0.00055573001736775 0.00055336399236694 0.000551007979083806 0.00054866197751835 0.000546125986147672 0.000543698028195649 0.000543294008821249 0.000541649991646409 0.00053826899966225 0.000534909020643681
0.000544423994142562 0.000548163021449 0.000552380981389433 0.000554892991203815 0.000556761980988085 0.000559595006052405 0.000564130023121834 0.000568700022995472 0.000572023971471936 0.000575367012061179 0.00057872902834788 0.000580354011617601 0.000581381027586758 0.000582817010581493 0.000584958004765213 0.000585320987738669 0.00058501900639385 0.000585664005484432 0.000586348993238062 0.000586548005230725 0.000586583977565169 0.000586620008107275 0.000586657028179616 0.000586246023885906 0.000584459980018437 0.000582653970923275 0.000580621999688447 0.000578047998715192 0.000575485988520086 0.000572934979572892 0.000570195028558373 0.000567266019061208 0.000564353016670793 0.000561404973268509 0.000558587023988366 0.000555855978745967 0.000553137972019613 0.000550433003809303 0.000548075011465698 0.00054572697263211 0.000544050999451429 0.000542459019925445 0.000538585998583585 0.000534739985596389
0.000536100007593632 0.000537601008545607 0.000538165972102433 0.000540615001227707 0.000542471010703593 0.000546458992175758 0.000549100979696959 0.00055175501620397 0.000553542980924249 0.000554853992071003 0.000557136023417115 0.000558778992854059 0.000559940002858639 0.00056110299192369 0.000562269007787108 0.000563216977752745 0.00056394498096779 0.00056467397371307 0.000565404014196247 0.000564844987820834 0.000564489979296923 0.00056537298951298 0.000566257978789508 0.000567666022107005 0.000569234020076692 0.000569242984056473 0.000570647011045367 0.000571798998862505 0.000570631003938615 0.000568880990613252 0.000566788017749786 0.000564356974791735 0.000561630993615836 0.000557627994567156 0.000554854981601238 0.000552495999727398 0.000550145981833339 0.000547807023394853 0.000545635004527867 0.000544018985237926 0.000543739995919168 0.000542701978702098 0.00054037501104176 0.000538057007361203
0.000529784010723233 0.000530187971889973 0.00053024897351861 0.000530267017893493 0.000532241014298052 0.00053469801787287 0.000537164974957705 0.000539642991498113 0.000541114015504718 0.000542442023288459 0.000543756003025919 0.000545233022421598 0.000547199975699186 0.000549654010683298 0.000552588026039302 0.000554941012524068 0.000556704995688051 0.000557570019736886 0.000558072002604604 0.000558011000975966 0.00055782898562029 0.00055764801800251 0.000557466992177069 0.000557820021640509 0.000558172992896289 0.000558527011889964 0.000558822008315474 0.000558939995244145 0.000558704021386802 0.000557142018806189 0.000555451028048992 0.00055363099090755 0.000551817007362843 0.00055065902415663 0.000550177006516606 0.000548270996659994 0.000546578026842326 0.000545030983630568 0.000543891976121813 0.00054277601884678 0.000541661982424557 0.000540461973287165 0.000539407017640769 0.000538370979484171
0.000525926996488124 0.000526438991073519 0.000526734977029264 0.00052703102119267 0.000528252974618226 0.00052978697931394 0.000531325989868492 0.000532869016751647 0.000533265992999077 0.000533664016984403 0.000534060993231833 0.000535055994987488 0.000537846994120628 0.000540653010830283 0.000543473986908793 0.000544878013897687 0.00054485397413373 0.000544830982107669 0.000544807000551373 0.000543728994671255 0.000542303023394197 0.000540880020707846 0.000539462023880333 0.000539208995178342 0.000538956024684012 0.000538703985512257 0.000538273015990853 0.000537307991180569 0.000536345003638417 0.000535383995156735 0.000535146973561496 0.000535634986590594 0.000536122999619693 0.000535529979970306 0.000534632010385394 0.000533737998921424 0.00053284497698769 0.000532344973180443 0.000533904996700585 0.000535470026079565 0.000537040003109723 0.000538467022124678 0.000539453991223127 0.000539969012606889
0.000516021973453462 0.000516529020387679 0.000517036998644471 0.000517544976901263 0.000518922985065728 0.000520595000125468 0.000522272021044046 0.000523954979144037 0.000525349983945489 0.000526295974850655 0.000527229974977672 0.000528463977389038 0.000530603982042521 0.000532750971615314 0.000534907972905785 0.000536168983671814 0.0005365299875848 0.000536890001967549 0.000537250016350299 0.000536138017196208 0.000534538994543254 0.000532944977749139 0.000531354977283627 0.000531050027348101 0.000530595018062741 0.000529831973835826 0.000528905016835779 0.000527483993209898 0.000526065996382385 0.000524653005413711 0.000524699978996068 0.000526210002135485 0.000527249998413026 0.000527611002326012 0.000528850010596216 0.0005303859943524 0.000531926983967423 0.000532742007635534 0.000532470992766321 0.000532201025635004 0.000531931000296026 0.00053162599215284 0.000531218014657497 0.000530809978954494
0.000510354002472013 0.000510728976223618 0.000511503021698445 0.000512278988026083 0.000513078994117677 0.000513888022396713 0.00051469897152856 0.000515511026605964 0.00051658001029864 0.000517649983521551 0.000518723973073065 0.000519755005370826 0.00052065501222387 0.000521556998137385 0.000522461021319032 0.000523240014445037 0.000523893977515399 0.000524548988323659 0.000525203999131918 0.000524998991750181 0.00052450702060014 0.000523258000612259 0.000522267015185207 0.000522372021805495 0.000522477028425783 0.000522318005096167 0.000521777023095638 0.000520679983310401 0.000519789988175035 0.000519171997439116 0.000519240973517299 0.000519995985087007 0.000519643013831228 0.000519208027981222 0.000519722001627088 0.000519588007591665 0.000519865017849952 0.00052014400716871 0.000523590017110109 0.000527411000803113 0.000528901000507176 0.000528757984284312 0.000528435979504138 0.000528113974723965
0.000505651987623423 0.000506479002069682 0.000507646996993572 0.000508430006448179 0.000508938974235207 0.000509732984937727 0.000510527985170484 0.000510858022607863 0.00051173398969695 0.00051299697952345 0.000513856997713447 0.000514679006300867 0.000515386986080557 0.00051609700312838 0.000516807020176202 0.000517419015523046 0.000517931999638677 0.000518445973284543 0.000518960994668305 0.000518389977514744 0.000517459993716329 0.000516530009917915 0.000515602994710207 0.000515242980327457 0.000514884013682604 0.00051452498883009 0.00051415798952803 0.000513771024998277 0.000513472012244165 0.000513312988914549 0.000513139006216079 0.000513323990162462 0.000513671024236828 0.000514018989633769 0.000514918006956577 0.00051600398728624 0.00051762000657618 0.000518178974743932 0.000518916000146419 0.000519193010404706 0.000519471010193229 0.000519594002980739 0.000519253022503108 0.000518912973348051
0.000501397997140884 0.000501357018947601 0.000501315982546657 0.00050127599388361 0.000501480011735111 0.000504338997416198 0.000504646974150091 0.000504944007843733 0.000505143019836396 0.000505341973621398 0.000505540985614061 0.000505713978782296 0.000505805015563965 0.000505895994137973 0.00050598697271198 0.00050605897558853 0.000506118987686932 0.000506357988342643 0.00050684402231127 0.00050694402307272 0.000506885990034789 0.000506828015204519 0.000506769982166588 0.00050691602518782 0.000507116026710719 0.000507314980495721 0.000507459975779057 0.000507441000081599 0.000507423013914376 0.000507403980009258 0.000507361022755504 0.000507294025737792 0.000507227028720081 0.000507159973494709 0.000506920972838998 0.000507028016727418 0.000507979013491422 0.000508930999785662 0.000511790974996984 0.000513793027494103 0.00051397702191025 0.000514083018060774 0.000513955019414425 0.000513828010298312
0.000498930981848389 0.000499246001709253 0.000499618996400386 0.000500328023917973 0.000501314993016422 0.000502248003613204 0.00050256698159501 0.000502548995427787 0.000502497015986592 0.000502444978337735 0.000502470007631928 0.000505241972859949 0.000507822027429938 0.000508108001668006 0.000508235010784119 0.000508297001942992 0.000508292985614389 0.000508289027493447 0.000508285011164844 0.000508320983499289 0.000508369994349778 0.000508419994730502 0.000508469005580992 0.000508702010847628 0.0005089360056445 0.000509169010911137 0.000509346020407975 0.000509349978528917 0.00050935399485752 0.000509358011186123 0.000509393983520567 0.000509462028276175 0.000509530014824122 0.000509598990902305 0.000509432982653379 0.00050918897613883 0.000508945027831942 0.000508701021317393 0.000508491997607052 0.000508282973896712 0.000508074008394033 0.000509208999574184 0.000509983976371586 0.000510760000906885
0.00049780699191615 0.000498162989970297 0.000498574983794242 0.0004994299961254 0.000499418994877487 0.000499724003020674 0.000500251015182585 0.000500817026477307 0.000501310976687819 0.000502031005453318 0.000502750976011157 0.000503412971738726 0.00050389498937875 0.000504339986946434 0.00050455000018701 0.000504800991620868 0.000505183008499444 0.000507881981320679 0.000509273028001189 0.000508636992890388 0.000507392978761345 0.00050615199143067 0.000504912983160466 0.000504840980283916 0.000504937022924423 0.000505033996887505 0.000505161006003618 0.000505378993693739 0.000506006006617099 0.000506818003486842 0.000507702003233135 0.000508657016325742 0.000509614998009056 0.000510574027430266 0.00051112100481987 0.000511344987899065 0.000511159014422446 0.000510972982738167 0.000510798010509461 0.000510624027810991 0.00051044998690486 0.000510278972797096 0.000510116980876774 0.000509955978486687
0.000488371995743364 0.000489010999444872 0.000489667989313602 0.000491007987875491 0.000493175000883639 0.000496293010655791 0.00049681100063026 0.000497898028697819 0.000498632027301937 0.00049869401846081 0.000499409972690046 0.000500426976941526 0.000500023015774786 0.00049971102271229 0.000500025984365493 0.000500250025652349 0.000500384019687772 0.000501197995617986 0.000502074020914733 0.000501820002682507 0.000501188973430544 0.000501221977174282 0.000501418020576239 0.000501624017488211 0.000501830014400184 0.000502036011312157 0.000502182985655963 0.000502548995427787 0.000503899995237589 0.000504677998833358 0.000505445990711451 0.000506184995174408 0.000507137970998883 0.000508093973621726 0.000508541008457541 0.000508891011122614 0.000509763020090759 0.000510637008119375 0.000510944984853268 0.000511254009325057 0.00051156198605895 0.00051199400331825 0.000512612983584404 0.000512516999151558
