results/Predictions/Median/Hauterivian.asc
NCOLS 360 
NROWS 180 
XLLCORNER -180 
YLLCORNER -90 
CELLSIZE 1 
NODATA_value -3.4e+38 
[rows 60 to 79 of 180, columns 264 to 307 of 360]
-3.4e+38 -3.4e+38 -3.4e+38 -3.4e+38 -3.4e+38 -3.4e+38 -3.4e+38 -3.4e+38 -3.4e+38 -3.4e+38 -3.4e+38 -3.4e+38 -3.4e+38 -3.4e+38 -3.4e+38 -3.4e+38 -3.4e+38 -3.4e+38 -3.4e+38 -3.4e+38 -3.4e+38 -3.4e+38 -3.4e+38 -3.4e+38 -3.4e+38 -3.4e+38 -3.4e+38 -3.4e+38 -3.4e+38 -3.4e+38 -3.4e+38 -3.4e+38 -3.4e+38 -3.4e+38 -3.4e+38 -3.4e+38 -3.4e+38 -3.4e+38 -3.4e+38 -3.4e+38 -3.4e+38 -3.4e+38 -3.4e+38 -3.4e+38
-3.4e+38 -3.4e+38 0.459394007921219 -3.4e+38 -3.4e+38 -3.4e+38 -3.4e+38 -3.4e+38 -3.4e+38 -3.4e+38 -3.4e+38 -3.4e+38 -3.4e+38 -3.4e+38 -3.4e+38 -3.4e+38 -3.4e+38 -3.4e+38 -3.4e+38 -3.4e+38 -3.4e+38 -3.4e+38 -3.4e+38 -3.4e+38 -3.4e+38 -3.4e+38 -3.4e+38 -3.4e+38 -3.4e+38 -3.4e+38 -3.4e+38 -3.4e+38 -3.4e+38 -3.4e+38 -3.4e+38 -3.4e+38 -3.4e+38 -3.4e+38 -3.4e+38 -3.4e+38 -3.4e+38 -3.4e+38 -3.4e+38 -3.4e+38
0.515863001346588 0.492035001516342 0.471713989973068 0.50552099943161 -3.4e+38 -3.4e+38 -3.4e+38 -3.4e+38 -3.4e+38 -3.4e+38 -3.4e+38 -3.4e+38 -3.4e+38 -3.4e+38 -3.4e+38 -3.4e+38 -3.4e+38 -3.4e+38 -3.4e+38 -3.4e+38 -3.4e+38 -3.4e+38 -3.4e+38 -3.4e+38 -3.4e+38 -3.4e+38 -3.4e+38 -3.4e+38 -3.4e+38 -3.4e+38 -3.4e+38 -3.4e+38 -3.4e+38 -3.4e+38 -3.4e+38 -3.4e+38 -3.4e+38 -3.4e+38 -3.4e+38 -3.4e+38 -3.4e+38 -3.4e+38 -3.4e+38 -3.4e+38
0.511241018772125 0.502798974514008 0.491950988769531 0.495900988578796 0.513056993484497 0.525882005691528 -3.4e+38 -3.4e+38 -3.4e+38 -3.4e+38 -3.4e+38 -3.4e+38 -3.4e+38 -3.4e+38 -3.4e+38 -3.4e+38 -3.4e+38 -3.4e+38 -3.4e+38 -3.4e+38 -3.4e+38 -3.4e+38 -3.4e+38 -3.4e+38 -3.4e+38 -3.4e+38 -3.4e+38 0.462585002183914 -3.4e+38 -3.4e+38 -3.4e+38 -3.4e+38 -3.4e+38 -3.4e+38 -3.4e+38 -3.4e+38 -3.4e+38 -3.4e+38 -3.4e+38 -3.4e+38 -3.4e+38 -3.4e+38 -3.4e+38 -3.4e+38
0.5016930103302 0.4966099858284 0.467891007661819 0.437891989946365 0.299800008535385 0.218169003725052 0.511352002620697 -3.4e+38 -3.4e+38 -3.4e+38 -3.4e+38 -3.4e+38 -3.4e+38 -3.4e+38 -3.4e+38 -3.4e+38 -3.4e+38 -3.4e+38 -3.4e+38 -3.4e+38 -3.4e+38 -3.4e+38 -3.4e+38 -3.4e+38 -3.4e+38 0.477311998605728 0.0190382990986109 0.000966406019870192 0.0804720968008041 -3.4e+38 -3.4e+38 -3.4e+38 -3.4e+38 -3.4e+38 -3.4e+38 -3.4e+38 -3.4e+38 -3.4e+38 -3.4e+38 -3.4e+38 -3.4e+38 -3.4e+38 -3.4e+38 -3.4e+38
0.468524008989334 0.441424012184143 0.413985997438431 0.206810995936394 0.000479208014439791 0.000469199003418908 0.228893995285034 -3.4e+38 -3.4e+38 -3.4e+38 -3.4e+38 -3.4e+38 -3.4e+38 -3.4e+38 -3.4e+38 -3.4e+38 -3.4e+38 -3.4e+38 -3.4e+38 -3.4e+38 -3.4e+38 -3.4e+38 -3.4e+38 0.491876006126404 0.11922699958086 0.000435230991570279 0.000391340989153832 0.000381285004550591 0.000523135007824749 -3.4e+38 -3.4e+38 -3.4e+38 -3.4e+38 -3.4e+38 -3.4e+38 -3.4e+38 -3.4e+38 -3.4e+38 -3.4e+38 -3.4e+38 -3.4e+38 -3.4e+38 -3.4e+38 -3.4e+38
0.416680008172989 0.386404007673264 0.139633998274803 0.000468701007775962 0.000461861985968426 0.000465132994577289 0.000516662024892867 0.5069659948349 -3.4e+38 -3.4e+38 -3.4e+38 -3.4e+38 -3.4e+38 -3.4e+38 -3.4e+38 -3.4e+38 -3.4e+38 -3.4e+38 -3.4e+38 -3.4e+38 -3.4e+38 0.506371974945068 0.324854999780655 0.000470697996206582 0.000419254007283598 0.000412792986026034 0.00040613001328893 0.000401822995627299 0.00039540498983115 0.49243700504303 0.497146010398865 0.502703011035919 0.51512998342514 -3.4e+38 -3.4e+38 -3.4e+38 -3.4e+38 -3.4e+38 -3.4e+38 -3.4e+38 -3.4e+38 -3.4e+38 -3.4e+38 -3.4e+38
0.377050012350082 0.00047239800915122 0.000454952998552471 0.000455970992334187 0.000460065988590941 0.000461427989648655 0.000462346011772752 0.0265775006264448 0.525727987289429 -3.4e+38 -3.4e+38 -3.4e+38 -3.4e+38 -3.4e+38 -3.4e+38 -3.4e+38 -3.4e+38 -3.4e+38 -3.4e+38 -3.4e+38 0.175087004899979 0.00123778998386115 0.000431869993917644 0.000427611987106502 0.000421345990616828 0.000422637007432058 0.000424914003815502 0.000426943006459624 0.000428107014158741 0.000429504987550899 0.000435986003139988 0.401275008916855 0.508503973484039 -3.4e+38 -3.4e+38 -3.4e+38 -3.4e+38 -3.4e+38 -3.4e+38 -3.4e+38 -3.4e+38 -3.4e+38 -3.4e+38 -3.4e+38
0.000454325985629112 0.000455069995950907 0.000455089990282431 0.000456938985735178 0.00045833399053663 0.00045978301204741 0.000460545008536428 0.0844575986266136 -3.4e+38 -3.4e+38 -3.4e+38 -3.4e+38 -3.4e+38 -3.4e+38 -3.4e+38 -3.4e+38 -3.4e+38 -3.4e+38 0.500118017196655 0.0114789996296167 0.000545402988791466 0.000449023995315656 0.000442216987721622 0.000439977011410519 0.000438683986430988 0.000439021998317912 0.000438768998719752 0.000438713002949953 0.00043906198698096 0.000440272007836029 0.000440698000602424 0.136024996638298 0.513714015483856 -3.4e+38 -3.4e+38 -3.4e+38 -3.4e+38 -3.4e+38 -3.4e+38 -3.4e+38 -3.4e+38 -3.4e+38 -3.4e+38 -3.4e+38
0.000456067005870864 0.000456657988252118 0.000456968002254143 0.000457265006843954 0.000457676011137664 0.000458702008472756 0.00066803302615881 -3.4e+38 -3.4e+38 -3.4e+38 -3.4e+38 -3.4e+38 -3.4e+38 -3.4e+38 -3.4e+38 -3.4e+38 -3.4e+38 0.218626007437706 0.00851119961589575 0.000533586018718779 0.000452136999228969 0.000448120001237839 0.000445096986368299 0.0004448689869605 0.000442007003584877 0.000441315001808107 0.000441578013123944 0.000441337004303932 0.000442408985691145 0.000444575998699293 0.000448178994702175 0.124615997076035 0.519939005374908 -3.4e+38 -3.4e+38 -3.4e+38 -3.4e+38 -3.4e+38 -3.4e+38 -3.4e+38 -3.4e+38 -3.4e+38 -3.4e+38 -3.4e+38
0.000457192014437169 0.000457752001238987 0.000457738991826773 0.000457593007013202 0.000458716996945441 0.000458364986116067 0.0271292999386787 -3.4e+38 -3.4e+38 -3.4e+38 -3.4e+38 -3.4e+38 -3.4e+38 -3.4e+38 -3.4e+38 -3.4e+38 0.106648996472359 0.00354292988777161 0.000507505028508604 0.000455481000244617 0.000453265005489811 0.000450883992016315 0.000449813000159338 0.000447758997324854 0.000445215991931036 0.000444489007350057 0.000446807011030614 0.000447995000286028 0.000449251005193219 0.000451606989372522 0.000453735003247857 0.154183000326157 0.52752697467804 -3.4e+38 -3.4e+38 -3.4e+38 -3.4e+38 -3.4e+38 -3.4e+38 -3.4e+38 -3.4e+38 -3.4e+38 -3.4e+38 -3.4e+38
0.000456156994914636 0.000456545007182285 0.000456428009783849 0.00045765598770231 0.000457196001661941 0.00058182398788631 0.0614863000810146 -3.4e+38 -3.4e+38 -3.4e+38 -3.4e+38 -3.4e+38 -3.4e+38 0.524909973144531 0.0729873031377792 0.0197548996657133 0.000651895010378212 0.000462494004750624 0.000458388996776193 0.000455603003501892 0.000454641005489975 0.00045277999015525 0.000451886997325346 0.000450641993666068 0.000448194012278691 0.000449192011728883 0.000450974010163918 0.000453596003353596 0.000455936999060214 0.000459584989584982 0.000463690987089649 0.139122992753983 0.534126996994019 -3.4e+38 -3.4e+38 -3.4e+38 -3.4e+38 -3.4e+38 -3.4e+38 -3.4e+38 -3.4e+38 -3.4e+38 -3.4e+38 -3.4e+38
0.000455125991720706 0.00045564299216494 0.000457026006188244 0.000457017013104632 0.00045673199929297 0.000576012011151761 0.0553591996431351 0.530616998672485 -3.4e+38 -3.4e+38 0.526049971580505 0.120212003588676 0.0793948993086815 0.00335434009321034 0.000578303006477654 0.000462497991975397 0.000460629991721362 0.000456770998425782 0.000456248002592474 0.000455544999567792 0.000454508000984788 0.000453456013929099 0.000452912005130202 0.000452465988928452 0.00045094799133949 0.000452806998509914 0.000456081994343549 0.000460092996945605 0.000465229008113965 0.000469441001769155 0.000474056985694915 0.0340153016149998 0.544368982315063 -3.4e+38 -3.4e+38 -3.4e+38 -3.4e+38 -3.4e+38 -3.4e+38 -3.4e+38 -3.4e+38 -3.4e+38 -3.4e+38 -3.4e+38
0.000456517998827621 0.000457534013548866 0.000458015012554824 0.000457946996903047 0.000457098009064794 0.000456634006695822 0.000570713018532842 0.00455371011048555 0.0179973002523184 0.0551683008670807 0.00418124021962285 0.000719796982593834 0.000466763012809679 0.000465582008473575 0.000463792006485164 0.000461338000604883 0.000460281997220591 0.000458708993392065 0.00045789300929755 0.000457443995401263 0.000456267996923998 0.000455886009149253 0.000456506997579709 0.00045678298920393 0.000456204987131059 0.000458691996755078 0.000463305012090132 0.000469129008706659 0.000472785992315039 0.00049632799346 0.000507390999700874 0.00078436202602461 0.543219983577728 -3.4e+38 -3.4e+38 -3.4e+38 -3.4e+38 -3.4e+38 -3.4e+38 -3.4e+38 -3.4e+38 -3.4e+38 -3.4e+38 -3.4e+38
0.000458333001006395 0.000459661998320371 0.000458974012872204 0.000458257010905072 0.000458861002698541 0.000457373011158779 0.000458436988992617 0.000460957002360374 0.000463272008346394 0.000467893987661228 0.000466992001747712 0.000466263998532668 0.000465218996396288 0.000465441989945248 0.000463169009890407 0.000462627998786047 0.000460687006125227 0.000460086012026295 0.000459569011582062 0.000458846014225855 0.000458493013866246 0.00046138500329107 0.000461897987406701 0.000461885007098317 0.000464017008198425 0.00046849501086399 0.000473454012535512 0.000476229004561901 0.00050118297804147 0.000511242018546909 0.000509754987433553 0.000507768010720611 0.541112005710602 0.557439029216766 -3.4e+38 -3.4e+38 -3.4e+38 -3.4e+38 -3.4e+38 -3.4e+38 -3.4e+38 -3.4e+38 -3.4e+38 -3.4e+38
0.000459686998510733 0.000461299991002306 0.000461599003756419 0.000461006013210863 0.000459959992440417 0.000459392002085224 0.000459839997347444 0.000462939991848543 0.000464342010673136 0.000467067002318799 0.000467231991933659 0.000467440986540169 0.000465799996163696 0.000466211989987642 0.00046405999455601 0.000463895994471386 0.000463125994428992 0.000463181000668555 0.000463928008684888 0.00046418298734352 0.00046545299119316 0.000465869990875944 0.000467928010039032 0.000470989005407318 0.000473465013783425 0.000475442997412756 0.000495731015689671 0.000499108980875462 0.000507077027577907 0.000507201999425888 0.000508586002979428 0.000513308972585946 0.285282999277115 0.554045975208282 -3.4e+38 -3.4e+38 -3.4e+38 -3.4e+38 -3.4e+38 -3.4e+38 -3.4e+38 -3.4e+38 -3.4e+38 -3.4e+38
0.00046514900168404 0.000467423000372946 0.000469090999104083 0.000467934994958341 0.000467336998553947 0.00046607299009338 0.000466600991785526 0.000469524005893618 0.0004718060081359 0.000474620988825336 0.000474369997391477 0.000470344995846972 0.000467486999696121 0.000467486999696121 0.000466319994302467 0.000466436991700903 0.000466038996819407 0.000466116005554795 0.000468011014163494 0.000471731997095048 0.000474934000521898 0.000476435001473874 0.00047803099732846 0.000477060995763168 0.000490763981360942 0.000500320980791003 0.000500545022077858 0.000509727979078889 0.000505962991155684 0.000508553988765925 0.000512095983140171 0.000516296015121043 0.0024357798974961 0.547868013381958 0.57049298286438 -3.4e+38 -3.4e+38 -3.4e+38 -3.4e+38 -3.4e+38 -3.4e+38 -3.4e+38 -3.4e+38 -3.4e+38
0.00047200100379996 0.000473046005936339 0.000473218009574339 0.00047371000982821 0.000474202999612316 0.000474808999570087 0.000476187997264788 0.000478066998766735 0.000478645000839606 0.000476926012197509 0.000473618012620136 0.000473062013043091 0.00047217498649843 0.000473374995635822 0.000472524989163503 0.000474364002002403 0.000477207999210805 0.000479337002616376 0.000480579008581117 0.000479745998745784 0.00047971899039112 0.000496775028295815 0.000499802990816534 0.000503565999679267 0.000500378024298698 0.000503825023770332 0.000508937984704971 0.000506571028381586 0.000508775003254414 0.000512166006956249 0.000515661027748138 0.000522392976563424 0.000531714991666377 0.425365000963211 0.569854974746704 -3.4e+38 -3.4e+38 -3.4e+38 -3.4e+38 -3.4e+38 -3.4e+38 -3.4e+38 -3.4e+38 -3.4e+38
0.000479073991300538 0.000480557006085292 0.000482811010442674 0.000483593001263216 0.000485611992189661 0.000487028999486938 0.000487534009153023 0.00048843800323084 0.000483570009237155 0.000480145012261346 0.000480554008390754 0.000480043003335595 0.000481664988910779 0.000482239993289113 0.000480599002912641 0.00048101699212566 0.000480259011965245 0.000489750993438065 0.000496688007842749 0.000500264985021204 0.00050387199735269 0.000500458001624793 0.000501443981193006 0.00050243700388819 0.000506933021824807 0.000506840995512903 0.000507140008267015 0.000509182980749756 0.000511462974827737 0.000514442974235862 0.000518399989232421 0.000525102019309998 0.000531993980985135 0.004287030082196 0.556315004825592 0.575621008872986 -3.4e+38 -3.4e+38 -3.4e+38 -3.4e+38 -3.4e+38 -3.4e+38 -3.4e+38 -3.4e+38
0.000493175000883639 0.000494025996886194 0.000494730018544942 0.0004954690230079 0.000496154010761529 0.00049666699487716 0.000493419996928424 0.000489980971906334 0.000487479992443696 0.000484819989651442 0.000486064003780484 0.000491429993417114 0.000496054999530315 0.000495169020723552 0.000497474975418299 0.000499792979098856 0.000502124021295458 0.00049951602704823 0.000500563997775316 0.000501615984831005 0.000502672977745533 0.000503676012158394 0.000508628028910607 0.000505940988659859 0.000506540993228555 0.000508124008774757 0.000510094978380948 0.000512155995238572 0.000514235987793654 0.000516825006343424 0.000522147980518639 0.00052747898735106 0.000533136015292257 0.000536723004188389 0.523896992206573 0.560576021671295 -3.4e+38 -3.4e+38 -3.4e+38 -3.4e+38 -3.4e+38 -3.4e+38 -3.4e+38 -3.4e+38
