results/Predictions/Median/Hauterivian.asc
NCOLS 360 
NROWS 180 
XLLCORNER -180 
YLLCORNER -90 
CELLSIZE 1 
NODATA_value -3.4e+38 
[rows 80 to 99 of 180, columns 88 to 131 of 360]
0.00046915898565203 0.000467231991933659 0.000465597986476496 0.000462949014035985 0.000460095994640142 0.000455900008091703 0.000451770989457145 0.000448737002443522 0.000446288002422079 0.000443947006715462 0.000443596014520153 0.000442216987721622 0.000442344986367971 0.000440792005974799 0.000440820003859699 0.000440386997070163 0.000440127012552693 0.000440083997091278 0.000439413997810334 0.000439166993601248 0.000439189985627308 0.000439213996287435 0.000439238996477798 0.000439263007137924 0.000439288007328287 0.00043931498657912 0.00043934301356785 0.00043948000529781 0.000439760013250634 0.000439881987404078 0.000439903989899904 0.000439925992395729 0.000440038013039157 0.000440236006397754 0.000440386997070163 0.00044051100849174 0.000440781004726887 0.000440917006926611 0.000441051990492269 0.000442196993390098 0.000444020988652483 0.000446682999609038 0.000448923005023971 0.000448317994596437
0.000466530007543042 0.000463183998363093 0.000459680013591424 0.00045645100180991 0.000451700994744897 0.000449359999038279 0.000447405007435009 0.000445782003225759 0.0004453870060388 0.000443842989625409 0.000441793003119528 0.000440537987742573 0.00044012299622409 0.000439849012764171 0.000439308991190046 0.000439324008766562 0.000439338997239247 0.000439352996181697 0.000439366005593911 0.000439378985902295 0.000439391995314509 0.000439405004726723 0.000439419003669173 0.000439433002611622 0.000439446012023836 0.000439463998191059 0.000439516006736085 0.000439500989159569 0.000439519004430622 0.000439564988482744 0.000439591996837407 0.000439619994722307 0.000439669005572796 0.000439860014012083 0.000440386997070163 0.000440386997070163 0.000440386997070163 0.000440770003478974 0.000441156997112557 0.000441545009380206 0.000443591008661315 0.000444445002358407 0.000448531005531549 0.00045008200686425
0.000462672993307933 0.000459198985481635 0.000455341010820121 0.000451558007625863 0.000448811013484374 0.000446997990366071 0.000445457990281284 0.00044378699385561 0.000440861011156812 0.000439672992797568 0.000439492985606194 0.000439510011347011 0.000439505995018408 0.000439477007603273 0.000439455994637683 0.000439435010775924 0.000439413997810334 0.000439396011643112 0.000439380004536361 0.000439364986959845 0.000439349008956924 0.000439327995991334 0.000439308001659811 0.000439304014435038 0.000439171999460086 0.000439280993305147 0.000439304014435038 0.000439304014435038 0.000439304014435038 0.000439304014435038 0.000439444003859535 0.000439535011537373 0.00043966100201942 0.000439736002590507 0.000439847994130105 0.000440386997070163 0.000440386997070163 0.000440386997070163 0.000440414005424827 0.000440848991274834 0.000441985990619287 0.000445476995082572 0.000447445985628292 0.000449084996944293
0.000477441994007677 0.000474008993478492 0.000471353996545076 0.000467459001811221 0.000464648008346558 0.000459973991382867 0.000456000008853152 0.000452003005193546 0.000448016013251618 0.000444075994892046 0.00044348300434649 0.000441001990111545 0.000440642004832625 0.00044055501348339 0.000439255993114784 0.00043927799561061 0.000439299998106435 0.000439319992437959 0.000438713002949953 0.000438713002949953 0.000438713002949953 0.000438713002949953 0.000438713002949953 0.000438713002949953 0.000438713002949953 0.000438713002949953 0.000438713002949953 0.000438880990259349 0.000439199997344986 0.00043946600635536 0.000439502007793635 0.00043953800923191 0.000439617986558005 0.000439771014498547 0.00043989100959152 0.000440695992438123 0.000441450014477596 0.000442557007772848 0.000444294011685997 0.000446082005510107 0.000448706996394321 0.000451920001069084 0.000452762993518263 0.000453168991953135
0.000483537005493417 0.000481783994473517 0.000480777991469949 0.000477480003610253 0.000474750995635986 0.000470856000902131 0.000466855010017753 0.000463405012851581 0.000458830007119104 0.000454988999990746 0.000450727995485067 0.000449176994152367 0.000447700003860518 0.000444865989265963 0.000442529999418184 0.000442043005023152 0.000441339012468234 0.000441495998529717 0.000441031996160746 0.000440103001892567 0.000438713002949953 0.000438713002949953 0.000439065013779327 0.000438713002949953 0.000438713002949953 0.000438713002949953 0.000438713002949953 0.000438713002949953 0.000438713002949953 0.000438822986325249 0.000439441006164998 0.000440061005065218 0.000440790987340733 0.000441223994130269 0.000443277996964753 0.000447508005890995 0.000448103004600853 0.000448739010607824 0.000451096013421193 0.000452367996331304 0.000454001012258232 0.000455781002528965 0.000457212998298928 0.000457519985502586
0.000469743012217805 0.000468312005978078 0.000463812990346923 0.000461821007775143 0.000459589005913585 0.000457493006251752 0.000456131005194038 0.000454941007774323 0.000453754997579381 0.000452832988230512 0.000452643987955526 0.000451694009825587 0.000449681014288217 0.000447364989668131 0.00044627400347963 0.000445187004515901 0.00044410300324671 0.00044343201443553 0.000441707001300529 0.000440775009337813 0.000440309988334775 0.000441015989053994 0.000441704003605992 0.000442107993876562 0.00044165799045004 0.000441693991888314 0.000441731011960655 0.000441768002929166 0.000441979995230213 0.000442846008809283 0.000444309989688918 0.000445779995061457 0.000446958001703024 0.000451047992100939 0.000454863999038935 0.000457635003840551 0.000460629991721362 0.000462900003185496 0.000463767995825037 0.000464443990495056 0.000464059005025774 0.000464179000118747 0.000465443008579314 0.000465671997517347
0.000434243993368 0.000433667009929195 0.000433423992944881 0.000433481996878982 0.000433550012530759 0.000433653010986745 0.000434331013821065 0.00043520299368538 0.00043601798824966 0.000436492002336308 0.000438808987382799 0.000440661999164149 0.000442761986050755 0.000444448000052944 0.000445896002929658 0.000449746003141627 0.000452773994766176 0.000450669002020732 0.000448589998995885 0.000448259001132101 0.000448426988441497 0.000447827012976632 0.000447352009359747 0.000446879013907164 0.000446405989350751 0.000447994010755792 0.000450380000984296 0.000451887986855581 0.00045200198655948 0.00045351599692367 0.00045555699034594 0.000457609014119953 0.000460649986052886 0.000464320997707546 0.000465407007141039 0.000468687008833513 0.000468982005259022 0.000468284008093178 0.000466505996882915 0.000466239987872541 0.000467447011033073 0.000467028992716223 0.00046875499538146 0.000466847006464377
0.000419490010244772 0.000419571995735168 0.000419818999944255 0.000420441996539012 0.000420878990553319 0.000421141012338921 0.000421400007326156 0.000421701988670975 0.000422003999119624 0.000422345998231322 0.00042310799472034 0.000423335004597902 0.000423852005042136 0.000424411991843954 0.000425100006395951 0.000427238992415369 0.000428794010076672 0.000430352985858917 0.000431860011303797 0.000434457004303113 0.000437748996773735 0.000439683994045481 0.000444301986135542 0.000448383012553677 0.000452976993983611 0.000453963992185891 0.000453451997600496 0.000452939013484865 0.000453871994977817 0.000455969013273716 0.000457471003755927 0.000459842005511746 0.000462858995888382 0.000464543991256505 0.000466725992737338 0.000468267011456192 0.000468362006358802 0.000467689998913556 0.000467618985567242 0.000466075987787917 0.000466695986688137 0.000467642006697133 0.000470597005914897 0.000468996993731707
0.000412502995459363 0.000412130000768229 0.000412138004321605 0.000412872002925724 0.000413136003771797 0.000413505011238158 0.000414314010413364 0.000415199989220127 0.000415396993048489 0.000415997987147421 0.00041674601379782 0.00041735201375559 0.000418050010921434 0.000418051989981905 0.000418365991208702 0.000419857999077067 0.00042079298873432 0.00042156400741078 0.000422954006353393 0.000423927995143458 0.000424908008426428 0.000427693012170494 0.000430071988375857 0.000431853986810893 0.000434944988228381 0.000436694012023509 0.000438410002971068 0.000440759002231061 0.000443492986960337 0.000445912010036409 0.000450013001682237 0.000452011998277158 0.000452526001026854 0.000455430010333657 0.000456667999969795 0.000459700997453183 0.000461727991933003 0.000463192991446704 0.000466647004941478 0.000466722005512565 0.000472120998892933 0.000479546986753121 0.000486743985675275 0.000490950013045222
0.000400179007556289 0.000399887008825317 0.000400048011215404 0.000400663004256785 0.000401278986828402 0.000401895988034084 0.00040306500159204 0.00040442100726068 0.000405728991609067 0.000405723985750228 0.000406408013077453 0.00040828000055626 0.000408888998208568 0.000409753003623337 0.000411277986131608 0.000413469999330118 0.000414434995036572 0.000415157992392778 0.00041661798604764 0.000418020994402468 0.000419071991927922 0.000420733995269984 0.000422446988523006 0.000424168014433235 0.000426434999099001 0.000429751991759986 0.00043248399742879 0.000436591013567522 0.000437582988524809 0.000438713002949953 0.000438713002949953 0.000440075004007667 0.000442070013377815 0.000444551988039166 0.000447246013209224 0.000450271007139236 0.000452047010185197 0.000453040993306786 0.000453207001555711 0.000453265005489811 0.00045645798672922 0.0004625600122381 0.00047185001312755 0.000479579000966623
0.000397336989408359 0.000396874995203689 0.000396526011172682 0.000396291987271979 0.000396562012610957 0.000397004012484103 0.00039775698678568 0.000398751988541335 0.000399748008931056 0.000400746997911483 0.000402645004214719 0.000404113990953192 0.00040522898780182 0.000405908998800442 0.000407020997954533 0.000408263993449509 0.000410311011364684 0.000412869005231187 0.000414370006183162 0.000415029004216194 0.000417016010032967 0.000418301991885528 0.000419772986788303 0.000421972014009953 0.000423157005570829 0.000424586003646255 0.000428400002419949 0.000432077998993918 0.000434623012552038 0.000435872992966324 0.000437303009675816 0.000437985989265144 0.00043932898552157 0.000441965006757528 0.000443697994342074 0.000446549995103851 0.000447694008471444 0.000448709004558623 0.000449165003374219 0.000449359009508044 0.000451828993391246 0.000454327004263178 0.000457849004305899 0.000465633987914771
0.000406314007705078 0.00040619500214234 0.000406239996664226 0.000406442006351426 0.00040644098771736 0.000406439998187125 0.000406439998187125 0.000407106010243297 0.000406975013902411 0.000406956998631358 0.000407915009418502 0.000408187013817951 0.000408802996389568 0.000409494008636102 0.000411165994592011 0.000411996996263042 0.000412241002777591 0.000413227011449635 0.0004144310078118 0.000415604998124763 0.000416980998124927 0.00041777899605222 0.000419049989432096 0.000420324999140576 0.000421606004238129 0.000423113990109414 0.000424630008637905 0.000428283005021513 0.00043086800724268 0.000432071014074609 0.000433270004577935 0.000434773013694212 0.000436236994573846 0.000438132003182545 0.00043927799561061 0.000441070995293558 0.000440895004430786 0.000440903007984161 0.000440336996689439 0.000440317991888151 0.00044387299567461 0.00044830099795945 0.000451892003184184 0.000455266010249034
0.000412655994296074 0.000412533001508564 0.00041257101111114 0.000412775989389047 0.00041298198630102 0.00041291699744761 0.000412299996241927 0.000411693996284157 0.000411498011089861 0.000411724002333358 0.00041210200288333 0.000411837012507021 0.000411997985793278 0.000411715009249747 0.000411604007240385 0.000412319990573451 0.000412811990827322 0.000413712987210602 0.000414612994063646 0.000414328998886049 0.000414025998907164 0.000416667986428365 0.00041753999539651 0.000418526993598789 0.000418998999521136 0.000419890013290569 0.000420785014284775 0.00042201898759231 0.000423227000283077 0.000424335012212396 0.000425512989750132 0.000427160994149745 0.000431032007327303 0.000432681001257151 0.000434193992987275 0.000436030008131638 0.000435471010860056 0.000435560999903828 0.000436030008131638 0.000438006012700498 0.000439491996075958 0.000441154988948256 0.000445877987658605 0.000450048013590276
0.000417695991927758 0.000416572001995519 0.000416741997469217 0.000416889990447089 0.000417036993894726 0.000417184986872599 0.000417273986386135 0.000416464987210929 0.000415860005887225 0.000415841001085937 0.000415271002566442 0.00041469099232927 0.000414106005337089 0.000413553992984816 0.000413751986343414 0.000414718990214169 0.00041454000165686 0.000414131995057687 0.000414301990531385 0.000414631998864934 0.000414962007198483 0.000415401009377092 0.00041558500379324 0.000415894988691434 0.000416205002693459 0.000417348986957222 0.000417592003941536 0.000418877985794097 0.000418998009990901 0.000419359013903886 0.00041984798735939 0.000420388008933514 0.000421106000430882 0.000421670993091539 0.000425003992859274 0.000429156993050128 0.000429740000981838 0.000429854000685737 0.000430115003837273 0.000431135995313525 0.000434037006925792 0.000437893002526835 0.000439304014435038 0.000440386997070163
0.000424488011049107 0.000424005003878847 0.0004233889922034 0.000422732002334669 0.000422068987973034 0.000421400996856391 0.00042067700996995 0.000419930001953617 0.000419391988543794 0.000418623996665701 0.000417862000176683 0.00041782800690271 0.000417275994550437 0.000416983006289229 0.000416566006606445 0.000417786999605596 0.000417606002883986 0.000417344010202214 0.000418253010138869 0.000419279997004196 0.000419644988141954 0.000419246993260458 0.000418926996644586 0.00041860798955895 0.000418979005189613 0.000420049007516354 0.00042081400169991 0.000420455995481461 0.000419469986809418 0.000418453011661768 0.000417723000282422 0.000416705996030942 0.000418298004660755 0.000421108008595183 0.000421783013734967 0.000421289005316794 0.000421017990447581 0.000423351011704654 0.000424460013164207 0.000425203994382173 0.000431013992056251 0.00043485700734891 0.00043829099740833 0.000439344992628321
0.000425217993324623 0.000425017991801724 0.000424664991442114 0.00042400200618431 0.000423335004597902 0.000422665005316958 0.000421878998167813 0.000421787000959739 0.000421555014327168 0.000421392993303016 0.000420422991737723 0.000420689000748098 0.000419440009864047 0.00042097398545593 0.000423001009039581 0.000423329998739064 0.000422962009906769 0.000422535988036543 0.000421745993662626 0.000420767988543957 0.000419780000811443 0.000419124000472948 0.000418659008573741 0.000418193987570703 0.000417728995671496 0.000417520990595222 0.000417375005781651 0.000416713999584317 0.000416113995015621 0.000416268012486398 0.000417186005506665 0.000418106996221468 0.000418118986999616 0.000418098003137857 0.000419921998400241 0.000420132011640817 0.000420783995650709 0.000420417985878885 0.000421319011365995 0.000423768011387438 0.000427994003985077 0.00043184298556298 0.000436714006355032 0.000440188014181331
0.000428561004810035 0.000428369996370748 0.000427254009991884 0.000426184997195378 0.000425175006967038 0.00042472401401028 0.000425306003307924 0.000424305006163195 0.00042475201189518 0.000423308985773474 0.000421731994720176 0.000422724988311529 0.000423730991315097 0.000424878002377227 0.000424916011979803 0.000423765013692901 0.000422604993218556 0.000421650009229779 0.000420903001213446 0.000419399992097169 0.000416642986238003 0.000415251008234918 0.00041480700019747 0.000414364010794088 0.000413922010920942 0.000413222005590796 0.000413219997426495 0.000413330999435857 0.000413881003623828 0.000413964997278526 0.000414406997151673 0.000414848997024819 0.000415780988987535 0.000417205010307953 0.000419240997871384 0.000422587007051334 0.000423813995439559 0.000426212005550042 0.000426874001277611 0.000428648985689506 0.000429164996603504 0.000432834989624098 0.000437640002928674 0.000440275995060802
0.000430359999882057 0.000430568004958332 0.000430852000135928 0.000430905987741426 0.000430721003795043 0.000430382991908118 0.000430043990490958 0.000429661013185978 0.000429278006777167 0.000428895000368357 0.000428091996582225 0.000426982995122671 0.000425712001742795 0.000424467987613752 0.000423338002292439 0.000422203011112288 0.000421495991759002 0.000421653996454552 0.00042108100024052 0.00041976198554039 0.00041487198905088 0.00041259900899604 0.000411401008022949 0.000410715001635253 0.000410031003411859 0.000409580010455102 0.000410915992688388 0.000412499997764826 0.000412830006098375 0.000416789000155404 0.000417883013142273 0.000419582007452846 0.000420527008827776 0.000422295997850597 0.000424202997237444 0.000425915990490466 0.000427932012826204 0.000430079002398998 0.000432219996582717 0.000432289991294965 0.000435558002209291 0.000437938986578956 0.0004405039944686 0.000443188997451216
0.000430246989708394 0.000430818006861955 0.000431369000580162 0.00043190098949708 0.000431921012932435 0.000430593994678929 0.000429184990935028 0.000427752005634829 0.000426324986619875 0.000424953002948314 0.000423580990172923 0.000419604999478906 0.000417792005464435 0.000416230002883822 0.000414436013670638 0.000413000991102308 0.000412510999012738 0.000411570013966411 0.000409731001127511 0.000407131010433659 0.00040631101001054 0.00040437700226903 0.000402642006520182 0.000400836986955255 0.000399671000195667 0.000399318989366293 0.000398967007640749 0.000399556010961533 0.000399746000766754 0.0004029719857499 0.000403921992983669 0.000404779013479128 0.00040570501005277 0.000407015992095694 0.000408332998631522 0.000409019005019218 0.000409872009186074 0.000411518994951621 0.000412057008361444 0.00041441700886935 0.000418047013226897 0.000422659999458119 0.000426579004852101 0.000428759987698868
0.000427474995376542 0.000425347010605037 0.000423055986175314 0.000420777010731399 0.000418795010773465 0.000417928997194394 0.000416391005273908 0.000415649003116414 0.00041490700095892 0.000414164998801425 0.000412252004025504 0.000412063003750518 0.000410158012527972 0.000408507999964058 0.000404830003390089 0.000402116012992337 0.000398731004679576 0.00039629900129512 0.000394845992559567 0.00039189201197587 0.000389038992580026 0.000387003005016595 0.000384868995752186 0.000381560006644577 0.00037779999547638 0.000377772987121716 0.000377174001187086 0.000376524985767901 0.000377035001292825 0.000377535005100071 0.000378730008378625 0.000379932986106724 0.000383651989977807 0.000388307991670445 0.000390339002478868 0.000391298002796248 0.000395123002817854 0.000398239004425704 0.000400329008698463 0.000403092009946704 0.000408255000365898 0.000410815002396703 0.000413247005781159 0.000416599999880418
