results/Predictions/Median/Hauterivian.asc
NCOLS 360 
NROWS 180 
XLLCORNER -180 
YLLCORNER -90 
CELLSIZE 1 
NODATA_value -3.4e+38 
[rows 100 to 119 of 180, columns 88 to 131 of 360]
0.00041650200728327 0.000415104994317517 0.000413700996432453 0.000412558991229162 0.000411916989833117 0.000411409011576325 0.000409032014431432 0.000407812010962516 0.000406818988267332 0.000404654012527317 0.000402506004320458 0.000398792995838448 0.000395648996345699 0.000392285990528762 0.000387859996408224 0.000382080004783347 0.000375206000171602 0.00037115000304766 0.000365813990356401 0.00036164399352856 0.000356395990820602 0.000353960000211373 0.000350905989762396 0.000348213012330234 0.000344636995578185 0.000347711000358686 0.000347133987816051 0.0003474639961496 0.000348317000316456 0.000349751993780956 0.00035074699553661 0.000351029011653736 0.000353273993823677 0.00035594598739408 0.000359936006134376 0.000365093990694731 0.000370585999917239 0.000375783012714237 0.000378166005248204 0.000385374994948506 0.000397336989408359 0.000402111996663734 0.000408419000450522 0.000409984000725672
0.000406781997298822 0.000404302001697943 0.00040169499698095 0.00039974000537768 0.000395974988350645 0.000392246001865715 0.000388646003557369 0.000383375998353586 0.000378177996026352 0.00037270798929967 0.000368353008525446 0.00036382899270393 0.000360025005647913 0.000356912001734599 0.000351655995473266 0.000347308989148587 0.000343068997608498 0.000340171012794599 0.00033802300458774 0.000335118995280936 0.000332616007653996 0.000329730013618246 0.000327209010720253 0.000325399014400318 0.000324669992551208 0.00032556100632064 0.000324288004776463 0.00032382199424319 0.000324291992001235 0.000325559987686574 0.000327143003232777 0.000327242014463991 0.000330075999954715 0.000335149990860373 0.00033935101237148 0.000344419997418299 0.000348642992321402 0.000352864997694269 0.000358719989890233 0.000366960011888295 0.000375997013179585 0.000386191997677088 0.000397200987208635 0.000401060999138281
0.000378711003577337 0.000372025009710342 0.000366980995750055 0.000360892008757219 0.00035713700344786 0.000352800008840859 0.000349870999343693 0.000345270003890619 0.00034077200689353 0.00033757698838599 0.000335098011419177 0.000332444004015997 0.000329536997014657 0.000326965004205704 0.000324583001201972 0.000321453990181908 0.00031878100708127 0.000316744000883773 0.000315192999551073 0.00031225400744006 0.000310419010929763 0.000308851012960076 0.000307496986351907 0.000306144007481635 0.000304793007671833 0.00030543000320904 0.000305930007016286 0.000306964997434989 0.000307954993331805 0.000309641007333994 0.000311334006255493 0.000313033990096301 0.000316552992444485 0.000320274994010106 0.000323924992699176 0.000328247988363728 0.000333175004925579 0.00033852198976092 0.00034341900027357 0.000348520989064127 0.00035748298978433 0.000365734013030306 0.000376254989532754 0.000381727004423738
0.000375405012164265 0.000370572000974789 0.000363105005817488 0.000358674995368347 0.000353240990079939 0.000347850989783183 0.000343605002854019 0.000339416990755126 0.000335338991135359 0.000330179987940937 0.000326094013871625 0.000322818988934159 0.000319376005791128 0.000316268007736653 0.000314003002131358 0.000311790994601324 0.000308018003124744 0.000305143999867141 0.000303311011521146 0.000301661988487467 0.00030002198764123 0.000298855011351407 0.000297354010399431 0.000296306010568514 0.000294738012598827 0.000295042991638184 0.000295347010251135 0.00029565001023002 0.000296349986456335 0.000297660008072853 0.000299000006634742 0.000300357001833618 0.000302745000226423 0.000305757013848051 0.000308577989926562 0.000311882991809398 0.000316930003464222 0.000321764004183933 0.000324866996379569 0.000329990987665951 0.000334206008119509 0.000338927988195792 0.000345790002029389 0.00035174100776203
0.000371441012248397 0.000364618987077847 0.00035841201315634 0.000353067996911705 0.000347454013535753 0.000342734012519941 0.00033773499308154 0.000332163006532937 0.000327698013279587 0.000323421001667157 0.000320644991006702 0.000317811005515978 0.000313922006171197 0.000310428004013374 0.000307326001347974 0.000303815002553165 0.00030034501105547 0.000297363003483042 0.000294272002065554 0.000291692995233461 0.000289082003291696 0.000287964008748531 0.000286497001070529 0.000283622997812927 0.000281868997262791 0.000281779008219019 0.000281612010439858 0.000281262997305021 0.000281168991932645 0.000282338995020837 0.000284117995761335 0.000285818008705974 0.000287762988591567 0.000289996998617426 0.000294299010420218 0.000296602986054495 0.000298641010886058 0.000303003005683422 0.000306334986817092 0.000309158989693969 0.000311924988636747 0.000317075988277793 0.000320043007377535 0.000322253006743267
0.00037947398959659 0.000373221002519131 0.000365415995474905 0.000358966004569083 0.000351933995261788 0.000345420994563028 0.000339813006576151 0.000333640986355022 0.000327852001646534 0.000323268002830446 0.000318248989060521 0.000314294011332095 0.000310959992930293 0.000307676004013047 0.000303590990370139 0.000299537001410499 0.00029557099333033 0.000291414005914703 0.00028792698867619 0.000284609996015206 0.000281337997876108 0.00028002800536342 0.000278277002507821 0.00027619898901321 0.000272843986749649 0.00027043599402532 0.000269549986114725 0.00026962099946104 0.000269971991656348 0.000271168013568968 0.000272370001766831 0.000273578014457598 0.000275061000138521 0.000276825012406334 0.000278600986348465 0.000280412001302466 0.000281958986306563 0.000282810011412948 0.000282377994153649 0.000284667999949306 0.000286424008663744 0.000288492010440677 0.000289871008135378 0.000291923992335796
0.000399584998376667 0.000394019007217139 0.000387403008062392 0.000379476987291127 0.000371731992345303 0.000364373001502827 0.000357501994585618 0.00035052900784649 0.000343049003276974 0.000335127988364547 0.00032815700978972 0.000321953993989155 0.000315843994030729 0.000310495001031086 0.000306723988614976 0.000304134009638801 0.00029835500754416 0.000293969002086669 0.000290102005237713 0.000286177993984893 0.000280414998997003 0.000276091013802215 0.00027282300288789 0.000270454998826608 0.000268367992248386 0.000266513001406565 0.000264159985817969 0.000262049987213686 0.000260667002294213 0.000260000990238041 0.000259132997598499 0.000258307991316542 0.000258491985732689 0.000258968997513875 0.000259446998825297 0.000259925000136718 0.000260811008047312 0.000261525012319908 0.000262073008343577 0.000262568995822221 0.000263327005086467 0.000264845002675429 0.000266293005552143 0.000266638991888613
0.000409914995543659 0.000406653998652473 0.000403104000724852 0.000397341995267197 0.000391031993785873 0.000384407001547515 0.000375661998987198 0.000366124004358426 0.000357798009645194 0.000350766989868134 0.000343213003361598 0.000335371005348861 0.00032599299447611 0.00031883901101537 0.000311674986733124 0.000305510009638965 0.000299478007946163 0.000295058998744935 0.000287756993202493 0.000283986999420449 0.000278832012554631 0.000274582009296864 0.000269320007646456 0.000266254995949566 0.000263560999883339 0.000260980013990775 0.000257567007793114 0.000254543003393337 0.000251327001024038 0.000248666008701548 0.000246768991928548 0.000245283998083323 0.000244186987401918 0.000243471993599087 0.000242758993408643 0.0002420480013825 0.000241246001678519 0.00024090199440252 0.000240558001678437 0.000240214998484589 0.000240387002122588 0.00024059199495241 0.000240790002862923 0.000241426998400129
0.000426434009568766 0.000423154997406527 0.000418803014326841 0.000417339004343376 0.000411638990044594 0.000407488987548277 0.00040232200990431 0.000396293005906045 0.000389174005249515 0.000380004988983274 0.000371764996089041 0.000362499995389953 0.000355160009348765 0.000346279994118959 0.000338221987476572 0.000329611997585744 0.000320658000418916 0.000312782998662442 0.000305944995488971 0.000298469996778294 0.000291439006105065 0.000286291993688792 0.000280675012618303 0.000274566002190113 0.000268723990302533 0.000264047004748136 0.00025989199639298 0.000254926009802148 0.000249687989708036 0.00024687999393791 0.000243247995967977 0.000240092005697079 0.000237383996136487 0.000235198996961117 0.000233282000408508 0.000230649995501153 0.000228043994866312 0.000226549003855325 0.000224942996283062 0.000223442999413237 0.000222745002247393 0.000222190006752498 0.000221566995605826 0.000221073001739569
0.000440447009168565 0.000439235998783261 0.000436383008491248 0.000432388012995943 0.000427034014137462 0.000422709999838844 0.000421381992055103 0.000417953997384757 0.000415084999985993 0.000409631000366062 0.000403239013394341 0.000395087990909815 0.000385855993954465 0.000375972012989223 0.000364804000128061 0.000356089993147179 0.000345465989084914 0.000335343007463962 0.000326725014019758 0.000316730001941323 0.000308065005810931 0.000300690997391939 0.000292882003122941 0.000286265014437959 0.000278991006780416 0.000272175995633006 0.000266324001131579 0.000259030988672748 0.00025298199034296 0.000247907999437302 0.000242369002080522 0.000236402003793046 0.000231653000810184 0.000227999000344425 0.000222443995880894 0.000217484994209372 0.000214163999771699 0.000211741993553005 0.000208729004953057 0.000205449003260583 0.000203400006284937 0.000201368005946279 0.000200042006326839 0.000199999994947575
0.000454169989097863 0.000450457009719685 0.000448359991423786 0.000445090001448989 0.000442594988271594 0.000440311006968841 0.000436670001363382 0.000431105989264324 0.000426298996899277 0.000421859003836289 0.000420486991060898 0.000418051989981905 0.000414403999457136 0.000409347005188465 0.00039945900789462 0.000389849999919534 0.000378472992451862 0.000367069005733356 0.00035571600892581 0.000344784988556057 0.000332277995767072 0.000322609004797414 0.000313722994178534 0.000304510991554707 0.000295587000437081 0.000288087991066277 0.000280247011687607 0.000273640995146707 0.000266026996541768 0.000258837011642754 0.000250662997132167 0.000243535992922261 0.00023761999909766 0.000232197999139316 0.000224930001422763 0.000217858992982656 0.000212170998565853 0.000207391000003554 0.000203107003471814 0.00020055599452462 0.000198602996533737 0.000195065003936179 0.000190791004570201 0.000187924000783823
0.000474242988275364 0.000472493993584067 0.000469113001599908 0.000464257987914607 0.000461415998870507 0.000458144990261644 0.000453338987426832 0.000449463987024501 0.000445695011876523 0.000442975986516103 0.000439730996731669 0.000435065012425184 0.000432147004175931 0.000425989012001082 0.000423385994508862 0.000418834999436513 0.000412027991842479 0.000403990008635446 0.0003909980005119 0.000380376004613936 0.000368081004125997 0.000356976990588009 0.000344353989930823 0.000334456999553367 0.000323590997140855 0.000314339005853981 0.000302831991575658 0.0002933070063591 0.00028494800790213 0.000277237995760515 0.000269251002464443 0.000261181005043909 0.00025143098901026 0.000244483991991729 0.000237107000430115 0.000229576995479874 0.000221577996853739 0.000215003004996106 0.000209473000722937 0.000204042997211218 0.000198396999621764 0.000192652994883247 0.000187361001735553 0.000182172996574081
0.000493671977892518 0.00049212301382795 0.000489988015033305 0.000487284996779636 0.000484604010125622 0.000481944996863604 0.000478317000670359 0.000475101987831295 0.000471526989713311 0.000467291014501825 0.000462341005913913 0.000454786990303546 0.000450749997980893 0.000446961988927796 0.000441376003436744 0.000438409013440832 0.000434974004747346 0.000431600987212732 0.00042784700053744 0.000421253003878519 0.000408360996516421 0.000396404997445643 0.000382456986699253 0.000370246008969843 0.000359327008482069 0.000346299988450482 0.000333820993546396 0.000319963990477845 0.000306753005133942 0.000296053010970354 0.000285580987110734 0.000276634993497282 0.000267222989350557 0.00025736799580045 0.000249461008934304 0.00023949499882292 0.000230578996706754 0.000222596994717605 0.000213580002309754 0.000207264005439356 0.000200656999368221 0.000194145002751611 0.000186172997928225 0.000179480004590005
0.000507339020259678 0.000506864977069199 0.000505730975419283 0.000503134971950203 0.000500558002386242 0.000498000998049974 0.000495119020342827 0.000491347978822887 0.000488332007080317 0.000485583004774526 0.000483773008454591 0.000481188995763659 0.000477594003314152 0.000472093001008034 0.000469599006464705 0.000463828007923439 0.000456044013844803 0.000449409999419004 0.000442643009591848 0.00043728100717999 0.000433242996223271 0.000426429993240163 0.000415231013903394 0.000400216988055035 0.000387976004276425 0.00037513198913075 0.000362743012374267 0.000350757996784523 0.000335783988703042 0.000321525993058458 0.000309313007164747 0.000298258004477248 0.000286066991975531 0.000277923012617975 0.0002654810086824 0.00025471398839727 0.000246704003075138 0.000236805994063616 0.000227605996769853 0.00021725200349465 0.00020986600429751 0.000203110001166351 0.000195336993783712 0.000189683007192798
0.000526472984347492 0.000526037998497486 0.000525297014974058 0.000524252012837678 0.00052320898976177 0.000522168003953993 0.000521121022757143 0.000517357024364173 0.000513562990818173 0.000508378027006984 0.000503412971738726 0.00050204701256007 0.000496790977194905 0.000492319988552481 0.000489279977045953 0.000485730997752398 0.000482508999994025 0.000474580010632053 0.000466428988147527 0.000459915987448767 0.000454805995104834 0.000450599996838719 0.000444545003119856 0.000436044996604323 0.000426098005846143 0.000409864005632699 0.000397346011595801 0.000381421006750315 0.000366444990504533 0.000352373986970633 0.000336183002218604 0.000321956002153456 0.000307529990095645 0.000293599994620308 0.000283261004369706 0.000272164004854858 0.00025968998670578 0.000250339013291523 0.000240723995375447 0.000230304998694919 0.000222339003812522 0.000213416002225131 0.000204188007046469 0.000196099994354881
0.000530841003637761 0.000531237979885191 0.000531540019437671 0.000531745026819408 0.00053113600006327 0.00052891398081556 0.000526510993950069 0.000524059985764325 0.000521992973517627 0.000520446978043765 0.000518587999977171 0.000516741012688726 0.000512431026436388 0.000510747020598501 0.000509336008690298 0.000501620990689844 0.000497165019623935 0.000494225998409092 0.000490128004457802 0.000484034011606127 0.000474061991553754 0.000466650002636015 0.000458402006188408 0.000453012005891651 0.000447072990937158 0.000433846988016739 0.000419407995650545 0.000405619008233771 0.000390717992559075 0.000373435002984479 0.000357634999090806 0.000342576007824391 0.000326831999700516 0.000310950999846682 0.000297013990348205 0.000284025998553261 0.000272948003839701 0.000260881002759561 0.000251182995270938 0.00024076399859041 0.000231155005167238 0.000221431997488253 0.00021034300152678 0.000201340997591615
0.00052844500169158 0.000528822012711316 0.000529179989825934 0.000529518001712859 0.000529857003130019 0.000530196004547179 0.000530102988705039 0.000529867014847696 0.000529630982782692 0.000529395998455584 0.000528634001966566 0.00052579102339223 0.000522968999575824 0.000519998022355139 0.000516540021635592 0.000514139013830572 0.000509719015099108 0.000505576026625931 0.000504485971760005 0.000494821986649185 0.000489049009047449 0.000482228002510965 0.000473677006084472 0.000465287012048066 0.000457054004073143 0.000450607010861859 0.000439194001955912 0.000422076001996174 0.000407735002227128 0.00038859000778757 0.000373863993445411 0.000354677002178505 0.000339285004884005 0.000324202992487699 0.000311189010972157 0.00029446100234054 0.00028302101418376 0.000271569995675236 0.000259172986261547 0.000246079987846315 0.000235726998653263 0.000226547999773175 0.000214959000004455 0.000204968004254624
0.000533548998646438 0.000533823971636593 0.000533932994585484 0.000533877988345921 0.000533821992576122 0.000533766986336559 0.000533150974661112 0.000532348989509046 0.000531547993887216 0.000530747987795621 0.000529644021298736 0.000528541975654662 0.000527443015016615 0.000526141026057303 0.000525142007973045 0.000524491013493389 0.000522602000273764 0.000519317982252687 0.000516456027980894 0.000510037003550678 0.000504676019772887 0.00050147797446698 0.000492717023007572 0.000484529009554535 0.000476101005915552 0.000467425998067483 0.00045761201181449 0.000443730008555576 0.000424533005570993 0.000407854997320101 0.000390095985494554 0.000371647998690605 0.00035238399868831 0.000335360004100949 0.000321172992698848 0.000305113004287705 0.000295136007480323 0.00028017201111652 0.000265609007328749 0.000251001998549327 0.000241511996136978 0.000230014993576333 0.00021713599562645 0.000206430995604023
0.000528054020833224 0.000528954027686268 0.000529651006218046 0.000530144025105983 0.000530639023054391 0.000531134021002799 0.000530670979060233 0.000529890996403992 0.000529112003277987 0.000528334989212453 0.000527389987837523 0.000526447023730725 0.000525507028214633 0.000524331990163773 0.000522447982802987 0.000521349022164941 0.000520650006365031 0.000518483982887119 0.000516006024554372 0.000509474019054323 0.000503026007208973 0.000498518988024443 0.000490438018459827 0.000484273012261838 0.000474350003059953 0.000465291988803074 0.000456414010841399 0.000442943011876196 0.000422809011070058 0.0004003600042779 0.000385435996577144 0.000369676999980584 0.000350763992173597 0.000332496012561023 0.000318417005473748 0.000301607011351734 0.00028793400269933 0.00027200099430047 0.000258755986578763 0.000246637006057426 0.000235244006034918 0.000225294003030285 0.000214967993088067 0.00020360600319691
0.00053055101307109 0.000531160971149802 0.000531287980265915 0.000530932971742004 0.000530579010955989 0.000530224002432078 0.000529353972524405 0.000528313976246864 0.000527275027707219 0.000526239979080856 0.000524375005625188 0.00052251701708883 0.000520666013471782 0.000519723980687559 0.000518973974976689 0.000518225017003715 0.000517165986821055 0.000514887971803546 0.000508915982209146 0.000505072006490082 0.000502765993587673 0.000496184977237135 0.000490845995955169 0.000484930002130568 0.000475331995403394 0.000465154997073114 0.000458464986877516 0.000440439995145425 0.000419799995142967 0.000398714997572824 0.000385505991289392 0.000365399988368154 0.000345659995218739 0.000328736990923062 0.000315162003971636 0.000299250998068601 0.000283147004665807 0.000267582014203072 0.00025360198924318 0.000240841996856034 0.000232506994507276 0.000218708999454975 0.000209160993108526 0.000198887995793484
