results/Predictions/Median/Hettangian.asc
NCOLS 360 
NROWS 180 
XLLCORNER -180 
YLLCORNER -90 
CELLSIZE 1 
NODATA_value -3.4e+38 
[rows 40 to 59 of 180, columns 0 to 44 of 360]
-3.4e+38 -3.4e+38 -3.4e+38 -3.4e+38 -3.4e+38 -3.4e+38 -3.4e+38 -3.4e+38 -3.4e+38 0.00405240012332797 0.00406445981934667 0.00401677004992962 0.00378068001009524 6.11840005149134e-06 2.19152002500778e-06 3.25018004332378e-06 6.34418984191143e-06 1.25712003864464e-05 2.08293004106963e-05 2.42262995016063e-05 2.54794995271368e-05 2.65814996964764e-05 2.77772996923886e-05 2.60782999248477e-05 2.44845996348886e-05 2.31041994993575e-05 2.16501994145801e-05 2.00677004613681e-05 1.86341003427515e-05 1.73059997905511e-05 1.62428004841786e-05 1.5405999874929e-05 1.46112997754244e-05 1.38602999868453e-05 1.3406799553195e-05 1.30531998365768e-05 1.27088997032843e-05 1.23738000183948e-05 1.21195998872281e-05 1.18706002467661e-05 1.16268001875142e-05 1.1384800018277e-05 1.11384997580899e-05 1.08975000330247e-05 1.06617999335867e-05
-3.4e+38 -3.4e+38 -3.4e+38 -3.4e+38 -3.4e+38 -3.4e+38 -3.4e+38 -3.4e+38 -3.4e+38 -3.4e+38 -3.4e+38 0.00451401015743613 0.00680236984044313 0.00934899970889091 6.37396005913615e-05 1.07044998003403e-05 1.81753002834739e-05 3.07332993543241e-05 4.72887004434597e-05 5.42140005563851e-05 5.66310991416685e-05 5.90673989790957e-05 6.09615017310716e-05 5.69092990190256e-05 5.35354993189685e-05 5.01717986480799e-05 4.64643017039634e-05 4.26510014222004e-05 3.94398011849262e-05 3.6067700420972e-05 3.3295600587735e-05 3.12474985548761e-05 2.93758002953837e-05 2.76168993877945e-05 2.65286998910597e-05 2.56360999628669e-05 2.47855005000019e-05 2.39833007071866e-05 2.33610007853713e-05 2.27555992751149e-05 2.21648006117903e-05 2.15892996493494e-05 2.10269008675823e-05 2.04853004106553e-05 1.99458991119172e-05
-3.4e+38 -3.4e+38 -3.4e+38 -3.4e+38 -3.4e+38 -3.4e+38 -3.4e+38 -3.4e+38 -3.4e+38 -3.4e+38 -3.4e+38 0.113289996981621 0.0963213965296745 0.0804729983210564 0.0629948005080223 8.60810978338122e-05 5.13410996063612e-05 7.47989979572594e-05 0.000108644002466463 0.000122636993182823 0.000126925006043166 0.000129449996165931 0.000132970002596267 0.000125089005450718 0.00011616599658737 0.000107266998384148 0.000100345001555979 9.05869019334204e-05 8.33735975902528e-05 7.64252035878599e-05 7.01906974427402e-05 6.54875984764658e-05 6.11020004726015e-05 5.66273993172217e-05 5.4168798669707e-05 5.21039983141236e-05 5.01165995956399e-05 4.81485985801555e-05 4.65695993625559e-05 4.50031002401374e-05 4.35080983152147e-05 4.20715005020611e-05 4.07076004194096e-05 3.93879017792642e-05 3.81110003218055e-05
-3.4e+38 -3.4e+38 -3.4e+38 -3.4e+38 -3.4e+38 -3.4e+38 -3.4e+38 -3.4e+38 -3.4e+38 -3.4e+38 -3.4e+38 -3.4e+38 0.112919002771378 0.108556002378464 0.102801002562046 0.110357999801636 8.88663998921402e-05 0.000122347002616152 0.000169816994457506 0.000183910000487231 0.000184022996108979 0.000191048995475285 0.000190945997019298 0.000183109994395636 0.000171202002093196 0.000162087002536282 0.000150188003317453 0.000138165007228963 0.000127588995383121 0.000118062002002262 0.000108735999674536 0.000102097998023964 9.52504997258075e-05 8.84370019775815e-05 8.41930013848469e-05 8.04730007075705e-05 7.72228013374843e-05 7.41047988412902e-05 7.17118964530528e-05 6.93971014698036e-05 6.71576999593526e-05 6.50290021440014e-05 6.30774011369795e-05 6.11849027336575e-05 5.93496006331407e-05
-3.4e+38 -3.4e+38 -3.4e+38 -3.4e+38 -3.4e+38 -3.4e+38 -3.4e+38 -3.4e+38 -3.4e+38 -3.4e+38 -3.4e+38 -3.4e+38 0.131399005651474 0.142076998949051 0.152879998087883 0.183647006750107 0.0929504036903381 0.000187939993338659 0.000243379996391013 0.00026087200967595 0.00026147800963372 0.000262437999481335 0.000261151988524944 0.000251387013122439 0.000243660004343837 0.000232906997553073 0.0002216589928139 0.000206402997719124 0.00019048000103794 0.000175509994733147 0.000165050005307421 0.000155424000695348 0.000145773999975063 0.000136843998916447 0.00013103500532452 0.000126062004710548 0.000121279001177754 0.000116497998533305 0.000112535002699587 0.000108391002868302 0.000104607002867851 0.00010110400035046 9.77859017439187e-05 9.46506988839246e-05 9.20173988561146e-05
-339999999999999996128486808808066248288.000000000000000 -3.4e+38 -3.4e+38 -3.4e+38 -3.4e+38 -3.4e+38 -3.4e+38 -3.4e+38 -3.4e+38 -3.4e+38 -3.4e+38 -3.4e+38 -3.4e+38 0.254254996776581 0.238150000572205 0.260205000638962 0.293684989213943 0.000286788999801502 0.0003225679975003 0.000335396995069459 0.000333033996867016 0.000331641000229865 0.000330325012328103 0.000316922989441082 0.000305980996927246 0.000297421996947378 0.000284846988506615 0.000272003991995007 0.000256599014392123 0.000241564004682004 0.000228667995543219 0.000215962005313486 0.000207706005312502 0.000195100001292303 0.000185758995939977 0.00017953799397219 0.000171866995515302 0.000165652993018739 0.000161350006237626 0.000156448993948288 0.000151371001265943 0.000146605001646094 0.000142596996738575 0.000138789997436106 0.000135080001200549
-3.4e+38 -3.4e+38 -3.4e+38 -3.4e+38 -3.4e+38 -3.4e+38 -3.4e+38 -3.4e+38 -3.4e+38 -3.4e+38 -3.4e+38 -3.4e+38 -3.4e+38 0.297351002693176 0.301227003335953 0.335866987705231 0.382346987724304 0.000603564025368541 0.000400610006181523 0.000413567002397031 0.000408126012189314 0.000403435988118872 0.000401244993554428 0.000385266001103446 0.00036935499520041 0.000357404991518706 0.000345715990988538 0.000328977010212839 0.000313475989969447 0.000300071988021955 0.000287092989310622 0.000275599013548344 0.000263527006609365 0.000252914993325248 0.00024406700686086 0.000235739993513562 0.000226942996960133 0.000219010005821474 0.000214497995330021 0.000210080004762858 0.000205753996851854 0.000200794995180331 0.000194905005628243 0.000189187994692475 0.000185016993782483
-3.4e+38 -3.4e+38 -3.4e+38 -3.4e+38 -3.4e+38 -3.4e+38 -3.4e+38 -3.4e+38 -3.4e+38 -3.4e+38 -3.4e+38 -3.4e+38 -3.4e+38 -3.4e+38 0.395444005727768 0.409419000148773 0.441906988620758 0.001007069949992 0.00045772799057886 0.000459186005173251 0.000458055990748107 0.000457499001640826 0.000456942012533545 0.000451597996288911 0.000438510003732517 0.000421267002820969 0.000408060994232073 0.000390575005440041 0.000375750008970499 0.000361342012183741 0.000348266010405496 0.000336708995746449 0.000325836008414626 0.000315315002808347 0.000307242007693276 0.000300062994938344 0.000291758013190702 0.000284760986687616 0.000278237013844773 0.000273320998530835 0.000265685986960307 0.000259677995927632 0.000253465987043455 0.000249356002314016 0.000245325994910672
-3.4e+38 -3.4e+38 -3.4e+38 -3.4e+38 -3.4e+38 -3.4e+38 -3.4e+38 -3.4e+38 -3.4e+38 -3.4e+38 -3.4e+38 -3.4e+38 -3.4e+38 -3.4e+38 0.462042987346649 0.481379002332687 0.484501004219055 0.000504029972944409 0.000470394006697461 0.000472545012598857 0.00047112099127844 0.000470328988740221 0.000469338003313169 0.000466269004391506 0.000460570008726791 0.000457054993603379 0.000448739010607824 0.000442018994363025 0.000429019011789933 0.000412294000852853 0.000400212011300027 0.000386895990232006 0.000377071992261335 0.000366579013643786 0.000359764002496377 0.000352053000824526 0.000345103995641693 0.000337704987032339 0.000331337010720745 0.000325089989928529 0.000318959995638579 0.000313033990096301 0.000307476002490148 0.000302016007481143 0.000296654005069286
-3.4e+38 -3.4e+38 -3.4e+38 -3.4e+38 -3.4e+38 -3.4e+38 -3.4e+38 -3.4e+38 -3.4e+38 -3.4e+38 -3.4e+38 -3.4e+38 -3.4e+38 -3.4e+38 0.512221992015839 0.528837025165558 0.43894898891449 0.000478861998999491 0.000486868986627087 0.000485644995933399 0.00048336701001972 0.000481129012769088 0.000480262009659782 0.000480221002362669 0.000477927009342238 0.000473340012831613 0.000469557999167591 0.00046351901255548 0.000458660011645406 0.000456361012766138 0.000451469997642562 0.000442549004219472 0.000434640009189025 0.000424024008680135 0.00041603299905546 0.000409567990573123 0.000402687990572304 0.000394484988646582 0.000385911989724264 0.00037948798853904 0.000372571987099946 0.000367366010323167 0.000362341001164168 0.000356904987711459 0.000350482994690537
-3.4e+38 -3.4e+38 -3.4e+38 -3.4e+38 -3.4e+38 -3.4e+38 -3.4e+38 -3.4e+38 -3.4e+38 0.526057004928589 -3.4e+38 0.541148006916046 0.538392007350922 0.535706996917725 0.537284970283508 0.54389899969101 0.216229006648064 0.00049265701090917 0.000497192027978599 0.000497176020871848 0.000495048006996512 0.000492930004838854 0.000490822014398873 0.000488609017338604 0.000487451005028561 0.000484827003674582 0.000481157010653988 0.00047991398605518 0.000477071007480845 0.000471751991426572 0.000467804988147691 0.000462386000435799 0.000458483991678804 0.000456938985735178 0.000455288012744859 0.000452343985671178 0.000449176994152367 0.000443969009211287 0.000441888987552375 0.000436659000115469 0.000429634004831314 0.000423716992372647 0.00041842000791803 0.000410756998462602 0.000405689002946019
-3.4e+38 -3.4e+38 -3.4e+38 -3.4e+38 -3.4e+38 -3.4e+38 -3.4e+38 -3.4e+38 -3.4e+38 -3.4e+38 0.536338984966278 0.534621000289917 0.534053981304169 0.535350978374481 0.539273977279663 0.53683602809906 0.00852268002927303 0.000504387018736452 0.000505096977576613 0.000503745977766812 0.000502352020703256 0.000500962021760643 0.000500451016705483 0.000499233021400869 0.000497954024467617 0.000495659012813121 0.000491522019729018 0.000487813988002017 0.000484143994981423 0.000480513001093641 0.000478080997709185 0.000476921995868906 0.000475765991723165 0.000471870007459074 0.00046983698848635 0.00046743600978516 0.000464907992864028 0.000462680996861309 0.000461018003989011 0.000459798000520095 0.000458583002910018 0.000457502988865599 0.000456562003819272 0.000454575987532735 0.000451305997557938
-3.4e+38 -3.4e+38 0.526376008987427 0.51365202665329 0.502273976802826 0.491448998451233 0.477438986301422 0.448996007442474 0.493420988321304 0.5156130194664 0.528425991535187 0.530360996723175 0.531584024429321 0.532624006271362 0.531710028648376 0.508630990982056 0.000522295013070107 0.000513017002958804 0.000512969971168786 0.000512261991389096 0.000511293008457869 0.00050835800357163 0.000506260024849325 0.000503834977280349 0.000501423026435077 0.000499083020258695 0.000498021021485329 0.000495243992190808 0.000493408995680511 0.000491562008392066 0.000490028993226588 0.000488565012346953 0.000485525990370661 0.000482511008158326 0.000481063005281612 0.000480135990073904 0.0004792129911948 0.000478920992463827 0.000479020993225276 0.000477560010040179 0.000475525012006983 0.000473482010420412 0.000472270010504872 0.000471589009976014 0.000469927006633952
-3.4e+38 0.528145015239716 -3.4e+38 0.527710974216461 0.524228990077972 0.520695984363556 0.526564002037048 0.525699019432068 0.53675502538681 0.537396013736725 0.531444013118744 0.528388977050781 0.524155020713806 0.51290100812912 0.464524000883102 0.0229151993989944 0.000512600992806256 0.000512487022206187 0.000512828002683818 0.000512594007886946 0.000511620019096881 0.000510648009367287 0.000509677978698164 0.000507022021338344 0.000504381023347378 0.000501755974255502 0.000499275978654623 0.000497199012897909 0.00049610499991104 0.000495504995342344 0.000494961976073682 0.000493473024107516 0.000490930979140103 0.000487418990815058 0.000486400997033343 0.000486367993289605 0.000486334989545867 0.00048558198614046 0.000483033014461398 0.000481572991702706 0.000480196991702542 0.000478697998914868 0.00047822599299252 0.000478830013889819 0.000479436013847589
0.533996999263763 0.528006970882416 0.523927986621857 0.523402988910675 0.530314981937408 0.537651002407074 0.537805020809174 0.541233003139496 0.541429996490479 0.537202000617981 0.527109026908875 0.458696991205215 0.415587991476059 0.00186051998753101 0.000520274974405766 0.000516215979587287 0.000515612016897649 0.000515128020197153 0.000516527972649783 0.000514528015628457 0.000511315010953695 0.000508121971506625 0.000506386975757778 0.000504318973980844 0.000502261973451823 0.000500217021908611 0.00049835501704365 0.000497233995702118 0.000496201973874122 0.000494598993100226 0.000492752005811781 0.000491431972477585 0.000490116013679653 0.000488828984089196 0.000488367979414761 0.000488046993268654 0.000487726996652782 0.000487407989567146 0.000486325996462256 0.0004852149868384 0.000485019001644105 0.000485258991830051 0.000484115007566288 0.000484276009956375 0.000483799987705424
-3.4e+38 -3.4e+38 0.54849100112915 0.546984970569611 0.552266001701355 0.549158990383148 0.546015024185181 0.532068014144897 0.462635010480881 0.146301001310349 0.000542515015695244 0.000518310989718884 0.000518114014994353 0.000517916982062161 0.00051772000733763 0.000517314008902758 0.000516697997227311 0.000516082975082099 0.000515469000674784 0.000514559971634299 0.000513552979100496 0.000512548023834825 0.000511544989421964 0.000508257013279945 0.000504098017700016 0.000500691996421665 0.000498077017255127 0.000496417982503772 0.000494768028147519 0.000494120002258569 0.000493286002893001 0.000492034014314413 0.000490873004309833 0.000490302976686507 0.000490074977278709 0.000489962985739112 0.000489850994199514 0.000489740981720388 0.000490083999466151 0.000490429985802621 0.00049077597213909 0.000491210026666522 0.000491906015668064 0.000492602994199842 0.000492924998980016
-3.4e+38 -3.4e+38 -3.4e+38 -3.4e+38 0.563156008720398 0.539103984832764 0.000657578988466412 0.000549302028957754 0.00053965300321579 0.000530897988937795 0.000522991991601884 0.000518593995366246 0.000517709995619953 0.000516827974934131 0.000516035011969507 0.000515192979946733 0.000513644015882164 0.000512099999468774 0.000511172984261066 0.000510525016579777 0.000508725002873689 0.00050811399705708 0.000507505028508604 0.000506449025124311 0.000505206000525504 0.000503034971188754 0.000500693975482136 0.000498639012221247 0.000496593012940139 0.000494557025376707 0.000492991006467491 0.000492386985570192 0.000492280989419669 0.00049218098865822 0.000492113991640508 0.000492414983455092 0.00049256399506703 0.000492503982968628 0.000492384016979486 0.000493048981297761 0.000493662024382502 0.000493569008540362 0.000493549974635243 0.000493531988468021 0.000493514002300799
-3.4e+38 0.539983987808228 0.00164400995709002 0.000551044009625912 0.000558500993065536 0.00055391900241375 0.000552453973796219 0.000548185023944825 0.000541743007488549 0.00053537602070719 0.000524953007698059 0.000518599001225084 0.000518461980391294 0.000518325017765164 0.00051818898646161 0.000517146021593362 0.000516012019943446 0.000514006998855621 0.000511679972987622 0.00050989497685805 0.00050620298134163 0.000505244010128081 0.000504206982441247 0.000501841015648097 0.000500891008414328 0.00049994298024103 0.000498764973599464 0.000497415021527559 0.000495721993502229 0.000494021980557591 0.000492675986606628 0.000491683022119105 0.000490739999804646 0.000490556994918734 0.000490646983962506 0.000490828009787947 0.000491010025143623 0.000491190992761403 0.000492041988763958 0.000492676976136863 0.000492782972287387 0.000492908991873264 0.000493546016514301 0.00049433100502938 0.000495372980367392
0.000662752019707114 0.000477900000987574 0.000494275009259582 0.000528628996107727 0.000539460976142436 0.000538910971954465 0.000537040992639959 0.000537879997864366 0.00053463299991563 0.000531931000296026 0.00052664999384433 0.000523553986568004 0.000522659975104034 0.00052176701137796 0.000520874978974462 0.000519154011271894 0.000516182975843549 0.000512945000082254 0.000511570018716156 0.000508853001520038 0.000505637028254569 0.00050170801114291 0.000499646994285285 0.000498923996929079 0.000498201989103109 0.000497479981277138 0.000495781016070396 0.000494692008942366 0.000493606028612703 0.000493106024805456 0.000492504972498864 0.000491744023747742 0.000491039012558758 0.000490662001539022 0.000491051003336906 0.000491695012897253 0.000491824990604073 0.000491641985718161 0.000491831975523382 0.000492596998810768 0.000493492989335209 0.000494310981594026 0.000494888983666897 0.000495467975270003 0.000496048014611006
0.000473638996481895 0.000475092994747683 0.000480018992675468 0.000506660027895123 0.000520313973538578 0.00052420498104766 0.000527759024407715 0.000531101017259061 0.000529684009961784 0.000528269971255213 0.000526860996615142 0.000526419025845826 0.000524797011166811 0.000523370981682092 0.000522292975801975 0.000520893023349345 0.000519175024237484 0.000517463020514697 0.000514181971084327 0.000509768025949597 0.000505078001879156 0.000500867026858032 0.000496317981742322 0.000494279025588185 0.000493687984999269 0.00049309799214825 0.000492636987473816 0.000492564984597266 0.000492302991915494 0.000491796992719173 0.000491429003886878 0.000491200014948845 0.000490969978272915 0.000490741978865117 0.000490713980980217 0.000490754027850926 0.000490795006044209 0.000490835984237492 0.000491717015393078 0.000493832980282605 0.000494140025693923 0.000494422973133624 0.000494636013172567 0.000494993990287185 0.000495460990350693
