results/Predictions/Median/Hettangian.asc
NCOLS 360 
NROWS 180 
XLLCORNER -180 
YLLCORNER -90 
CELLSIZE 1 
NODATA_value -3.4e+38 
[rows 160 to 179 of 180, columns 225 to 269 of 360]
-3.4e+38 -3.4e+38 -3.4e+38 -3.4e+38 -3.4e+38 -3.4e+38 -3.4e+38 -3.4e+38 -3.4e+38 -3.4e+38 -3.4e+38 -3.4e+38 -3.4e+38 -3.4e+38 -3.4e+38 -3.4e+38 -3.4e+38 -3.4e+38 -3.4e+38 -3.4e+38 -3.4e+38 -3.4e+38 -3.4e+38 -3.4e+38 -3.4e+38 -3.4e+38 -3.4e+38 -3.4e+38 -3.4e+38 -3.4e+38 -3.4e+38 -3.4e+38 -3.4e+38 -3.4e+38 -3.4e+38 -3.4e+38 -3.4e+38 -3.4e+38 -3.4e+38 -3.4e+38 -3.4e+38 -3.4e+38 -3.4e+38 5.29319004272111e-05 5.02539005537983e-05
0.000101284997072071 0.000101327001175378 0.000100017998192925 -3.4e+38 -3.4e+38 -3.4e+38 -3.4e+38 -3.4e+38 -3.4e+38 -3.4e+38 -3.4e+38 -3.4e+38 -3.4e+38 -3.4e+38 -3.4e+38 -3.4e+38 -3.4e+38 -3.4e+38 -3.4e+38 -3.4e+38 -3.4e+38 -3.4e+38 -3.4e+38 -3.4e+38 -3.4e+38 -3.4e+38 -3.4e+38 -3.4e+38 5.28964010300115e-05 -3.4e+38 -3.4e+38 -3.4e+38 -3.4e+38 -3.4e+38 -3.4e+38 -3.4e+38 -3.4e+38 -3.4e+38 -3.4e+38 -3.4e+38 -3.4e+38 -3.4e+38 -3.4e+38 -3.4e+38 -3.4e+38
4.60182008055199e-08 4.4280298538979e-08 4.20529993050422e-08 4.48746000358824e-08 6.24131004656192e-08 3.71012993127806e-06 6.67307976982556e-05 7.58106034481898e-05 7.95162995927967e-05 -3.4e+38 -3.4e+38 -3.4e+38 -3.4e+38 -3.4e+38 -3.4e+38 -3.4e+38 -3.4e+38 -3.4e+38 -3.4e+38 -3.4e+38 -3.4e+38 -3.4e+38 -3.4e+38 -3.4e+38 -3.4e+38 -3.4e+38 -3.4e+38 -3.4e+38 5.42312009201851e-05 5.30329016328324e-05 -3.4e+38 6.12025978625752e-05 6.63937971694395e-05 7.23279008525424e-05 -3.4e+38 -3.4e+38 -3.4e+38 -3.4e+38 -3.4e+38 -3.4e+38 -3.4e+38 -3.4e+38 -3.4e+38 -3.4e+38 -3.4e+38
3.424330134294e-05 4.79867003377876e-06 7.6988197861283e-07 7.25474009755089e-08 4.94915006754582e-08 4.13206002747302e-08 3.89261991529111e-08 4.83143003293662e-06 4.23103992943652e-05 -3.4e+38 -3.4e+38 -3.4e+38 -3.4e+38 -3.4e+38 -3.4e+38 -3.4e+38 -3.4e+38 -3.4e+38 -3.4e+38 -3.4e+38 -3.4e+38 -3.4e+38 -3.4e+38 -3.4e+38 -3.4e+38 -3.4e+38 -3.4e+38 -3.4e+38 5.52132987650111e-05 5.58061983610969e-05 5.84670015086886e-05 6.33180970908143e-05 6.70287990942597e-05 7.19160016160458e-05 -3.4e+38 -3.4e+38 -3.4e+38 -3.4e+38 -3.4e+38 -3.4e+38 -3.4e+38 -3.4e+38 -3.4e+38 -3.4e+38 -3.4e+38
-3.4e+38 -3.4e+38 -3.4e+38 -3.4e+38 -3.4e+38 -3.4e+38 -3.4e+38 -3.4e+38 -3.4e+38 -3.4e+38 -3.4e+38 -3.4e+38 -3.4e+38 -3.4e+38 -3.4e+38 -3.4e+38 -3.4e+38 -3.4e+38 -3.4e+38 -3.4e+38 -3.4e+38 -3.4e+38 -3.4e+38 -3.4e+38 -3.4e+38 -3.4e+38 -3.4e+38 5.77985993004404e-05 5.5580101616215e-05 5.54846992599778e-05 5.71017008041963e-05 6.11451032455079e-05 6.69344008201733e-05 7.13874032953754e-05 -3.4e+38 7.40471004974097e-05 -3.4e+38 -3.4e+38 -3.4e+38 -3.4e+38 -3.4e+38 -3.4e+38 -3.4e+38 -3.4e+38 -3.4e+38
-3.4e+38 -3.4e+38 -3.4e+38 -3.4e+38 -3.4e+38 -3.4e+38 -3.4e+38 -3.4e+38 -3.4e+38 -3.4e+38 -3.4e+38 -3.4e+38 -3.4e+38 -3.4e+38 -3.4e+38 -3.4e+38 -3.4e+38 -3.4e+38 -3.4e+38 -3.4e+38 -3.4e+38 -3.4e+38 -3.4e+38 -3.4e+38 -3.4e+38 -3.4e+38 9.5880102890078e-05 8.68771021487191e-05 7.2351198468823e-05 3.84427985409275e-05 2.47047992161242e-05 2.74104004347464e-05 3.56734017259441e-05 5.66695016459562e-05 7.46074001654051e-05 8.38577034301125e-05 8.86022025952116e-05 9.51215988607146e-05 -3.4e+38 9.57567972363904e-05 -3.4e+38 -3.4e+38 -3.4e+38 -3.4e+38 -3.4e+38
-3.4e+38 -3.4e+38 -3.4e+38 -3.4e+38 -3.4e+38 -3.4e+38 -3.4e+38 -3.4e+38 -3.4e+38 -3.4e+38 -3.4e+38 -3.4e+38 -3.4e+38 -3.4e+38 -3.4e+38 -3.4e+38 -3.4e+38 -3.4e+38 -3.4e+38 -3.4e+38 -3.4e+38 -3.4e+38 -3.4e+38 -3.4e+38 -3.4e+38 9.50450994423591e-05 9.15423006517813e-05 8.13750011730008e-05 2.90339994535316e-05 7.5977700362273e-06 7.67004985391395e-06 1.56300993694458e-05 2.98129998554941e-05 3.05159992421977e-05 3.03766992146848e-05 3.24313004966825e-05 4.05768987548072e-05 7.27673032088205e-05 8.26479008537717e-05 8.79920989973471e-05 8.76472986419685e-05 8.9489301899448e-05 9.05194028746337e-05 -3.4e+38 -3.4e+38
0.000118265001219697 0.000115117996756453 0.000124500002129935 0.000131227992824279 0.000134264002554119 0.000132364002638496 0.000132326997118071 -3.4e+38 -3.4e+38 -3.4e+38 -3.4e+38 -3.4e+38 -3.4e+38 -3.4e+38 -3.4e+38 -3.4e+38 -3.4e+38 -3.4e+38 -3.4e+38 0.000118251999083441 0.00011145699681947 0.000102375997812487 9.19277008506469e-05 9.17709985515103e-05 8.59870997373946e-05 6.03605003561825e-05 1.45346002682345e-05 3.55807992491464e-06 3.23822007430863e-07 1.09147997306991e-07 2.30916000987236e-07 6.73283977903338e-07 7.10236975010048e-07 6.47134982045827e-07 1.61596994985302e-06 2.680319994397e-06 3.85543989978032e-06 3.89514980270178e-06 2.97756992040377e-06 3.55845008925826e-06 9.33538012759527e-06 1.9516399333952e-05 3.56208984158002e-05 7.33135966584086e-05 7.4277602834627e-05
5.34727000456314e-08 5.42068008257957e-08 5.49487992884679e-08 5.57011006208086e-08 5.51304992768564e-08 5.41329008285629e-08 5.31534993797322e-08 5.5636800055936e-08 6.31031014108885e-08 7.95925032548439e-08 4.04672988452148e-07 6.91612001446629e-07 7.30989995645359e-07 4.02607020077994e-06 5.93046979702194e-06 1.59587000325701e-06 1.08158997136343e-06 3.0703398579135e-07 2.67303988721324e-07 1.05570002517652e-07 6.86993999465813e-08 5.66118991685016e-08 5.06938988564798e-08 4.42011014456511e-08 4.41545999763093e-08 4.37933991292994e-08 4.33604014915545e-08 4.2712599679362e-08 4.20744008522433e-08 4.14930987346906e-08 4.11214990947428e-08 4.09336990969678e-08 4.07997013951444e-08 4.06657001406074e-08 4.03675990412466e-08 4.00166015879222e-08 3.96675012837022e-08 3.93204011572834e-08 3.8486501097168e-08 3.81336988652947e-08 4.1460399557991e-08 4.19378984872765e-08 4.46529995201672e-08 6.02684977479839e-08 6.55955005868236e-08
5.55948993508082e-08 5.57216992547183e-08 5.5848801139291e-08 5.59762014518128e-08 5.52287993116352e-08 5.42067013498126e-08 5.32035002720477e-08 5.22190006790879e-08 5.18440010921495e-08 5.14712006349782e-08 5.11011997161859e-08 5.08374995433769e-08 5.08860011905199e-08 5.09345987609322e-08 5.09832993600412e-08 5.08674986576807e-08 5.05854984567122e-08 5.03010006980276e-08 5.00182011364814e-08 4.95119998333848e-08 4.89325984176503e-08 4.835180078544e-08 4.77778989704802e-08 4.76557993067672e-08 4.75340016237169e-08 4.74125982918849e-08 4.70438017430297e-08 4.59485001158555e-08 4.48787993434507e-08 4.38341984931867e-08 4.28249009587489e-08 4.18496988174866e-08 4.08968006126997e-08 3.99655988303493e-08 3.94003016879196e-08 3.89569017045233e-08 3.851840091329e-08 3.80849982661857e-08 3.74231987620988e-08 3.69044990122802e-08 3.63761998301015e-08 3.56636995491044e-08 3.50634010715112e-08 3.44731994061931e-08 3.38928991538978e-08
5.67900002579336e-08 5.63053994540041e-08 5.58250015103567e-08 5.5348699845581e-08 5.44263016877267e-08 5.33724993090345e-08 5.23391996409828e-08 5.13189988282647e-08 5.0956998620677e-08 5.05974995235192e-08 5.02406010127743e-08 4.99783006091548e-08 4.99932006903236e-08 5.00080012955095e-08 5.00229013766784e-08 4.98542007676406e-08 4.95038996461972e-08 4.91503016064598e-08 4.87992011244387e-08 4.84807003431342e-08 4.81742006286368e-08 4.78697010919404e-08 4.75670987043486e-08 4.7599801433762e-08 4.76325006104616e-08 4.76652992631443e-08 4.73978012394127e-08 4.6247699003743e-08 4.51146000557401e-08 4.4008800159645e-08 4.28188009493624e-08 4.15529015640459e-08 4.03246005475921e-08 3.91328995874574e-08 3.8555299397558e-08 3.81782001568354e-08 3.78048987670354e-08 3.74351998289058e-08 3.71109010188775e-08 3.69028008151417e-08 3.66959014286294e-08 3.6413901227661e-08 3.59081013812101e-08 3.54092009047235e-08 3.49171997982012e-08
5.69980009856863e-08 5.59283996892646e-08 5.48789991228205e-08 5.38492983537253e-08 5.27624983703845e-08 5.16663014593632e-08 5.05915984660987e-08 4.95391994093097e-08 4.93371992149605e-08 4.9135998381189e-08 4.89356004607089e-08 4.87517013425531e-08 4.86151989775863e-08 4.84792010979618e-08 4.83435016462863e-08 4.79133994701897e-08 4.71967993576072e-08 4.64909000186253e-08 4.57933992947801e-08 4.53533992583743e-08 4.499990069462e-08 4.46492016692446e-08 4.43012986295344e-08 4.44862990889305e-08 4.46720989089044e-08 4.48585986134731e-08 4.48378010275974e-08 4.42072014550376e-08 4.35855014302433e-08 4.29726014772314e-08 4.21301002972996e-08 4.10719991350561e-08 4.00405006928395e-08 3.90351004853073e-08 3.85545995129633e-08 3.82453997360699e-08 3.79367008918052e-08 3.76305990812398e-08 3.76808984015042e-08 3.77260001016566e-08 3.77710982490953e-08 3.76916986510878e-08 3.72417012783899e-08 3.67971999537531e-08 3.6357899801942e-08
5.71318992115266e-08 5.54862999990746e-08 5.38883000444912e-08 5.23364995785869e-08 5.11011002402029e-08 4.99837007339465e-08 4.88909002172022e-08 4.78219988053752e-08 4.77695998313266e-08 4.77173003332609e-08 4.76651003111783e-08 4.7555701598867e-08 4.72759005276657e-08 4.69977017303336e-08 4.67211016541569e-08 4.60488998044184e-08 4.49980994687849e-08 4.39714007427483e-08 4.29681996649833e-08 4.24229007478516e-08 4.20286987434793e-08 4.16380991907772e-08 4.12513010417115e-08 4.15656984387169e-08 4.18826004988659e-08 4.22019006407481e-08 4.24056985082188e-08 4.22569996771927e-08 4.21087982260815e-08 4.19611012603127e-08 4.1452700827449e-08 4.05964009075888e-08 3.97530008910962e-08 3.89272010181685e-08 3.85422005422242e-08 3.83018985417038e-08 3.80630993390696e-08 3.78257993816078e-08 3.82656004660475e-08 3.87105991705994e-08 3.91576016056661e-08 3.93976016255237e-08 3.90115992843221e-08 3.86293983467567e-08 3.82508993368447e-08
5.46056995176514e-08 5.34374002825189e-08 5.22943004455101e-08 5.11757001220303e-08 5.02557000459092e-08 4.94096994430038e-08 4.85778990366725e-08 4.77601993509325e-08 4.75955985734799e-08 4.74316017573528e-08 4.72681982444101e-08 4.70849990108491e-08 4.68413006160517e-08 4.65989984377302e-08 4.63579006293457e-08 4.58725004648386e-08 4.51506991794304e-08 4.44401990762344e-08 4.37409006792677e-08 4.33077005368432e-08 4.29632009968373e-08 4.26215009952102e-08 4.22825010559791e-08 4.2302300329311e-08 4.2322199078626e-08 4.2341998351958e-08 4.2273001099602e-08 4.19389998285169e-08 4.16076986198277e-08 4.12788985215684e-08 4.07397990898062e-08 3.99986994636947e-08 3.92711996255457e-08 3.85569016714271e-08 3.81287001971486e-08 3.7795800267304e-08 3.74656998758383e-08 3.71386015274311e-08 3.7251698614682e-08 3.73651012353093e-08 3.74789017598687e-08 3.74814987935679e-08 3.71516009067818e-08 3.68247015103407e-08 3.65006016522784e-08
5.219170162718e-08 5.1464599692963e-08 5.07477011524315e-08 5.00407999481922e-08 4.94244005722067e-08 4.88422990940762e-08 4.82670010626407e-08 4.76984993724727e-08 4.74223007529417e-08 4.71477008545662e-08 4.68747991533291e-08 4.66190002157418e-08 4.64109000120061e-08 4.62038016735278e-08 4.59975986188965e-08 4.56969999618195e-08 4.53037998227046e-08 4.49139996305803e-08 4.45275993854466e-08 4.42108998299773e-08 4.3918600312054e-08 4.36280984672521e-08 4.33396003529651e-08 4.30520010752389e-08 4.27663984226001e-08 4.24827000244932e-08 4.21408010709001e-08 4.1623501090271e-08 4.11125995469774e-08 4.060800051775e-08 4.00393993515991e-08 3.94096986156001e-08 3.87898992926239e-08 3.81798983539738e-08 3.77083004821088e-08 3.72850017527071e-08 3.68664991867718e-08 3.64527004137472e-08 3.62582994739569e-08 3.6064900399424e-08 3.58725991134179e-08 3.56590987848904e-08 3.53808999875582e-08 3.51048008440102e-08 3.48309008302294e-08
5.07288007156603e-08 5.02936003954346e-08 4.98620984501486e-08 4.94342984325158e-08 4.90313993850577e-08 4.86387996545545e-08 4.82493014430929e-08 4.78630006739422e-08 4.75702996993732e-08 4.72793999506393e-08 4.69901983990439e-08 4.67314009711117e-08 4.65592009391003e-08 4.63877007916835e-08 4.62167015768955e-08 4.60253986034331e-08 4.58138984527068e-08 4.56034001672379e-08 4.53939001943127e-08 4.51607995444192e-08 4.49207995245615e-08 4.46820997979103e-08 4.44446008884825e-08 4.405289999454e-08 4.36646985235711e-08 4.32799005523066e-08 4.28628013082744e-08 4.23439985297591e-08 4.18313987893271e-08 4.13251015629612e-08 4.08217992742266e-08 4.03214990285505e-08 3.9827298792261e-08 3.93391985653579e-08 3.89100982545187e-08 3.85030993754754e-08 3.81003992799833e-08 3.77018984920596e-08 3.74012003589996e-08 3.71029003076728e-08 3.68069983380792e-08 3.65311016992109e-08 3.63097001354618e-08 3.6089698340902e-08 3.58710003922624e-08
5.01411001607721e-08 4.98717014352223e-08 4.96037984021314e-08 4.93372986909435e-08 4.90662017682553e-08 4.87946998362077e-08 4.85247007020462e-08 4.82561013370741e-08 4.80426010085466e-08 4.78299995165798e-08 4.76183998898705e-08 4.74265000605101e-08 4.72917989213784e-08 4.71574992388923e-08 4.7023501537069e-08 4.68685996679596e-08 4.66929996889576e-08 4.65180995945502e-08 4.63437999087546e-08 4.61593998579701e-08 4.59722002688068e-08 4.57857005642381e-08 4.56000002202472e-08 4.53220003748811e-08 4.50455992506704e-08 4.47709993522949e-08 4.44834995505516e-08 4.41548984042583e-08 4.38286988924119e-08 4.35049010150124e-08 4.31753015561753e-08 4.28400994678668e-08 4.25075015186849e-08 4.21775006032021e-08 4.18923988831921e-08 4.16232985855913e-08 4.13559000378427e-08 4.10901996872326e-08 4.08875990842716e-08 4.06860998225511e-08 4.04854993973913e-08 4.02996995774174e-08 4.01559994145373e-08 4.00128001842859e-08 3.98700983339495e-08
4.95602989758481e-08 4.94534013739667e-08 4.93467986473206e-08 4.92405014540509e-08 4.91011000747221e-08 4.89511009504895e-08 4.88015992061719e-08 4.86524989185e-08 4.85195990052034e-08 4.83871005485526e-08 4.82549005198507e-08 4.813200149556e-08 4.80360000665314e-08 4.79401016661996e-08 4.78445016938167e-08 4.77274006982498e-08 4.75891006601614e-08 4.74511985260051e-08 4.73137014012082e-08 4.71803005552829e-08 4.70482994785471e-08 4.69167993344399e-08 4.67856011709955e-08 4.66278002875242e-08 4.64705003366817e-08 4.63137013184678e-08 4.61657982953056e-08 4.60435991556096e-08 4.59216984438626e-08 4.58001991887613e-08 4.56651996216806e-08 4.55167992186034e-08 4.53688997481549e-08 4.52214017343522e-08 4.51043007387852e-08 4.49974990601731e-08 4.48908998862407e-08 4.47844996642743e-08 4.47005987780358e-08 4.46169998724599e-08 4.45334009668841e-08 4.44590000370226e-08 4.44117986830861e-08 4.43645014058802e-08 4.43173995279267e-08
4.9335799445771e-08 4.92251004402533e-08 4.91146003867016e-08 4.90042992851158e-08 4.88753002514386e-08 4.87404001603409e-08 4.86057984971922e-08 4.84715982906891e-08 4.83477009538547e-08 4.82240984922555e-08 4.81008015640327e-08 4.79830006838711e-08 4.78811017501357e-08 4.77794017683664e-08 4.7677900738563e-08 4.75629988727633e-08 4.74346997236808e-08 4.73069015072269e-08 4.71794017187221e-08 4.70529002427611e-08 4.69268996994288e-08 4.68014000887251e-08 4.66760994299875e-08 4.65333016563818e-08 4.63908982339944e-08 4.62489992969495e-08 4.61124010087133e-08 4.5990901753612e-08 4.58698004024427e-08 4.57489015559531e-08 4.56210003108026e-08 4.54861002197049e-08 4.53514985565562e-08 4.52174013787499e-08 4.510500062338e-08 4.5000099646586e-08 4.48954011744718e-08 4.47909016543235e-08 4.47079990806287e-08 4.46252990116136e-08 4.45426984185815e-08 4.44684999933997e-08 4.4418801081747e-08 4.43692016460773e-08 4.43197016863905e-08
4.91124012569344e-08 4.89978013717973e-08 4.88834004386263e-08 4.87693014861179e-08 4.86506017693955e-08 4.85306017594667e-08 4.84108007015038e-08 4.82914011001867e-08 4.81763997584039e-08 4.80616009213009e-08 4.79471999881298e-08 4.78345008048109e-08 4.7726700813655e-08 4.76191992504482e-08 4.75118007159381e-08 4.73991015326192e-08 4.72808991958118e-08 4.71629988396671e-08 4.70454004641851e-08 4.69257983581883e-08 4.68059013769562e-08 4.66861997949763e-08 4.65668996696422e-08 4.64389984244917e-08 4.63114986359869e-08 4.61844003041278e-08 4.60590001694072e-08 4.59383002748837e-08 4.58177993323261e-08 4.56976998464143e-08 4.55769004759077e-08 4.54554012208064e-08 4.53342003936541e-08 4.52133015471645e-08 4.51057005079747e-08 4.50027002329989e-08 4.48998989099891e-08 4.47973000916591e-08 4.47153993832217e-08 4.4633601703481e-08 4.45519994229926e-08 4.44779004737939e-08 4.44257999276942e-08 4.43738983335606e-08 4.43220002921407e-08
