results/Predictions/Median/Hettangian.asc
NCOLS 360 
NROWS 180 
XLLCORNER -180 
YLLCORNER -90 
CELLSIZE 1 
NODATA_value -3.4e+38 
[rows 140 to 159 of 180, columns 315 to 359 of 360]
8.20176978777454e-07 8.41803000639629e-07 8.62174999838317e-07 8.77033016877249e-07 8.72404996243858e-07 8.76140973105066e-07 8.71932002155518e-07 8.58257976688037e-07 8.65472998157202e-07 8.74561976615951e-07 8.78691025718581e-07 8.92861976353743e-07 8.96848007414519e-07 8.95997004590754e-07 8.95146001766989e-07 8.96047026799351e-07 8.98702978702204e-07 9.01367002370534e-07 9.04038017779385e-07 9.06748027773574e-07 9.09476000288123e-07 9.12211987724731e-07 9.14955990083399e-07 9.19496983442514e-07 9.23116999729245e-07 9.26739971873758e-07 9.33152023208095e-07 9.48038007209107e-07 9.63163984124549e-07 9.78532966655621e-07 9.94377955976233e-07 1.01071998415136e-06 1.02731996776129e-06 1.04420996649424e-06 1.06667005184136e-06 1.09142001747387e-06 1.12020995857165e-06 1.15051000193489e-06 1.19157004974113e-06 1.23410995911399e-06 1.27815997075231e-06 1.32381001094473e-06 1.36479002321721e-06 -3.4e+38 -3.4e+38
5.52544975107594e-07 5.71006978589139e-07 5.90398997246666e-07 6.10450001659046e-07 6.17564978711016e-07 6.19509023636056e-07 6.32743024198135e-07 6.38718006484851e-07 6.34607999927539e-07 6.30867987183592e-07 6.32941976164147e-07 6.31012028406985e-07 6.311479978649e-07 6.28015015990968e-07 6.24834001428098e-07 6.22480001766235e-07 6.21196988959127e-07 6.21434992353898e-07 6.21672995748668e-07 6.22789002591162e-07 6.24200993115664e-07 6.25615996341367e-07 6.27034978606389e-07 6.31343993973132e-07 6.35683022665035e-07 6.40052007838676e-07 6.46046999008831e-07 6.56952977351466e-07 6.68043014684372e-07 6.79320976360032e-07 6.91544983055792e-07 7.04526996742061e-07 7.17426019036793e-07 7.30562021544756e-07 7.47248975585535e-07 7.67976985116547e-07 7.89567025094584e-07 8.10773997272918e-07 8.3592499322549e-07 8.6185997361099e-07 8.93082983566273e-07 9.25484016534028e-07 9.59065005190496e-07 -3.4e+38 -3.4e+38
3.53383995843615e-07 3.74715000361903e-07 3.98102997678507e-07 4.22953007728211e-07 4.33829995927226e-07 4.47202012310299e-07 4.51685991720296e-07 4.56207004617681e-07 4.55779002095369e-07 4.55350999573056e-07 4.54923991810574e-07 4.54244002412452e-07 4.51190999228857e-07 4.47897008371001e-07 4.44628000195735e-07 4.41298993791861e-07 4.37913001860579e-07 4.34552987371717e-07 4.31219007168693e-07 4.30357999903208e-07 4.3031499785684e-07 4.30272990570302e-07 4.30229988523934e-07 4.33368995800265e-07 4.36530996239526e-07 4.41541004647661e-07 4.46759003125408e-07 4.53657008847586e-07 4.59935989738369e-07 4.66616995709046e-07 4.75605986594019e-07 4.87007014271512e-07 4.9832897275337e-07 5.09914002577716e-07 5.24075971952698e-07 5.3942397926221e-07 5.55222015918844e-07 5.71484008560219e-07 5.89861997468688e-07 6.06973003414168e-07 6.24580025032628e-07 6.47507022222271e-07 6.6905801077155e-07 -3.4e+38 -3.4e+38
2.86500011270618e-07 2.99752002774767e-07 3.15431009312306e-07 3.314640082408e-07 3.35057990241694e-07 3.34963999648608e-07 3.34870009055521e-07 3.34774995280895e-07 3.33343990632784e-07 3.31919011387072e-07 3.31147987253644e-07 3.30706996010122e-07 3.29969992662882e-07 3.29230005036152e-07 3.28486009948392e-07 3.27229997765244e-07 3.25448013427376e-07 3.236440022647e-07 3.21820010640295e-07 3.2144998840522e-07 3.21567000582945e-07 3.2168000529964e-07 3.21789997315136e-07 3.24262998674385e-07 3.26743986533984e-07 3.29242993757362e-07 3.32275988057518e-07 3.36895993768849e-07 3.41568011208437e-07 3.46294001474234e-07 3.52182013330093e-07 3.59214993750356e-07 3.66387013173153e-07 3.73700999034554e-07 3.82713011504165e-07 3.92473992860687e-07 4.02484005235237e-07 4.13049008329835e-07 4.25850004148742e-07 4.39046999645143e-07 4.53698987712414e-07 4.68856001134554e-07 4.84518977827975e-07 -3.4e+38 -3.4e+38
2.30099999498634e-07 2.37392995927621e-07 2.44916009251028e-07 2.52675988576812e-07 2.5417901383662e-07 2.53507010938847e-07 2.52791011234876e-07 2.52032009484537e-07 2.52011005841268e-07 2.5197999775628e-07 2.51780988946848e-07 2.51576011578436e-07 2.51357988645395e-07 2.51137009854574e-07 2.50912989940844e-07 2.49939006380373e-07 2.48206987407684e-07 2.46041992113533e-07 2.43836012714382e-07 2.43072008743184e-07 2.42786001081186e-07 2.42500988179017e-07 2.42215008938729e-07 2.44111987512952e-07 2.46024995931293e-07 2.47951987830675e-07 2.50455002515082e-07 2.54689012990639e-07 2.58617006920758e-07 2.62060012801157e-07 2.66309001517584e-07 2.71407003538116e-07 2.76601014093103e-07 2.81893989040327e-07 2.88693001948559e-07 2.96139006650264e-07 3.03776999999172e-07 3.11614002157512e-07 3.20330997283236e-07 3.29290003264759e-07 3.38483005180024e-07 3.47930011912467e-07 3.57637986780901e-07 -3.4e+38 -3.4e+38
1.88922996358087e-07 1.93302000184303e-07 1.97779002064635e-07 2.02240997282388e-07 2.02330994625299e-07 2.00952996465276e-07 1.99585002746971e-07 1.98226004499702e-07 1.97681998770349e-07 1.97139996771512e-07 1.96599003743358e-07 1.95859001905774e-07 1.94527999042293e-07 1.93206005860702e-07 1.91892993939291e-07 1.90280999845527e-07 1.88379004839589e-07 1.86495995535552e-07 1.84632000355123e-07 1.83989001811824e-07 1.83750003657224e-07 1.83511005502623e-07 1.83271993137168e-07 1.84604999731164e-07 1.85947996556024e-07 1.87300997822604e-07 1.89022998142718e-07 1.91854994113783e-07 1.94728997371385e-07 1.97646002675356e-07 2.01361999074834e-07 2.05917999096528e-07 2.10577994153027e-07 2.15342993215017e-07 2.21196998495543e-07 2.27547005238193e-07 2.34080005157011e-07 2.40268008155908e-07 2.4658399411237e-07 2.53064996513785e-07 2.59713999639644e-07 2.66537000470635e-07 2.73537011707958e-07 -3.4e+38 -3.4e+38
1.53425006033103e-07 1.55885004460288e-07 1.58383997472811e-07 1.60922994041357e-07 1.60721995712265e-07 1.59606003080626e-07 1.58497996949336e-07 1.57398005740106e-07 1.56967999487279e-07 1.56537993234451e-07 1.56110004922994e-07 1.55449001226771e-07 1.54090997739331e-07 1.52745002424126e-07 1.51411001070301e-07 1.49925000414441e-07 1.48294006407923e-07 1.46679994372789e-07 1.45083006941604e-07 1.44552998904146e-07 1.44373998978153e-07 1.44194999052161e-07 1.44016993885998e-07 1.44837997595459e-07 1.45664998285611e-07 1.46496006436792e-07 1.47563000041373e-07 1.49336997878891e-07 1.51134003090192e-07 1.52951002974078e-07 1.55473998120215e-07 1.58735005584276e-07 1.6206500674798e-07 1.65464001611326e-07 1.69757001344806e-07 1.74441993294749e-07 1.79257000354482e-07 1.84205006803495e-07 1.89781005133227e-07 1.95525998947232e-07 2.01445999437055e-07 2.07485996384094e-07 2.12293997492452e-07 -3.4e+38 -3.4e+38
1.24440006743498e-07 1.25631004266324e-07 1.2683399575053e-07 1.28048000647141e-07 1.27671000882401e-07 1.26768000541233e-07 1.25870997180755e-07 1.24980005011821e-07 1.24639001342075e-07 1.24300001402844e-07 1.23961001463613e-07 1.23375997418407e-07 1.22060001217505e-07 1.20758002708499e-07 1.19468992920702e-07 1.18129001691614e-07 1.16739002464783e-07 1.15364997554934e-07 1.14007001172922e-07 1.13570003179575e-07 1.13436001925038e-07 1.13303002535758e-07 1.13170003146479e-07 1.13638996879217e-07 1.14108999582641e-07 1.14582000776409e-07 1.15196996830491e-07 1.16243001002658e-07 1.17299002511118e-07 1.18363999490612e-07 1.20044006735043e-07 1.22363999821573e-07 1.24728998684986e-07 1.27139998085113e-07 1.30280000121274e-07 1.33732001472708e-07 1.37274994926884e-07 1.40913002155685e-07 1.4469399900463e-07 1.48577001368722e-07 1.52563004007789e-07 1.56656994931836e-07 1.60861006293089e-07 -3.4e+38 -3.4e+38
1.01940997865313e-07 1.02777001131926e-07 1.03620003244487e-07 1.04469997097567e-07 1.04359997976644e-07 1.03928996963987e-07 1.03501001547102e-07 1.03074000890047e-07 1.02869996965183e-07 1.02667002011003e-07 1.02463999951397e-07 1.02059999562698e-07 1.01057999302157e-07 1.00066003483334e-07 9.90836994674282e-08 9.80915970671958e-08 9.70903997199457e-08 9.60994981369367e-08 9.51187004716303e-08 9.4721002596998e-08 9.45159968068765e-08 9.43114031315417e-08 9.41072997306946e-08 9.42799971426211e-08 9.4453000087924e-08 9.46263014611759e-08 9.49231022673303e-08 9.55927035306559e-08 9.62669020054818e-08 9.69460032251845e-08 9.80748993129055e-08 9.96693003685323e-08 1.0128999861081e-07 1.02935999279907e-07 1.05082996526562e-07 1.07436001428596e-07 1.09841998607862e-07 1.12301997035047e-07 1.14812998219804e-07 1.17380999142824e-07 1.20007001669364e-07 1.22691005799425e-07 1.25434993947238e-07 -3.4e+38 -3.4e+38
8.35102014207223e-08 8.40810017166405e-08 8.46557028921779e-08 8.52342978419074e-08 8.53051034255259e-08 8.52058974487591e-08 8.51066985774196e-08 8.50076986580461e-08 8.49036965178129e-08 8.47998009589901e-08 8.46959977707229e-08 8.44278034151102e-08 8.36706988138758e-08 8.29204012120499e-08 8.21767969227949e-08 8.14533009929619e-08 8.07495013077641e-08 8.00517980792392e-08 7.93600989368315e-08 7.90007987916397e-08 7.87518033007473e-08 7.85033975603255e-08 7.82559013146056e-08 7.82195002102526e-08 7.81830991058996e-08 7.81466980015466e-08 7.82174964797377e-08 7.8610902676246e-08 7.90062983924145e-08 7.94036978390977e-08 8.01265969130327e-08 8.11838987146984e-08 8.22551982082587e-08 8.33406019751237e-08 8.47595984510008e-08 8.63113029936358e-08 8.78914008239917e-08 8.95004035328384e-08 9.11040984874489e-08 9.27364993685842e-08 9.43982030321422e-08 9.60896997526106e-08 9.78114016447762e-08 -3.4e+38 -3.4e+38
6.95593982413811e-08 6.99393964964656e-08 7.0321497958048e-08 7.07058021021112e-08 7.08273972804818e-08 7.08611977984219e-08 7.0894998316362e-08 7.09287988343021e-08 7.08833027829314e-08 7.08378991021164e-08 7.07924030507456e-08 7.06339022826796e-08 7.0138199248504e-08 6.96459991900156e-08 6.91573021072145e-08 6.8679803177929e-08 6.82134029261761e-08 6.7750100640751e-08 6.72900029030643e-08 6.69976998324273e-08 6.67613022642399e-08 6.65257999798996e-08 6.62911006088507e-08 6.61825012571171e-08 6.60740013813665e-08 6.5965799933565e-08 6.59385008816571e-08 6.61543992919178e-08 6.63710011394869e-08 6.65881998429541e-08 6.70342998887463e-08 6.77137990123811e-08 6.8400098029997e-08 6.90934029989876e-08 7.0013300046412e-08 7.10197980424709e-08 7.20406987397837e-08 7.30763005662993e-08 7.41068006959722e-08 7.51518030028819e-08 7.62115988095502e-08 7.72863018028147e-08 7.83762033051971e-08 -3.4e+38 -3.4e+38
5.89109987458869e-08 5.9151901155019e-08 5.93936988479982e-08 5.96363989302517e-08 5.97325993112463e-08 5.97798006651828e-08 5.98270020191194e-08 5.98743028490389e-08 5.98607030610765e-08 5.98472027490971e-08 5.98336029611346e-08 5.97640976707225e-08 5.95272986458895e-08 5.92913984576171e-08 5.90564006586192e-08 5.88018984615246e-08 5.85279984477438e-08 5.82555017558661e-08 5.80326009469445e-08 5.78689984820357e-08 5.77154004588465e-08 5.75616994069605e-08 5.74078988790916e-08 5.72619001104613e-08 5.7116100293797e-08 5.69703999531157e-08 5.68788003363352e-08 5.69706983810647e-08 5.70722988868511e-08 5.71742013733001e-08 5.74273002484915e-08 5.78336987189232e-08 5.82429997564304e-08 5.86551998082996e-08 5.9225101267657e-08 5.98527023498718e-08 6.04869967446575e-08 6.11279986628688e-08 6.17948998637985e-08 6.24689988626415e-08 6.3150501716791e-08 6.38394013208199e-08 6.4535797150711e-08 -3.4e+38 -3.4e+38
4.98929999537268e-08 5.00284009774532e-08 5.01641004291287e-08 5.03003008134328e-08 5.0375998483787e-08 5.04314989768773e-08 5.05140995699094e-08 5.06067010519473e-08 5.06177002534969e-08 5.06276016665197e-08 5.06361992336224e-08 5.06335986472095e-08 5.05999011579661e-08 5.05654007554313e-08 5.05300015163357e-08 5.04787003308138e-08 5.04116997035453e-08 5.03442016963618e-08 5.02760002518698e-08 5.01701009625322e-08 5.00516996737588e-08 4.99330994330194e-08 4.9814300240314e-08 4.97043011193909e-08 4.95942984457542e-08 4.94844982767972e-08 4.94035994336173e-08 4.94091985103751e-08 4.94147016638635e-08 4.94199987599586e-08 4.95282996837432e-08 4.97399987864355e-08 4.99526002784023e-08 5.01660011309468e-08 5.04176007609658e-08 5.06829991309132e-08 5.09497013467808e-08 5.12177997791241e-08 5.15285982771729e-08 5.19268006371476e-08 5.23280014874672e-08 5.27323003041147e-08 5.31398001157868e-08 -3.4e+38 -3.4e+38
4.64348985929064e-08 4.63851002052706e-08 4.63352982649212e-08 4.62855993532685e-08 4.62724010219517e-08 4.62658995559195e-08 4.62579983206979e-08 4.62441995807694e-08 4.61896014769536e-08 4.61296991716154e-08 4.60687985537334e-08 4.60075995079023e-08 4.59474982505981e-08 4.58867006614128e-08 4.5825199634919e-08 4.57692017619138e-08 4.56835991258231e-08 4.55844002544836e-08 4.54854003351102e-08 4.54000002036992e-08 4.53193003124852e-08 4.52386998972543e-08 4.51582984339893e-08 4.51186998873254e-08 4.50792008166445e-08 4.50397017459636e-08 4.50150992037379e-08 4.50350015057666e-08 4.50549997310645e-08 4.50748984803795e-08 4.51509016841101e-08 4.52829986841152e-08 4.54156001694628e-08 4.55485000827593e-08 4.57361011285684e-08 4.59084006365629e-08 4.60813005531691e-08 4.6254800878387e-08 4.64393998811374e-08 4.66247982444656e-08 4.68423984045785e-08 4.71159005144273e-08 4.73910013454315e-08 -3.4e+38 -3.4e+38
4.3146801687044e-08 4.29575983673658e-08 4.27692015136927e-08 4.25913988522097e-08 4.24348982619449e-08 4.23016999206993e-08 4.21689989593688e-08 4.20366994546839e-08 4.19419983188618e-08 4.18474996877194e-08 4.1753200008543e-08 4.16584988727209e-08 4.15619005877943e-08 4.14655012548337e-08 4.13694003498222e-08 4.12783016656704e-08 4.11922016496646e-08 4.11064000616079e-08 4.10207015022479e-08 4.0977099047268e-08 4.09476008655929e-08 4.09181986071872e-08 4.08887004255121e-08 4.08827993680916e-08 4.08770013393678e-08 4.08711002819473e-08 4.0871800166542e-08 4.08921998484857e-08 4.09125995304294e-08 4.093289973639e-08 4.09789002731031e-08 4.10505016645857e-08 4.11221989793376e-08 4.11939993227861e-08 4.13152996259214e-08 4.14533012360607e-08 4.15918002261151e-08 4.17308001487982e-08 4.18746992636443e-08 4.19760013414816e-08 4.20774988185713e-08 4.21791988003406e-08 4.22811012867896e-08 -3.4e+38 -3.4e+38
4.08556992681497e-08 4.05929014846151e-08 4.04085014338307e-08 4.01477002753836e-08 3.99217015001341e-08 3.97133987917186e-08 3.95062009772573e-08 3.93001009513227e-08 3.9148599029204e-08 3.90032006691854e-08 3.88645986504343e-08 3.8730600948611e-08 3.86098015781045e-08 3.84893006355469e-08 3.8369201149635e-08 3.82661013986763e-08 3.81798983539738e-08 3.80939013666648e-08 3.80080997786081e-08 3.79695990204709e-08 3.79466982280974e-08 3.79239004644205e-08 3.790109914803e-08 3.78967008884956e-08 3.78923985522306e-08 3.78880997686792e-08 3.78868989514558e-08 3.78949991386435e-08 3.79031988018141e-08 3.79112989890018e-08 3.79368003677882e-08 3.79796993854598e-08 3.8022701431828e-08 3.80657994014655e-08 3.81382001535258e-08 3.82207012705749e-08 3.83032983108933e-08 3.83862008845881e-08 3.84738001457663e-08 3.85615983589105e-08 3.86496985527174e-08 3.87177010452433e-08 3.87606000629148e-08 -3.4e+38 -3.4e+38
3.94793993052645e-08 3.92685990391328e-08 3.90453003262792e-08 3.87668990242673e-08 3.85133986924302e-08 3.82692988409872e-08 3.80266982347166e-08 3.77856004263322e-08 3.75946989095155e-08 3.74047992579563e-08 3.72159014716544e-08 3.7036500089016e-08 3.68835983977078e-08 3.67369992204658e-08 3.65932990575857e-08 3.64728016677418e-08 3.63753009935408e-08 3.62780987472888e-08 3.61810990057165e-08 3.61183012387301e-08 3.60669005772252e-08 3.60155993917033e-08 3.59643017588951e-08 3.59359013657468e-08 3.59076004485814e-08 3.58792995314161e-08 3.58545015899381e-08 3.58398999367182e-08 3.58252982834983e-08 3.58107001829922e-08 3.58228007257821e-08 3.58614009599023e-08 3.59001006700055e-08 3.59388998560917e-08 3.59906984215286e-08 3.60469982751965e-08 3.61033016815782e-08 3.61597010112291e-08 3.61845984286902e-08 3.62093999228819e-08 3.62343008930566e-08 3.62591983105176e-08 3.62840992806923e-08 -3.4e+38 -3.4e+38
3.82291993616946e-08 3.79883005052761e-08 3.77126987416432e-08 3.74336011077503e-08 3.71549013777894e-08 3.6877700893001e-08 3.66026000619968e-08 3.63294994087937e-08 3.61024987682868e-08 3.58770009256659e-08 3.56527998235379e-08 3.54419995574062e-08 3.52683002802223e-08 3.50954003636161e-08 3.49233992835707e-08 3.47801005773363e-08 3.46651987115365e-08 3.45506983023824e-08 3.44424009313116e-08 3.43578001604783e-08 3.4280699168221e-08 3.42037012046603e-08 3.41270016690487e-08 3.40771002527163e-08 3.40272983123668e-08 3.39774999247311e-08 3.3931499388018e-08 3.38967005575341e-08 3.3862999515577e-08 3.38335013339019e-08 3.38310996994551e-08 3.38617986983536e-08 3.38966010815511e-08 3.3931399912035e-08 3.39646994973464e-08 3.39973986740461e-08 3.40302008794424e-08 3.40629995321251e-08 3.40322010572436e-08 3.40012995536654e-08 3.39705010787839e-08 3.39396990511887e-08 3.39089005763071e-08 -3.4e+38 -3.4e+38
3.73960986621569e-08 3.70976991348471e-08 3.68018007179671e-08 3.65082009068374e-08 3.62297996048255e-08 3.59578002928629e-08 3.56878011587014e-08 3.54197986496274e-08 3.51872984083457e-08 3.49564004409331e-08 3.47270017186929e-08 3.45088011499683e-08 3.43210011521933e-08 3.41341994669619e-08 3.3948399646988e-08 3.37864989319314e-08 3.36482983698261e-08 3.35105987403495e-08 3.33734995194845e-08 3.32665983648894e-08 3.31700000799628e-08 3.30757998767695e-08 3.2984399211955e-08 3.29395000164823e-08 3.28949987249416e-08 3.28506999380807e-08 3.2810401506822e-08 3.27822995416227e-08 3.27542011291371e-08 3.27260991639378e-08 3.27141016498445e-08 3.27179989767501e-08 3.27219993323524e-08 3.27259002119717e-08 3.27300000435571e-08 3.27433014035705e-08 3.27579989800597e-08 3.27727001092626e-08 3.27542011291371e-08 3.27356985962979e-08 3.27171996161724e-08 3.26987006360469e-08 3.26802016559213e-08 -3.4e+38 -3.4e+38
3.65353010067793e-08 3.62228007588783e-08 3.59130005733732e-08 3.5605800974281e-08 3.53278011289149e-08 3.50608999610813e-08 3.47958994950659e-08 3.45328992068517e-08 3.42954002974238e-08 3.40595001091515e-08 3.38251986420346e-08 3.36000987033458e-08 3.3399000898271e-08 3.31991998336889e-08 3.30005995863303e-08 3.28213012323886e-08 3.26612017431671e-08 3.25019016145234e-08 3.23433013704744e-08 3.22214006587274e-08 3.21117994417364e-08 3.20026991573741e-08 3.19057988917848e-08 3.18620010375525e-08 3.18183985825726e-08 3.17747996803064e-08 3.17354000856085e-08 3.17085984136156e-08 3.16818997703194e-08 3.16552011270232e-08 3.16341015604849e-08 3.16186010707042e-08 3.16031005809236e-08 3.1587600091143e-08 3.15772012982052e-08 3.15684012264228e-08 3.15597006306234e-08 3.1550900558841e-08 3.15403987372065e-08 3.15299004682856e-08 3.15193986466511e-08 3.15089003777302e-08 3.14982990801127e-08 -3.4e+38 -3.4e+38
