results/Predictions/Median/Hettangian.asc
NCOLS 360 
NROWS 180 
XLLCORNER -180 
YLLCORNER -90 
CELLSIZE 1 
NODATA_value -3.4e+38 
[rows 80 to 99 of 180, columns 270 to 314 of 360]
0.000489945989102125 0.000487754994537681 0.000488371006213129 0.000487520010210574 0.000491658982355148 0.000500280992127955 0.000499958987347782 0.00049958098679781 0.000504922994878143 0.000506722019053996 0.000508529017679393 0.000510431011207402 0.000504755007568747 0.000506339012645185 0.000507926975842565 0.000509464007336646 0.000510945974383503 0.000512433995027095 0.000513927021529526 0.000515152991283685 0.000516292988322675 0.000517166976351291 0.000517188978847116 0.000519010005518794 0.000519609020557255 0.000519829976838082 0.000520018977113068 0.000520561006851494 0.000523245020303875 0.00052594201406464 0.000528699019923806 0.000530953984707594 0.00053371797548607 0.000537195999640971 0.000540553999599069 0.000544285983778536 0.000547677977010608 0.000551089993678033 0.000554086989723146 0.000557328981813043 0.000560589018277824 0.000563809007871896 0.000564970017876476 0.000565670023206621 0.000565281021408737
0.000493158993776888 0.000495754997245967 0.000497643020935357 0.00049806700553745 0.000503923976793885 0.000506247975863516 0.000508247991092503 0.000504642026498914 0.000506178999785334 0.000507720978930593 0.000509268022142351 0.000510783982463181 0.000512194004841149 0.000513607985340059 0.000515026971697807 0.000515641004312783 0.000515854975674301 0.000516076979693025 0.000516519998200238 0.000517811975441873 0.000519304012414068 0.000520689995028079 0.000520947971381247 0.000521051988471299 0.000521155016031116 0.000523723021615297 0.000526550982613117 0.000529757002368569 0.000532470003236085 0.000536227016709745 0.000539714994374663 0.000545466027688235 0.000549971999134868 0.000554514990653843 0.000559167005121708 0.000563309993594885 0.000566772010643035 0.000567753973882645 0.000568633025977761 0.00056951300939545 0.00057071098126471 0.000573985977098346 0.000577362021431327 0.000580696971155703 0.00058049097424373
0.000507780001498759 0.000505817995872349 0.000504667987115681 0.000506369979120791 0.000507963995914906 0.000509524019435048 0.000511089980136603 0.000512661994434893 0.00051415798952803 0.000515669002197683 0.000517185020726174 0.000516713014803827 0.000516042986419052 0.000515373016241938 0.000514705025125295 0.000514124985784292 0.000514472019858658 0.000515487976372242 0.00051702797645703 0.000519720022566617 0.000522506015840918 0.000522624002769589 0.000522741000168025 0.000524953997228295 0.000528377015143633 0.000531821977347136 0.000535356986802071 0.000538750027772039 0.00054473098134622 0.000548924028407782 0.000553302990738302 0.000558050989639014 0.000563164998311549 0.00056807097280398 0.000571543991100043 0.000572604010812938 0.000573665020056069 0.00057568697957322 0.000578965991735458 0.000583190994802862 0.00058370700571686 0.000584732973948121 0.000588310998864472 0.000591174000874162 0.000600314990151674
0.000510259007569402 0.000511992024257779 0.000513730978127569 0.000515476975124329 0.00051701400661841 0.000518438988365233 0.00051898998208344 0.000519543013069779 0.000518826011102647 0.0005180379957892 0.000517253007274121 0.000516519998200238 0.000515942985657603 0.000515609979629517 0.000516425003297627 0.000518005981575698 0.000521045993082225 0.000523409980814904 0.000523669004905969 0.000523747992701828 0.00052623898955062 0.000529624987393618 0.000532553996890783 0.000536346982698888 0.000540899985935539 0.000547985022421926 0.000553251011297107 0.000558871019165963 0.000564445974305272 0.000568594026844949 0.000573972996789962 0.000577918021008372 0.00058011501096189 0.000581244006752968 0.000582199019845575 0.000585799978580326 0.000589026021771133 0.000589372008107603 0.000590996001847088 0.000595345976762474 0.000603475025855005 0.000605028995778412 0.000603875028900802 0.00060195499099791 0.000599801016505808
0.00051342201186344 0.000514751009177417 0.000516210973728448 0.000517676002345979 0.000519221008289605 0.000520773988682777 0.000520111992955208 0.000519132998306304 0.000518415996339172 0.000517699983902276 0.000516986008733511 0.000516329018864781 0.000517197011504322 0.000518787011969835 0.000521279987879097 0.000524647999554873 0.00052482500905171 0.000524980016052723 0.000527981028426439 0.000532005971763283 0.00053628598107025 0.000539369997568429 0.0005440529785119 0.000550532015040517 0.000556170009076595 0.00056186702568084 0.00056771602248773 0.00057223899057135 0.00057689897948876 0.000582510023377836 0.000584918016102165 0.000586010981351137 0.000586568028666079 0.00058897997951135 0.000591568998061121 0.000597543024923652 0.000597940990701318 0.000592947006225586 0.00059065199457109 0.000588116992730647 0.000585592992138118 0.000582204025704414 0.000579961983021349 0.000576971971895546 0.000573966011870652
0.000515575986355543 0.000516619009431452 0.000517664011567831 0.000518711982294917 0.000519974972121418 0.000520509027410299 0.000519572990015149 0.000518638000357896 0.000517981010489166 0.000517742009833455 0.000518978980835527 0.000520410016179085 0.000522656016983092 0.00052490399684757 0.000526060990523547 0.000527989002875984 0.000531559984665364 0.000533837010152638 0.00053669698536396 0.000538951018825173 0.000542449008207768 0.000550510012544692 0.000556845974642783 0.000560518994461745 0.000563864014111459 0.000568600022234023 0.000573632016312331 0.000579486018978059 0.000584280991461128 0.000586709997151047 0.000587781018111855 0.000590217998251319 0.000591724994592369 0.000589065020903945 0.000583407003432512 0.000580066000111401 0.000577224011067301 0.000574394012801349 0.000572143006138504 0.000569899973925203 0.000567666022107005 0.000563717971090227 0.00056082900846377 0.00055730901658535 0.000555098988115788
0.000517341017257422 0.000518394983373582 0.000519450986757874 0.000520510016940534 0.000520800997037441 0.0005208799848333 0.000521823007147759 0.000522763992194086 0.000524360977578908 0.000525954994373024 0.000526489980984479 0.000526819028891623 0.000527034979313612 0.000527251977473497 0.000530451012309641 0.000535135972313583 0.000540062028449029 0.000545034010428935 0.000547972973436117 0.000553546007722616 0.000557703024242073 0.000560234009753913 0.00056317902635783 0.000568092975299805 0.000573176017496735 0.000578304985538125 0.000583674001973122 0.000587098998948932 0.00059134402545169 0.000594102020841092 0.000591496995184571 0.000587804010137916 0.000581098021939397 0.000574406993109733 0.000569998985156417 0.000565290974918753 0.000561673019547015 0.000558079977054149 0.000556723971385509 0.000554536993149668 0.000547592004295439 0.000544656009878963 0.000540666980668902 0.000537736981641501 0.000526065996382385
0.000523771974258125 0.00052307202713564 0.000522058981005102 0.000522285990882665 0.000523220980539918 0.00052476697601378 0.000526465009897947 0.000527034979313612 0.000527389987837523 0.00052774598589167 0.000528101983945817 0.000528408971149474 0.000531289028003812 0.000536369974724948 0.000540509005077183 0.000544727023225278 0.000549711985513568 0.000557098013814539 0.000561760971322656 0.000566629983950406 0.000569646013900638 0.000572677003219724 0.000575724989175797 0.000579664018005133 0.000583629007451236 0.000587621994782239 0.000593803997617215 0.000597267993725836 0.000592335010878742 0.00058279000222683 0.000576709979213774 0.000571196025703102 0.000565955997444689 0.000563607027288526 0.000558733998332173 0.000552010023966432 0.000548064010217786 0.000539657019544393 0.000531456025782973 0.000532713020220399 0.000527164025697857 0.000524232978932559 0.00051288097165525 0.000520321016665548 0.000510805984959006
0.000523853988852352 0.000522865972016007 0.000521879992447793 0.000522870977874845 0.000523834023624659 0.000525507028214633 0.00052727700676769 0.000527759024407715 0.000528111006133258 0.000528463977389038 0.000528817006852478 0.000530430988874286 0.000536733015906066 0.000540315988473594 0.00054562499281019 0.00055096298456192 0.000559017993509769 0.000562143977731466 0.000566067988984287 0.000571422977373004 0.000577002996578813 0.000580832012929022 0.000584400026127696 0.000588527007494122 0.00059222400886938 0.000596867990680039 0.000600464001763612 0.000595147022977471 0.00058675097534433 0.000579416984692216 0.000573406985495239 0.000568046001717448 0.00056556798517704 0.0005599349969998 0.000552599027287215 0.000548571988474578 0.000541047018487006 0.000533759011887014 0.00053147500148043 0.000527883996255696 0.000523078022524714 0.00051871599862352 0.000512691971380264 0.000517504988238215 0.000507405027747154
0.000523620983585715 0.000522880989592522 0.000523291993886232 0.000523703987710178 0.000524442992173135 0.000526243995409459 0.00052801298443228 0.000528484000824392 0.000528834003489465 0.000529183016624302 0.00052953400881961 0.000535014027263969 0.000540109991561621 0.000545240996871144 0.000551368982996792 0.00055951502872631 0.000564180023502558 0.000567173003219068 0.000571003009099513 0.000575625977944583 0.000581098021939397 0.000584830006118864 0.000590067007578909 0.000595078978221864 0.000599917024374008 0.000603646971285343 0.000597791979089379 0.000589835981372744 0.000583823013585061 0.000576589023694396 0.000570388976484537 0.000567779003176838 0.000562079017981887 0.000553663005121052 0.000549233984202147 0.000542643014341593 0.000535969971679151 0.000530758989043534 0.000524988980032504 0.000522519985679537 0.000517678970936686 0.000515953986905515 0.00051571597578004 0.000514540006406605 0.000503698014654219
0.000523592985700816 0.000522963993716985 0.000523393973708153 0.000523825001437217 0.000525235023815185 0.000527194002643228 0.00052817101823166 0.000528674980159849 0.000529043027199805 0.000529412995092571 0.000531874014995992 0.000538014981430024 0.000541571993380785 0.000547303003259003 0.000553346995729953 0.000561241991817951 0.000564558024052531 0.000568251998629421 0.000571928976569325 0.00057575199753046 0.000581256987061352 0.000586752023082227 0.000592458003666252 0.000596181023865938 0.000597113976255059 0.000600036990363151 0.000596360012423247 0.000589816016145051 0.000584015971980989 0.000577134022023529 0.000570365984458476 0.00056621601106599 0.000563227979000658 0.000554371974430978 0.000549990974832326 0.000545925984624773 0.000537551008164883 0.000533228972926736 0.000527571013662964 0.000521974987350404 0.000519582012202591 0.000515244028065354 0.000514573999680579 0.000515835010446608 0.000512493017595261
0.000523771974258125 0.000522585993167013 0.000522355025168508 0.000524086994118989 0.000526223971974105 0.000527248019352555 0.00052778801182285 0.000528329983353615 0.000528739998117089 0.000529151002410799 0.00053360901074484 0.000538935011718422 0.000543500995263457 0.000547886011190712 0.00055335700744763 0.000558070023544133 0.000562540022656322 0.000566534989047796 0.000569530006032437 0.000573879980947822 0.000578520994167775 0.000581761996727437 0.000586577982176095 0.000589665025472641 0.000592636002693325 0.000593232980463654 0.00059385399799794 0.000592497992329299 0.00058959802845493 0.00058324501151219 0.00057541998103261 0.000569092982914299 0.00056408898672089 0.000559129985049367 0.000556232000235468 0.000551574979908764 0.000546945026144385 0.000542466004844755 0.000537895015440881 0.00053336302516982 0.000528871023561805 0.000524760980624706 0.000521706009749323 0.000518670014571398 0.000515653984621167
0.000523592985700816 0.000522606016602367 0.000522470974829048 0.000524876988492906 0.000526254007127136 0.000526829971931875 0.000527407974004745 0.000527985976077616 0.00052843801677227 0.000529998971614987 0.00053485797252506 0.000539634027518332 0.00054403900867328 0.000547681993339211 0.000549790973309427 0.000557495979592204 0.000562229019124061 0.000566572998650372 0.000570137985050678 0.000572561984881759 0.000574967009015381 0.000577209983021021 0.000579521001782268 0.000583453977014869 0.000585942005272955 0.000588111986871809 0.00058881298173219 0.000588934984989464 0.00058785401051864 0.000586486014071852 0.000584385998081416 0.000580225023441017 0.000573156983591616 0.000566176022402942 0.000560057000257075 0.000555925013031811 0.000552046985831112 0.000548198004253209 0.000545606017112732 0.000542565016075969 0.000538330990821123 0.000534461985807866 0.000531607016455382 0.000528822012711316 0.000527014024555683
0.000517025997396559 0.000518404995091259 0.000519788009114563 0.00052113801939413 0.000520616013091058 0.000521830981597304 0.000523040012922138 0.000524242990650237 0.000526126998011023 0.00052693800535053 0.000527416006661952 0.00052900897571817 0.000533347018063068 0.000535918981768191 0.000539808010216802 0.00054370000725612 0.000547802017536014 0.000553423014935106 0.000558116007596254 0.0005626609781757 0.000565856986213475 0.000568235001992434 0.000571310985833406 0.000574291974771768 0.000575756013859063 0.000576590013224632 0.000577293976675719 0.00057665299391374 0.000575631973333657 0.000574634002987295 0.000573289988096803 0.000571599986869842 0.000569917028769851 0.000568238028790802 0.000567394017707556 0.000566827016882598 0.000566261995118111 0.000565698021091521 0.000564292015042156 0.000561367021873593 0.000558456988073885 0.000555918028112501 0.000553187972400337 0.000549949007108808 0.000543045985978097
0.000514746003318578 0.000516091997269541 0.000517442997079343 0.000518797023687512 0.000520867994055152 0.000519327993970364 0.000517792999744415 0.00051626400090754 0.000515463994815946 0.000517381995450705 0.000519405002705753 0.000522752990946174 0.000526210991665721 0.000527877011336386 0.000531797995790839 0.000535390980076045 0.000538646010681987 0.000541921996045858 0.000545217015314847 0.000550871016457677 0.000554843980353326 0.000558845000341535 0.000562875007744879 0.000564493995625526 0.000565242022275925 0.000565992027986795 0.000566750997677445 0.000567539012990892 0.000568327028304338 0.000568407005630434 0.000566895003430545 0.000565008027479053 0.000563127978239208 0.000561253982596099 0.000560340005904436 0.000559745007194579 0.000559150998014957 0.000559300999157131 0.000559988024178892 0.000559617998078465 0.000559433014132082 0.000559999025426805 0.000559312989935279 0.000559586973395199 0.000559862004593015
0.000511031015776098 0.000512518978212029 0.000514012004714459 0.000515508989337832 0.000517109001521021 0.000519299006555229 0.000519340974278748 0.000517721986398101 0.000516591011546552 0.00051546300528571 0.000515323015861213 0.000518222979735583 0.000521962996572256 0.000523920985870063 0.000524203001987189 0.000527194992173463 0.000529931974597275 0.000532682985067368 0.00053544802358374 0.000537961022928357 0.000541165005415678 0.000547113013453782 0.000549749995116144 0.000551666016690433 0.000553590012714267 0.000555307022295892 0.000555598991923034 0.000556137994863093 0.000556676997803152 0.000557216990273446 0.000557796971406788 0.000558039988391101 0.000556587008759379 0.000555208011064678 0.000554491009097546 0.000553995021618903 0.000553893973119557 0.000554042984731495 0.00055518199224025 0.000556324026547372 0.00055746897123754 0.000557154999114573 0.000556459010113031 0.000557836028747261 0.000557382998522371
0.000506978016346693 0.000507700024172664 0.000509502016939223 0.000511310994625092 0.000512965023517609 0.000514570972882211 0.000516240019351244 0.00051777099724859 0.000518367975018919 0.000517737003974617 0.000516524014528841 0.000515445019118488 0.000517565989866853 0.000520657980814576 0.000520944013260305 0.000521147972904146 0.00052340398542583 0.000526688992977142 0.000529399025253952 0.000531509984284639 0.00053355802083388 0.00053514598403126 0.000536716019269079 0.000537889020051807 0.000539064989425242 0.000541388988494873 0.000543599016964436 0.000545255024917424 0.000546914990991354 0.000548349984455854 0.000549003016203642 0.000549689983017743 0.00055037799756974 0.000551067001651973 0.000550961995031685 0.000550967000890523 0.000550972006749362 0.000550978002138436 0.000552082026842982 0.000552160025108606 0.000551973993424326 0.000551156001165509 0.000552052981220186 0.000552351993974298 0.000551605015061796
0.000495197018608451 0.000495908025186509 0.000496622000355273 0.000507133023347706 0.000508854980580509 0.00050632597412914 0.000506994023453444 0.000508587982039899 0.000510139972902834 0.000511850987095386 0.000513572013005614 0.000515053980052471 0.000515802996233106 0.000516553991474211 0.000517304986715317 0.000517946027684957 0.000518093002028763 0.00051823997637257 0.00051982601871714 0.000521610025316477 0.000523269001860172 0.00052493397379294 0.000526604999322444 0.00052767398301512 0.000528051983565092 0.000528179982211441 0.000528298027347773 0.000529545010067523 0.000530831981450319 0.000532137986738235 0.000533389975316823 0.000534705992322415 0.000536433013621718 0.000537989020813257 0.000538973021320999 0.000541115994565189 0.000543171016033739 0.000543656991794705 0.000545006012544036 0.000546142982784659 0.000546190014574677 0.000546441006008536 0.000546814000699669 0.000547285017091781 0.000547758012544364
0.000475734006613493 0.000476274988614023 0.00047615499352105 0.000476863991934806 0.000479428999824449 0.000495402025990188 0.000495970016345382 0.000496539985761046 0.000507790013216436 0.000508758006617427 0.000509803998284042 0.000510476995259523 0.000510545971337706 0.000510615005623549 0.000510684971231967 0.00051044300198555 0.000509889970999211 0.000509338977281004 0.000511365011334419 0.000512922008056194 0.000514108978677541 0.000514080980792642 0.000514052982907742 0.000514040002599359 0.000514673010911793 0.00051555602112785 0.000516551022883505 0.000517880020197481 0.000519212975632399 0.000520650006365031 0.000521611014846712 0.000522396003361791 0.000523181981407106 0.000525591021869332 0.00052764400606975 0.000529058976098895 0.000530476972926408 0.000532014004420489 0.000533665996044874 0.000534010992851108 0.000532992009539157 0.000533631013240665 0.000535711995325983 0.000536894018296152 0.000539107015356421
0.000471119012217969 0.000472582993097603 0.000474723987281322 0.000477466004667804 0.000478327012388036 0.000479372014524415 0.000479303998872638 0.000479117006761953 0.000478898000437766 0.000483673997223377 0.000491579005029052 0.000496444990858436 0.000496657972689718 0.000498244015034288 0.000500002992339432 0.000500198977533728 0.000500297988764942 0.000501119997352362 0.000502108014188707 0.000502859009429812 0.000503409013617784 0.000503960007335991 0.000504511990584433 0.000504974974319339 0.000505439005792141 0.000505904026795179 0.000506521028000861 0.000508096010889858 0.000510213023517281 0.000510605983436108 0.000510760000906885 0.000511303020175546 0.000512059021275491 0.000512717000674456 0.000513372011482716 0.000514036975800991 0.000514701998326927 0.000515368010383099 0.000515368999913335 0.000513467006385326 0.000511197024025023 0.000511488993652165 0.000513517996296287 0.000514529994688928 0.000515904976055026
