results/Predictions/Median/Kimmeridgian.asc
NCOLS 360 
NROWS 180 
XLLCORNER -180 
YLLCORNER -90 
CELLSIZE 1 
NODATA_value -3.4e+38 
[rows 140 to 159 of 180, columns 308 to 351 of 360]
-3.4e+38 -3.4e+38 -3.4e+38 -3.4e+38 -3.4e+38 -3.4e+38 -3.4e+38 -3.4e+38 -3.4e+38 -3.4e+38 -3.4e+38 0.00224905996583402 0.00230554002337158 1.3600799775304e-06 1.5406700413223e-06 2.10493999475148e-06 2.81702000393125e-06 3.83784981750068e-06 4.65322000309243e-06 4.04610000259709e-06 3.51408993992663e-06 3.07486993733619e-06 2.73771001957357e-06 2.45829005507403e-06 2.12305008062685e-06 1.82889004918252e-06 1.90793002730061e-06 2.1385799300333e-06 2.35682000493398e-06 2.55661007031449e-06 2.86565000351402e-06 3.21933998748136e-06 3.64766992788645e-06 4.12923009207589e-06 4.50036986876512e-06 5.02281000080984e-06 5.63577987122699e-06 6.40515008853981e-06 7.24257006368134e-06 7.95211963122711e-06 8.8088099801098e-06 9.7554802778177e-06 1.06622001112555e-05 1.14516997200553e-05
-3.4e+38 -3.4e+38 -3.4e+38 -3.4e+38 -3.4e+38 -3.4e+38 -3.4e+38 -3.4e+38 -3.4e+38 -3.4e+38 -3.4e+38 -3.4e+38 0.00164756004232913 7.52469020426361e-07 7.15668988959806e-07 9.30621013139898e-07 1.16524995519285e-06 1.34538004203932e-06 1.39614996896853e-06 1.2372699984553e-06 1.10065002445481e-06 9.68432004810893e-07 8.70057988322515e-07 8.03524983439274e-07 7.52145979276975e-07 6.84644021475833e-07 7.54320979012846e-07 8.4546400103136e-07 9.76176011135976e-07 1.11450003714708e-06 1.29626005218597e-06 1.45989997690776e-06 1.69323004683974e-06 1.97304007087951e-06 2.21891991714074e-06 2.52728000305069e-06 2.91168998955982e-06 3.33205002789327e-06 3.77033006770944e-06 4.2419901546964e-06 4.77326011605328e-06 5.41389999852981e-06 5.99753002461512e-06 6.55141002425808e-06
-3.4e+38 -3.4e+38 -3.4e+38 -3.4e+38 -3.4e+38 -3.4e+38 -3.4e+38 -3.4e+38 -3.4e+38 -3.4e+38 -3.4e+38 -3.4e+38 -3.4e+38 0.000222507005673833 3.41644010859454e-07 3.54906006805322e-07 3.97614996927587e-07 4.42816997292539e-07 4.3886299749829e-07 3.91941000543738e-07 3.32476986386609e-07 2.86155000139843e-07 2.65067001237185e-07 2.56162991263409e-07 2.56778008633773e-07 2.57447993590176e-07 2.91443001287917e-07 3.43554006576596e-07 4.09548988500319e-07 4.99003022014222e-07 5.85729026170156e-07 6.70564020310849e-07 7.83383995894837e-07 9.3033600023773e-07 1.06120000964438e-06 1.25531005323865e-06 1.47035996178602e-06 1.6983100294965e-06 1.98280008589791e-06 2.26573001782526e-06 2.57483998211683e-06 2.92882009489404e-06 3.30391003444674e-06 3.73380999008077e-06
-3.4e+38 -3.4e+38 -3.4e+38 -3.4e+38 -3.4e+38 -3.4e+38 -3.4e+38 -3.4e+38 -3.4e+38 -3.4e+38 -3.4e+38 -3.4e+38 -3.4e+38 -3.4e+38 0.000697384995874017 0.000765823991969228 0.000812622020021081 0.000860365980770439 0.000575200014282018 0.00012445000174921 2.69488992898914e-07 2.17470997654345e-07 1.99148999513454e-07 2.02511998281807e-07 2.05934000518937e-07 2.09416995744505e-07 2.42836989627904e-07 2.86750008626768e-07 3.40886998628775e-07 3.90715001685749e-07 4.50301996579583e-07 5.30223019268306e-07 5.99711995619145e-07 7.06234004610451e-07 8.2662700151559e-07 9.62243007052166e-07 1.11325005036633e-06 1.27686996620469e-06 1.4428800341193e-06 1.65093001669447e-06 1.89647005299776e-06 2.1425798877317e-06 2.34313006330922e-06 2.5818799258559e-06
-3.4e+38 -3.4e+38 -3.4e+38 -3.4e+38 -3.4e+38 -3.4e+38 -3.4e+38 -3.4e+38 -3.4e+38 -3.4e+38 -3.4e+38 -3.4e+38 -3.4e+38 -3.4e+38 -3.4e+38 -3.4e+38 -3.4e+38 -3.4e+38 -3.4e+38 0.000659099023323506 2.12607005778409e-07 1.6097800425996e-07 1.4091699540586e-07 1.50906004137141e-07 1.61605001380849e-07 1.73065998865241e-07 1.98581005861342e-07 2.28963997983556e-07 2.59970988736313e-07 3.07313001712828e-07 3.54347008624245e-07 4.18468005136674e-07 4.75911008379626e-07 5.32523984020372e-07 6.18234992089128e-07 7.12904011379578e-07 8.06427010502375e-07 9.37164998049411e-07 1.05211995560239e-06 1.18160994588834e-06 1.37324002480455e-06 1.54044994360447e-06 1.6630300478937e-06 1.79831999957969e-06
-3.4e+38 -3.4e+38 -3.4e+38 -3.4e+38 -3.4e+38 -3.4e+38 -3.4e+38 -3.4e+38 -3.4e+38 -3.4e+38 -3.4e+38 -3.4e+38 -3.4e+38 -3.4e+38 -3.4e+38 -3.4e+38 -3.4e+38 -3.4e+38 -3.4e+38 0.000226218005991541 1.02899001319656e-07 1.08781996743801e-07 1.15075998508019e-07 1.23966003684473e-07 1.33544006075681e-07 1.43861001333789e-07 1.62030005412817e-07 1.90115002851599e-07 2.26603006581172e-07 2.66347001343092e-07 3.02400991358809e-07 3.43344993325445e-07 3.89843989978544e-07 4.45533004267418e-07 4.9686599368215e-07 5.52475000858976e-07 6.14306998159009e-07 6.9965801685612e-07 7.84057021974149e-07 8.96523999927012e-07 1.01293005627667e-06 1.10508995021519e-06 1.18815000860195e-06 1.26412999179593e-06
-3.4e+38 -3.4e+38 -3.4e+38 -3.4e+38 -3.4e+38 -3.4e+38 -3.4e+38 -3.4e+38 -3.4e+38 -3.4e+38 -3.4e+38 -3.4e+38 -3.4e+38 -3.4e+38 -3.4e+38 -3.4e+38 -3.4e+38 -3.4e+38 -3.4e+38 0.000207377001061104 9.0060801483105e-08 8.91077007736385e-08 9.5358899443454e-08 1.0885000278904e-07 1.18983997765554e-07 1.26947000467226e-07 1.45423001640665e-07 1.72648995544478e-07 2.04995998842605e-07 2.38200001945188e-07 2.66570992835113e-07 3.05680998735625e-07 3.43641005429163e-07 3.86347011271937e-07 4.21689009044712e-07 4.60352993059132e-07 5.05614025314571e-07 5.65675009056577e-07 6.29982025657227e-07 7.19603008292324e-07 7.95385005858407e-07 8.53696974445484e-07 9.06944023881806e-07 9.60529973781377e-07
-3.4e+38 -3.4e+38 -3.4e+38 -3.4e+38 -3.4e+38 -3.4e+38 -3.4e+38 -3.4e+38 -3.4e+38 -3.4e+38 -3.4e+38 -3.4e+38 -3.4e+38 -3.4e+38 -3.4e+38 -3.4e+38 -3.4e+38 -3.4e+38 0.000153472006786615 0.000150813997606747 7.19172987828642e-08 7.67478027796642e-08 8.42943990164713e-08 9.59800985356196e-08 1.06699999946613e-07 1.15359000574244e-07 1.31372999589985e-07 1.52724993540687e-07 1.78953996510245e-07 2.10479001339081e-07 2.41028004666077e-07 2.74056986881988e-07 3.10816005821835e-07 3.43034997740688e-07 3.67534994438756e-07 3.93799012954332e-07 4.21955007823271e-07 4.64531012767111e-07 5.11796997670899e-07 5.67107974802639e-07 6.05260993324919e-07 6.43061014216073e-07 6.74929992783291e-07 7.21214973964379e-07
-3.4e+38 -3.4e+38 -3.4e+38 -3.4e+38 -3.4e+38 -3.4e+38 -3.4e+38 -3.4e+38 -3.4e+38 -3.4e+38 -3.4e+38 -3.4e+38 -3.4e+38 -3.4e+38 -3.4e+38 -3.4e+38 -3.4e+38 -3.4e+38 0.000148763007018715 0.000112481997348368 6.55239986713241e-08 6.66997976850325e-08 7.18218018391781e-08 8.36880005294915e-08 9.54827967802885e-08 1.07064998644546e-07 1.23386001860126e-07 1.44023005077543e-07 1.68483992979418e-07 2.0083899698875e-07 2.29400001217073e-07 2.58795012086921e-07 2.86581013142495e-07 3.1215398621498e-07 3.33102008198694e-07 3.55465999746229e-07 3.79342992573584e-07 4.10892994295864e-07 4.46560989075806e-07 4.71797989121114e-07 5.06094977481553e-07 5.39946995559148e-07 5.74013995446876e-07 5.98519989125634e-07
-3.4e+38 -3.4e+38 -3.4e+38 -3.4e+38 -3.4e+38 -3.4e+38 -3.4e+38 -3.4e+38 -3.4e+38 -3.4e+38 -3.4e+38 -3.4e+38 -3.4e+38 -3.4e+38 -3.4e+38 -3.4e+38 -3.4e+38 -3.4e+38 0.000143854995258152 7.31815987364826e-07 6.01869984961922e-08 5.85912012240897e-08 6.27918979034803e-08 7.41937000725557e-08 8.74227978897579e-08 1.03626000225177e-07 1.1882600148283e-07 1.40734996989522e-07 1.65192005852077e-07 1.91002996530187e-07 2.10207005579832e-07 2.30311002269445e-07 2.52338992368095e-07 2.76472007953998e-07 2.97561001616486e-07 3.20943996712231e-07 3.39973013296913e-07 3.57022003072416e-07 3.81453986619817e-07 4.00656006149802e-07 4.38643013467299e-07 4.61729001699496e-07 4.755580107485e-07 4.94959010666207e-07
-3.4e+38 -3.4e+38 -3.4e+38 -3.4e+38 -3.4e+38 -3.4e+38 -3.4e+38 -3.4e+38 -3.4e+38 -3.4e+38 -3.4e+38 -3.4e+38 -3.4e+38 -3.4e+38 -3.4e+38 -3.4e+38 -3.4e+38 -3.4e+38 9.90315020317212e-05 4.17721004453142e-08 4.74117989313072e-08 5.0570900356206e-08 5.74031986388945e-08 6.92174992877881e-08 8.01876964828807e-08 9.60770023539226e-08 1.13284002623004e-07 1.31511995959954e-07 1.50041003621482e-07 1.71183003772057e-07 1.86853995387537e-07 2.03959004352328e-07 2.30588995009384e-07 2.46248987423314e-07 2.6053200485876e-07 2.78610002624191e-07 2.9747599228358e-07 3.15646985882267e-07 3.28408987115836e-07 3.48166992125698e-07 3.77621006464324e-07 3.90889994150712e-07 4.01568001962005e-07 4.12675007055441e-07
-3.4e+38 -3.4e+38 -3.4e+38 -3.4e+38 -3.4e+38 -3.4e+38 -3.4e+38 -3.4e+38 -3.4e+38 -3.4e+38 -3.4e+38 -3.4e+38 -3.4e+38 -3.4e+38 -3.4e+38 -3.4e+38 -3.4e+38 9.83881982392631e-05 8.6227897554636e-05 4.11537008915275e-08 4.57867983527649e-08 5.08213986449846e-08 5.72145992805417e-08 6.34876968774734e-08 7.32613969489648e-08 8.61630979898109e-08 1.02710998817201e-07 1.20012998650054e-07 1.3675699506166e-07 1.55693996362061e-07 1.69806000371864e-07 1.95487004361894e-07 2.07720006528689e-07 2.2188299908521e-07 2.32914999287459e-07 2.46409996407237e-07 2.63380002252234e-07 2.78116004892581e-07 2.88719007812688e-07 3.06899011093265e-07 3.2830499208103e-07 3.37523005100593e-07 3.48058989629862e-07 3.55585996203445e-07
-3.4e+38 -3.4e+38 -3.4e+38 -3.4e+38 -3.4e+38 -3.4e+38 -3.4e+38 -3.4e+38 -3.4e+38 -3.4e+38 -3.4e+38 -3.4e+38 -3.4e+38 -3.4e+38 -3.4e+38 -3.4e+38 -3.4e+38 9.8986602097284e-05 2.9259499001455e-07 4.1789999016828e-08 4.42182006565872e-08 4.82260986700567e-08 5.24843990490353e-08 5.81711994129819e-08 6.69360034066813e-08 7.70232020386175e-08 9.31267010173542e-08 1.09040001916583e-07 1.24639001342075e-07 1.43766001770018e-07 1.64824996318202e-07 1.76219998593297e-07 1.8886800035034e-07 1.98924993810579e-07 2.08079001140504e-07 2.17654005041368e-07 2.3117999603528e-07 2.44607008426101e-07 2.53856995868773e-07 2.70550998493491e-07 2.8452299716264e-07 2.91454000489466e-07 3.01683002135178e-07 3.07078011019257e-07
-3.4e+38 -3.4e+38 -3.4e+38 -3.4e+38 -3.4e+38 -3.4e+38 -3.4e+38 -3.4e+38 -3.4e+38 -3.4e+38 -3.4e+38 -3.4e+38 -3.4e+38 -3.4e+38 -3.4e+38 -3.4e+38 0.000103473998024128 6.33128001936711e-05 4.54149997608511e-08 4.96880012690326e-08 5.47646017423631e-08 6.03604988214101e-08 6.43360991148256e-08 7.0687498521238e-08 7.68906005532699e-08 8.44935001964586e-08 9.46544034263752e-08 1.06419001610902e-07 1.20292000360678e-07 1.37019995349874e-07 1.56248006533133e-07 1.63630005545201e-07 1.75248999312316e-07 1.83856997182374e-07 1.92114995911652e-07 2.00741993694464e-07 2.11464993071786e-07 2.23195996795766e-07 2.33902994750679e-07 2.46027013872663e-07 2.57560003547042e-07 2.64595996668504e-07 2.72693000624713e-07 2.7667800850395e-07
-3.4e+38 -3.4e+38 -3.4e+38 -3.4e+38 -3.4e+38 -3.4e+38 -3.4e+38 -3.4e+38 -3.4e+38 -3.4e+38 -3.4e+38 -3.4e+38 -3.4e+38 -3.4e+38 -3.4e+38 0.000103152000519913 9.75923030637205e-05 5.17547000811192e-08 5.10039015466646e-08 5.53864012431404e-08 6.00883964807508e-08 6.51945981644531e-08 7.22945969755528e-08 7.71046018144261e-08 8.19129013507336e-08 8.69976020112517e-08 9.52774996676453e-08 1.05581996479032e-07 1.17002997512827e-07 1.32159996724113e-07 1.46188000371694e-07 1.54323998913242e-07 1.62606994535963e-07 1.69925996829079e-07 1.7736900304044e-07 1.85136002528452e-07 1.93830004491247e-07 2.05274005793399e-07 2.13256001302398e-07 2.23309001512462e-07 2.33156001172574e-07 2.41077998452965e-07 2.46365004841209e-07 2.48032989702551e-07
-3.4e+38 -3.4e+38 -3.4e+38 -3.4e+38 -3.4e+38 -3.4e+38 -3.4e+38 -3.4e+38 -3.4e+38 -3.4e+38 -3.4e+38 -3.4e+38 -3.4e+38 -3.4e+38 -3.4e+38 8.70778021635488e-05 2.07973002375184e-07 4.51804993417682e-08 4.83555986363626e-08 5.20787999391814e-08 5.60923005821223e-08 6.04189978048453e-08 6.69580018097804e-08 7.59376987957694e-08 8.07808007152744e-08 8.44601970584336e-08 9.17044999937389e-08 1.00549002013395e-07 1.10496003458138e-07 1.24533002576754e-07 1.35069001316879e-07 1.43841006661205e-07 1.51212006471724e-07 1.58068999667194e-07 1.64930000323693e-07 1.72084995142541e-07 1.80797002258259e-07 1.9105399928776e-07 1.9656700089854e-07 2.04204994247448e-07 2.13277999705497e-07 2.19341004026319e-07 2.22745001110525e-07 2.23786003061832e-07
-3.4e+38 -3.4e+38 -3.4e+38 -3.4e+38 -3.4e+38 -3.4e+38 -3.4e+38 -3.4e+38 -3.4e+38 -3.4e+38 -3.4e+38 -3.4e+38 -3.4e+38 -3.4e+38 8.42426015879028e-05 3.68639007319871e-06 4.28001989405402e-08 4.56848994190295e-08 4.8749601688769e-08 5.19694012268701e-08 5.54045982426032e-08 5.90695989899359e-08 6.38455972534757e-08 6.78771030493408e-08 7.19659993819732e-08 7.64395977626009e-08 8.32742017564669e-08 9.15466031869983e-08 1.00853000617462e-07 1.14641999005016e-07 1.2402600191308e-07 1.32498001903514e-07 1.40930993097754e-07 1.47997994304205e-07 1.54467997504071e-07 1.6121700241456e-07 1.68254999266537e-07 1.78441993625711e-07 1.83636998940528e-07 1.90901999985726e-07 1.96521000361827e-07 2.01315003778291e-07 2.03658998998435e-07 2.04426996219809e-07
-3.4e+38 -3.4e+38 -3.4e+38 -3.4e+38 -3.4e+38 -3.4e+38 -3.4e+38 -3.4e+38 -3.4e+38 -3.4e+38 -3.4e+38 -3.4e+38 -3.4e+38 8.91056988621131e-05 1.93063006008742e-05 4.05946991577366e-08 4.33034017532918e-08 4.61950016017454e-08 4.91467986307725e-08 5.18603009425078e-08 5.3886100914724e-08 5.42456994878648e-08 5.63123982999514e-08 5.93569993156962e-08 6.37082990806448e-08 6.90208992182306e-08 7.56226015141692e-08 8.33545996670182e-08 9.2056296807641e-08 1.05467997002506e-07 1.13896000186742e-07 1.22024999882342e-07 1.31342005715851e-07 1.38567997964856e-07 1.44671005841701e-07 1.51036999795906e-07 1.57675003720215e-07 1.66335993867506e-07 1.71563002027142e-07 1.76702997123357e-07 1.81271005317285e-07 1.84770996725092e-07 1.86210002084408e-07 1.86744003372041e-07
-3.4e+38 -3.4e+38 -3.4e+38 -3.4e+38 -3.4e+38 -3.4e+38 -3.4e+38 -3.4e+38 -3.4e+38 -3.4e+38 -3.4e+38 -3.4e+38 9.15987984626554e-05 5.44549002370331e-05 4.23422008566376e-08 4.14984988594824e-08 4.32112017278996e-08 4.56915998370278e-08 4.87829012740804e-08 5.23154000120485e-08 5.54185000112284e-08 5.58089006119644e-08 5.75737004737675e-08 5.97581006900327e-08 6.38867021507394e-08 6.83012970625896e-08 7.40504972895906e-08 8.07773972155701e-08 8.88514009034225e-08 9.94360007666728e-08 1.06667002341965e-07 1.1278800116088e-07 1.21089001936525e-07 1.27560994656051e-07 1.33165002580427e-07 1.39009998179063e-07 1.45106000104533e-07 1.5020299315438e-07 1.5522699925441e-07 1.6194999830077e-07 1.65957004583106e-07 1.67848000387494e-07 1.69003996575157e-07 1.70716006664406e-07
-3.4e+38 -3.4e+38 -3.4e+38 -3.4e+38 -3.4e+38 -3.4e+38 -3.4e+38 -3.4e+38 -3.4e+38 -3.4e+38 -3.4e+38 9.46931031649001e-05 8.08597978902981e-05 1.80951005290808e-07 3.9571098398028e-08 4.2724799698135e-08 4.54977993058492e-08 4.74649013426642e-08 4.84217004270704e-08 5.27744994371915e-08 5.68808999901194e-08 5.73396015113303e-08 5.76111993666473e-08 6.07261014806681e-08 6.40656026007491e-08 6.75891982382382e-08 7.2511298299105e-08 7.82805003041176e-08 8.5424503026843e-08 9.34532025098633e-08 9.99031968262898e-08 1.04252997346066e-07 1.11064998975507e-07 1.16435998620545e-07 1.22163001492481e-07 1.27801996541166e-07 1.33330999574355e-07 1.37941995603796e-07 1.4152000460399e-07 1.45179996025036e-07 1.51337999909629e-07 1.53580998585312e-07 1.55110001287539e-07 1.5606499914611e-07
