results/Predictions/Median/Kimmeridgian.asc
NCOLS 360 
NROWS 180 
XLLCORNER -180 
YLLCORNER -90 
CELLSIZE 1 
NODATA_value -3.4e+38 
[rows 54 to 80 of 180, columns 183 to 243 of 360]
0.188149005174637 0.187529996037483 0.182108998298645 0.176875993609428 0.174487993121147 0.166699007153511 0.161392003297806 0.155370995402336 -3.4e+38 -3.4e+38 -3.4e+38 -3.4e+38 0.15310999751091 0.163231000304222 0.173504993319511 0.185164004564285 -3.4e+38 -3.4e+38 0.113557003438473 0.0911410972476006 0.101122997701168 0.11285699903965 0.125479996204376 0.139740005135536 0.1560889929533 0.175136998295784 0.196124002337456 0.202930003404617 0.194112002849579 0.187470003962517 0.176782995462418 0.169542998075485 0.168211996555328 0.165462002158165 0.161817997694016 0.168400004506111 0.175399005413055 0.182548001408577 0.188715994358063 0.190761998295784 0.190852001309395 0.193234995007515 0.192619994282722 0.188931003212929 0.18529799580574 0.18172200024128 0.183980002999306 0.188626006245613 0.191798999905586 0.195828005671501 0.199678003787994 0.202903002500534 0.208105996251106 0.210313007235527 0.206664994359016 0.203025996685028 0.199396997690201 0.194441005587578 0.188034996390343 0.181693002581596 0.176575005054474
0.213862001895905 0.212616994976997 0.208166003227234 0.20423099398613 0.198004007339478 0.191538006067276 0.185515999794006 0.179754003882408 0.175403997302055 0.175242006778717 0.174456998705864 0.175120994448662 0.178950995206833 0.187316998839378 0.195723995566368 0.20414699614048 0.190925002098083 0.170900002121925 0.151010006666183 0.130784004926682 0.141283005475998 0.151115998625755 0.161975994706154 -3.4e+38 -3.4e+38 0.223877996206284 0.253307998180389 0.261709004640579 0.247519001364708 0.231869995594025 0.217759996652603 0.209514006972313 0.20634900033474 0.20304599404335 0.199754998087883 0.206282004714012 0.212911993265152 0.219643995165825 0.225783005356789 0.227344006299973 0.229157999157906 0.231105998158455 0.229695007205009 0.224963992834091 0.22027599811554 0.215633004903793 0.216654002666473 0.219560995697975 0.222478002309799 0.225403994321823 0.228479996323586 -3.4e+38 -3.4e+38 -3.4e+38 -3.4e+38 -3.4e+38 0.228559002280235 0.227357998490334 0.226511999964714 0.225664004683495 0.224813997745514
-3.4e+38 0.229313999414444 0.224172994494438 0.220301002264023 0.213751003146172 0.212669998407364 0.208042994141579 0.204582005739212 0.202773004770279 0.208107993006706 0.209000006318092 0.212310999631882 0.2170519977808 0.223618999123573 0.231714993715286 0.238126993179321 0.23633199930191 0.232917994260788 0.230447992682457 0.229341000318527 0.232503995299339 0.235672995448112 0.238582998514175 0.242926001548767 0.258347004652023 0.273057013750076 0.290261000394821 0.293031990528107 0.281177014112473 0.269003987312317 0.254949986934662 0.245223999023438 0.238817006349564 0.233317002654076 0.227679997682571 0.233594000339508 0.239583000540733 0.245644003152847 0.249806001782417 0.249193996191025 0.249344006180763 0.250106006860733 0.248350992798805 0.244118005037308 0.240299999713898 -3.4e+38 -3.4e+38 -3.4e+38 -3.4e+38 -3.4e+38 -3.4e+38 -3.4e+38 -3.4e+38 -3.4e+38 -3.4e+38 -3.4e+38 -3.4e+38 -3.4e+38 -3.4e+38 -3.4e+38 0.258096992969513
0.244554996490479 0.242901995778084 0.240530997514725 0.235451996326447 0.228205993771553 0.230688005685806 -3.4e+38 -3.4e+38 0.23403599858284 0.240512996912003 0.246805995702744 0.249779999256134 0.255353987216949 0.263576000928879 0.270099997520447 0.274264007806778 0.28880301117897 0.308701008558273 0.330150991678238 0.351882010698318 0.343950986862183 0.336692005395889 0.329609006643295 0.325776010751724 0.329517990350723 0.331084996461868 0.33261901140213 0.327149987220764 0.315858006477356 0.305846989154816 0.295289009809494 0.288560003042221 0.280202001333237 0.271239012479782 0.262410998344421 0.26596599817276 0.269401013851166 0.27232900261879 0.275085985660553 0.274233013391495 -3.4e+38 -3.4e+38 -3.4e+38 -3.4e+38 -3.4e+38 -3.4e+38 -3.4e+38 -3.4e+38 -3.4e+38 -3.4e+38 -3.4e+38 -3.4e+38 -3.4e+38 -3.4e+38 -3.4e+38 -3.4e+38 -3.4e+38 -3.4e+38 -3.4e+38 -3.4e+38 -3.4e+38
0.275278002023697 0.275157988071442 0.271934002637863 0.266698986291885 0.263435006141663 -3.4e+38 -3.4e+38 0.250811010599136 0.2482970058918 0.262275993824005 0.270731002092361 0.285135000944138 0.293664008378983 0.298575013875961 0.30758199095726 0.312669992446899 0.323395997285843 0.336095988750458 0.348948001861572 0.36032098531723 0.357223987579346 0.354038000106812 0.351610004901886 0.350666999816895 0.350861012935638 0.349467009305954 0.34689399600029 0.341176986694336 0.334367007017136 0.329986989498138 0.324079006910324 0.317519992589951 0.311782985925674 0.305487990379333 0.298815995454788 0.301407992839813 0.303824007511139 0.306282013654709 0.308416992425919 -3.4e+38 -3.4e+38 -3.4e+38 -3.4e+38 -3.4e+38 -3.4e+38 -3.4e+38 -3.4e+38 -3.4e+38 -3.4e+38 -3.4e+38 -3.4e+38 -3.4e+38 -3.4e+38 -3.4e+38 -3.4e+38 -3.4e+38 -3.4e+38 -3.4e+38 -3.4e+38 -3.4e+38 -3.4e+38
0.304172992706299 0.307018995285034 0.305137008428574 0.304017007350922 0.300249993801117 0.287292987108231 0.276814997196198 0.267594993114471 0.267024010419846 0.277996987104416 0.297367990016937 0.319534987211227 0.334176987409592 0.339444011449814 0.346116006374359 0.354402005672455 0.357353985309601 0.359111994504929 0.362919986248016 0.363647997379303 0.366212010383606 0.368151009082794 0.370451986789703 0.373530000448227 0.373407989740372 0.374000996351242 0.372559994459152 0.368483990430832 0.362502008676529 0.354752987623215 0.348574012517929 -3.4e+38 -3.4e+38 0.337839990854263 0.333768010139465 0.335240989923477 0.33671098947525 -3.4e+38 -3.4e+38 -3.4e+38 -3.4e+38 -3.4e+38 -3.4e+38 -3.4e+38 -3.4e+38 -3.4e+38 -3.4e+38 -3.4e+38 -3.4e+38 -3.4e+38 -3.4e+38 -3.4e+38 -3.4e+38 -3.4e+38 -3.4e+38 -3.4e+38 -3.4e+38 -3.4e+38 -3.4e+38 -3.4e+38 -3.4e+38
0.323145002126694 0.329153001308441 0.331369012594223 0.333281993865967 0.335061997175217 0.319997012615204 0.305278986692429 0.294676005840302 0.293769985437393 0.302904009819031 0.322537988424301 0.344182997941971 0.359476000070572 0.367951989173889 0.377232998609543 0.388913989067078 0.392426013946533 0.391030013561249 0.388972997665405 0.388624995946884 0.391277998685837 0.394486993551254 0.398959010839462 -3.4e+38 0.402794003486633 0.401152014732361 0.399381995201111 0.395190000534058 0.388678014278412 0.382245987653732 -3.4e+38 -3.4e+38 -3.4e+38 -3.4e+38 -3.4e+38 -3.4e+38 -3.4e+38 0.368326991796494 -3.4e+38 -3.4e+38 -3.4e+38 -3.4e+38 -3.4e+38 -3.4e+38 -3.4e+38 -3.4e+38 -3.4e+38 -3.4e+38 -3.4e+38 -3.4e+38 -3.4e+38 -3.4e+38 -3.4e+38 -3.4e+38 -3.4e+38 -3.4e+38 -3.4e+38 -3.4e+38 -3.4e+38 -3.4e+38 -3.4e+38
0.327719986438751 0.337269991636276 0.346018999814987 0.354526996612549 0.36065998673439 0.350517988204956 0.341697990894318 0.331876009702682 0.32548400759697 0.335209012031555 0.345238000154495 0.356842994689941 -3.4e+38 -3.4e+38 0.403411000967026 0.420114010572433 0.42731100320816 0.43148198723793 0.434617012739182 0.434531003236771 0.433279007673264 0.43163600564003 -3.4e+38 -3.4e+38 -3.4e+38 0.425660997629166 0.424695998430252 0.421249002218246 -3.4e+38 -3.4e+38 -3.4e+38 0.406626999378204 0.403696000576019 -3.4e+38 -3.4e+38 0.396028995513916 0.39520999789238 0.394605994224548 0.393824994564056 -3.4e+38 -3.4e+38 -3.4e+38 -3.4e+38 -3.4e+38 -3.4e+38 -3.4e+38 -3.4e+38 -3.4e+38 -3.4e+38 -3.4e+38 -3.4e+38 -3.4e+38 -3.4e+38 -3.4e+38 -3.4e+38 -3.4e+38 -3.4e+38 -3.4e+38 -3.4e+38 -3.4e+38 -3.4e+38
0.332406014204025 0.344332993030548 0.358042985200882 0.374379992485046 0.389017999172211 0.382458001375198 0.382768988609314 0.380423992872238 0.379682987928391 0.380021989345551 0.379352986812592 0.379761010408401 0.389829009771347 0.410095006227493 0.428768992424011 0.451186001300812 0.464569985866547 0.474379003047943 0.482351005077362 0.48378598690033 0.478496998548508 -3.4e+38 -3.4e+38 -3.4e+38 -3.4e+38 -3.4e+38 -3.4e+38 -3.4e+38 -3.4e+38 -3.4e+38 0.44055500626564 0.437463998794556 0.433946996927261 0.429499000310898 0.425080001354218 0.422930985689163 0.420754998922348 0.419398993253708 0.418069005012512 -3.4e+38 -3.4e+38 -3.4e+38 -3.4e+38 -3.4e+38 -3.4e+38 -3.4e+38 -3.4e+38 -3.4e+38 -3.4e+38 -3.4e+38 -3.4e+38 -3.4e+38 -3.4e+38 -3.4e+38 -3.4e+38 -3.4e+38 -3.4e+38 -3.4e+38 -3.4e+38 -3.4e+38 -3.4e+38
0.382398009300232 0.391267001628876 0.402471005916595 0.411552995443344 0.422349989414215 0.420275002717972 0.418702006340027 0.418363988399506 0.415499001741409 0.407162010669708 0.398000001907349 0.389420986175537 0.396959006786346 0.417775988578796 0.438675999641418 0.460754990577698 0.474936008453369 -3.4e+38 0.490824997425079 0.496232002973557 0.489769011735916 -3.4e+38 -3.4e+38 -3.4e+38 -3.4e+38 -3.4e+38 -3.4e+38 -3.4e+38 -3.4e+38 -3.4e+38 -3.4e+38 0.450275987386703 0.44650000333786 0.443080991506577 0.43945699930191 0.437445998191833 0.435414999723434 0.433629989624023 0.432413011789322 -3.4e+38 -3.4e+38 -3.4e+38 -3.4e+38 -3.4e+38 -3.4e+38 -3.4e+38 -3.4e+38 -3.4e+38 -3.4e+38 -3.4e+38 -3.4e+38 -3.4e+38 -3.4e+38 -3.4e+38 -3.4e+38 -3.4e+38 -3.4e+38 -3.4e+38 -3.4e+38 -3.4e+38 -3.4e+38
0.431712001562119 0.436699002981186 0.44352999329567 0.449019998311996 0.454542011022568 0.456429004669189 0.457655012607574 0.45881000161171 0.4565210044384 0.439482986927032 0.423896998167038 0.416887998580933 0.420037001371384 0.428667992353439 0.449591010808945 0.469549000263214 0.48071500658989 0.490128010511398 0.498425006866455 0.506334006786346 0.50388902425766 0.502031028270721 -3.4e+38 -3.4e+38 -3.4e+38 -3.4e+38 -3.4e+38 -3.4e+38 -3.4e+38 -3.4e+38 -3.4e+38 -3.4e+38 0.457982003688812 0.455608010292053 0.453613996505737 0.452322006225586 0.450670003890991 0.449005991220474 -3.4e+38 -3.4e+38 -3.4e+38 -3.4e+38 -3.4e+38 -3.4e+38 -3.4e+38 -3.4e+38 -3.4e+38 -3.4e+38 -3.4e+38 -3.4e+38 -3.4e+38 -3.4e+38 -3.4e+38 -3.4e+38 -3.4e+38 -3.4e+38 -3.4e+38 -3.4e+38 -3.4e+38 -3.4e+38 -3.4e+38
0.471100002527237 0.470075994729996 0.468614012002945 0.46712800860405 0.468616008758545 0.470517009496689 0.472277998924255 -3.4e+38 -3.4e+38 0.462953001260757 0.448857009410858 0.451516002416611 0.455922991037369 0.459542006254196 0.46901199221611 0.484869003295898 0.494446992874146 0.501498997211456 0.51045697927475 0.517633020877838 0.516382992267609 0.515332996845245 -3.4e+38 -3.4e+38 -3.4e+38 -3.4e+38 -3.4e+38 -3.4e+38 -3.4e+38 -3.4e+38 -3.4e+38 -3.4e+38 -3.4e+38 -3.4e+38 0.468160003423691 0.467651009559631 0.46713599562645 0.466614991426468 -3.4e+38 -3.4e+38 -3.4e+38 -3.4e+38 -3.4e+38 -3.4e+38 -3.4e+38 -3.4e+38 -3.4e+38 -3.4e+38 -3.4e+38 -3.4e+38 -3.4e+38 -3.4e+38 -3.4e+38 -3.4e+38 -3.4e+38 -3.4e+38 -3.4e+38 -3.4e+38 -3.4e+38 -3.4e+38 -3.4e+38
0.497608006000519 0.487893998622894 0.478872001171112 0.471192002296448 -3.4e+38 -3.4e+38 0.472119003534317 -3.4e+38 -3.4e+38 -3.4e+38 -3.4e+38 0.477506995201111 0.484995990991592 0.495658993721008 0.503888010978699 0.512682974338531 0.517677009105682 0.521647989749908 0.52563601732254 0.528741002082825 0.525946021080017 0.522957026958466 0.519982993602753 -3.4e+38 -3.4e+38 -3.4e+38 -3.4e+38 -3.4e+38 -3.4e+38 -3.4e+38 -3.4e+38 0.483657002449036 0.483866989612579 -3.4e+38 -3.4e+38 -3.4e+38 -3.4e+38 -3.4e+38 -3.4e+38 -3.4e+38 -3.4e+38 -3.4e+38 -3.4e+38 -3.4e+38 -3.4e+38 -3.4e+38 -3.4e+38 -3.4e+38 -3.4e+38 -3.4e+38 -3.4e+38 -3.4e+38 -3.4e+38 -3.4e+38 -3.4e+38 -3.4e+38 -3.4e+38 -3.4e+38 -3.4e+38 -3.4e+38 -3.4e+38
0.527999997138977 0.511811017990112 0.493366003036499 0.474004000425339 0.45422300696373 -3.4e+38 -3.4e+38 -3.4e+38 -3.4e+38 -3.4e+38 -3.4e+38 0.519657015800476 0.529449999332428 0.533720016479492 0.53566300868988 0.536665022373199 0.537373006343842 0.537244021892548 0.537688016891479 0.536939024925232 0.532217979431152 0.528186023235321 0.523407995700836 -3.4e+38 -3.4e+38 -3.4e+38 -3.4e+38 -3.4e+38 -3.4e+38 -3.4e+38 -3.4e+38 0.496154010295868 0.497072011232376 0.497990995645523 -3.4e+38 -3.4e+38 -3.4e+38 -3.4e+38 -3.4e+38 -3.4e+38 -3.4e+38 -3.4e+38 -3.4e+38 -3.4e+38 -3.4e+38 -3.4e+38 -3.4e+38 -3.4e+38 -3.4e+38 -3.4e+38 -3.4e+38 -3.4e+38 -3.4e+38 -3.4e+38 -3.4e+38 -3.4e+38 -3.4e+38 -3.4e+38 -3.4e+38 -3.4e+38 -3.4e+38
0.5295569896698 0.520085990428925 0.513466000556946 0.505343973636627 0.496802002191544 0.502340018749237 0.504763007164001 -3.4e+38 -3.4e+38 -3.4e+38 -3.4e+38 0.540925025939941 0.549771010875702 0.55036997795105 0.549845993518829 0.549095988273621 0.548527002334595 0.547610998153687 0.546684980392456 0.54600602388382 0.542119979858398 0.537473022937775 0.532994985580444 -3.4e+38 -3.4e+38 -3.4e+38 -3.4e+38 -3.4e+38 -3.4e+38 -3.4e+38 -3.4e+38 -3.4e+38 0.516017973423004 0.517305016517639 0.518512010574341 -3.4e+38 -3.4e+38 -3.4e+38 -3.4e+38 -3.4e+38 -3.4e+38 -3.4e+38 -3.4e+38 -3.4e+38 -3.4e+38 -3.4e+38 -3.4e+38 -3.4e+38 -3.4e+38 -3.4e+38 -3.4e+38 -3.4e+38 -3.4e+38 -3.4e+38 -3.4e+38 -3.4e+38 -3.4e+38 -3.4e+38 -3.4e+38 -3.4e+38 -3.4e+38
0.529291987419128 0.526076972484589 0.528568029403687 0.530201017856598 0.52989798784256 0.531695008277893 0.528916001319885 0.523666024208069 0.522903025150299 0.532058000564575 0.545870006084442 0.56036901473999 0.566044986248016 0.564958989620209 0.562723994255066 0.561776995658875 0.560137987136841 0.558107018470764 0.556151986122131 0.554035007953644 -3.4e+38 -3.4e+38 -3.4e+38 -3.4e+38 -3.4e+38 -3.4e+38 -3.4e+38 0.527667999267578 -3.4e+38 -3.4e+38 -3.4e+38 -3.4e+38 -3.4e+38 0.535153985023499 0.536610007286072 0.5382040143013 0.539991021156311 -3.4e+38 -3.4e+38 -3.4e+38 -3.4e+38 -3.4e+38 -3.4e+38 -3.4e+38 -3.4e+38 -3.4e+38 0.552183985710144 0.551886975765228 0.55113697052002 0.550152003765106 0.549736976623535 0.549443006515503 -3.4e+38 -3.4e+38 -3.4e+38 -3.4e+38 0.554773986339569 0.555509984493256 0.555971026420593 0.556401014328003 0.55682897567749
0.527157008647919 0.530376970767975 0.540239989757538 0.548003017902374 0.552743971347809 -3.4e+38 -3.4e+38 0.536661028862 0.5331209897995 0.546317994594574 0.555401027202606 0.565109014511108 0.569580018520355 0.56886100769043 0.568322002887726 0.567532002925873 0.565852999687195 0.563932001590729 -3.4e+38 -3.4e+38 -3.4e+38 -3.4e+38 -3.4e+38 -3.4e+38 -3.4e+38 -3.4e+38 0.539460003376007 0.539255023002625 0.540979981422424 0.543067991733551 0.544336974620819 0.545378983020782 0.546420991420746 0.547995984554291 0.549695014953613 0.551813006401062 0.553725004196167 0.555249989032745 0.55637001991272 -3.4e+38 -3.4e+38 -3.4e+38 -3.4e+38 -3.4e+38 -3.4e+38 0.562943994998932 0.562150001525879 0.561182022094727 0.560635983943939 0.559512972831726 0.559135973453522 0.56038498878479 0.561823010444641 -3.4e+38 -3.4e+38 0.564368009567261 0.56538999080658 0.566051006317139 0.566574990749359 0.56709498167038 0.567610025405884
0.522481024265289 0.530102014541626 0.544216990470886 0.554018974304199 0.560885012149811 0.55867999792099 -3.4e+38 -3.4e+38 0.55145001411438 0.553883016109467 0.556496024131775 0.560321986675262 0.562511026859283 0.563533008098602 0.564495027065277 0.565491020679474 -3.4e+38 -3.4e+38 -3.4e+38 -3.4e+38 -3.4e+38 -3.4e+38 -3.4e+38 -3.4e+38 -3.4e+38 0.552377998828888 0.551918983459473 0.552340984344482 0.553852021694183 0.555480003356934 0.557015001773834 0.558175981044769 0.559455990791321 0.560527980327606 -3.4e+38 -3.4e+38 -3.4e+38 -3.4e+38 0.566910982131958 0.568019986152649 -3.4e+38 -3.4e+38 0.570016026496887 0.569570004940033 0.569369971752167 0.569424986839294 0.568383991718292 0.566694974899292 0.565625011920929 0.564651012420654 0.565949976444244 0.567242980003357 0.568529009819031 -3.4e+38 -3.4e+38 -3.4e+38 0.573414981365204 0.574542999267578 0.575599014759064 0.576650023460388 0.577468991279602
-3.4e+38 0.521359026432037 0.540170013904572 0.556527972221375 0.570370972156525 0.566684007644653 0.565492987632751 0.563893973827362 0.562545001506805 -3.4e+38 -3.4e+38 -3.4e+38 -3.4e+38 -3.4e+38 -3.4e+38 -3.4e+38 -3.4e+38 -3.4e+38 -3.4e+38 -3.4e+38 -3.4e+38 -3.4e+38 -3.4e+38 -3.4e+38 -3.4e+38 0.560764014720917 0.561249017715454 0.562533974647522 0.564826011657715 0.567521989345551 0.569553017616272 0.570640027523041 0.57142698764801 0.57218199968338 0.572400987148285 -3.4e+38 -3.4e+38 -3.4e+38 -3.4e+38 0.575209975242615 0.575991988182068 0.576646983623505 0.576295018196106 0.575407981872559 0.575217008590698 0.575021982192993 0.573181986808777 0.570788025856018 0.569061994552612 0.569374978542328 0.570823013782501 0.572358012199402 0.574790000915527 0.57615202665329 -3.4e+38 -3.4e+38 -3.4e+38 -3.4e+38 0.581929981708527 0.582473993301392 0.582943975925446
-3.4e+38 -3.4e+38 -3.4e+38 -3.4e+38 -3.4e+38 0.550459980964661 0.555966019630432 0.558215022087097 0.561989009380341 0.560459017753601 -3.4e+38 -3.4e+38 -3.4e+38 -3.4e+38 -3.4e+38 -3.4e+38 -3.4e+38 -3.4e+38 -3.4e+38 -3.4e+38 -3.4e+38 -3.4e+38 -3.4e+38 -3.4e+38 -3.4e+38 0.567108988761902 0.568989992141724 0.57140702009201 0.573225021362305 0.574993014335632 0.577253997325897 0.578698992729187 0.579882979393005 0.579937994480133 0.579248011112213 0.579077005386353 -3.4e+38 -3.4e+38 -3.4e+38 -3.4e+38 -3.4e+38 -3.4e+38 0.579050004482269 0.577971994876862 0.576945006847382 0.575999021530151 0.5747230052948 0.573405027389526 0.57209300994873 0.571582973003387 0.573292016983032 0.57499498128891 0.576689004898071 0.578433990478516 0.579746007919312 -3.4e+38 -3.4e+38 -3.4e+38 -3.4e+38 -3.4e+38 -3.4e+38
-3.4e+38 -3.4e+38 -3.4e+38 -3.4e+38 -3.4e+38 -3.4e+38 0.542057991027832 0.553149998188019 0.560930013656616 0.561411023139954 0.561321973800659 -3.4e+38 -3.4e+38 -3.4e+38 -3.4e+38 -3.4e+38 -3.4e+38 -3.4e+38 -3.4e+38 -3.4e+38 -3.4e+38 -3.4e+38 -3.4e+38 -3.4e+38 -3.4e+38 -3.4e+38 0.576690018177032 0.579154014587402 0.580044984817505 0.580304980278015 0.580801010131836 0.580690979957581 0.579926013946533 0.579349994659424 0.578800022602081 0.579171001911163 -3.4e+38 -3.4e+38 -3.4e+38 -3.4e+38 -3.4e+38 -3.4e+38 -3.4e+38 0.580877006053925 0.579962015151978 0.578971982002258 0.578553020954132 0.577902972698212 0.577242970466614 0.576579988002777 0.577251017093658 0.578482985496521 0.579663991928101 0.580693006515503 -3.4e+38 -3.4e+38 -3.4e+38 -3.4e+38 -3.4e+38 -3.4e+38 -3.4e+38
-3.4e+38 -3.4e+38 -3.4e+38 0.51554399728775 0.512350976467133 0.521753013134003 0.534704029560089 0.54510098695755 0.554413974285126 0.555710971355438 0.556935012340546 -3.4e+38 -3.4e+38 -3.4e+38 0.563627004623413 0.565778970718384 0.566735982894897 -3.4e+38 -3.4e+38 -3.4e+38 -3.4e+38 -3.4e+38 -3.4e+38 -3.4e+38 -3.4e+38 -3.4e+38 -3.4e+38 0.577848970890045 0.578498005867004 0.579146981239319 0.579448997974396 0.579253971576691 0.57838898897171 0.577619016170502 0.576844990253448 0.577341020107269 0.578782975673676 -3.4e+38 -3.4e+38 -3.4e+38 -3.4e+38 -3.4e+38 -3.4e+38 -3.4e+38 -3.4e+38 0.580209970474243 0.580591976642609 0.581001996994019 0.581207990646362 0.581080973148346 0.580847978591919 0.58060497045517 -3.4e+38 -3.4e+38 -3.4e+38 -3.4e+38 -3.4e+38 -3.4e+38 -3.4e+38 -3.4e+38 -3.4e+38
-3.4e+38 -3.4e+38 0.513958990573883 0.515933990478516 0.518553018569946 0.524492025375366 0.530973970890045 0.537997007369995 0.545309007167816 0.546994984149933 0.550333023071289 -3.4e+38 -3.4e+38 0.55801397562027 0.561312973499298 0.564499974250793 0.565834999084473 -3.4e+38 -3.4e+38 -3.4e+38 -3.4e+38 -3.4e+38 -3.4e+38 -3.4e+38 -3.4e+38 -3.4e+38 -3.4e+38 -3.4e+38 0.576300024986267 0.576121985912323 0.575257003307343 0.57463401556015 0.574339985847473 0.574042022228241 0.574293971061707 0.574810981750488 0.575929999351501 -3.4e+38 -3.4e+38 -3.4e+38 -3.4e+38 -3.4e+38 -3.4e+38 -3.4e+38 -3.4e+38 -3.4e+38 -3.4e+38 0.575904011726379 0.575428009033203 0.576206028461456 -3.4e+38 -3.4e+38 -3.4e+38 -3.4e+38 -3.4e+38 -3.4e+38 -3.4e+38 -3.4e+38 -3.4e+38 -3.4e+38 -3.4e+38
-3.4e+38 -3.4e+38 0.508360981941223 0.514472007751465 0.524443984031677 0.525901973247528 0.528994977474213 0.531754970550537 0.536635994911194 0.541220009326935 0.545652985572815 -3.4e+38 -3.4e+38 -3.4e+38 0.56011700630188 0.563112020492554 0.565119981765747 0.566457986831665 -3.4e+38 -3.4e+38 -3.4e+38 -3.4e+38 -3.4e+38 -3.4e+38 -3.4e+38 -3.4e+38 -3.4e+38 -3.4e+38 -3.4e+38 -3.4e+38 0.569702982902527 0.569788992404938 0.569979012012482 0.570169985294342 0.570361018180847 0.572021007537842 0.574105978012085 -3.4e+38 -3.4e+38 -3.4e+38 -3.4e+38 -3.4e+38 -3.4e+38 -3.4e+38 -3.4e+38 -3.4e+38 -3.4e+38 -3.4e+38 -3.4e+38 -3.4e+38 -3.4e+38 -3.4e+38 -3.4e+38 -3.4e+38 -3.4e+38 -3.4e+38 -3.4e+38 -3.4e+38 -3.4e+38 -3.4e+38 -3.4e+38
-3.4e+38 -3.4e+38 0.499267995357513 0.498127013444901 0.511179983615875 0.516098022460938 0.521963000297546 0.527045011520386 0.532535970211029 0.534223020076752 0.536248028278351 0.537052989006042 0.538680970668793 0.541077017784119 0.543851971626282 0.546616017818451 0.55068302154541 0.555106997489929 -3.4e+38 -3.4e+38 -3.4e+38 -3.4e+38 -3.4e+38 -3.4e+38 -3.4e+38 -3.4e+38 -3.4e+38 -3.4e+38 -3.4e+38 -3.4e+38 -3.4e+38 -3.4e+38 0.562793016433716 0.564840018749237 0.566031992435455 0.567422986030579 0.569939970970154 0.572046995162964 -3.4e+38 -3.4e+38 -3.4e+38 -3.4e+38 -3.4e+38 -3.4e+38 -3.4e+38 -3.4e+38 -3.4e+38 -3.4e+38 -3.4e+38 -3.4e+38 -3.4e+38 -3.4e+38 -3.4e+38 -3.4e+38 -3.4e+38 -3.4e+38 -3.4e+38 -3.4e+38 -3.4e+38 -3.4e+38 -3.4e+38
-3.4e+38 -3.4e+38 -3.4e+38 0.488559991121292 0.497372001409531 0.506568014621735 0.514631986618042 0.522866010665894 0.531328022480011 0.528638005256653 0.526507973670959 0.525523006916046 0.524913012981415 0.527924001216888 0.529774010181427 0.531274020671844 0.537977993488312 0.544297993183136 0.550854980945587 -3.4e+38 -3.4e+38 -3.4e+38 -3.4e+38 -3.4e+38 -3.4e+38 -3.4e+38 -3.4e+38 -3.4e+38 -3.4e+38 -3.4e+38 -3.4e+38 -3.4e+38 -3.4e+38 0.556461989879608 0.558565020561218 0.561653971672058 0.564942002296448 0.567759990692139 -3.4e+38 -3.4e+38 -3.4e+38 -3.4e+38 -3.4e+38 -3.4e+38 -3.4e+38 -3.4e+38 -3.4e+38 -3.4e+38 -3.4e+38 -3.4e+38 -3.4e+38 -3.4e+38 -3.4e+38 -3.4e+38 -3.4e+38 -3.4e+38 -3.4e+38 -3.4e+38 -3.4e+38 -3.4e+38 -3.4e+38
-3.4e+38 -3.4e+38 -3.4e+38 -3.4e+38 -3.4e+38 -3.4e+38 0.504612028598785 0.514582991600037 0.519587993621826 0.51513397693634 0.510383009910583 0.506080985069275 0.503993988037109 -3.4e+38 0.508260011672974 0.511148989200592 0.518679976463318 0.526845991611481 0.535556018352509 0.545731008052826 -3.4e+38 -3.4e+38 -3.4e+38 -3.4e+38 -3.4e+38 -3.4e+38 -3.4e+38 -3.4e+38 -3.4e+38 -3.4e+38 -3.4e+38 -3.4e+38 -3.4e+38 -3.4e+38 -3.4e+38 0.551537990570068 0.555712997913361 0.559445977210999 0.561890006065369 0.563129007816315 0.564920008182526 0.565169990062714 0.564781010150909 -3.4e+38 -3.4e+38 -3.4e+38 -3.4e+38 -3.4e+38 -3.4e+38 -3.4e+38 -3.4e+38 -3.4e+38 -3.4e+38 -3.4e+38 -3.4e+38 -3.4e+38 -3.4e+38 -3.4e+38 -3.4e+38 -3.4e+38 -3.4e+38
