results/Predictions/Median/Kimmeridgian.asc
NCOLS 360 
NROWS 180 
XLLCORNER -180 
YLLCORNER -90 
CELLSIZE 1 
NODATA_value -3.4e+38 
[rows 0 to 19 of 180, columns 176 to 219 of 360]
-3.4e+38 -3.4e+38 -3.4e+38 -3.4e+38 -3.4e+38 -3.4e+38 -3.4e+38 -3.4e+38 -3.4e+38 -3.4e+38 -3.4e+38 -3.4e+38 -3.4e+38 -3.4e+38 -3.4e+38 -3.4e+38 -3.4e+38 -3.4e+38 -3.4e+38 -3.4e+38 -3.4e+38 -3.4e+38 -3.4e+38 -3.4e+38 -3.4e+38 -3.4e+38 -3.4e+38 -3.4e+38 -3.4e+38 -3.4e+38 -3.4e+38 -3.4e+38 -3.4e+38 -3.4e+38 -3.4e+38 -3.4e+38 -3.4e+38 -3.4e+38 -3.4e+38 -3.4e+38 -3.4e+38 -3.4e+38 -3.4e+38 -3.4e+38
-3.4e+38 -3.4e+38 -3.4e+38 -3.4e+38 -3.4e+38 -3.4e+38 -3.4e+38 -3.4e+38 -3.4e+38 -3.4e+38 -3.4e+38 -3.4e+38 -3.4e+38 -3.4e+38 -3.4e+38 -3.4e+38 -3.4e+38 -3.4e+38 -3.4e+38 -3.4e+38 -3.4e+38 -3.4e+38 -3.4e+38 -3.4e+38 -3.4e+38 -3.4e+38 -3.4e+38 -3.4e+38 -3.4e+38 -3.4e+38 -3.4e+38 -3.4e+38 -3.4e+38 -3.4e+38 -3.4e+38 -3.4e+38 -3.4e+38 -3.4e+38 -3.4e+38 -3.4e+38 -3.4e+38 -3.4e+38 -3.4e+38 -3.4e+38
-3.4e+38 -3.4e+38 -3.4e+38 -3.4e+38 -3.4e+38 -3.4e+38 -3.4e+38 -3.4e+38 -3.4e+38 -3.4e+38 -3.4e+38 -3.4e+38 -3.4e+38 -3.4e+38 -3.4e+38 -3.4e+38 -3.4e+38 -3.4e+38 -3.4e+38 -3.4e+38 -3.4e+38 -3.4e+38 -3.4e+38 -3.4e+38 -3.4e+38 -3.4e+38 -3.4e+38 -3.4e+38 -3.4e+38 -3.4e+38 -3.4e+38 -3.4e+38 -3.4e+38 -3.4e+38 -3.4e+38 -3.4e+38 -3.4e+38 -3.4e+38 -3.4e+38 -3.4e+38 -3.4e+38 -3.4e+38 -3.4e+38 -3.4e+38
-3.4e+38 -3.4e+38 -3.4e+38 -3.4e+38 -3.4e+38 -3.4e+38 -3.4e+38 -3.4e+38 -3.4e+38 -3.4e+38 -3.4e+38 -3.4e+38 -3.4e+38 -3.4e+38 -3.4e+38 -3.4e+38 -3.4e+38 -3.4e+38 -3.4e+38 -3.4e+38 -3.4e+38 -3.4e+38 -3.4e+38 -3.4e+38 -3.4e+38 -3.4e+38 -3.4e+38 -3.4e+38 -3.4e+38 -3.4e+38 -3.4e+38 -3.4e+38 -3.4e+38 -3.4e+38 -3.4e+38 -3.4e+38 -3.4e+38 -3.4e+38 -3.4e+38 -3.4e+38 -3.4e+38 -3.4e+38 -3.4e+38 -3.4e+38
-3.4e+38 -3.4e+38 -3.4e+38 -3.4e+38 -3.4e+38 -3.4e+38 -3.4e+38 -3.4e+38 -3.4e+38 -3.4e+38 -3.4e+38 -3.4e+38 -3.4e+38 -3.4e+38 -3.4e+38 -3.4e+38 -3.4e+38 -3.4e+38 -3.4e+38 -3.4e+38 -3.4e+38 -3.4e+38 -3.4e+38 -3.4e+38 -3.4e+38 -3.4e+38 -3.4e+38 -3.4e+38 -3.4e+38 -3.4e+38 -3.4e+38 -3.4e+38 -3.4e+38 -3.4e+38 -3.4e+38 -3.4e+38 -3.4e+38 -3.4e+38 -3.4e+38 -3.4e+38 -3.4e+38 -3.4e+38 -3.4e+38 -3.4e+38
-3.4e+38 -3.4e+38 0.000367108004866168 -3.4e+38 -3.4e+38 -3.4e+38 -3.4e+38 0.000327513000229374 -3.4e+38 -3.4e+38 -3.4e+38 -3.4e+38 -3.4e+38 -3.4e+38 -3.4e+38 -3.4e+38 -3.4e+38 -3.4e+38 -3.4e+38 -3.4e+38 -3.4e+38 -3.4e+38 -3.4e+38 -3.4e+38 -3.4e+38 0.000307631009491161 0.000309344002744183 0.000306731992168352 0.000304109998978674 0.000301071006106213 -3.4e+38 -3.4e+38 -3.4e+38 -3.4e+38 -3.4e+38 -3.4e+38 -3.4e+38 -3.4e+38 -3.4e+38 -3.4e+38 -3.4e+38 -3.4e+38 -3.4e+38 -3.4e+38
-3.4e+38 -3.4e+38 0.000368945009540766 -3.4e+38 -3.4e+38 0.000344895001035184 0.000334782991558313 0.000327129004290327 0.000325061992043629 0.000324597989674658 -3.4e+38 -3.4e+38 -3.4e+38 -3.4e+38 -3.4e+38 -3.4e+38 0.000249951001023874 0.00025882400223054 0.000266199989710003 0.000269884010776877 0.000272644014330581 0.000285904010524973 0.000296910991892219 0.000303153006825596 0.000306519999867305 0.000305822002701461 0.00030475200037472 0.000302825006656349 0.000300910003716126 0.000299008010188118 0.000299022998660803 -3.4e+38 -3.4e+38 -3.4e+38 -3.4e+38 -3.4e+38 -3.4e+38 -3.4e+38 -3.4e+38 -3.4e+38 -3.4e+38 -3.4e+38 -3.4e+38 -3.4e+38
0.000357693992555141 0.000357546989107504 0.000351460999809206 0.000349156995071098 -3.4e+38 -3.4e+38 -3.4e+38 0.000326912006130442 0.000318770005833358 -3.4e+38 -3.4e+38 -3.4e+38 0.000314797012833878 0.000287308008410037 0.000262449000729248 0.00024504799512215 0.000249775010161102 0.000256742991041392 0.000265461014350876 0.000270185002591461 0.000276114995358512 0.00028664999990724 0.000295987993013114 0.000302614993415773 0.000304313987726346 0.000305372988805175 0.000306820002151653 0.000302561005810276 0.000298820988973603 0.000300287996651605 -3.4e+38 -3.4e+38 -3.4e+38 -3.4e+38 -3.4e+38 -3.4e+38 -3.4e+38 -3.4e+38 -3.4e+38 -3.4e+38 -3.4e+38 -3.4e+38 -3.4e+38 -3.4e+38
2.00578000431051e-07 2.09411993523645e-07 4.00995986638009e-07 4.44360994151793e-05 0.000367445987649262 0.000363097002264112 0.000355998985469341 0.000342699990142137 0.000339432008331642 0.000337305013090372 0.000337333010975271 0.000342176004778594 0.000327851012116298 0.000313605996780097 0.000302578002447262 0.000292704004095867 0.000293841992970556 0.000295750010991469 0.000303031993098557 0.000311351992422715 0.000317614991217852 0.000325064989738166 0.000327982008457184 0.000328766007442027 0.000324502994772047 0.000325720000546426 0.000326979992678389 0.000329914008034393 0.000331104005454108 0.000333142001181841 -3.4e+38 -3.4e+38 -3.4e+38 -3.4e+38 -3.4e+38 -3.4e+38 -3.4e+38 -3.4e+38 -3.4e+38 -3.4e+38 -3.4e+38 -3.4e+38 -3.4e+38 -3.4e+38
2.62769987102729e-07 2.47870985958798e-07 2.27466998126147e-07 2.08445996463524e-07 1.94646005979848e-07 1.81862006343181e-07 1.79010996248508e-07 1.00560998816945e-06 0.000122664001537487 0.000314648990752175 0.00032307198853232 0.000326023990055546 0.000328338996041566 0.000335874006850645 0.000347149994922802 0.000351969007169828 0.00035405601374805 0.00035887400736101 0.000369118992239237 0.000369207991752774 0.00036983098834753 0.000368654989870265 0.000367105996701866 0.000360092002665624 0.000354004005203024 0.000347433000570163 0.000341228995239362 0.000346591987181455 0.00035210998612456 0.000360923004336655 0.000370366993593052 0.000362015998689458 -3.4e+38 -3.4e+38 -3.4e+38 -3.4e+38 -3.4e+38 -3.4e+38 -3.4e+38 -3.4e+38 -3.4e+38 -3.4e+38 -3.4e+38 -3.4e+38
3.76622011799554e-07 3.47715996440456e-07 3.19143993010584e-07 2.94979003001572e-07 2.69753002157813e-07 2.37367999034177e-07 2.21194994765028e-07 1.9973599307832e-07 1.90269005884147e-07 2.75388003956323e-07 0.000124234997201711 0.000343449995853007 0.000375408999389037 0.000401083001634106 0.000415087008150294 0.000425634003477171 0.000427402992499992 0.000420127005781978 0.000417612987803295 0.000412849010899663 0.000407634011935443 0.000402283010771498 0.000393522990634665 0.000383659004000947 0.000380226003471762 0.000371456000721082 0.000361145008355379 0.00036245898809284 0.000365935993613675 0.000370513007510453 0.000375250994693488 0.000366491993190721 0.000357654003892094 0.000344695989042521 -3.4e+38 -3.4e+38 -3.4e+38 -3.4e+38 -3.4e+38 -3.4e+38 -3.4e+38 -3.4e+38 -3.4e+38 -3.4e+38
5.60383000447473e-07 5.24745018992689e-07 4.93380014177092e-07 4.63899993974337e-07 4.25779006718585e-07 3.77405001472653e-07 3.33879995650932e-07 2.98478994409379e-07 2.7348900744073e-07 2.49197000812273e-07 3.38345998898149e-05 0.000403993995860219 0.000490246980916709 0.000512324972078204 0.000536438019480556 0.000536293024197221 0.000508026976604015 0.000466185010736808 0.000438565009972081 0.000417730014305562 0.000421940989326686 0.000417851988459006 0.000416060996940359 0.000407866988098249 0.000398706004489213 0.000391973007936031 0.000377911987015978 0.000373921007849276 0.000369498011423275 0.000367250991985202 0.000361829006578773 0.000355322990799323 0.000346312997862697 0.000338362995535135 0.000338229001499712 0.000343730003805831 0.000347860011970624 -3.4e+38 -3.4e+38 -3.4e+38 -3.4e+38 -3.4e+38 -3.4e+38 -3.4e+38
8.16527972347103e-07 7.62853971991717e-07 7.11571999545413e-07 6.56911026908347e-07 6.04078991273127e-07 5.4383997394325e-07 4.93147979341302e-07 4.42393996991086e-07 7.89245973464858e-07 0.000222853006562218 0.00069052999606356 0.00065816001733765 0.000668389024212956 0.000676252995617688 0.000682600017171353 0.00068290502531454 0.000693787005729973 -3.4e+38 -3.4e+38 -3.4e+38 -3.4e+38 0.000440898991655558 0.000444486999185756 0.000434535002568737 0.000420485012000427 0.000413975008996204 0.000395784998545423 0.000386428000638261 0.000377277989173308 0.000367931002983823 0.000358171004336327 0.000351094990037382 0.00034437800059095 0.000338043988449499 0.000337022996973246 0.00034125501406379 0.000347664987202734 0.00034939800389111 0.000360170000931248 -3.4e+38 -3.4e+38 -3.4e+38 -3.4e+38 -3.4e+38
9.32480986648443e-07 8.77036995916569e-07 8.24499977625237e-07 7.78853006977442e-07 7.2682598784013e-07 1.3450900269163e-06 0.000393747992347926 0.00126477994490415 0.00118788005784154 0.00100467994343489 0.000855249003507197 0.000673489004839212 0.000682064972352237 0.000693287991452962 -3.4e+38 -3.4e+38 -3.4e+38 -3.4e+38 -3.4e+38 -3.4e+38 -3.4e+38 -3.4e+38 -3.4e+38 0.000436756992712617 0.000422757002525032 0.000418465002439916 0.000412087014410645 0.000405477010644972 0.00039671000558883 0.00039927099714987 0.000395782990381122 0.000393402995541692 0.00038844600203447 0.000384574988856912 0.000385191990062594 0.000382119993446395 0.000377309013856575 0.000375005998648703 0.00038085799315013 0.000381616002414376 0.000388282001949847 -3.4e+38 -3.4e+38 -3.4e+38
1.05498997982068e-06 1.21353002668911e-06 6.71353991492651e-05 0.00204559997655451 0.00203705998137593 0.00201341998763382 0.00185378000605851 0.00171994999982417 0.0015155200380832 0.00120891002006829 0.000905441993381828 0.000673222006298602 0.000678138982038945 0.000673337024636567 -3.4e+38 -3.4e+38 -3.4e+38 -3.4e+38 -3.4e+38 -3.4e+38 -3.4e+38 -3.4e+38 -3.4e+38 -3.4e+38 -3.4e+38 0.00041702899034135 0.000405094004236162 0.000408916006563231 0.000419132993556559 0.000432811008067802 0.00043647299753502 0.0004433759895619 0.000451858999440446 0.000453062995802611 0.000440491014160216 0.000425925012677908 0.000414879992604256 0.000399709999328479 0.000393502006772906 0.000397313007852063 0.00039439499960281 0.000388712011044845 0.000388793996535242 -3.4e+38
0.00282699009403586 0.00275045004673302 0.00262545002624393 0.00248151994310319 -3.4e+38 0.00232171011157334 0.00219813990406692 0.00212293001823127 0.00218440010212362 0.00219295988790691 -3.4e+38 -3.4e+38 -3.4e+38 -3.4e+38 -3.4e+38 0.00167241005692631 -3.4e+38 -3.4e+38 -3.4e+38 -3.4e+38 -3.4e+38 -3.4e+38 -3.4e+38 -3.4e+38 -3.4e+38 -3.4e+38 -3.4e+38 -3.4e+38 -3.4e+38 0.000482678995467722 0.000482292001834139 0.000493627972900867 0.000490857986733317 0.000508210971020162 0.000508523022290319 0.000484120013425127 0.000464365002699196 0.000448865990620106 0.000431255000876263 0.000420997006585822 0.000401978002628312 0.000388604996260256 -3.4e+38 -3.4e+38
0.00321489991620183 -3.4e+38 -3.4e+38 -3.4e+38 0.00240513007156551 0.00238211010582745 0.00227540009655058 0.00215457007288933 0.0021656199824065 -3.4e+38 -3.4e+38 -3.4e+38 -3.4e+38 -3.4e+38 -3.4e+38 -3.4e+38 0.00178389996290207 0.00178427994251251 0.00178628996945918 0.00178555003367364 0.00178876996506006 0.00178774003870785 -3.4e+38 -3.4e+38 -3.4e+38 -3.4e+38 -3.4e+38 -3.4e+38 -3.4e+38 -3.4e+38 -3.4e+38 -3.4e+38 0.0005444569978863 0.000552019977476448 0.000554881000425667 0.000548693002201617 0.000534582010004669 0.000525091018062085 0.000490288017317653 0.000446738995378837 0.000414823996834457 0.000390047003747895 -3.4e+38 -3.4e+38
0.00345825008116663 0.00377613003365695 0.00393013982102275 -3.4e+38 -3.4e+38 0.00315528991632164 0.00256454991176724 0.00221533002331853 -3.4e+38 -3.4e+38 -3.4e+38 -3.4e+38 0.0025819200091064 0.0021466501057148 0.00183323002420366 0.00164310995023698 0.00171088997740299 0.00171584996860474 0.00173251004889607 0.00171917001716793 0.00171920005232096 0.00172410998493433 0.0017183399759233 0.00163108005654067 0.00149875995703042 0.00140883005224168 -3.4e+38 -3.4e+38 -3.4e+38 -3.4e+38 -3.4e+38 -3.4e+38 0.000796695007011294 0.000667719985358417 0.000613460026215762 0.000608192000072449 0.000614522024989128 0.000615502009168267 0.000556932005565614 0.000483624986372888 0.00042506298632361 0.000372251990484074 0.00040754399378784 -3.4e+38
0.00396903976798058 0.00404918007552624 0.00403739977627993 -3.4e+38 -3.4e+38 0.00333113991655409 0.00279516004957259 0.00241140997968614 0.00247552990913391 0.00263504008762538 0.00277718994766474 0.00289391004480422 0.00261741993017495 0.00237083993852139 0.00211672997102141 0.00191114994231611 0.00184352998621762 0.00177815998904407 0.0017296300502494 0.00167158001568168 0.00163849000819027 0.00159896002151072 0.00155210995581001 0.00148178997915238 0.00139757001306862 0.00132342998404056 0.00126487005036324 0.00122784997802228 0.00119351001922041 0.00113909004721791 0.0010747000342235 0.000953185022808611 0.000854361976962537 0.000744790013413876 0.000686321000102907 0.000677325995638967 0.000678337004501373 0.000670164998155087 0.000611955008935183 0.000546143972314894 0.000489690981339663 0.00042825099080801 0.000438399001723155 0.000456475012470037
0.00438744015991688 0.00424560019746423 0.00413982011377811 0.00406401976943016 -3.4e+38 -3.4e+38 0.00310394004918635 0.00267237005755305 0.00267019006423652 0.00271606002934277 0.0027534500695765 0.00281771994195879 0.00266005005687475 0.00246018008328974 0.00229368009604514 0.00212095002643764 0.00198591989465058 0.00185631995555013 0.00173438002821058 0.00164069002494216 0.0015738500514999 0.00151872995775193 0.00146192999090999 0.0013890799600631 0.00133042002562433 0.00127914000768214 0.00122831994667649 0.00117921002674848 0.00113069999497384 0.0010922399815172 0.00104129000101238 0.000959257013164461 0.000878127990290523 0.000804807001259178 0.000779973983298987 0.000759467016905546 0.00074086501263082 0.000734722008928657 0.000678945973049849 0.000611059018410742 0.000565456983167678 0.000508247991092503 0.00048473899369128 0.000478403002489358
