results/Predictions/Median/Kimmeridgian.asc
NCOLS 360 
NROWS 180 
XLLCORNER -180 
YLLCORNER -90 
CELLSIZE 1 
NODATA_value -3.4e+38 
[rows 140 to 159 of 180, columns 132 to 175 of 360]
1.08067997643957e-05 1.0734500392573e-05 1.06604002212407e-05 1.06583001979743e-05 1.07475998447626e-05 1.08369004010456e-05 1.0932500117633e-05 1.12149000415229e-05 1.1541699677764e-05 1.14493996079545e-05 1.15782004286302e-05 1.13043997771456e-05 1.1029400411644e-05 1.08812000689795e-05 0.0205413997173309 -3.4e+38 -3.4e+38 -3.4e+38 -3.4e+38 -3.4e+38 -3.4e+38 -3.4e+38 -3.4e+38 -3.4e+38 -3.4e+38 -3.4e+38 -3.4e+38 -3.4e+38 -3.4e+38 -3.4e+38 -3.4e+38 -3.4e+38 -3.4e+38 -3.4e+38 -3.4e+38 -3.4e+38 -3.4e+38 -3.4e+38 -3.4e+38 -3.4e+38 -3.4e+38 -3.4e+38 -3.4e+38 -3.4e+38
9.4970400823513e-06 9.44448038353585e-06 9.39936035138089e-06 9.4462002380169e-06 9.56553958531003e-06 9.66048992268043e-06 9.75638977251947e-06 1.00339002528926e-05 1.01120003819233e-05 1.01177001852193e-05 1.00752004073001e-05 9.72112957242643e-06 9.34707986743888e-06 8.96884012036026e-06 0.0100426003336906 -3.4e+38 -3.4e+38 -3.4e+38 -3.4e+38 -3.4e+38 -3.4e+38 -3.4e+38 -3.4e+38 -3.4e+38 -3.4e+38 -3.4e+38 -3.4e+38 -3.4e+38 -3.4e+38 -3.4e+38 -3.4e+38 -3.4e+38 -3.4e+38 -3.4e+38 -3.4e+38 -3.4e+38 -3.4e+38 -3.4e+38 -3.4e+38 -3.4e+38 -3.4e+38 -3.4e+38 -3.4e+38 -3.4e+38
8.27133044367656e-06 8.2524202298373e-06 8.23356003820663e-06 8.30969020171324e-06 8.45370959723368e-06 8.64313005877193e-06 8.78133960213745e-06 8.90138016984565e-06 8.99148017197149e-06 8.88141039467882e-06 8.75663045007968e-06 8.08034019428305e-06 7.44360022508772e-06 6.87257988829515e-06 7.62237978051417e-05 -3.4e+38 -3.4e+38 -3.4e+38 -3.4e+38 -3.4e+38 -3.4e+38 -3.4e+38 -3.4e+38 -3.4e+38 -3.4e+38 -3.4e+38 -3.4e+38 -3.4e+38 -3.4e+38 -3.4e+38 -3.4e+38 -3.4e+38 -3.4e+38 -3.4e+38 -3.4e+38 -3.4e+38 -3.4e+38 -3.4e+38 -3.4e+38 -3.4e+38 -3.4e+38 -3.4e+38 -3.4e+38 -3.4e+38
7.20605021342635e-06 7.18107003194746e-06 7.16825979907298e-06 7.23869015928358e-06 7.43242981116055e-06 7.58954001867096e-06 7.69610960560385e-06 7.86998043622589e-06 8.03713010100182e-06 8.04623959993478e-06 7.9376995927305e-06 7.6351898314897e-06 7.21107016943279e-06 6.81053006701404e-06 9.33782030188013e-06 0.0144304996356368 0.014703500084579 0.0160780008882284 -3.4e+38 -3.4e+38 -3.4e+38 -3.4e+38 -3.4e+38 -3.4e+38 -3.4e+38 -3.4e+38 -3.4e+38 -3.4e+38 -3.4e+38 -3.4e+38 -3.4e+38 -3.4e+38 -3.4e+38 -3.4e+38 -3.4e+38 -3.4e+38 -3.4e+38 -3.4e+38 -3.4e+38 -3.4e+38 -3.4e+38 -3.4e+38 -3.4e+38 -3.4e+38
6.36199001746718e-06 6.35271999271936e-06 6.33433000984951e-06 6.39871996099828e-06 6.53096003588871e-06 6.66231017021346e-06 6.76469016980263e-06 7.00799000696861e-06 7.16942986400682e-06 7.24909978089272e-06 7.16718977855635e-06 7.03959995007608e-06 6.9603797783202e-06 6.73008980811574e-06 0.000415579997934401 0.0155966999009252 0.0152238002046943 0.016194399446249 -3.4e+38 -3.4e+38 -3.4e+38 -3.4e+38 -3.4e+38 -3.4e+38 -3.4e+38 -3.4e+38 -3.4e+38 -3.4e+38 -3.4e+38 -3.4e+38 -3.4e+38 0.015650799497962 0.0153689002618194 0.0137708000838757 0.0115328999236226 0.00895577017217875 0.00705019012093544 0.00673886016011238 0.00673149013891816 -3.4e+38 -3.4e+38 -3.4e+38 -3.4e+38 -3.4e+38
5.63060984859476e-06 5.603059889836e-06 5.57565999770304e-06 5.63451021662331e-06 5.78238996240543e-06 5.92689002587576e-06 6.04897013545269e-06 6.21064009465044e-06 6.3854199652269e-06 6.39990003037383e-06 6.51809978080564e-06 6.4854498305067e-06 6.48430977889802e-06 6.42507984593976e-06 0.0111445998772979 -3.4e+38 0.0141001995652914 -3.4e+38 -3.4e+38 -3.4e+38 -3.4e+38 -3.4e+38 -3.4e+38 -3.4e+38 -3.4e+38 -3.4e+38 -3.4e+38 -3.4e+38 -3.4e+38 -3.4e+38 -3.4e+38 -3.4e+38 0.0156490001827478 0.0133295999839902 0.0108134001493454 0.00823317002505064 0.00637149997055531 0.00575937982648611 0.0055059501901269 0.00520730996504426 0.00502187013626099 -3.4e+38 -3.4e+38 -3.4e+38
4.92411982122576e-06 4.93126981382375e-06 4.92522985950927e-06 4.97882001582184e-06 5.10338986714487e-06 5.2160598897899e-06 5.32991998625221e-06 5.5214400163095e-06 5.61380011276924e-06 5.76974980504019e-06 5.83243991059135e-06 5.85729003432789e-06 5.88225020692335e-06 5.89850014875992e-06 0.0131342001259327 -3.4e+38 0.0142232002690434 -3.4e+38 -3.4e+38 -3.4e+38 -3.4e+38 -3.4e+38 -3.4e+38 -3.4e+38 -3.4e+38 -3.4e+38 -3.4e+38 -3.4e+38 -3.4e+38 -3.4e+38 -3.4e+38 -3.4e+38 -3.4e+38 0.0131219001486897 0.0103126997128129 0.00735752005130053 0.00547742983326316 0.00499344011768699 0.00480481004342437 0.00470288982614875 0.00470490008592606 0.00556402001529932 0.00616900995373726 0.00703551014885306
4.29139981861226e-06 4.29992996942019e-06 4.30838008469436e-06 4.36293021266465e-06 4.46539979748195e-06 4.56472980658873e-06 4.65991979581304e-06 4.84427982883062e-06 5.01560998600326e-06 5.12080987391528e-06 5.21996980751283e-06 5.25712994203786e-06 5.29455019204761e-06 2.37904005189193e-05 -3.4e+38 -3.4e+38 0.00945265963673592 -3.4e+38 -3.4e+38 -3.4e+38 -3.4e+38 -3.4e+38 -3.4e+38 -3.4e+38 -3.4e+38 -3.4e+38 -3.4e+38 -3.4e+38 -3.4e+38 -3.4e+38 -3.4e+38 -3.4e+38 -3.4e+38 -3.4e+38 -3.4e+38 -3.4e+38 0.00443845009431243 0.00441583013162017 0.00437083980068564 0.00439050002023578 0.00462967017665505 0.0053787799552083 0.00587282981723547 0.00673457002267241
3.73045008927875e-06 3.75011995856767e-06 3.76985008188058e-06 3.81813015337684e-06 3.89607021133997e-06 3.97558005715837e-06 4.05669015890453e-06 4.19939988205442e-06 4.37573999079177e-06 4.53196980743087e-06 4.62267007605988e-06 4.64928007204435e-06 4.67606014353805e-06 0.00715711992233992 -3.4e+38 -3.4e+38 0.00880208984017372 -3.4e+38 -3.4e+38 -3.4e+38 -3.4e+38 -3.4e+38 -3.4e+38 -3.4e+38 -3.4e+38 -3.4e+38 -3.4e+38 -3.4e+38 -3.4e+38 -3.4e+38 -3.4e+38 -3.4e+38 -3.4e+38 -3.4e+38 -3.4e+38 -3.4e+38 -3.4e+38 -3.4e+38 -3.4e+38 0.00424750009551644 0.00430994015187025 0.00483875023201108 0.0052976100705564 0.00587774999439716
3.27097995977965e-06 3.29815998156846e-06 3.3255601010751e-06 3.36836001224583e-06 3.42713997270039e-06 3.48643993675068e-06 3.53639006789308e-06 3.65376990885125e-06 3.79486004931096e-06 3.95231018046616e-06 4.10869006373105e-06 4.13495990869706e-06 4.15757995142485e-06 0.000809528981335461 -3.4e+38 -3.4e+38 0.0084713501855731 0.00801844988018274 0.00793359987437725 0.00833529978990555 0.00863016024231911 0.00881281960755587 0.0089580500498414 -3.4e+38 -3.4e+38 0.00912722013890743 0.00913066975772381 -3.4e+38 -3.4e+38 -3.4e+38 -3.4e+38 -3.4e+38 -3.4e+38 -3.4e+38 -3.4e+38 -3.4e+38 -3.4e+38 -3.4e+38 -3.4e+38 0.00403172010555863 0.00383458007127047 0.00427180994302034 0.00478568999096751 0.00535257998853922
2.88040996565542e-06 2.91088008452789e-06 2.94167989522975e-06 2.97901010526402e-06 3.02099010696111e-06 3.05723006022163e-06 3.09390998154413e-06 3.19601008413883e-06 3.3187000099133e-06 3.44605996360769e-06 3.57829003405641e-06 3.61996990250191e-06 3.66122003470082e-06 3.69180997950025e-06 0.00874758046120405 -3.4e+38 0.00840124022215605 0.00757054006680846 0.00761617999523878 0.00795833021402359 0.00813512969762087 0.00822674017399549 0.00826916005462408 0.00837649032473564 0.00849916972219944 0.00838088989257812 0.00737854978069663 0.00650598015636206 0.00574772013351321 0.00538996979594231 -3.4e+38 -3.4e+38 -3.4e+38 -3.4e+38 -3.4e+38 -3.4e+38 -3.4e+38 0.00311472988687456 0.00318798003718257 0.00336921005509794 0.0034759200643748 0.0038082399405539 0.00426058005541563 0.00475018983706832
2.54537008004263e-06 2.5730801098689e-06 2.59959006143617e-06 2.62572007159179e-06 2.65147991740378e-06 2.67748009719071e-06 2.703739937715e-06 2.79273990599904e-06 2.90648995360243e-06 3.02486000691715e-06 3.14801991407876e-06 3.19361993206257e-06 3.23979998029245e-06 3.28659007209353e-06 4.98044983032742e-06 0.00764189986512065 -3.4e+38 0.00767116993665695 0.00728591019287705 0.00739905005320907 0.00728275021538138 0.00725647993385792 0.00712761003524065 0.00697534997016191 0.00682293996214867 0.0064831399358809 0.00620011007413268 0.00581903988495469 0.00552404019981623 0.00525429006665945 0.00507195992395282 0.00483760982751846 0.0046555302105844 0.00430289981886744 0.00390354008413851 0.00347235007211566 0.00308479997329414 0.00299252010881901 0.00307625997811556 0.00302041997201741 0.00302865006960928 0.00354911992326379 0.00383797008544207 0.00423964019864798
2.24320001507294e-06 2.27096006710781e-06 2.29906004278746e-06 2.32276988754165e-06 2.3432598936779e-06 2.36392997976509e-06 2.38477991842956e-06 2.45791989073041e-06 2.55511008617759e-06 2.65863991444348e-06 2.76966989076755e-06 2.83826989289082e-06 2.88674004877976e-06 2.92139998236962e-06 2.92662002721045e-06 3.26351005242032e-06 0.00329615990631282 0.00634629977867007 0.0063562598079443 0.00656630983576179 0.00655295001342893 0.00647142017260194 0.00603788997977972 0.00570324016734958 0.00544604985043406 0.00512732984498143 0.00512934010475874 0.00514115020632744 0.00522554013878107 0.00515406019985676 0.00495606986805797 0.00476376991719007 0.0046043498441577 0.00429400987923145 0.00384423998184502 0.00345093989744782 0.00313896010629833 0.00299158995039761 0.00294928997755051 0.00291607994586229 0.0027913199737668 0.00315664010122418 0.00351003999821842 0.00384431006386876
1.98095995074254e-06 2.00551994566922e-06 2.0303900782892e-06 2.0520499219856e-06 2.07038010557881e-06 2.08887990993389e-06 2.10755001717189e-06 2.16480998460611e-06 2.23902998186531e-06 2.31941999118135e-06 2.39244991462328e-06 2.4424100502074e-06 2.49743993663287e-06 2.55370991908421e-06 2.57254009738972e-06 2.53393000093638e-06 2.50086009145889e-06 1.70518997038016e-05 0.00258558010682464 0.0053214100189507 0.00577148981392384 0.0057321498170495 0.00562345003709197 0.0053494400344789 0.0050763301551342 0.00483029987663031 0.00463382015004754 0.0045262798666954 0.00440513994544744 0.00422880006954074 0.00402298988774419 0.00377084990032017 0.00354471988976002 0.00338552007451653 0.00316793005913496 0.00296631990931928 0.00274648005142808 0.0026730599347502 0.00261490000411868 0.00257252994924784 0.00243817991577089 0.00285527994856238 0.00333761004731059 0.00387433008290827
1.73635999090038e-06 1.76245998773084e-06 1.78896004854323e-06 1.81132998022804e-06 1.8352600363869e-06 1.85282999609626e-06 1.8681099618334e-06 1.91243998415302e-06 1.95863003682462e-06 2.009970103245e-06 2.0626700916182e-06 2.10206007977831e-06 2.14220995076175e-06 2.18312993638392e-06 2.21665004573879e-06 2.22600010602036e-06 2.21064010474947e-06 2.19356002162385e-06 2.99074008580646e-06 0.000654132978525013 0.00369056989438832 0.00486228987574577 0.00493681989610195 0.00486794020980597 0.00475266017019749 0.00458058016374707 0.00430164020508528 0.00403823982924223 0.00368278007954359 0.00342367007397115 0.00320699997246265 0.00307157007046044 0.00278302002698183 0.00265771988779306 0.00256796996109188 0.00248128990642726 0.00239130994305015 0.0023396098986268 0.0023350000847131 0.00226594996638596 0.00216468004509807 0.00258647999726236 0.00312382006086409 -3.4e+38
1.52901998262678e-06 1.54642998495547e-06 1.56951000462868e-06 1.58917998760444e-06 1.60531999426894e-06 1.62257003921695e-06 1.64305004091148e-06 1.67523000982328e-06 1.72027000644448e-06 1.76652997652127e-06 1.81337998128583e-06 1.84683995030355e-06 1.88091996733419e-06 1.91562003237777e-06 1.94255994756531e-06 1.94452991308935e-06 1.94650010598707e-06 1.94846006706939e-06 1.91644994629314e-06 1.19056003313744e-05 0.00218125991523266 0.00399337988346815 0.00422478001564741 0.00417179008945823 0.00412194011732936 0.00402473984286189 0.00364221003837883 0.00333151989616454 0.00293907010927796 0.00268510007299483 0.00255424994975328 0.00236909999512136 0.00226424005813897 0.00220706989057362 0.00219341996125877 0.00218016002327204 0.00216699996963143 0.0021925400942564 0.00216165999881923 0.0021273500751704 0.00199136999435723 0.00194955000188202 0.00190272997133434 -3.4e+38
1.35423999836348e-06 1.37037000058626e-06 1.38668997351488e-06 1.40285999350453e-06 1.4188799468684e-06 1.43507998018322e-06 1.45146998420387e-06 1.48450999404304e-06 1.52395000441174e-06 1.56444002641365e-06 1.60601996412879e-06 1.64078005582269e-06 1.67998996403185e-06 1.72517002283712e-06 1.74843000877445e-06 1.73532998815062e-06 1.722330011944e-06 1.70940995758428e-06 1.69555005413713e-06 8.28275005915202e-05 0.00220005004666746 0.0034722900018096 0.00352296000346541 0.00347379990853369 0.00336758000776172 0.00323059991933405 0.00289074005559087 0.0025904499925673 0.00227534002624452 0.00203591003082693 0.00195786007679999 0.00186175003182143 0.00180412002373487 0.00179733999539167 0.00184005999471992 0.00191422004718333 0.00198880000971258 0.00201838999055326 0.00205160002224147 0.00194660003762692 0.00181129004340619 0.00180457998067141 0.0018115199636668 -3.4e+38
1.19940000331553e-06 1.21540995223768e-06 1.23162999443593e-06 1.24832001802133e-06 1.26550003187731e-06 1.282910034206e-06 1.30056002944912e-06 1.32993000079296e-06 1.36388996452297e-06 1.39871997362206e-06 1.43444003697368e-06 1.46227000641375e-06 1.4931999885448e-06 1.55275995439297e-06 1.57378997300839e-06 1.54874999225285e-06 1.52410996179242e-06 1.49984998643049e-06 1.49515994962712e-06 0.00179912999738008 0.00281048007309437 0.00288858008570969 0.00294483010657132 0.00285947998054326 0.00275045004673302 0.0026412399020046 0.00235317996703088 0.00205686991102993 0.00175113999284804 0.00153945002239197 0.00148571003228426 0.00146532000508159 0.00142334005795419 0.00145792996045202 0.00154633994679898 0.00166803994216025 0.00176725001074374 0.00185173994395882 0.00181292998604476 0.00173503998667002 0.00164612999651581 0.00144429004285485 0.00125708000268787 -3.4e+38
1.0782999879666e-06 1.09080997390265e-06 1.10351004423137e-06 1.11967995053419e-06 1.13946998681058e-06 1.15960995117348e-06 1.18010996175144e-06 1.19467995318701e-06 1.20730999242369e-06 1.22006997571589e-06 1.23296001675044e-06 1.20962999972107e-06 1.21989000945177e-06 1.22702999760804e-06 1.20763002087187e-06 1.17249999220803e-06 1.13839996629395e-06 1.10224004856718e-06 0.000128280997159891 0.00217031990177929 0.00219428003765643 0.00211964990012348 0.00204666005447507 0.00192541000433266 0.00179588003084064 0.00168415997177362 0.0014892399776727 0.00131792004685849 0.00116657000035048 0.00104114005807787 0.00104984000790864 0.00103824003599584 0.00102615996729583 0.00106329005211592 0.00115300004836172 0.00124950997997075 0.00135329004842788 0.00140208995435387 0.00135607004631311 0.00122997001744807 0.00112630997318774 0.0010885699884966 0.00107511004898697 -3.4e+38
9.80043978415779e-07 9.89379032034776e-07 9.98801965579332e-07 1.01267994523369e-06 1.028530050462e-06 1.04802995792852e-06 1.07068001398147e-06 1.07312996533437e-06 1.06872994365403e-06 1.06431002677709e-06 1.06152003809257e-06 1.02332001006289e-06 9.91026013252849e-07 9.51032006923924e-07 9.18385978820879e-07 8.87607995991857e-07 8.32773025649658e-07 8.61695980347577e-07 0.00169397995341569 0.00171047996263951 0.0016134399920702 0.00154726998880506 0.00138940999750048 0.00128136004786938 0.0011547600151971 0.00104769004974514 0.000938146025873721 0.000872017000801861 0.000763163028750569 0.000713408982846886 0.000708186998963356 0.000702627003192902 0.000696735980454832 0.000742826028726995 0.000850100012030452 0.00093738897703588 0.00106431997846812 0.00102710002101958 0.000972564972471446 0.000885782006662339 0.000759634014684707 0.000853058008942753 0.000923613028135151 -3.4e+38
