results/Predictions/Median/Kimmeridgian.asc
NCOLS 360 
NROWS 180 
XLLCORNER -180 
YLLCORNER -90 
CELLSIZE 1 
NODATA_value -3.4e+38 
[rows 80 to 99 of 180, columns 220 to 263 of 360]
0.546562016010284 0.0742762982845306 0.000529041979461908 0.000532771984580904 0.000533439975697547 0.000533704005647451 0.000535107974428684 0.000537212996277958 0.000540092005394399 0.000542926019988954 0.000545634014997631 0.000548357027582824 0.000551094999536872 0.00055240502115339 0.000553719000890851 0.000555036996956915 0.000556471000891179 0.000558245985303074 0.000558329978957772 0.000558011000975966 0.000557816994842142 0.000557746971026063 0.000556378974579275 0.000553440011572093 0.00055142497876659 0.000550259021110833 0.000549270014744252 0.000548281997907907 0.00054783298401162 0.00054738501785323 0.000546936993487179 0.000546502997167408 0.000546111026778817 0.000545718998182565 0.000545327027793974 0.000545184011571109 0.000545297982171178 0.000545411021448672 0.00054552499204874 0.00054593599634245 0.000546447990927845 0.00054695998551324 0.000547471980098635 0.000548059004358947
0.55401599407196 0.546904027462006 0.126586005091667 0.383760988712311 0.553124010562897 0.539834976196289 0.000544329988770187 0.000546142982784659 0.000548231007996947 0.000550821016076952 0.000553590012714267 0.000556374026928097 0.000556174025405198 0.00055495701963082 0.000553742982447147 0.000552534009329975 0.000551485980395228 0.000550913973711431 0.000550474971532822 0.000550385972019285 0.000549264019355178 0.000548192008864135 0.000547121977433562 0.000546053983271122 0.000545472023077309 0.000545051007065922 0.00054463098058477 0.000543443020433187 0.000542829977348447 0.000542216992471367 0.000541605986654758 0.000541048997547477 0.000540119013749063 0.000539113010745496 0.000538108986802399 0.000537694024387747 0.000537867017555982 0.000538040010724217 0.000538213003892452 0.0005389170255512 0.000539799977559596 0.000540683977305889 0.000541526998858899 0.00054229999659583
0.00654425006359816 0.564101994037628 0.561527013778687 0.562982022762299 0.535209000110626 0.000602938991505653 0.000554436992388219 0.000554960977751762 0.000556374026928097 0.00055430200882256 0.000552746991161257 0.000551195989828557 0.000549755990505219 0.00054909399477765 0.000548431999050081 0.000547771982382983 0.00054720597108826 0.000545324000995606 0.000543433998245746 0.000541550980415195 0.000538559979759157 0.000535861006937921 0.00053567998111248 0.000535876024514437 0.000536023988388479 0.000535701983608305 0.000535199011210352 0.000534697028342634 0.000534804014023393 0.000534910999704152 0.000535017985384911 0.000535161991138011 0.000535261991899461 0.000534864026121795 0.000534466002136469 0.000534314021933824 0.000534406979568303 0.000534499995410442 0.000534593011252582 0.000534822000190616 0.0005350949941203 0.00053536897758022 0.000535659026354551 0.000536613981239498
0.000556944985873997 0.000685507024172693 0.00351517996750772 0.000606450019404292 0.000558495987206697 0.000558260013349354 0.000556519022211432 0.000551786972209811 0.000548232987057418 0.000547603995073587 0.00054776098113507 0.000547916977666318 0.000548074021935463 0.00054777500918135 0.000547475996427238 0.000545251008588821 0.000543085974641144 0.000541356974281371 0.000537466024979949 0.000537729996722192 0.000536585983354598 0.000535638013388962 0.000534692022483796 0.000533747021108866 0.0005332279833965 0.000532849982846528 0.000532471982296556 0.000532093981746584 0.000532201025635004 0.000532308011315763 0.000532415986526757 0.000532583973836154 0.000532933976501226 0.000533283979166299 0.000533634971361607 0.000534159014932811 0.00053485797252506 0.000535557977855206 0.000536128005478531 0.000536229985300452 0.000536376028321683 0.000536522013135254 0.000536668987479061 0.000537340005394071
0.000560334010515362 0.000562820991035551 0.00056300702271983 0.000563193985726684 0.000548874028027058 0.0005454599740915 0.000547921983525157 0.000545352988410741 0.000542794994544238 0.000543005007784814 0.000544135982636362 0.000545269984286278 0.000546274008229375 0.000543840986210853 0.000540109002031386 0.000538135995157063 0.000535578990820795 0.000533852027729154 0.000532131001818925 0.000530415971297771 0.000529249024111778 0.000528626027517021 0.000528004020452499 0.000527383002918214 0.000527338997926563 0.000527487020008266 0.000527635973412544 0.000527784985024482 0.000528722011949867 0.000529662007465959 0.000529835990164429 0.000530028017237782 0.00053047202527523 0.000530917022842914 0.000531363009940833 0.000531931000296026 0.000532622972968966 0.000533316982910037 0.000534010992851108 0.000534778984729201 0.000535572995431721 0.000536367995664477 0.000537164974957705 0.000538235995918512
0.00289616989903152 0.000760385009925812 0.000559623003937304 0.000547348987311125 0.000535606988705695 0.000531780999153852 0.000537407002411783 0.00053744699107483 0.000535555998794734 0.000536828010808676 0.000538991007488221 0.000539369997568429 0.00053823902271688 0.00053593801567331 0.000533713027834892 0.000531497003976256 0.000529495999217033 0.000528115022461861 0.000526737014297396 0.000525363022461534 0.000524409988429397 0.000523875991348177 0.00052407500334084 0.000524581002537161 0.000525014009326696 0.000525425013620406 0.000525835028383881 0.00052624597446993 0.000526536023244262 0.000526826013810933 0.000527116004377604 0.00052747200243175 0.000528778007719666 0.000530086981598288 0.000531399971805513 0.000532648002263159 0.000533599988557398 0.000534587015863508 0.000535576022230089 0.000536672014277428 0.000537805026397109 0.000538940017577261 0.000540077977348119 0.000541526998858899
0.573441028594971 0.571958005428314 0.558081984519958 0.000562076980713755 0.000524177972692996 0.000521383015438914 0.000525271985679865 0.000526698015164584 0.00052812701324001 0.000530346995219588 0.000532839971128851 0.000535344996023923 0.000537861022166908 0.000537324987817556 0.000536139006726444 0.000534955994226038 0.000533736019860953 0.000532403995748609 0.000531074998434633 0.000529749027919024 0.000528986973222345 0.000528786971699446 0.000528587028384209 0.00052838702686131 0.000528621021658182 0.000529084994923323 0.000529550015926361 0.000530014978721738 0.000530685007106513 0.000531684025190771 0.0005326850223355 0.000533747021108866 0.000534992024768144 0.000536239007487893 0.000537490006536245 0.000538708991371095 0.000539936008863151 0.000541281013283879 0.000542629975825548 0.000544054026249796 0.000545505026821047 0.000547054980415851 0.000549019023310393 0.000549692020285875
0.576229989528656 0.568251013755798 0.563789010047913 0.547658979892731 0.000522547983564436 0.000520738016348332 0.000522879010532051 0.000524655974004418 0.000526438991073519 0.000527245982084423 0.000527728989254683 0.000531726982444525 0.000535927014425397 0.000537584011908621 0.000538575986865908 0.000538436986971647 0.000538011023309082 0.000536728010047227 0.00053544802358374 0.000534171005710959 0.000533604004886001 0.000533743994310498 0.000533858023118228 0.000533687009010464 0.000533928978256881 0.00053434498840943 0.000534761988092214 0.000535178987774998 0.000536079984158278 0.000536983017809689 0.000537886982783675 0.000538858002983034 0.000540024018846452 0.000541193003300577 0.000542364025022835 0.00054370699217543 0.000545686983969063 0.000547910982277244 0.000549777003470808 0.000551202974747866 0.000551961013115942 0.000552113982848823 0.000553074001800269 0.000554525991901755
0.577502012252808 0.570021986961365 0.560716986656189 0.558201014995575 0.530291020870209 0.00052496197167784 0.000524758012033999 0.000524553994182497 0.000524351024068892 0.000524938979651779 0.000525793991982937 0.000527095980942249 0.00052843801677227 0.000528978009242564 0.000530574994627386 0.000532176985871047 0.000533321988768876 0.000533082988113165 0.000532843987457454 0.000532604986801744 0.00053270097123459 0.000533131998963654 0.000533382990397513 0.000533220998477191 0.000533099984750152 0.000533614016603678 0.0005342080257833 0.000534801976755261 0.000535272003617138 0.000535741972271353 0.000536605017259717 0.000537534011527896 0.000538685999345034 0.000539840024430305 0.000541316985618323 0.000543489994015545 0.000545884016901255 0.000548287993296981 0.00055070297094062 0.00055268598953262 0.000552845012862235 0.000553002988453954 0.000553646998014301 0.000555568025447428
-3.4e+38 0.562336027622223 0.551676988601685 0.552860021591187 0.552972972393036 0.00271273008547723 0.000527907977811992 0.000526599993463606 0.00052529398817569 0.000525944982655346 0.000527253025211394 0.000528568984009326 0.000529892975464463 0.000529666023794562 0.000529440003447235 0.000529213983099908 0.000529112992808223 0.000529386976268142 0.000530018995050341 0.000530980003532022 0.000531680998392403 0.00053212302736938 0.000532532983925194 0.000533005979377776 0.000533464015461504 0.000533927988726646 0.000534392020199448 0.000534855993464589 0.000535162980668247 0.000535674975253642 0.000537256011739373 0.000537855026777834 0.000538296008016914 0.00053873797878623 0.000539621978532523 0.00054234400158748 0.000545422022696584 0.000548516982235014 0.000551630975678563 0.000553567020688206 0.000553730991668999 0.000553896010387689 0.000554964004550129 0.000558150000870228
-3.4e+38 0.546698987483978 0.544905006885529 0.552394986152649 0.554884016513824 0.421831011772156 0.000528556003700942 0.000527394993696362 0.000526237010490149 0.000526775023899972 0.00052788300672546 0.000528997974470258 0.000530117016751319 0.000529808981809765 0.000529501005075872 0.000529194017872214 0.000529012002516538 0.000529299024492502 0.000530157994944602 0.000531018013134599 0.000531668018084019 0.000532026984728873 0.000532548001501709 0.00053298898274079 0.00053343502804637 0.000533883983734995 0.000534333987161517 0.000534783990588039 0.000535150000359863 0.000535516010131687 0.000535882019903511 0.000536245002876967 0.000536596984602511 0.000536949024535716 0.000538198975846171 0.000540086999535561 0.000540581007953733 0.000544029986485839 0.000547501025721431 0.000550715019926429 0.000553853984456509 0.000554247992113233 0.000554413010831922 0.000555670005269349
0.549340009689331 0.54457300901413 0.547029972076416 0.551495015621185 0.556688010692596 0.53966099023819 0.000641159014776349 0.000526936026290059 0.000527182011865079 0.000527432013768703 0.000527683005202562 0.000527935975696892 0.000528189993929118 0.000528031028807163 0.000527872005477548 0.000527762982528657 0.000528244010638446 0.000528824981302023 0.000529533019289374 0.0005302419885993 0.000530950026586652 0.000531059980858117 0.000531395024154335 0.000531885016243905 0.000532263016793877 0.000532603997271508 0.000532944977749139 0.000533286016434431 0.000533756974618882 0.000534227991010994 0.000534699007403105 0.000535157974809408 0.00053557800129056 0.000535998027771711 0.000536417996045202 0.000536821025889367 0.000537206011358649 0.000537591986358166 0.000539375003427267 0.000541855988558382 0.00054527900647372 0.000548439973499626 0.000551461998838931 0.000554343976546079
0.547505974769592 0.550256013870239 0.550594985485077 0.550724029541016 0.553515017032623 0.553875029087067 0.265201985836029 0.000526477990206331 0.000526427989825606 0.000527351978234947 0.000527483993209898 0.000526877003721893 0.000526270014233887 0.000526258023455739 0.000526659016031772 0.000527748023159802 0.000528673001099378 0.000529096985701472 0.000529521028511226 0.00052994501311332 0.000530379009433091 0.000530268007423729 0.000530244025867432 0.000530784018337727 0.000531093974132091 0.000531326979398727 0.000531559984665364 0.000531792989932001 0.000532366975676268 0.000532942009158432 0.000533517973963171 0.000534071994479746 0.000534560007508844 0.000535048020537943 0.000535537023097277 0.000536030973307788 0.000536532024852931 0.000537034007720649 0.000537535990588367 0.000537794025149196 0.000538064981810749 0.000538748980034143 0.000542160996701568 0.000545363000128418
0.548361003398895 0.549149990081787 0.548693001270294 0.549354016780853 0.55008202791214 0.553061008453369 0.549019992351532 0.00944057013839483 0.000524297007359564 0.000524158996995538 0.000523563998285681 0.000522969989106059 0.000522377027664334 0.000522385991644114 0.000523301016073674 0.000524298986420035 0.000525172974448651 0.000525669020134956 0.000526165997143835 0.00052666402189061 0.000527243013493717 0.00052790401969105 0.000528566015418619 0.000529229000676423 0.000529229000676423 0.000529127020854503 0.000529024982824922 0.000528923003003001 0.000528896984178573 0.000529452983755618 0.000530008983332664 0.000530574005097151 0.000531167024746537 0.000531759986188263 0.000532364007085562 0.000532961974386126 0.000533554004505277 0.000534145976416767 0.000534738996066153 0.000535229977685958 0.000535685976501554 0.00053614197531715 0.000536599021870643 0.000537028012331575
0.549232006072998 0.549409985542297 0.547195971012115 0.546293020248413 0.54663097858429 0.546657979488373 0.55579000711441 0.534358024597168 0.000602265994530171 0.000520255998708308 0.000519676017574966 0.00051909702597186 0.000518517976161093 0.000519056979101151 0.000519964029081166 0.000520872010383755 0.000521695998031646 0.00052226398838684 0.00052283302647993 0.000523402006365359 0.000523971975781024 0.000524542003404349 0.00052511302055791 0.000525685027241707 0.000526211981195956 0.000526725023519248 0.000527238997165114 0.000527753029018641 0.000527850002981722 0.000527627009432763 0.000527404015883803 0.000527553027495742 0.000528221018612385 0.000528889999259263 0.000529560027644038 0.000530214980244637 0.000530853983946145 0.000531493977177888 0.000532134028617293 0.000532730016857386 0.000533309997990727 0.000533891026861966 0.000534472987055779 0.000534995982889086
0.546594977378845 0.547344028949738 0.54460197687149 0.543271005153656 0.54204398393631 0.543332993984222 0.550867974758148 0.54720401763916 0.255055010318756 0.000516117026563734 0.000515869003720582 0.000515622028615326 0.000515375984832644 0.000515743973664939 0.000516113999765366 0.000516482978127897 0.000517018022947013 0.0005176339764148 0.000518250977620482 0.000518869026564062 0.000519449007697403 0.000519990979228169 0.00052053399849683 0.000521078007295728 0.000521621026564389 0.000522162998095155 0.000522706017363816 0.000523250026162714 0.000523858005180955 0.000524465984199196 0.000525076000485569 0.000525703013408929 0.000525876006577164 0.000525782990735024 0.00052599998889491 0.00052672898164019 0.000527453026734293 0.000528177013620734 0.000528901990037411 0.000529608980286866 0.000530312012415379 0.000531014986336231 0.00053171900799498 0.000532353995367885
0.545894026756287 0.544988989830017 0.544328987598419 0.542297005653381 0.541028022766113 0.544017970561981 0.54840499162674 0.551517009735107 0.537907004356384 0.0047560902312398 0.000512809026986361 0.000512845988851041 0.000512883998453617 0.000513205013703555 0.000513527018483728 0.000513849023263901 0.000514163984917104 0.000514457002282143 0.000514748971909285 0.000515041989274323 0.000515319989062846 0.000515582971274853 0.000515846011694521 0.000516109983436763 0.000516369997058064 0.000516630010679364 0.000517146021593362 0.000517715991009027 0.000518374028615654 0.00051903398707509 0.000519694003742188 0.000520373985636979 0.000521112990099937 0.000521851994562894 0.000522592978086323 0.000523368013091385 0.000524130999110639 0.000524199975188822 0.000525044975802302 0.000525871990248561 0.000526693998835981 0.000527516996953636 0.000528340984601527 0.000529105018358678
0.547632992267609 0.544893026351929 0.541082978248596 0.539559006690979 0.538752019405365 0.54262501001358 0.546922981739044 0.548559010028839 0.544541001319885 0.466843992471695 0.000834839011076838 0.000510103011038154 0.000510417972691357 0.000510693993419409 0.000510969024617225 0.000511244987137616 0.000511527992784977 0.000511831021867692 0.000512133992742747 0.000512438011355698 0.000512728991452605 0.000513006991241127 0.00051328499102965 0.000513563980348408 0.000513836974278092 0.000514107989147305 0.000514379993546754 0.000514651008415967 0.000514974002726376 0.00051529798656702 0.000515622028615326 0.000515956024173647 0.000516319996677339 0.000516697007697076 0.00051749701378867 0.000518359011039138 0.000519314024131745 0.000520355999469757 0.000521400012075901 0.000522324000485241 0.000523006019648165 0.000523942988365889 0.000524881994351745 0.000525764015037566
0.549781024456024 0.546630024909973 0.545673012733459 0.543329000473022 0.541061997413635 0.542578995227814 0.544857978820801 0.546033024787903 0.543855011463165 0.538203001022339 0.39360100030899 0.000847156974487007 0.000507256016135216 0.000507484015543014 0.000507713004481047 0.000507941003888845 0.000508187978994101 0.000508491997607052 0.000508796016220003 0.000509099976625293 0.000509394973050803 0.000509679026436061 0.000509965000674129 0.000510249985381961 0.000510537996888161 0.000510826997924596 0.000511116988491267 0.000511406979057938 0.000511750986333936 0.000512094993609935 0.000512439990416169 0.000512798025738448 0.000513196981046349 0.000513595005031675 0.000513995008077472 0.00051441602408886 0.000514857994858176 0.000515301013365388 0.000516190018970519 0.000517205975484103 0.00051818898646161 0.000519173976499587 0.000520161003805697 0.000521122012287378
0.550607979297638 0.546382009983063 0.545729994773865 0.543761014938354 0.538568019866943 0.538447022438049 0.541239023208618 0.543632984161377 0.544517993927002 0.543752014636993 0.53610497713089 0.501164972782135 0.000571494980249554 0.000508180004544556 0.000507922028191388 0.000507664983160794 0.00050745002226904 0.000507363001815975 0.000507277029100806 0.00050719000864774 0.000507059972733259 0.000506885000504553 0.000506711017806083 0.000506983022205532 0.000507285993080586 0.000507592980284244 0.000507901015225798 0.000508208002429456 0.000508571974933147 0.000508936995174736 0.000509301025886089 0.000509682984557003 0.000510115001816303 0.000510547019075602 0.000510980025865138 0.000511427992023528 0.000511889986228198 0.000512353028170764 0.000512817001435906 0.000513279985170811 0.000513745006173849 0.000514284009113908 0.000515368010383099 0.000516345025971532
