results/Predictions/Median/Ladinian.asc
NCOLS 360 
NROWS 180 
XLLCORNER -180 
YLLCORNER -90 
CELLSIZE 1 
NODATA_value -3.4e+38 
[rows 60 to 79 of 180, columns 0 to 43 of 360]
0.000471101986477152 0.00047197999083437 0.000473035004688427 0.000474161002784967 0.000474687985843047 0.000475012988317758 0.00047533301403746 0.000475653010653332 0.00047671000356786 0.000477599998703226 0.000478934001876041 0.000479851005366072 0.000480270013213158 0.00048069900367409 0.000481127994135022 0.000481090013636276 0.000480674003483728 0.000480830000014976 0.000481183000374585 0.000481727998703718 0.000482337985886261 0.000482628005556762 0.000482559000374749 0.000482680014101788 0.000482800998724997 0.000482922012452036 0.000483003997942433 0.000482967996504158 0.000482933013699949 0.000482675997773185 0.000482522998936474 0.000482639006804675 0.000482754985569045 0.000482870993437245 0.000483111012727022 0.000483851006720215 0.00048509199405089 0.000486336008179933 0.000488648016471416 0.000489462981931865 0.00048965698806569 0.000491012004204094 0.000492092978674918 0.000493175000883639
0.000475348992040381 0.000475500011816621 0.00047565100248903 0.00047580199316144 0.000475957000162452 0.000476112007163465 0.000476268003694713 0.00047669600462541 0.000478033005492762 0.000479629990877584 0.000480974995298311 0.000481914990814403 0.000482667004689574 0.00048346898984164 0.000484176009194925 0.000484448013594374 0.00048449999303557 0.000484638992929831 0.000484777992824093 0.000484772986965254 0.000484721007524058 0.000484668009448797 0.00048461600090377 0.00048448599409312 0.00048435598728247 0.000484402989968657 0.000484549003886059 0.00048470898764208 0.000484615011373535 0.000484155985759571 0.00048413299373351 0.000484546995721757 0.000485024007502943 0.000485530006699264 0.000486784992972389 0.000488293007947505 0.000489060999825597 0.000489598023705184 0.000490656995680183 0.000491718004923314 0.000493558007292449 0.000493751023896039 0.00049443100579083 0.000494926003739238
0.000477005989523605 0.000477111985674128 0.000477219000458717 0.000477319990750402 0.000477686990052462 0.000478200003271922 0.000478819012641907 0.000479439011542127 0.00048041099216789 0.000481385010061786 0.000482302013551816 0.000482601986732334 0.000483078008983284 0.000484193005831912 0.000485713011585176 0.000486236996948719 0.000486478995298967 0.000486720004118979 0.000486961012938991 0.000486989010823891 0.000486945995362476 0.000486901990370825 0.00048685900401324 0.000486739998450503 0.000486620992887765 0.000486503005959094 0.000486436008941382 0.000486528006149456 0.000486619013827294 0.000486711011035368 0.000486784003442153 0.000486839999211952 0.000486895005451515 0.000486951001221314 0.000487468001665547 0.000489088997710496 0.000491112004965544 0.000491384998895228 0.000491803977638483 0.000492223014589399 0.000492840015795082 0.000493849976919591 0.000494591018650681 0.000496164022479206
0.000477338006021455 0.000477550987852737 0.000477763009257615 0.000477975991088897 0.000478253001347184 0.000478552014101297 0.000478850997751579 0.000479150010505691 0.000480098999105394 0.000481080991448835 0.000482066010590643 0.000483145006000996 0.000484296004287899 0.000484683987451717 0.000485525990370661 0.00048624599003233 0.000486789009300992 0.000487331009935588 0.000487874989630654 0.000488065008539706 0.000488137011416256 0.000488209014292806 0.00048827999853529 0.000488992023747414 0.000489704019855708 0.000490162987262011 0.000490117003209889 0.000489971018396318 0.000489824975375086 0.00048967800103128 0.000489615020342171 0.0004896359751001 0.000489655998535454 0.000489677011501044 0.00048985902685672 0.000490096979774535 0.000490334001369774 0.000491367012728006 0.000493580009788275 0.000495804008096457 0.00049803702859208 0.000500040012411773 0.000500564987305552 0.000500303984154016
0.000477925001177937 0.000479020993225276 0.000479871989227831 0.000480651011457667 0.000480908987810835 0.000481138995382935 0.000481368013424799 0.000481597991893068 0.000482753006508574 0.000483909010654315 0.000485035998281091 0.000486308010295033 0.00048698199680075 0.000487815996166319 0.000488650985062122 0.000489244004711509 0.000489593017846346 0.000489940983243287 0.000490289996378124 0.000490302976686507 0.000490204023662955 0.000490105012431741 0.000490005011670291 0.000490554026328027 0.000491103972308338 0.000491652986966074 0.000492035003844649 0.000491918995976448 0.000491801998578012 0.00049168401164934 0.000491977029014379 0.000493719999212772 0.000495955988299102 0.000497627013828605 0.000497451983392239 0.000497350003570318 0.000497246976010501 0.000497144996188581 0.000497618981171399 0.000499529996886849 0.000501535017974675 0.000503283983562142 0.00050374201964587 0.000504909025039524
0.000478239002404734 0.000478850008221343 0.000480271992273629 0.000482255010865629 0.000483240000903606 0.000483290990814567 0.0004842400085181 0.000484913005493581 0.000486723001813516 0.000489093014039099 0.000491180981043726 0.000492386985570192 0.000493860978167504 0.000495393993332982 0.000495920015964657 0.00049646501429379 0.000497027009259909 0.000497239001560956 0.000497450004331768 0.000497351982630789 0.000497150991577655 0.000496950000524521 0.000496749009471387 0.000497166998684406 0.000497760018333793 0.000498354027513415 0.00049875199329108 0.000498560024425387 0.000498368986882269 0.000497549015562981 0.000496812979690731 0.000496444990858436 0.000496394990477711 0.000497573986649513 0.000498595996759832 0.000499529996886849 0.000500464986544102 0.000501402013469487 0.000502654991578311 0.000504371011629701 0.00050543702673167 0.000505816016811877 0.000506489013787359 0.000507526972796768
0.000478825008030981 0.000480148999486119 0.000480983988381922 0.000483309006085619 0.000484769989270717 0.000485897995531559 0.000486217002617195 0.000486534991068766 0.000488577003125101 0.000490690988954157 0.000492568011395633 0.000494292005896568 0.000495521991979331 0.000496345979627222 0.000496372987981886 0.000496814027428627 0.000497160013765097 0.000497506000101566 0.000497769971843809 0.000498000998049974 0.000498445006087422 0.000498888024594635 0.000499331974424422 0.000499946007039398 0.000500560970976949 0.000501175003591925 0.000501577975228429 0.000501345028169453 0.000501229020301253 0.000500931986607611 0.000501285016071051 0.000501959992107004 0.000502746028359979 0.000503571995068341 0.000504175026435405 0.000504822994116694 0.000505471020005643 0.000506121024955064 0.000507312011905015 0.000507836986798793 0.000508925993926823 0.00050975097110495 0.000510432990267873 0.000511115998961031
0.000479582988191396 0.000480635004350916 0.000483715004520491 0.000485029013361782 0.000486698001623154 0.000487301003886387 0.00048902997514233 0.000490434002131224 0.000492932973429561 0.000495966000016779 0.000498919980600476 0.000500763999298215 0.000501627975609154 0.000502515002153814 0.000503400980960578 0.000503927993122488 0.000504094990901649 0.00050426198868081 0.000504429975990206 0.00050520000513643 0.00050617300439626 0.00050714798271656 0.000508124998304993 0.0005085319862701 0.000508876983076334 0.000509301025886089 0.000509655976202339 0.000509177974890918 0.0005091080092825 0.000509038974996656 0.000509179022628814 0.00050952797755599 0.000509876990690827 0.0005102269933559 0.000510213023517281 0.000509693985804915 0.000510661979205906 0.000511631020344794 0.000511873979121447 0.00051199400331825 0.000512705999426544 0.000513266015332192 0.000513166014570743 0.000512901984620839
0.000483990996144712 0.000487195997266099 0.000489561993163079 0.00049081101315096 0.00049306801520288 0.000495182001031935 0.000498173991218209 0.000501198985148221 0.000503675022628158 0.000506653974298388 0.000508573022671044 0.000509208010043949 0.000509586010593921 0.000510187004692852 0.000511470017954707 0.000512910017278045 0.000513801991473883 0.000514695013407618 0.000515426974743605 0.000515614985488355 0.000515869993250817 0.000516125001013279 0.000516380008775741 0.000516154977958649 0.000516460975632071 0.000516898988280445 0.000517097010742873 0.00051762699149549 0.00051710702246055 0.000516843982040882 0.000516103988047689 0.000515907013323158 0.000515826977789402 0.000515747000463307 0.000515913008712232 0.000515960971824825 0.000515735999215394 0.000516008003614843 0.000516210973728448 0.000516414002049714 0.000516618019901216 0.000516677973791957 0.000516309984959662 0.000515941996127367
0.000496529974043369 0.000498712994158268 0.000501721980981529 0.000504162977449596 0.000507181975990534 0.000509532983414829 0.00051306199748069 0.000516228028573096 0.000518594984896481 0.000520834990311414 0.000522872025612742 0.000524640025105327 0.000524957024026662 0.000525585026480258 0.000526411982718855 0.000526084972079843 0.000525477982591838 0.000525054987519979 0.000525026000104845 0.000525543990079314 0.000525176990777254 0.000525778974406421 0.000526999996509403 0.000527417985722423 0.000527837022673339 0.000528256001416594 0.000528716016560793 0.000528601987753063 0.000528168980963528 0.000527816009707749 0.000527167983818799 0.000526606978382915 0.000526075018569827 0.000525583978742361 0.000525186012964696 0.000524909002706409 0.000524633971508592 0.000524358008988202 0.000523991999216378 0.000523625989444554 0.00052325997967273 0.000522624002769589 0.000521176028996706 0.000519732013344765
0.000509987003169954 0.000513646984472871 0.000518648012075573 0.000521299021784216 0.000524468021467328 0.000525984971318394 0.000527545984368771 0.000529691984411329 0.000531559984665364 0.000533080019522458 0.000533854006789625 0.000535249011591077 0.000536193023435771 0.000537139014340937 0.000538085994776338 0.000538724998477846 0.000539054977707565 0.000539385015144944 0.000539495027624071 0.000539947010111064 0.000540164008270949 0.000540372973773628 0.000540831999387592 0.000540142005775124 0.000539391010534018 0.0005387730197981 0.000538168998900801 0.000538128020707518 0.000538525986485183 0.00053892401047051 0.000538704975042492 0.00053788599325344 0.000536565028596669 0.000535605999175459 0.000535359024070203 0.000535079976543784 0.000534527003765106 0.000533975020516664 0.00053312600357458 0.000532280013430864 0.000531436002347618 0.000530296994838864 0.000528929987922311 0.000527662981767207
0.000520768982823938 0.000524054979905486 0.000524779024999589 0.000528621021658182 0.000530889024958014 0.000534327002242208 0.000535778992343694 0.000538253982085735 0.000540596025530249 0.000542949012015015 0.000545312999747694 0.000547925010323524 0.000549071992281824 0.000549242016859353 0.000549434975255281 0.000549250980839133 0.000548688985873014 0.00054812798043713 0.000547632982488722 0.000547090021427721 0.000546718016266823 0.000545956019777805 0.000545369985047728 0.000544922018889338 0.000544984010048211 0.000545046001207083 0.000545096991118044 0.00054511398775503 0.000545129994861782 0.00054393702885136 0.000541988993063569 0.000540932000149041 0.000539970002137125 0.000539743981789798 0.000539537984877825 0.000538923020940274 0.000538113992661238 0.000537307991180569 0.000536134990397841 0.00053496501641348 0.000533798011019826 0.000532298989128321 0.00052980100736022 0.000527314026840031
0.000526277988683432 0.000527454016264528 0.00052929698722437 0.000531927973497659 0.000534465012606233 0.000538024003617465 0.00054042402189225 0.000542960013262928 0.000544697977602482 0.000546441006008536 0.000549632008187473 0.000553085003048182 0.000554526981431991 0.00055567198432982 0.000556248007342219 0.000556726008653641 0.000556353013962507 0.000555847014766186 0.000555408012587577 0.000554680998902768 0.000553874997422099 0.00055326399160549 0.000552918005269021 0.000552067998796701 0.000551207980606705 0.000550355995073915 0.000549389980733395 0.000548081996385008 0.000546778028365225 0.000545903982128948 0.000545116025023162 0.000543748028576374 0.000543428002856672 0.00054214900592342 0.000541266985237598 0.000540550972800702 0.000539836008101702 0.000539123022463173 0.000538039021193981 0.000536686973646283 0.000535305996891111 0.000533565995283425 0.000531815981958061 0.000530129997059703
0.000527077005244792 0.0005302699864842 0.000532247999217361 0.000534183986019343 0.000536691979505122 0.000539246015250683 0.000541956978850067 0.000544610025826842 0.000546629016753286 0.000548655982129276 0.000551404024008662 0.000553109974134713 0.000553923018742353 0.000555287988390774 0.000556442013476044 0.000557062972802669 0.000556776009034365 0.000555772974621505 0.000554710975848138 0.000553845020476729 0.000552829005755484 0.000552907993551344 0.000552492972929031 0.000551497971173376 0.000550557975657284 0.000549620017409325 0.000548616982996464 0.000547416973859072 0.000546593975741416 0.000545478018466383 0.000544434005860239 0.000543532019946724 0.000542633002623916 0.000541925022844225 0.000541055982466787 0.000540075998287648 0.000539107015356421 0.000538120977580547 0.000537006999365985 0.000535791972652078 0.000534762977622449 0.000533517973963171 0.000531624013092369 0.000529282027855515
0.000528934004250914 0.000530813005752861 0.000533782003913075 0.000537157000508159 0.000538590014912188 0.000540965003892779 0.000543351983651519 0.000545748975127935 0.000547512026969343 0.000549281015992165 0.000551056989934295 0.000552510027773678 0.000552979006897658 0.000553447986021638 0.000554568017832935 0.000555469014216214 0.000554630008991808 0.000554460973944515 0.000554276979528368 0.000553734018467367 0.000553142977878451 0.000552985002286732 0.000552951009012759 0.000552551995497197 0.000551964971236885 0.000551378994714469 0.000550488010048866 0.000548298005014658 0.000546567025594413 0.000546369992662221 0.000545794027857482 0.000544840993825346 0.000543889007531106 0.000542939000297338 0.000542116002179682 0.000541334971785545 0.000540554989129305 0.000539776985533535 0.000538448977749795 0.00053676002426073 0.000535077997483313 0.000533235026523471 0.000530383025761694 0.000527065014466643
0.000530318007804453 0.000531936995685101 0.000535372993908823 0.000536947976797819 0.000537229003384709 0.000540569017175585 0.000542138004675508 0.000543788017239422 0.000545547984074801 0.000547314994037151 0.000549089978449047 0.000550514028873295 0.000550871016457677 0.000551779987290502 0.000551767996512353 0.000550944998394698 0.000550943019334227 0.000550994998775423 0.000551045988686383 0.00055107701336965 0.00055110000539571 0.000549547025002539 0.000550123979337513 0.000550426018889993 0.000549983989913017 0.000549425021745265 0.000547607021871954 0.000547158007975668 0.000546940020285547 0.000546721974387765 0.00054612202802673 0.000545140006579459 0.000544161011930555 0.000543183996342123 0.000542183988727629 0.000541177985724062 0.000540174019988626 0.000539171975106001 0.000537238025572151 0.000535038008820266 0.000532848993316293 0.000530318007804453 0.000526753021404147 0.000523213995620608
0.000531953992322087 0.000533178972546011 0.00053482101066038 0.000534864026121795 0.000534903025254607 0.000536751002073288 0.000539410975761712 0.000542568974196911 0.000543530972208828 0.000544017995707691 0.000546798983123153 0.000548025011084974 0.000547444971743971 0.000547685020137578 0.000548633979633451 0.000548222975339741 0.000547732983250171 0.000547590025234967 0.000547759991604835 0.000547641015145928 0.000547425996046513 0.000546673021744937 0.000545006012544036 0.000544891983736306 0.000544512993656099 0.000544918002560735 0.000545314978808165 0.000545190996490419 0.000544923997949809 0.000544216018170118 0.000543693022336811 0.000542918976861984 0.000542147026862949 0.000541376008186489 0.000539797998499125 0.000537848973181099 0.000535909028258175 0.000533976010046899 0.000531713012605906 0.00052946200594306 0.000527220021467656 0.000524753995705396 0.000521853973623365 0.00052069901721552
0.000534006976522505 0.000534240971319377 0.000533860002178699 0.00053435901645571 0.000535521015990525 0.000536756997462362 0.000537998974323273 0.000538114982191473 0.000540731009095907 0.000543619971722364 0.000545825983863324 0.00054785399697721 0.000549315009266138 0.000550070020835847 0.000548899988643825 0.000547758012544364 0.000546841998584569 0.000545926974155009 0.000545014976523817 0.000544217997230589 0.000543768983334303 0.000543320027645677 0.000542872992809862 0.000542355992365628 0.000541602028533816 0.00054244400234893 0.000542690977454185 0.000542367983143777 0.000542043999303132 0.000541109999176115 0.00054046098375693 0.000539627973921597 0.000539524015039206 0.000538307009264827 0.000536130974069238 0.000533805985469371 0.000531491998117417 0.000529189012013376 0.000527236028574407 0.000525291019584984 0.000523353985045105 0.000521452981047332 0.000520037021487951 0.000519058026839048
0.000537651008926332 0.000538056017830968 0.000537905027158558 0.000540380016900599 0.000541331013664603 0.000542249996215105 0.000543265021406114 0.000542512978427112 0.000541743007488549 0.000543133995961398 0.000545446004252881 0.000546586990822107 0.000546814000699669 0.000546875991858542 0.000547658011782914 0.000547975010704249 0.000546937983017415 0.000546324998140335 0.00054745702072978 0.000546485011000186 0.000544816022738814 0.000543152971658856 0.000542004010640085 0.000541444984264672 0.000540887005627155 0.000540330016519874 0.00053955998737365 0.000537786982022226 0.000537034007720649 0.000536422012373805 0.000535440980456769 0.000533497019205242 0.000531723024323583 0.000529957993421704 0.000527777010574937 0.000525466981343925 0.000523170980159193 0.000521412992384285 0.000520124973263592 0.000518841028679162 0.00051756197353825 0.000516329018864781 0.000515208987053484 0.000513484003022313
0.000542440975550562 0.000542231020517647 0.000542049994692206 0.000543500995263457 0.000543433998245746 0.000543591973837465 0.00054466602159664 0.00054697401355952 0.000548208015970886 0.000547034025657922 0.000545329006854445 0.000543615024071187 0.000542787020094693 0.000542043999303132 0.000540548004209995 0.000541560002602637 0.000542692025192082 0.000540892011485994 0.000541144981980324 0.000541544985026121 0.000541659013833851 0.000541775021702051 0.000540581997483969 0.000539453991223127 0.00054055597865954 0.00054066302254796 0.000539835018571466 0.000538089021574706 0.00053634901996702 0.000534772989340127 0.000532937992829829 0.000531181984115392 0.00052933202823624 0.00052834500093013 0.000526638003066182 0.000524496019352227 0.000522138027008623 0.000519792025443166 0.000517798005603254 0.000516123021952808 0.000514125975314528 0.000511901977006346 0.000510425015818328 0.000508145021740347
