results/Predictions/Median/Ladinian.asc
NCOLS 360 
NROWS 180 
XLLCORNER -180 
YLLCORNER -90 
CELLSIZE 1 
NODATA_value -3.4e+38 
[rows 80 to 99 of 180, columns 44 to 87 of 360]
0.000499802001286298 0.000497081025969237 0.00049185601528734 0.000486856995848939 0.000480485003208742 0.000475843000458553 0.000469880003947765 0.00046447099884972 0.000460539013147354 0.000455553992651403 0.000450624007498845 0.000446221005404368 0.000441104988567531 0.000438713002949953 0.000435719994129613 0.000433693989180028 0.000431319989729673 0.000430746003985405 0.000429281004471704 0.000427677005063742 0.000426110986154526 0.000424720987211913 0.000423547986429185 0.000421503005782142 0.000419535994296893 0.000418567011365667 0.000417836010456085 0.000416141992900521 0.00041502999374643 0.000413567991927266 0.000413333007600158 0.000411162007367238 0.000410008011385798 0.000407940009608865 0.000406587001634762 0.000406462990213186 0.000404839986003935 0.000404805003199726 0.000406372011639178 0.000406205013860017 0.000402687990572304 0.000400524993892759 0.00039720899076201 0.00039492899668403
0.000493831001222134 0.000491005019284785 0.000487395009258762 0.000482859992189333 0.000478369009215385 0.00047623401042074 0.000471086998004466 0.000465713994344696 0.000461171002825722 0.000459327013231814 0.000455050991149619 0.000449570012278855 0.000444350007455796 0.000440948002506047 0.0004386949876789 0.000436035013990477 0.000432130007538944 0.000429451989475638 0.000426762999268249 0.000425533013185486 0.000424383004428819 0.000423260004026815 0.000422137993155047 0.0004218099929858 0.00041900499491021 0.000417767994804308 0.000417294009821489 0.000416460010455921 0.000414640991948545 0.00041421499918215 0.000413523986935616 0.000413314992329106 0.000412814988521859 0.000412038993090391 0.00041066700941883 0.000410072010708973 0.000408149004215375 0.000406554987421259 0.000407888001063839 0.000409105006838217 0.000408608000725508 0.000406867999117821 0.000403723999625072 0.000400969001930207
0.00049031397793442 0.00048687300295569 0.000483022013213485 0.000478178000776097 0.000476468994747847 0.000472335988888517 0.000467122998088598 0.000461652001831681 0.000460009003290907 0.000456789013696834 0.000451667991001159 0.000446697988081723 0.000442427000962198 0.000439452996943146 0.000438457005657256 0.000436339003499597 0.000432781002018601 0.00042995301191695 0.000429397012339905 0.000428951985668391 0.000428403989644721 0.000425967009505257 0.000424486002884805 0.000422396988142282 0.000419955991674215 0.000418193987570703 0.000417470000684261 0.000416777998907492 0.000416308001149446 0.000415610993513837 0.000415142014389858 0.000413792993640527 0.000413431989727542 0.000413155008573085 0.000412825000239536 0.000412388995755464 0.00041208098991774 0.000410976994317025 0.000410520005971193 0.000409942993428558 0.000409730011597276 0.000409063999541104 0.000408363004680723 0.000407507992349565
0.000478786008898169 0.00047503798850812 0.00047288800124079 0.000468940008431673 0.000465460994746536 0.000462191994301975 0.000458997004898265 0.000456147012300789 0.000453551998361945 0.00044913700548932 0.000445598008809611 0.000442963995737955 0.000440625008195639 0.000438591989222914 0.000436659989645705 0.000434635003330186 0.000431421009125188 0.000429228006396443 0.000427727005444467 0.000425996986450627 0.000423719000536948 0.000421815988374874 0.000419179996242747 0.000417675997596234 0.000416730006691068 0.000415887014241889 0.000414729001931846 0.000413388013839722 0.000412911991588771 0.000412446010159329 0.000412021006923169 0.00041030699503608 0.00040964299114421 0.000408766005421057 0.000407901010476053 0.000407312996685505 0.000406840001232922 0.00040646898560226 0.000406048988224939 0.000405720988055691 0.000404099992010742 0.000402086006943136 0.000400174991227686 0.000398915988625959
0.000468303012894467 0.00046494000707753 0.000462933996459469 0.000461007002741098 0.000457824004115537 0.000454961991636083 0.000453121989266947 0.000451433006674051 0.000448548991698772 0.000444864010205492 0.000442327000200748 0.000440297997556627 0.000438843009760603 0.000436736008850858 0.00043465499766171 0.000432428991189227 0.000430907995905727 0.000427794991992414 0.000424508994910866 0.000421981996623799 0.000418051989981905 0.000416599010350183 0.000415952003095299 0.000412803987273946 0.00041182100540027 0.000410840992117301 0.000409953994676471 0.000409569009207189 0.000408577005146071 0.000407476996770129 0.000407440005801618 0.000406447012210265 0.000404997001169249 0.000403173005906865 0.000402309990022331 0.000401538010919467 0.000400796998292208 0.000400057004299015 0.000398961012251675 0.00039709999691695 0.000395604001823813 0.000393558002542704 0.000391086010495201 0.000389450986403972
0.000458922004327178 0.00045706398668699 0.000454243010608479 0.000451859988970682 0.000450071005616337 0.000447973987320438 0.000446474994532764 0.00044423301005736 0.000441390002379194 0.000438699993537739 0.000436636997619644 0.000434084999142215 0.00043138800538145 0.000427550985477865 0.000425250007538125 0.000422957993578166 0.000420146010583267 0.000417778006521985 0.00041630701161921 0.00041365300421603 0.000410764012485743 0.000409517990192398 0.000408857013098896 0.000407304003601894 0.000405867991503328 0.000405853992560878 0.000402072008000687 0.000400744000216946 0.000399856013245881 0.000399012002162635 0.000396741001168266 0.000394050992326811 0.000390484987292439 0.000386452011298388 0.000384251994546503 0.000379739998606965 0.00037867299397476 0.000376784009858966 0.000374275987269357 0.000372503011021763 0.000370736001059413 0.000368976994650438 0.00036741400253959 0.000366424996173009
0.000444653996964917 0.000441276002675295 0.000439032999565825 0.00043591798748821 0.000433814013376832 0.000431380001828074 0.000429337000241503 0.000428180006565526 0.000425629987148568 0.000423886987846345 0.000420505995862186 0.000416766008129343 0.000413650996051729 0.000411651999456808 0.000409288011724129 0.00040628100396134 0.000404482008889318 0.000403496000217274 0.000401116005377844 0.000399084994569421 0.000396607996663079 0.000394055008655414 0.000390133995097131 0.000386169005651027 0.000382110010832548 0.000380095007130876 0.000376556999981403 0.000374341994756833 0.000369532994227484 0.000365915999282151 0.000360373000148684 0.00035648001357913 0.000353607989381999 0.000350986985722557 0.000347741995938122 0.000344739004503936 0.000341967010172084 0.000339510996127501 0.00033774899202399 0.000336539989802986 0.000334890006342903 0.000333236006554216 0.000331843009917066 0.000331210001604632
0.000438819988630712 0.000437161012087017 0.000433981011155993 0.00042940498678945 0.000423688004957512 0.000419646996306255 0.000415451009757817 0.000410034990636632 0.000407684012316167 0.000402843987103552 0.00039936401299201 0.000396017014281824 0.00039153901161626 0.000387676001992077 0.000384065991966054 0.000379906996386126 0.000375659001292661 0.000371650996385142 0.000367392989574 0.000362975988537073 0.000358649005647749 0.00035425100941211 0.000350593007169664 0.000346760993124917 0.000342148006893694 0.000338048994308338 0.000334131007548422 0.000331941992044449 0.000329214992234483 0.000326511013554409 0.000323830987326801 0.000320121005643159 0.000318025995511562 0.000315946992486715 0.000313374010147527 0.000311626004986465 0.000310779985738918 0.000308924994897097 0.000306856993120164 0.000306406989693642 0.000305519992252812 0.000304362998576835 0.000303409004118294 0.000303047010675073
0.000433881010394543 0.000429198000347242 0.000423327001044527 0.000416491006035358 0.000411804998293519 0.000407273008022457 0.000400622986489907 0.000393066991819069 0.000388207990908995 0.000384223007131368 0.00038005001260899 0.000375758012523875 0.000371712987544015 0.000367692002328113 0.000362738996045664 0.000357598008122295 0.000353874987922609 0.000350663991412148 0.000347618013620377 0.000342396990163252 0.000337814999511465 0.000333900010446087 0.000328910013195127 0.000324199994793162 0.000321133993566036 0.000319171987939626 0.000317285011988133 0.000313616008497775 0.00030983699252829 0.000308540998958051 0.000305208988720551 0.000302100990666077 0.000300040002912283 0.000297993014100939 0.000295959005597979 0.0002935370139312 0.000291523989289999 0.00028974300948903 0.000287612987449393 0.00028607901185751 0.000284551992081106 0.000283286004560068 0.000282850000075996 0.000282986991805956
0.000412574998335913 0.000407618004828691 0.000401544995838776 0.000396532996091992 0.000391462992411107 0.000386544008506462 0.000382288999389857 0.000377423013560474 0.000373224989743903 0.000365657993825153 0.000359894009307027 0.000354721996700391 0.000350607006112114 0.000347460008924827 0.000344124011462554 0.000338517013005912 0.000333917007083073 0.000329669011989608 0.000325060012983158 0.000321177009027451 0.000317008991260082 0.000312788004521281 0.000309310999000445 0.00030721299117431 0.000304910005070269 0.000301608990412205 0.0002976419928018 0.000293157994747162 0.00029038600041531 0.000286494992906228 0.000284087989712134 0.000282015011180192 0.000280178006505594 0.000278752995654941 0.00027653799043037 0.000275080004939809 0.000273373007075861 0.000271677010459825 0.000269990996457636 0.000268876989139244 0.000267752009676769 0.000266560993622988 0.000265673006651923 0.000265681010205299
0.000420460011810064 0.000415438000345603 0.000409922009566799 0.000405634986236691 0.000401725992560387 0.000395590002881363 0.000390556000638753 0.000386088999221101 0.000381472986191511 0.000375075993360952 0.000368803011951968 0.000363833009032533 0.0003582609933801 0.000354329997207969 0.000350443995557725 0.000346238986821845 0.000339683989295736 0.000334293988998979 0.000330754002789035 0.000326693989336491 0.000323582004057243 0.000320421997457743 0.00031632199534215 0.000312752992613241 0.000309239985654131 0.000306625006487593 0.000304596993373707 0.000301515014143661 0.000297221995424479 0.000293504999717698 0.000289434014121071 0.000285705988062546 0.000283589004538953 0.000281785003608093 0.000279992003925145 0.000278585008345544 0.00027730900910683 0.000275909987976775 0.000274369987891987 0.000273567013209686 0.000272042991127819 0.00027052900986746 0.000269443000433967 0.000269479001872241
0.000441960000898689 0.000441331998445094 0.000440453004557639 0.000438571005361155 0.000436414004070684 0.00043350100168027 0.000429350999183953 0.000424906989792362 0.000418154988437891 0.000414384005125612 0.000409677013522014 0.000403876008931547 0.000398312986362725 0.000394408009015024 0.000388738000765443 0.000384913990274072 0.000379997014533728 0.00037503699422814 0.000370244990335777 0.00036600700695999 0.000363648985512555 0.00036050399648957 0.000356389995431527 0.0003520589962136 0.000345851003658026 0.000342009996529669 0.000335363991325721 0.000331938994349912 0.000328205991536379 0.000324108987115324 0.000319479004247114 0.000317749014357105 0.000315756013151258 0.000312393996864557 0.000309627008391544 0.000306552014080808 0.000304933986626565 0.000304437999147922 0.00030295000760816 0.000301689986372367 0.000300610990962014 0.000299567996989936 0.000299033999908715 0.000299339008051902
0.000450533989351243 0.000450188003014773 0.000448465987574309 0.000447007012553513 0.000444116012658924 0.000442130985902622 0.000440192001406103 0.000438735005445778 0.000437896989751607 0.000434718007454649 0.000433103006798774 0.000431494001531973 0.00042994599789381 0.000427880004281178 0.000424986006692052 0.000421847013058141 0.000416872993810102 0.000413942005252466 0.000410656008170918 0.000406239007133991 0.000402186997234821 0.000399018987081945 0.000396518997149542 0.000393533002352342 0.000389597000321373 0.00038397399475798 0.000379186007194221 0.000374250987078995 0.000370324996765703 0.000366096996003762 0.000360673002433032 0.000357070995960385 0.000352377013769001 0.000347694003721699 0.000342804007232189 0.000339577993145213 0.000336564989993349 0.000333519012201577 0.000331154995365068 0.000329336995491758 0.000327654008287936 0.000326356996083632 0.000325473985867575 0.000325086992233992
0.000470397004391998 0.000470769999083132 0.0004702550068032 0.000469616003101692 0.000469793012598529 0.000470111990580335 0.000469252001494169 0.00046737800585106 0.000466038996819407 0.00046539498725906 0.000464751006802544 0.000463965989183635 0.000462471012724563 0.000461149000329897 0.000459831004263833 0.000458518014056608 0.000456907990155742 0.000455066008726135 0.00045422199764289 0.000453381013358012 0.000452898006187752 0.000452534994110465 0.000453290005680174 0.000451700994744897 0.00044729100773111 0.000440800999058411 0.000432338012615219 0.000422787998104468 0.000417614006437361 0.000411021988838911 0.000403951009502634 0.000397435011109337 0.000393468013498932 0.000388021988328546 0.000382653990527615 0.000378995988285169 0.000374889001250267 0.000370931986253709 0.000367869011824951 0.000366085994755849 0.000363736995495856 0.000361417012754828 0.000360281992470846 0.000359661993570626
0.000490846985485405 0.000491874001454562 0.000493391999043524 0.000494141015224159 0.000494932988658547 0.00049617001786828 0.000497134984470904 0.000498006003908813 0.000497157976496965 0.000500130990985781 0.000499722023960203 0.000498833018355072 0.000497885979712009 0.000497278000693768 0.000495710992254317 0.000493260973598808 0.000491184007842094 0.000490767997689545 0.000490354024805129 0.000488831021357328 0.000485827011289075 0.000480718008475378 0.000475987006211653 0.000473238003905863 0.000469169986899942 0.000464325014036149 0.000458995986264199 0.000453651009593159 0.000448976992629468 0.000445223005954176 0.000440339994383976 0.000435535999713466 0.000431525986641645 0.000427226012106985 0.000423210003646091 0.000418462004745379 0.000412408990086988 0.000407195999287069 0.000402851990656927 0.000398434000089765 0.000396724994061515 0.000393892987631261 0.000389888999052346 0.00038671400398016
0.000515274005010724 0.000514874001964927 0.000515365973114967 0.000515962019562721 0.00051726697711274 0.000517249980475754 0.000517593987751752 0.00051801698282361 0.00051857897778973 0.000518747023306787 0.000518721004482359 0.000518849992658943 0.000518959015607834 0.00051841902313754 0.000516217027325183 0.000513012986630201 0.000509388977661729 0.000505150004755706 0.00050122500397265 0.000497633998747915 0.000492491002660245 0.000486511999042705 0.000480752991279587 0.000474745000246912 0.000469318008981645 0.000465279998024926 0.000460674986243248 0.000457438989542425 0.000454072986030951 0.00044946899288334 0.000443661003373563 0.000437548995250836 0.00043410700163804 0.000431082997238263 0.00042752901208587 0.000424058001954108 0.000419605989009142 0.000413925998145714 0.000408341991715133 0.000404922000598162 0.000403712998377159 0.000401428987970576 0.000400919001549482 0.000400429009459913
0.00050173100316897 0.000501718022860587 0.000501633970998228 0.000501313013955951 0.000501141010317951 0.0005011250032112 0.000501108996104449 0.000501093978527933 0.000500960974022746 0.000499968009535223 0.000499676971230656 0.000498589011840522 0.000497327011544257 0.00049568701069802 0.000494053005240858 0.000491774000693113 0.000487126992084086 0.000483404990518466 0.000479100010124967 0.0004732410016004 0.000467403006041422 0.000461721996543929 0.000457093003205955 0.000452862994279712 0.000448375009000301 0.000444248988060281 0.000439450988778844 0.000434607994975522 0.00043056599679403 0.000424944999394938 0.000420838012360036 0.000418376992456615 0.00041416400927119 0.000411930988775566 0.000411381013691425 0.000410115986596793 0.00040918099693954 0.000408266001613811 0.000407039013225585 0.00040678700315766 0.000406634993851185 0.000406234001275152 0.000405013008276001 0.000404059013817459
0.000484726013382897 0.000483582989545539 0.000482500996440649 0.000481422990560532 0.000480348011478782 0.000479370006360114 0.000478425004985183 0.000477483990835026 0.000476545013953 0.000475653010653332 0.000474333995953202 0.000473622989375144 0.00047297400305979 0.000471884995931759 0.000469337013782933 0.000465933990199119 0.000463061995105818 0.000458678987342864 0.000454299006378278 0.000449963990831748 0.000445810990640894 0.000442590011516586 0.0004377780132927 0.000432408996857703 0.00042939800187014 0.000426409009378403 0.000421698001446202 0.000420221011154354 0.00041807399247773 0.000417550996644422 0.000416355003835633 0.000415640010032803 0.000413747999118641 0.000412721012253314 0.000412766996305436 0.000412002002121881 0.000410906999604777 0.000409817992476746 0.000408735999371856 0.000408029998652637 0.000407195999287069 0.000406269013183191 0.000405520986532792 0.000405425002099946
0.000464339012978598 0.000462592986878008 0.000461616989923641 0.000460207986179739 0.000459381000837311 0.000458863010862842 0.000457382993772626 0.000455956993391737 0.000455061002867296 0.000453794986242428 0.000451370986411348 0.000449148996267468 0.000448131002485752 0.000446496997028589 0.000443118013208732 0.000440875999629498 0.000437934009823948 0.000434982997830957 0.000431724009104073 0.000427955004852265 0.000425656005972996 0.000424052006565034 0.000420902011683211 0.00042006399598904 0.000417942006606609 0.000417111994465813 0.000416219991166145 0.000414537993492559 0.000413319998187944 0.000412646011682227 0.00041195101221092 0.000410781009122729 0.000409623986342922 0.000407871004426852 0.000406478007789701 0.000405606988351792 0.000404682010412216 0.000403145008021966 0.000400796008761972 0.000399393000407144 0.000397397991036996 0.000394717993913218 0.00039355200715363 0.000391948997275904
0.00045234098797664 0.00045120099093765 0.000449649000074714 0.000448239996330813 0.000447072001406923 0.000445568992290646 0.000444359990069643 0.000442979013314471 0.000441057985881343 0.000439469993580133 0.000437378010246903 0.000435012014349923 0.000433523004176095 0.000431902997661382 0.000430290994700044 0.000428358995122835 0.000424525991547853 0.000423618999775499 0.00042174500413239 0.000419858988607302 0.000418526004068553 0.000417659990489483 0.00041679700370878 0.000415512011386454 0.000413842004491016 0.000412382010836154 0.000411910004913807 0.000409748987294734 0.000408411986427382 0.000406720995670184 0.000405324011808261 0.000403771991841495 0.000402326986659318 0.000400388002162799 0.000397463998524472 0.000394244998460636 0.000389966007787734 0.000385313003789634 0.000380979996407405 0.000377279007807374 0.000373424001736566 0.000370877009117976 0.000367575994459912 0.000364898995030671
