results/Predictions/Median/Ladinian.asc
NCOLS 360 
NROWS 180 
XLLCORNER -180 
YLLCORNER -90 
CELLSIZE 1 
NODATA_value -3.4e+38 
[rows 140 to 159 of 180, columns 44 to 87 of 360]
3.36993002747477e-06 3.34894002662622e-06 3.335859901199e-06 3.32284002979577e-06 3.30985994878574e-06 3.30784996549482e-06 3.30948000737408e-06 3.29816998601018e-06 3.2752600418462e-06 3.26393001159886e-06 3.24031998388818e-06 3.21040010931029e-06 3.18066008730966e-06 3.18970000989793e-06 3.18436991619819e-06 3.16258001475944e-06 3.16069008476916e-06 3.15865008815308e-06 3.12870997731807e-06 3.09145002574951e-06 3.07885989059287e-06 3.07375989905267e-06 3.06865990751248e-06 3.05884009321744e-06 3.03549995805952e-06 3.00917008644319e-06 2.98306008517102e-06 2.95939003081003e-06 2.94252004096052e-06 2.9257500955282e-06 2.90906996269769e-06 2.90199000119173e-06 2.90444995698635e-06 2.90690991278097e-06 2.90936009150755e-06 2.9032300972176e-06 2.89424997390597e-06 2.88530009129317e-06 2.87637999463186e-06 2.88462001662992e-06 2.89289005195315e-06 2.90117009171809e-06 2.91116998596408e-06 2.92595996143064e-06
2.3802999749023e-06 2.37607991948607e-06 2.37427002502955e-06 2.37245990319934e-06 2.37064000430109e-06 2.36339997172763e-06 2.35437005358108e-06 2.34537992582773e-06 2.33635000768118e-06 2.32629008678487e-06 2.31625995184004e-06 2.30627006203576e-06 2.29690999731247e-06 2.28941007662797e-06 2.28188991968636e-06 2.27435998567671e-06 2.27932991947455e-06 2.27715008804807e-06 2.26650990953203e-06 2.25590997615654e-06 2.24456994146749e-06 2.233020040876e-06 2.22153994400287e-06 2.21011009671201e-06 2.19841990656278e-06 2.18679997487925e-06 2.1758598904853e-06 2.16828993870877e-06 2.16644002648536e-06 2.16457010537852e-06 2.162699956898e-06 2.16435000766069e-06 2.16955004361807e-06 2.17476008401718e-06 2.17997990148433e-06 2.18272998608882e-06 2.18462992052082e-06 2.18651007344306e-06 2.1883799945499e-06 2.20027004615986e-06 2.21221989704645e-06 2.22423000195704e-06 2.23675010602165e-06 2.25055009650532e-06
1.67013001828309e-06 1.6614300193396e-06 1.65744995683781e-06 1.65348001246457e-06 1.65256994932861e-06 1.65045003086561e-06 1.64791003953724e-06 1.64537004820886e-06 1.64282994319365e-06 1.64042000960762e-06 1.637960053813e-06 1.63859999702254e-06 1.64064999808033e-06 1.63890001658729e-06 1.63716003953596e-06 1.63540994435607e-06 1.63635002081719e-06 1.63787001383753e-06 1.63936999797443e-06 1.64085997766961e-06 1.64074003805581e-06 1.640079972276e-06 1.63940001129959e-06 1.63871004588145e-06 1.63667004926538e-06 1.63461004376586e-06 1.63252002494119e-06 1.63224001425988e-06 1.63745994541387e-06 1.64268999469641e-06 1.64793004842068e-06 1.65386995831796e-06 1.6604999473202e-06 1.66715994964761e-06 1.67383996085846e-06 1.68052997651102e-06 1.68725000548875e-06 1.69398003890819e-06 1.70072996752424e-06 1.71114004388073e-06 1.72100999407121e-06 1.73092996647028e-06 1.74139995579026e-06 1.75340005625912e-06
1.20849995255412e-06 1.20822994631453e-06 1.2094700423404e-06 1.21071002467943e-06 1.21146001674788e-06 1.21108996609109e-06 1.21062998914567e-06 1.21017001220025e-06 1.20971003525483e-06 1.21166999633715e-06 1.21363996186119e-06 1.21476000458642e-06 1.21627999760676e-06 1.21923994811368e-06 1.2222300256326e-06 1.22697997539944e-06 1.2313900015215e-06 1.23546999475366e-06 1.23956999686925e-06 1.24368000342656e-06 1.24748999041913e-06 1.25122005556477e-06 1.25495000702358e-06 1.25868996292411e-06 1.26391000776493e-06 1.26914994780236e-06 1.27441001041007e-06 1.27987004816532e-06 1.2859100024798e-06 1.29197997011943e-06 1.29807995108422e-06 1.30453997826407e-06 1.31134004277556e-06 1.3181900158088e-06 1.32507000216719e-06 1.33396997625823e-06 1.34397998863278e-06 1.35514994781261e-06 1.36640994696791e-06 1.3793199968859e-06 1.39220003347873e-06 1.40518000080192e-06 1.41752002491558e-06 1.42765998134564e-06
8.72019995767914e-07 8.70604992542212e-07 8.72555972364353e-07 8.75474995609693e-07 8.78401976933674e-07 8.80721984231059e-07 8.82842016380891e-07 8.84968017089705e-07 8.87099020019377e-07 8.90598016667354e-07 8.94112019977911e-07 8.97638983587967e-07 9.01740008885099e-07 9.08250001430133e-07 9.15543978408095e-07 9.22897982036375e-07 9.28682993617258e-07 9.32710008783033e-07 9.37833021907863e-07 9.42364977163379e-07 9.46074976582167e-07 9.49517982462567e-07 9.52974005485885e-07 9.56442022470583e-07 9.66330048868258e-07 9.7632005235937e-07 9.86414988801698e-07 9.9592398328241e-07 1.00344004749786e-06 1.01100999927439e-06 1.01863997770124e-06 1.02579997474095e-06 1.03245997706836e-06 1.03917000160436e-06 1.04593004834896e-06 1.05829997210094e-06 1.07271000615583e-06 1.08731001091655e-06 1.10211999526655e-06 1.11489998744219e-06 1.12784005068534e-06 1.1409299531806e-06 1.15284001367399e-06 1.16087005608279e-06
6.52252026611677e-07 6.53134975436842e-07 6.56094982787181e-07 6.59068007280439e-07 6.62055015254737e-07 6.64536003114335e-07 6.66820994865702e-07 6.69115024720668e-07 6.71415989472735e-07 6.75887974921352e-07 6.80389973695128e-07 6.84921019455942e-07 6.89965020228556e-07 6.96505026098748e-07 7.03106991295499e-07 7.09771995843766e-07 7.15123007921648e-07 7.19128991022444e-07 7.2315697252634e-07 7.27207009276754e-07 7.33630997729051e-07 7.4027099117302e-07 7.461409836651e-07 7.50774972857471e-07 7.59887996082398e-07 7.69111977660941e-07 7.79275012519065e-07 7.89273997270357e-07 7.96538017766579e-07 8.0386797662868e-07 8.11263021205377e-07 8.18568025806599e-07 8.25777988211485e-07 8.33050023629767e-07 8.40384018374607e-07 8.52287996622181e-07 8.65884999257105e-07 8.79696983702161e-07 8.93724973138887e-07 9.04717012417677e-07 9.15845021154382e-07 9.27108999349002e-07 9.37512993459677e-07 9.4501399416913e-07
4.98284009609051e-07 4.99668999509595e-07 5.01960983001482e-07 5.04263994116627e-07 5.06577009673492e-07 5.08649009134388e-07 5.10645008944266e-07 5.12649023676204e-07 5.14660996486782e-07 5.19547995736502e-07 5.2448001497396e-07 5.29460010056937e-07 5.35336994289537e-07 5.43104022199259e-07 5.50982974800718e-07 5.5897800166349e-07 5.65114021355839e-07 5.69158999041974e-07 5.72794021991285e-07 5.76452976019937e-07 5.81950018840871e-07 5.8811298231376e-07 5.94340974657825e-07 6.00635019054607e-07 6.1037098930683e-07 6.20264017925365e-07 6.30393003575591e-07 6.40410974028782e-07 6.47428976208175e-07 6.55800988624833e-07 6.62494983316719e-07 6.69205974190845e-07 6.76263027798996e-07 6.83395001033205e-07 6.9060200758031e-07 7.0137997454367e-07 7.14744999186223e-07 7.28360987523047e-07 7.4223197543688e-07 7.51704988033453e-07 7.6129902026878e-07 7.71014015299443e-07 7.80291998125904e-07 7.8798598224239e-07
3.75235003957641e-07 3.77296004216987e-07 3.79758006374686e-07 3.82237004714625e-07 3.84731009717143e-07 3.86493013593281e-07 3.88012011853789e-07 3.89493010288788e-07 3.90805013239515e-07 3.96213010844804e-07 4.01425012341861e-07 4.06705993327705e-07 4.12389994153273e-07 4.19170987697726e-07 4.26062996439214e-07 4.33069004657227e-07 4.38537995250954e-07 4.42408008893835e-07 4.46313009661026e-07 4.50252002792695e-07 4.56517994962269e-07 4.63648007098527e-07 4.70890000769941e-07 4.78244999158051e-07 4.8950499831335e-07 5.01102988437196e-07 5.12975987021491e-07 5.21827985267009e-07 5.26545989032456e-07 5.32599017333268e-07 5.3844598824071e-07 5.45713987776253e-07 5.53569009298371e-07 5.61536978693766e-07 5.69419000839844e-07 5.8026699889524e-07 5.92296999002428e-07 6.04578985985427e-07 6.17115972545434e-07 6.25485995442432e-07 6.33329989341291e-07 6.41273004475806e-07 6.49469996005791e-07 6.5708502461348e-07
3.00179010537249e-07 3.01654011991559e-07 3.03314010352551e-07 3.04984013155263e-07 3.06663991977985e-07 3.08376002067234e-07 3.10106003098554e-07 3.11846008571592e-07 3.13594995304811e-07 3.1753299367665e-07 3.22283000286916e-07 3.28638009250426e-07 3.34992989792227e-07 3.41033000950119e-07 3.47180986182138e-07 3.53441009792732e-07 3.58547993073444e-07 3.62448986379604e-07 3.66391986972303e-07 3.70436993080148e-07 3.78066999928706e-07 3.85253997592372e-07 3.92422009554139e-07 3.997220119345e-07 4.0853700511434e-07 4.17546004882752e-07 4.26752990279056e-07 4.35120995234684e-07 4.40480988572745e-07 4.45903992840613e-07 4.52285007668252e-07 4.58729999763818e-07 4.65858988718537e-07 4.7312499873442e-07 4.8093102122948e-07 4.91264984248119e-07 5.02212003539171e-07 5.1324400374142e-07 5.2473700407063e-07 5.32827016286319e-07 5.406529908214e-07 5.49160006357852e-07 5.57696978376043e-07 5.66051028272341e-07
2.44034993102105e-07 2.45383006358679e-07 2.46809008785931e-07 2.48242002953702e-07 2.49684006803363e-07 2.5147500082312e-07 2.53393011462322e-07 2.55326000342393e-07 2.57425995187077e-07 2.6175300149589e-07 2.65980986569048e-07 2.69570989530621e-07 2.7326200324751e-07 2.77158989092641e-07 2.81245007727193e-07 2.8548200248224e-07 2.90696988258787e-07 2.95635004476935e-07 3.0065700684645e-07 3.05765013308701e-07 3.11640008021641e-07 3.17860013865356e-07 3.24204989965438e-07 3.3246200814574e-07 3.41158994388024e-07 3.49288995948882e-07 3.57096013203773e-07 3.64328997193297e-07 3.69426004453999e-07 3.74591991203488e-07 3.79979013587217e-07 3.86707000643582e-07 3.93774996609864e-07 4.01074998990225e-07 4.08762986126021e-07 4.17664011820307e-07 4.26789995344734e-07 4.35879002225192e-07 4.45500006662769e-07 4.53336014061279e-07 4.61698988374337e-07 4.69398997893222e-07 4.77268997656211e-07 4.85399027638778e-07
2.03466001380548e-07 2.04787994562139e-07 2.06170000183192e-07 2.0756100127528e-07 2.08960997838403e-07 2.10810000567108e-07 2.12822996559225e-07 2.14856001434782e-07 2.16908006223093e-07 2.20377003756766e-07 2.23902006268872e-07 2.27483994308386e-07 2.31125000027532e-07 2.34832995715806e-07 2.38600989632687e-07 2.4242899598903e-07 2.46228012201755e-07 2.49993007628291e-07 2.53814988582235e-07 2.57978001627635e-07 2.63438010961181e-07 2.69185989054677e-07 2.75059989007786e-07 2.81062995100001e-07 2.87530014020376e-07 2.94146985879706e-07 3.00917008644319e-07 3.0750300084037e-07 3.13191009126967e-07 3.18985996727861e-07 3.2488699730493e-07 3.31106008388815e-07 3.37657013460557e-07 3.44339014191064e-07 3.52569003325698e-07 3.60448012770576e-07 3.68689001106759e-07 3.77117004290994e-07 3.85325989782359e-07 3.9142000218817e-07 3.9899501302898e-07 4.06628004157028e-07 4.13966006362898e-07 4.21822988982967e-07
1.72883005689073e-07 1.74250999407377e-07 1.75685002545833e-07 1.77130004885839e-07 1.78587995947055e-07 1.80506006586256e-07 1.82595996989221e-07 1.84710003736654e-07 1.86848993166677e-07 1.89971999020599e-07 1.93147002391925e-07 1.96374998040483e-07 1.99696998492982e-07 2.03195000381129e-07 2.06753995257714e-07 2.10375006304275e-07 2.13918994518281e-07 2.17378001821089e-07 2.20893994651306e-07 2.24800999149011e-07 2.29502006732218e-07 2.34344000205056e-07 2.39292006654068e-07 2.44343993927032e-07 2.49245999839331e-07 2.54853006254052e-07 2.60708986843383e-07 2.66494993184097e-07 2.717870017932e-07 2.77184000196939e-07 2.82689001096514e-07 2.8842001142948e-07 2.94386012456016e-07 3.00475988979088e-07 3.06693010543313e-07 3.13464994405876e-07 3.20824995014846e-07 3.29610998051066e-07 3.37932988259126e-07 3.43584986239875e-07 3.49203986615976e-07 3.56213007535189e-07 3.6329399222268e-07 3.70634012369919e-07
1.47091995472692e-07 1.48468004113056e-07 1.49906995261517e-07 1.51359003552898e-07 1.52824995325318e-07 1.5473999326332e-07 1.56824000896449e-07 1.58936998673198e-07 1.6107800604459e-07 1.63864996238772e-07 1.66698995940351e-07 1.69583003639673e-07 1.7259499429656e-07 1.7590099332665e-07 1.79270998046377e-07 1.82704994244887e-07 1.8605699381169e-07 1.8935000412057e-07 1.92700994716688e-07 1.96111997752269e-07 1.9998499567464e-07 2.04071994858168e-07 2.08646000032786e-07 2.13720994679534e-07 2.18167002685732e-07 2.22544002781433e-07 2.27008996489531e-07 2.3143499561229e-07 2.35884002108833e-07 2.40887999325423e-07 2.45998990067164e-07 2.51263003292479e-07 2.56687002320177e-07 2.62228013525601e-07 2.6788998752636e-07 2.73938013606312e-07 2.80210997516406e-07 2.86630012169553e-07 2.93196990241995e-07 2.99228986477829e-07 3.05386009813446e-07 3.1166999292509e-07 3.17336002808588e-07 3.23456987416648e-07
1.30044995216849e-07 1.31538001824083e-07 1.33154998138707e-07 1.3479200333677e-07 1.36449003207417e-07 1.3834899448284e-07 1.40351005484263e-07 1.42382006629305e-07 1.4444300688865e-07 1.46957006563753e-07 1.49515003045053e-07 1.52118005303237e-07 1.5486699567191e-07 1.57973005343592e-07 1.61141997523373e-07 1.64374000632961e-07 1.67541003293081e-07 1.70795999565598e-07 1.74115001527753e-07 1.77497994968689e-07 1.80948006800463e-07 1.84466003361194e-07 1.88052993621568e-07 1.91710000763123e-07 1.95599000107904e-07 1.99808994238992e-07 2.04108999923847e-07 2.0818100665565e-07 2.12125996768009e-07 2.16147000742239e-07 2.20244004367487e-07 2.24619000732673e-07 2.29688993158561e-07 2.34875003002344e-07 2.40177996602142e-07 2.45399007781089e-07 2.50665010526063e-07 2.56045012747563e-07 2.61541998725079e-07 2.66732001819037e-07 2.7202500518797e-07 2.7742399311137e-07 2.83107993936937e-07 2.89452003698898e-07
1.14976998588645e-07 1.16541997385866e-07 1.18278002503303e-07 1.20040994033843e-07 1.2182999853394e-07 1.23697006415568e-07 1.25610000623055e-07 1.27552993944846e-07 1.29526000591795e-07 1.31793996160923e-07 1.34101995286073e-07 1.36449997967247e-07 1.3895800066166e-07 1.41871993264431e-07 1.44848002037179e-07 1.47855999443891e-07 1.50879998273012e-07 1.54071997826577e-07 1.57331996319954e-07 1.60661997483658e-07 1.63734995339837e-07 1.66755995678614e-07 1.69833000995823e-07 1.72967006051294e-07 1.75950006564562e-07 1.78983995624549e-07 1.82305001317218e-07 1.86145001634941e-07 1.90397003052567e-07 1.94745993553624e-07 1.98787006411294e-07 2.02804997684325e-07 2.06926998203016e-07 2.11167005659263e-07 2.1552000362135e-07 2.19848999449823e-07 2.24250996438968e-07 2.28741001251365e-07 2.33321998166502e-07 2.37782003864595e-07 2.42328013655424e-07 2.46961008087965e-07 2.51954986651981e-07 2.57887990073868e-07
1.03429997011517e-07 1.05082996526562e-07 1.06935999610869e-07 1.08820998434567e-07 1.10739996728171e-07 1.12626999282384e-07 1.14522997307631e-07 1.16452000042955e-07 1.18385003133881e-07 1.20427003480472e-07 1.22504005162227e-07 1.24617002938976e-07 1.26874994066384e-07 1.29502993218011e-07 1.32186002588242e-07 1.34923993755365e-07 1.3773899354419e-07 1.40750998411932e-07 1.43829993248801e-07 1.46976006476507e-07 1.49813999428261e-07 1.52579005430198e-07 1.55395994738683e-07 1.58264995775426e-07 1.60899006118598e-07 1.63577993816943e-07 1.66302001503027e-07 1.69152002627015e-07 1.72586993585355e-07 1.76373006866015e-07 1.80243006298042e-07 1.84274995262967e-07 1.88325998351502e-07 1.92082993066833e-07 1.95913003153692e-07 1.99301993575318e-07 2.02601995624718e-07 2.06189000095947e-07 2.10238994213796e-07 2.14319996416634e-07 2.18479996760834e-07 2.22720998976911e-07 2.27287003440324e-07 2.32687000334408e-07
9.50154017687055e-08 9.66225002230203e-08 9.84553025773494e-08 1.00322999685432e-07 1.02225996556626e-07 1.04103996534377e-07 1.0599600130945e-07 1.07923000314258e-07 1.09883998788973e-07 1.11752001430432e-07 1.13650997946024e-07 1.15581997306435e-07 1.17627998008629e-07 1.19958002642306e-07 1.22334000707269e-07 1.24756994068775e-07 1.27456004861415e-07 1.30214004911977e-07 1.33021003989597e-07 1.3589000502634e-07 1.38605003030534e-07 1.41303004852489e-07 1.44053004191846e-07 1.46857004779122e-07 1.49260003468044e-07 1.51703005712989e-07 1.54185997303102e-07 1.56710996179754e-07 1.59280006073459e-07 1.61890994831992e-07 1.6463999941152e-07 1.67924000038511e-07 1.71468997223201e-07 1.75088999299078e-07 1.78785995785802e-07 1.82264997761195e-07 1.85573995281629e-07 1.88941996270842e-07 1.92385996911071e-07 1.96027002630217e-07 1.9973599307832e-07 2.03515000407606e-07 2.07823006803665e-07 2.12613002759099e-07
8.7285798144876e-08 8.88439970481159e-08 9.06481005813475e-08 9.24888965414539e-08 9.4367102576598e-08 9.62271968774076e-08 9.81048984272093e-08 1.00019001081364e-07 1.01970996979617e-07 1.03639003157241e-07 1.05334997613227e-07 1.07057999798599e-07 1.08858003500245e-07 1.10838001887714e-07 1.12854003475604e-07 1.14907003023745e-07 1.17292998425e-07 1.20029994832294e-07 1.22832005899909e-07 1.25645001958219e-07 1.28240998265028e-07 1.30865004166481e-07 1.33542997104996e-07 1.36276995021944e-07 1.38467996180225e-07 1.40694993433499e-07 1.42958995752451e-07 1.45190000466755e-07 1.47250005966271e-07 1.49338006849575e-07 1.51457001607014e-07 1.53798993096643e-07 1.56373999971038e-07 1.59026996016109e-07 1.62115995294698e-07 1.65686998343517e-07 1.69478994394012e-07 1.73356994537244e-07 1.76832998022292e-07 1.80399993610081e-07 1.84095995336975e-07 1.87865992984371e-07 1.91572993912814e-07 1.94926002450302e-07
8.45264978011073e-08 8.58638031786541e-08 8.73167991244372e-08 8.87944011651598e-08 9.02970000993264e-08 9.18254983162115e-08 9.33799029212423e-08 9.49606970834793e-08 9.65683000231365e-08 9.82260033310922e-08 9.99120999267689e-08 1.01627001924953e-07 1.03426998521172e-07 1.0542800055191e-07 1.07467002408157e-07 1.09546000715e-07 1.11776998323876e-07 1.14165999320903e-07 1.16606997835333e-07 1.19100000972594e-07 1.21447996548341e-07 1.23602006851797e-07 1.25794997529738e-07 1.28026002244042e-07 1.29946002402903e-07 1.31893997945554e-07 1.33872006813363e-07 1.35872994633246e-07 1.37883006345874e-07 1.3992399772178e-07 1.41995002422846e-07 1.44262997991973e-07 1.46736994111052e-07 1.49254006487354e-07 1.51815001458999e-07 1.54884006065004e-07 1.5815000153907e-07 1.61483995952949e-07 1.64886998277325e-07 1.68221006902058e-07 1.71270997384454e-07 1.74315999856844e-07 1.77383995492164e-07 1.80407994321286e-07
8.18545018432815e-08 8.29838029403618e-08 8.41081018165823e-08 8.52476986779038e-08 8.64027001057366e-08 8.76253025694496e-08 8.88827003109327e-08 9.0158202681323e-08 9.14520015271592e-08 9.3095700037793e-08 9.47690992347816e-08 9.6472597022057e-08 9.82674990268606e-08 1.00282001369578e-07 1.02337999408064e-07 1.04435997627661e-07 1.06519998155363e-07 1.08588999125914e-07 1.1069799654706e-07 1.1284699752423e-07 1.147350019437e-07 1.16552001827586e-07 1.1839699709526e-07 1.20272005688093e-07 1.2195100396184e-07 1.23646998417826e-07 1.25366995007425e-07 1.27156994267352e-07 1.29116997982237e-07 1.31107000811426e-07 1.33127997514748e-07 1.35323006134058e-07 1.37699004199021e-07 1.40116000579837e-07 1.42576993766852e-07 1.44924001688196e-07 1.47579996223612e-07 1.50426004097426e-07 1.53326993768133e-07 1.55983997274234e-07 1.58687001317048e-07 1.61437995416236e-07 1.64287996540224e-07 1.67107998549909e-07
