results/Predictions/Median/Ladinian.asc
NCOLS 360 
NROWS 180 
XLLCORNER -180 
YLLCORNER -90 
CELLSIZE 1 
NODATA_value -3.4e+38 
[rows 20 to 39 of 180, columns 264 to 307 of 360]
5.67141995588827e-08 5.78396992523267e-08 5.92147983979885e-08 6.14675030874423e-08 6.37964987504347e-08 6.51864979772654e-08 6.76577016633928e-08 6.96795012800067e-08 7.17619030865535e-08 7.38901988484031e-08 7.53129967279165e-08 7.61339009613948e-08 7.69639001418909e-08 7.78031008508151e-08 7.85929969993049e-08 8.00632022901482e-08 8.16465970387981e-08 8.33731021998574e-08 8.54793995586078e-08 8.7638902357412e-08 8.9853003260032e-08 9.16719997690052e-08 9.30697012790915e-08 9.44886977549686e-08 9.59295007874061e-08 9.7768001694476e-08 9.97697000570952e-08 1.01813000696893e-07 1.03897001224595e-07 1.05802001826305e-07 1.07741996657751e-07 1.09718001795045e-07 1.11406002645253e-07 1.12137001906376e-07 1.12873003388358e-07 1.13613999985773e-07 1.14484997482123e-07 1.15487999607922e-07 1.16499002444925e-07 1.17519000752964e-07 1.18565999684961e-07 1.1962899293394e-07 1.20699993999551e-07 1.21781994266712e-07
1.38735003929469e-05 5.59749011586064e-08 5.62651010227455e-08 5.91053996856772e-08 6.11793993243737e-08 6.41962998315648e-08 6.68271979975543e-08 6.99729980624397e-08 7.24475981428441e-08 7.49544994960161e-08 7.73218005178933e-08 7.96864014773746e-08 8.21235985881685e-08 8.46356016381833e-08 8.74567973596641e-08 8.99281005217745e-08 9.30170998003632e-08 9.60066017796635e-08 9.93346986888355e-08 1.02778002997184e-07 1.06340998229371e-07 1.08195997938765e-07 1.0825100105194e-07 1.08305997059688e-07 1.08361000172863e-07 1.11406997405084e-07 1.1558400103695e-07 1.19909003615248e-07 1.24389003985925e-07 1.27622001855343e-07 1.30939994846813e-07 1.34342997171188e-07 1.3651700214723e-07 1.36061999000958e-07 1.35608004825372e-07 1.35156000169445e-07 1.35304006221304e-07 1.36054993049584e-07 1.36810001549748e-07 1.37569003300086e-07 1.38868998078578e-07 1.40362999445642e-07 1.41873002235116e-07 1.43399006446998e-07
7.32416010578163e-05 5.45745990621072e-08 5.34209014801945e-08 5.61877016025392e-08 5.87512012373281e-08 6.17370972122444e-08 6.53557989949149e-08 6.97023025963972e-08 7.31399012465772e-08 7.6034197604713e-08 7.92062024856932e-08 8.25463004616722e-08 8.64127969180117e-08 9.05059991396229e-08 9.47277030149962e-08 9.97653017975608e-08 1.04929000599441e-07 1.08960996669794e-07 1.135629972282e-07 1.18678002536399e-07 1.24023998182565e-07 1.25976001186245e-07 1.24368995102486e-07 1.22783006872851e-07 1.21143003184443e-07 1.25851997268001e-07 1.32813994468961e-07 1.40189001740509e-07 1.47974006381446e-07 1.53192004859193e-07 1.58293005370069e-07 1.63444994427664e-07 1.66858995953589e-07 1.64636006161345e-07 1.6244300127255e-07 1.60344995947526e-07 1.59915003905553e-07 1.60289999939778e-07 1.60943002924796e-07 1.61643001206357e-07 1.63335997171998e-07 1.6538200497962e-07 1.67454004440515e-07 1.69551995554684e-07
8.41025030240417e-05 5.58151000973339e-08 5.46590008809744e-08 5.79765995212256e-08 6.14959034805906e-08 6.52292015956846e-08 7.30281968230884e-08 8.55354969075961e-08 9.66230970789184e-08 1.10195003344415e-07 1.24902001630289e-07 1.41539999276574e-07 1.60382001013204e-07 1.81686999667363e-07 2.04651001922684e-07 2.30517002819397e-07 2.5932499170267e-07 2.90320002704902e-07 3.17494993851142e-07 3.47214012208497e-07 3.79714009568488e-07 3.91926988640989e-07 3.84847993473159e-07 3.77779002747047e-07 3.70321004083962e-07 3.69096994745632e-07 3.69922986465099e-07 3.70750001366105e-07 3.71579005786771e-07 3.33547006903245e-07 2.96698999591172e-07 2.68231985955936e-07 2.43365008145702e-07 2.38442993349963e-07 2.32030004099215e-07 2.25280004428896e-07 2.21058996885404e-07 2.18923005945726e-07 2.16808004438462e-07 2.14712997603783e-07 2.15453994201198e-07 2.17145995407009e-07 2.18851994304714e-07 2.20572005105169e-07
0.000101933001133148 5.73925014180077e-08 5.58428006058875e-08 5.9972698807087e-08 6.44086028955826e-08 6.91729979962474e-08 8.16050018670467e-08 1.03460003231248e-07 1.27668997151886e-07 1.56745997514918e-07 1.9325099742673e-07 2.38725988310762e-07 2.90412003778329e-07 3.5766498740486e-07 4.29624009257168e-07 5.17416026468709e-07 6.2699501768293e-07 7.60703017022024e-07 8.6382198105639e-07 9.74511976892245e-07 1.10775999928592e-06 1.16307001007954e-06 1.14039005438826e-06 1.12074997105083e-06 1.09461996089522e-06 1.03606998891337e-06 9.73593955677643e-07 9.22118999824306e-07 8.72166992849088e-07 6.89166995471169e-07 5.53871018382779e-07 4.36814985960154e-07 3.53666990804413e-07 3.43810995673266e-07 3.26374987480449e-07 3.1509401310359e-07 3.03359001918579e-07 2.95964014185301e-07 2.88752005417336e-07 2.81425997172846e-07 2.80530997542883e-07 2.81951997749275e-07 2.83124990119177e-07 2.84276012507689e-07
4.6619101340184e-05 7.64231984362596e-08 6.39797974599787e-08 7.13855001777119e-08 7.96492969357132e-08 8.96136000960723e-08 1.12634999993588e-07 1.52019993038266e-07 2.04198002506928e-07 2.71733000545282e-07 3.42802991326607e-07 4.24623010530922e-07 5.32748003934103e-07 6.4998801008187e-07 8.09882976682275e-07 1.0260999943057e-06 1.29319005282014e-06 1.59422995693603e-06 1.82608005161455e-06 2.0658098947024e-06 2.35585002883454e-06 2.41115003518644e-06 2.23431993617851e-06 2.06199001695495e-06 1.91026992979459e-06 1.73463001829077e-06 1.60011995831155e-06 1.45906994930556e-06 1.36047003707063e-06 1.06690004031407e-06 8.30056023914949e-07 6.54130019484001e-07 5.32675016984285e-07 5.2815801154793e-07 5.08282028022222e-07 4.95188999138918e-07 4.81630991089332e-07 4.64840013592038e-07 4.481769906306e-07 4.32109999337627e-07 4.24970011181358e-07 4.20720994043222e-07 4.16512989431794e-07 4.12345002587244e-07
9.72188018977249e-08 8.7910898116661e-08 8.6635402851698e-08 1.02351002340129e-07 1.19044997859419e-07 1.38461999199535e-07 1.81811998345438e-07 2.69510991302013e-07 3.89029992220458e-07 5.60264027171797e-07 6.85048973991798e-07 8.17283023479831e-07 9.8540397175384e-07 1.17799004328845e-06 1.46287004554324e-06 1.81876998794905e-06 2.2360200091498e-06 2.6742200134322e-06 2.97212000077707e-06 3.32363993038598e-06 3.6789199384657e-06 2.1391999325715e-05 0.00679834000766277 -3.4e+38 -3.4e+38 0.00400308007374406 2.44887996814214e-06 1.41978000556264e-06 1.29263003145752e-06 1.15140005618741e-06 1.02190995221463e-06 9.03601005575183e-07 8.33680985579122e-07 8.46225987061189e-07 8.51011009217473e-07 8.56619976730144e-07 8.42257975364191e-07 8.11689972124441e-07 7.82235019869404e-07 7.54908000999421e-07 7.30444014607201e-07 7.07048002368538e-07 6.84406984419184e-07 6.62496972836379e-07
1.02777001131926e-07 9.95909985590515e-08 1.03517002969511e-07 1.40598004350068e-07 1.71015997807444e-07 2.08394993705951e-07 2.89302988676354e-07 4.61036989918284e-07 7.14030022663792e-07 1.17655997655675e-06 1.45412002439116e-06 1.66916004218365e-06 1.87405998985923e-06 2.12955001188675e-06 2.59254989032343e-06 3.13710006594192e-06 3.79009998141555e-06 4.4786102080252e-06 4.88476007376448e-06 5.34160017195973e-06 0.0126504004001617 -3.4e+38 -3.4e+38 -3.4e+38 -3.4e+38 -3.4e+38 -3.4e+38 -3.4e+38 -3.4e+38 -3.4e+38 1.2284400554563e-06 1.23750999136973e-06 1.26957002066774e-06 1.3655100019605e-06 1.44750003983063e-06 1.54377005401329e-06 1.55739996898774e-06 1.50922994635039e-06 1.46256002153677e-06 1.41735995384806e-06 1.34694005282654e-06 1.2592900020536e-06 1.17710999347764e-06 1.10019004750939e-06
1.39861001002828e-07 1.46039994319835e-07 1.70899994600404e-07 2.33882005318264e-07 3.23629990361951e-07 4.38348990883242e-07 6.16628994976054e-07 9.12860002699745e-07 1.38983000397275e-06 2.07034008781193e-06 2.42751002588193e-06 2.60176989286265e-06 2.78855009128165e-06 2.9860000267945e-06 3.37747997036786e-06 3.85573002859019e-06 4.40765006715083e-06 4.89168996864464e-06 5.26495978192543e-06 0.0123859997838736 -3.4e+38 -3.4e+38 -3.4e+38 -3.4e+38 -3.4e+38 -3.4e+38 -3.4e+38 -3.4e+38 -3.4e+38 -3.4e+38 -3.4e+38 0.0026016600895673 1.40818997351744e-06 1.38907000746258e-06 1.47159005337016e-06 1.54371002736298e-06 1.55661996359413e-06 1.50777998442209e-06 1.46228001085547e-06 1.4173100453263e-06 1.33925004774937e-06 1.25292001484922e-06 1.17209003747121e-06 1.09379004697985e-06
1.88095000908106e-07 2.14414001220575e-07 2.49912005756414e-07 3.91370008401282e-07 5.97501980337256e-07 9.04768000964395e-07 1.35266998313455e-06 1.89588001830998e-06 2.63483002527209e-06 3.64822994924907e-06 3.97057010559365e-06 4.01829993279534e-06 4.06661001761677e-06 4.11548990086885e-06 4.4191001506988e-06 4.74577018394484e-06 5.05007983520045e-06 5.24468987350701e-06 0.0126599995419383 -3.4e+38 -3.4e+38 -3.4e+38 -3.4e+38 -3.4e+38 -3.4e+38 -3.4e+38 -3.4e+38 -3.4e+38 -3.4e+38 -3.4e+38 -3.4e+38 -3.4e+38 -3.4e+38 -3.4e+38 0.00334290997125208 0.00292696990072727 0.000344491010764614 0.000378733995603397 4.04364982387051e-05 1.4049100172997e-05 3.03427004837431e-05 1.61400002980372e-05 6.87315014147316e-06 1.90995001503325e-06
2.80805011243501e-07 3.29007008303961e-07 4.1979498632827e-07 6.68610994125629e-07 1.09345000964822e-06 1.81583004632557e-06 2.6303300728614e-06 3.39225994139269e-06 4.41990005128901e-06 5.72405997445458e-06 6.00885005042073e-06 5.86197984375758e-06 5.72299995837966e-06 5.58493002245086e-06 5.61409979127347e-06 5.5623800108151e-06 5.481660082296e-06 0.0126500995829701 -3.4e+38 -3.4e+38 -3.4e+38 -3.4e+38 -3.4e+38 -3.4e+38 -3.4e+38 -3.4e+38 -3.4e+38 -3.4e+38 -3.4e+38 -3.4e+38 -3.4e+38 -3.4e+38 -3.4e+38 -3.4e+38 -3.4e+38 -3.4e+38 -3.4e+38 -3.4e+38 -3.4e+38 -3.4e+38 -3.4e+38 -3.4e+38 -3.4e+38 -3.4e+38
4.42337011463678e-07 5.82053985453967e-07 7.6668999327012e-07 1.2587900073413e-06 2.0123200101807e-06 3.21725997309841e-06 4.47407001047395e-06 5.42286989002605e-06 6.59728993923636e-06 8.02802969701588e-06 8.21510002424475e-06 7.9661203926662e-06 7.61989986131084e-06 7.45271017876803e-06 6.86067005517543e-06 5.12332990183495e-05 0.0141033995896578 -3.4e+38 -3.4e+38 -3.4e+38 -3.4e+38 -3.4e+38 -3.4e+38 -3.4e+38 -3.4e+38 -3.4e+38 -3.4e+38 -3.4e+38 -3.4e+38 -3.4e+38 -3.4e+38 -3.4e+38 -3.4e+38 -3.4e+38 -3.4e+38 -3.4e+38 -3.4e+38 -3.4e+38 -3.4e+38 -3.4e+38 -3.4e+38 -3.4e+38 -3.4e+38 -3.4e+38
6.90563012994971e-07 9.9688600130321e-07 1.4667999721496e-06 2.35587003771798e-06 3.65681989933364e-06 5.68430004932452e-06 7.57334009904298e-06 8.64020967128454e-06 9.94595029624179e-06 1.13139003588003e-05 1.12884999907692e-05 1.09011998574715e-05 1.02520998552791e-05 9.79931974143256e-06 0.0220315996557474 -3.4e+38 -3.4e+38 -3.4e+38 -3.4e+38 -3.4e+38 -3.4e+38 -3.4e+38 -3.4e+38 -3.4e+38 -3.4e+38 -3.4e+38 -3.4e+38 -3.4e+38 -3.4e+38 -3.4e+38 -3.4e+38 -3.4e+38 -3.4e+38 -3.4e+38 -3.4e+38 -3.4e+38 -3.4e+38 -3.4e+38 -3.4e+38 -3.4e+38 -3.4e+38 -3.4e+38 -3.4e+38 -3.4e+38
1.20442996376369e-06 1.79159997060196e-06 2.65816993305634e-06 3.81346990252496e-06 5.48341995454393e-06 7.91744969319552e-06 9.9389299066388e-06 1.0867999662878e-05 1.18841999210417e-05 1.29960999402101e-05 1.24769003377878e-05 1.16165001600166e-05 1.4030500096851e-05 0.0226488001644611 -3.4e+38 -3.4e+38 -3.4e+38 -3.4e+38 -3.4e+38 -3.4e+38 -3.4e+38 -3.4e+38 -3.4e+38 -3.4e+38 -3.4e+38 -3.4e+38 -3.4e+38 -3.4e+38 -3.4e+38 -3.4e+38 -3.4e+38 -3.4e+38 -3.4e+38 -3.4e+38 -3.4e+38 -3.4e+38 -3.4e+38 -3.4e+38 -3.4e+38 -3.4e+38 -3.4e+38 -3.4e+38 -3.4e+38 -3.4e+38
2.09739005185838e-06 3.20491994898475e-06 4.66082019556779e-06 6.13906013313681e-06 8.28426982479868e-06 1.09640996015514e-05 1.29186000776826e-05 1.35609998324071e-05 1.42356002470478e-05 1.49439001688734e-05 1.38360001074034e-05 0.028506800532341 -3.4e+38 -3.4e+38 -3.4e+38 -3.4e+38 -3.4e+38 -3.4e+38 -3.4e+38 -3.4e+38 -3.4e+38 -3.4e+38 -3.4e+38 -3.4e+38 -3.4e+38 -3.4e+38 -3.4e+38 -3.4e+38 -3.4e+38 -3.4e+38 -3.4e+38 -3.4e+38 -3.4e+38 -3.4e+38 -3.4e+38 -3.4e+38 -3.4e+38 -3.4e+38 -3.4e+38 -3.4e+38 -3.4e+38 -3.4e+38 -3.4e+38 -3.4e+38
3.40666997544758e-06 5.01779004480341e-06 6.97847008268582e-06 8.8146598500316e-06 1.10049995782902e-05 1.36328999360558e-05 1.53985001816181e-05 1.57915001182118e-05 1.61945008585462e-05 0.03670259937644 -3.4e+38 -3.4e+38 -3.4e+38 -3.4e+38 -3.4e+38 -3.4e+38 -3.4e+38 -3.4e+38 -3.4e+38 -3.4e+38 -3.4e+38 -3.4e+38 -3.4e+38 -3.4e+38 -3.4e+38 -3.4e+38 -3.4e+38 -3.4e+38 -3.4e+38 -3.4e+38 -3.4e+38 -3.4e+38 -3.4e+38 -3.4e+38 -3.4e+38 -3.4e+38 -3.4e+38 -3.4e+38 -3.4e+38 -3.4e+38 -3.4e+38 -3.4e+38 -3.4e+38 -3.4e+38
5.1417000577203e-06 6.90388014845666e-06 9.09547998162452e-06 1.08146996353753e-05 1.29059999380843e-05 1.52977991092484e-05 1.68856004165718e-05 1.7210200894624e-05 0.0131002003327012 -3.4e+38 -3.4e+38 -3.4e+38 -3.4e+38 -3.4e+38 -3.4e+38 -3.4e+38 -3.4e+38 -3.4e+38 -3.4e+38 -3.4e+38 -3.4e+38 -3.4e+38 -3.4e+38 -3.4e+38 -3.4e+38 -3.4e+38 -3.4e+38 -3.4e+38 -3.4e+38 -3.4e+38 -3.4e+38 -3.4e+38 -3.4e+38 -3.4e+38 -3.4e+38 -3.4e+38 -3.4e+38 -3.4e+38 -3.4e+38 -3.4e+38 -3.4e+38 -3.4e+38 -3.4e+38 -3.4e+38
7.71544000599533e-06 9.64499031397281e-06 1.16633000288857e-05 1.33338999148691e-05 1.51371996253147e-05 1.71675001183758e-05 1.85495991900098e-05 1.88182002602844e-05 1.90833998203743e-05 0.0429316014051437 -3.4e+38 -3.4e+38 -3.4e+38 -3.4e+38 -3.4e+38 -3.4e+38 -3.4e+38 -3.4e+38 -3.4e+38 -3.4e+38 -3.4e+38 -3.4e+38 -3.4e+38 -3.4e+38 -3.4e+38 -3.4e+38 -3.4e+38 -3.4e+38 -3.4e+38 -3.4e+38 -3.4e+38 -3.4e+38 -3.4e+38 -3.4e+38 -3.4e+38 -3.4e+38 -3.4e+38 -3.4e+38 -3.4e+38 -3.4e+38 -3.4e+38 -3.4e+38 -3.4e+38 -3.4e+38
1.01342002380989e-05 1.19640999400872e-05 1.39605999720516e-05 1.56060996232554e-05 1.74730994331185e-05 1.96503006009152e-05 2.09591999009717e-05 2.11950991797494e-05 2.14337997022085e-05 2.16750995605253e-05 0.000782756018452346 0.0544661991298199 -3.4e+38 -3.4e+38 -3.4e+38 -3.4e+38 -3.4e+38 -3.4e+38 -3.4e+38 -3.4e+38 -3.4e+38 -3.4e+38 -3.4e+38 -3.4e+38 -3.4e+38 -3.4e+38 -3.4e+38 -3.4e+38 -3.4e+38 -3.4e+38 -3.4e+38 -3.4e+38 -3.4e+38 -3.4e+38 -3.4e+38 -3.4e+38 -3.4e+38 -3.4e+38 -3.4e+38 -3.4e+38 -3.4e+38 -3.4e+38 -3.4e+38 -3.4e+38
1.31574997794814e-05 1.4844899851596e-05 1.67190992215183e-05 1.84757991519291e-05 2.0290299289627e-05 2.24810992222046e-05 2.37790991377551e-05 2.38876000366872e-05 2.40478002524469e-05 2.42639998759842e-05 2.4578299417044e-05 2.50384000537451e-05 0.00120416004210711 0.0577642992138863 0.0604063011705875 -3.4e+38 -3.4e+38 -3.4e+38 -3.4e+38 -3.4e+38 -3.4e+38 -3.4e+38 -3.4e+38 -3.4e+38 -3.4e+38 -3.4e+38 -3.4e+38 -3.4e+38 -3.4e+38 -3.4e+38 -3.4e+38 -3.4e+38 -3.4e+38 -3.4e+38 -3.4e+38 -3.4e+38 -3.4e+38 -3.4e+38 -3.4e+38 -3.4e+38 -3.4e+38 -3.4e+38 -3.4e+38 -3.4e+38
