results/Predictions/Median/Langhian.asc
NCOLS 360 
NROWS 180 
XLLCORNER -180 
YLLCORNER -90 
CELLSIZE 1 
NODATA_value -3.4e+38 
[rows 0 to 18 of 180, columns 0 to 43 of 360]
0.000000032165701 3.21661985935862e-08 3.21666995262149e-08 3.21672004588436e-08 3.21693001126278e-08 3.21718012230576e-08 3.21743982567568e-08 3.21768993671867e-08 3.21804982661433e-08 3.21840012418306e-08 3.21876001407873e-08 3.2192801313613e-08 3.22027986499052e-08 3.2212899014894e-08 3.22228999038998e-08 3.22337996294664e-08 3.22456017443074e-08 3.22573008304516e-08 3.22689999165959e-08 3.22819992959467e-08 3.22954001319431e-08 3.23089004439225e-08 3.2322301279919e-08 3.23318012362961e-08 3.23412017166902e-08 3.23507016730673e-08 3.23610009900221e-08 3.23740003693729e-08 3.23869997487236e-08 3.23999991280743e-08 3.24102984450292e-08 3.24179012523018e-08 3.24255999828438e-08 3.24331992374027e-08 3.24372990689881e-08 3.2440098607367e-08 3.24430011744425e-08 3.24458007128214e-08 3.24385993621945e-08 3.24314015642813e-08 3.24241007376713e-08 3.24152011899059e-08 3.24011004693148e-08 3.23870992247066e-08
3.18248005726218e-08 3.18186010872523e-08 3.18124016018828e-08 3.18061985637996e-08 3.18031005974717e-08 3.18010009436875e-08 3.18002015831098e-08 3.18040989100155e-08 3.18098010154699e-08 3.18154995682107e-08 3.18212016736652e-08 3.18298987167509e-08 3.18477013649954e-08 3.18655004605262e-08 3.1883299556057e-08 3.19030988293889e-08 3.1924798804539e-08 3.19465982556721e-08 3.19682982308223e-08 3.1993199200997e-08 3.20190984837154e-08 3.20450013191476e-08 3.2071000077849e-08 3.2090799351181e-08 3.21107016532096e-08 3.21306004025246e-08 3.21521014257087e-08 3.21787005930219e-08 3.2205299760335e-08 3.22318989276482e-08 3.22536983787813e-08 3.22705986377514e-08 3.22874988967214e-08 3.23044986316745e-08 3.23143005687143e-08 3.23217008713073e-08 3.23291011739002e-08 3.23366009524761e-08 3.23244009337031e-08 3.23123003909132e-08 3.23001998481232e-08 3.22845998823595e-08 3.22582991429954e-08 3.22321014323279e-08
3.15857988653079e-08 3.1582601422997e-08 3.15794999039554e-08 3.15763983849138e-08 3.15765014136105e-08 3.15776986781202e-08 3.15788000193606e-08 3.15800008365841e-08 3.1582800374963e-08 3.15855999133419e-08 3.15883994517208e-08 3.15958992302967e-08 3.16173007774978e-08 3.16387982479682e-08 3.16601997951693e-08 3.16843014047663e-08 3.17110000480625e-08 3.17376986913587e-08 3.17645003633515e-08 3.17959987228278e-08 3.18290993561732e-08 3.18621999895186e-08 3.18954000988469e-08 3.19187982711355e-08 3.19422994721208e-08 3.19658006731061e-08 3.19924993164022e-08 3.20288009447722e-08 3.20650990204285e-08 3.21015001247815e-08 3.21312008111363e-08 3.21544000314589e-08 3.21774997757984e-08 3.2200698996121e-08 3.22149986686782e-08 3.22263993268734e-08 3.22377999850687e-08 3.2249200643264e-08 3.22328013169226e-08 3.22163984378676e-08 3.21998996355433e-08 3.21788995449879e-08 3.2144001238521e-08 3.21090993793405e-08
3.12174996963677e-08 3.11943999520281e-08 3.11713002076885e-08 3.1148200463349e-08 3.11333003821801e-08 3.1111500931047e-08 3.10852001916828e-08 3.10587999763356e-08 3.10461985009169e-08 3.10336005782119e-08 3.10209991027932e-08 3.10161993866132e-08 3.10349008714184e-08 3.10536982794929e-08 3.10723997642981e-08 3.1091701657715e-08 3.111160040703e-08 3.11314991563449e-08 3.11514014583736e-08 3.11768992844463e-08 3.12043013650509e-08 3.12316998929418e-08 3.12576986516433e-08 3.12854986361799e-08 3.13132986207165e-08 3.13410986052531e-08 3.13713002242366e-08 3.14086001651503e-08 3.14459995820471e-08 3.14834984749268e-08 3.15171000409009e-08 3.15469996792217e-08 3.15768993175425e-08 3.16067989558633e-08 3.1624001195496e-08 3.16368016228807e-08 3.16497015262485e-08 3.16626014296162e-08 3.16633013142109e-08 3.16639017228226e-08 3.16644985787207e-08 3.16617985163248e-08 3.16491011176367e-08 3.1636400166235e-08
3.0745898271789e-08 3.06803009664236e-08 3.06993008791778e-08 3.07184002679151e-08 3.06887990575433e-08 3.06635996594196e-08 3.06383007853128e-08 3.06131013871891e-08 3.06029015462173e-08 3.05925986765487e-08 3.05823988355769e-08 3.05760998742244e-08 3.05815994749992e-08 3.0587198551757e-08 3.05927017052454e-08 3.0596300604202e-08 3.05980982773235e-08 3.05998000271757e-08 3.06016012530108e-08 3.06045997433557e-08 3.06079996903463e-08 3.061149911332e-08 3.06148990603106e-08 3.06461984678208e-08 3.06376009007181e-08 3.06208001177311e-08 3.06034984021153e-08 3.0584200061412e-08 3.06500993474401e-08 3.07171994506916e-08 3.0782100424176e-08 3.08449017438761e-08 3.09078984628286e-08 3.09710017631915e-08 3.10044008244859e-08 3.10278984727574e-08 3.10514991497257e-08 3.10700016825649e-08 3.10884011867074e-08 3.11069001668329e-08 3.11253991469584e-08 3.11419015019965e-08 3.11525987228833e-08 3.11632000205009e-08
3.0567399278425e-08 3.05956007196073e-08 3.05695984081922e-08 3.05130001265752e-08 3.04716998300592e-08 3.04354017544028e-08 3.03991996020159e-08 3.03626990216799e-08 3.03383984601169e-08 3.03138989465879e-08 3.02893994330589e-08 3.02698985876759e-08 3.02653013761756e-08 3.02607006119615e-08 3.02560998477475e-08 3.02554994391357e-08 3.02587999101434e-08 3.0262199857134e-08 3.02655003281416e-08 3.02725986500718e-08 3.02807983132425e-08 3.02891010051098e-08 3.02974001442635e-08 3.03329983353251e-08 3.03686000791004e-08 3.04041982701619e-08 3.04422016483841e-08 3.04688008156973e-08 3.04348013457911e-08 3.04006988471883e-08 3.04183984667361e-08 3.05010985357512e-08 3.0584001109446e-08 3.06670990823932e-08 3.07070990857028e-08 3.07326999404722e-08 3.07584002712247e-08 3.07840011259941e-08 3.08165013507278e-08 3.08490015754614e-08 3.08816012761781e-08 3.09146983568098e-08 3.09387004904238e-08 3.09559986533259e-08
3.06364000834947e-08 3.05239993281248e-08 3.05657010812865e-08 3.05277012557781e-08 3.04772989068169e-08 3.04318987787155e-08 3.03854008620874e-08 3.03383984601169e-08 3.02921989714378e-08 3.02461984347246e-08 3.02002014507252e-08 3.01619991205371e-08 3.01457987461617e-08 3.01288984871917e-08 3.01121012569183e-08 3.01130000934791e-08 3.01318010542673e-08 3.01504989863588e-08 3.0169299947147e-08 3.01983007489071e-08 3.02308009736407e-08 3.02633011983744e-08 3.02958014231081e-08 3.03362988063327e-08 3.0376799742271e-08 3.04174001541924e-08 3.04623988256481e-08 3.04200007406052e-08 3.03602014639637e-08 3.04662002292844e-08 3.05803986577757e-08 3.06913996439562e-08 3.08026990580856e-08 3.08949985594609e-08 3.09290015820807e-08 3.09523997543693e-08 3.09758014793715e-08 3.09992991276431e-08 3.09973984258249e-08 3.09955012767205e-08 3.09936005749023e-08 3.0994101507531e-08 3.1001999190039e-08 3.10098009492776e-08
3.07481009542698e-08 3.06148990603106e-08 3.05076000017834e-08 3.05422993562843e-08 3.04830010122714e-08 3.05660989852186e-08 3.07794003617801e-08 3.03139984225709e-08 3.02459000067756e-08 3.01778015909804e-08 3.01100016031342e-08 3.00526004082258e-08 3.00264986208276e-08 2.99977003237473e-08 2.99686995219872e-08 2.99712006324171e-08 3.00052001023232e-08 3.00392990482123e-08 3.00734015468151e-08 3.01243012756913e-08 3.01808000813253e-08 3.02373983629423e-08 3.02941991492389e-08 3.03395992773403e-08 3.03850988814247e-08 3.04305984855091e-08 3.04567997488903e-08 3.03712006655132e-08 3.04479996771079e-08 3.05984002579862e-08 3.07433012380898e-08 3.08558014694427e-08 3.09382990337781e-08 3.10209991027932e-08 3.10624983512753e-08 3.10902983358119e-08 3.11179988443655e-08 3.11458983048851e-08 3.11254986229414e-08 3.11048999890318e-08 3.10834984418307e-08 3.10669996395063e-08 3.10653014423679e-08 3.10636991684987e-08
3.10743004661163e-08 3.10162988625962e-08 3.26825002616715e-08 3.53465985369894e-08 3.94155001970375e-08 3.87050000938416e-08 3.69327999294455e-08 3.44051009903978e-08 3.31374998552292e-08 3.24019993058755e-08 3.06676000150219e-08 3.04056015920651e-08 3.0359800007318e-08 3.03129006340441e-08 3.02661007367533e-08 3.02472997759651e-08 3.02566007803762e-08 3.02657987560906e-08 3.02750002845187e-08 3.03049993988225e-08 3.03419014358042e-08 3.03788993960552e-08 3.04159009090199e-08 3.04539007345284e-08 3.04919005600368e-08 3.05021998769917e-08 3.04429015329788e-08 3.04917016080708e-08 3.06763006108213e-08 3.08621004307952e-08 3.09617007587804e-08 3.10465004815796e-08 3.11313996803619e-08 3.12163983551272e-08 3.12473993346885e-08 3.12608001706849e-08 3.12741015306983e-08 3.12874988139811e-08 3.12985015682443e-08 3.13090993131482e-08 3.131929915412e-08 3.13254986394895e-08 3.1319398630103e-08 3.13132986207165e-08
3.26683995410804e-08 4.94489995617187e-08 1.85222006621188e-07 5.09854999108939e-07 6.59302997974009e-07 3.14238008058965e-07 1.05354999391238e-07 5.80384984516513e-08 4.93173999416285e-08 4.05050002427743e-08 3.50220012990121e-08 3.2952698347799e-08 3.07761993667555e-08 3.0510999948774e-08 3.05204999051512e-08 3.05258005539599e-08 3.05097991315506e-08 3.0493801261855e-08 3.04777998394457e-08 3.0486699387211e-08 3.05037985981471e-08 3.05209013617969e-08 3.05381000487159e-08 3.05609013651065e-08 3.05193985639107e-08 3.04779987914117e-08 3.04678984264228e-08 3.06864009758101e-08 3.09064986936392e-08 3.10465004815796e-08 3.11510000017279e-08 3.1238300834957e-08 3.13257011441692e-08 3.14127994727187e-08 3.14334016593421e-08 3.14322008421186e-08 3.14309005489122e-08 3.14296997316887e-08 3.14722008454282e-08 3.1514499454488e-08 3.15568016162615e-08 3.15860013699876e-08 3.15765014136105e-08 3.15767003655765e-08
2.68892999883974e-05 3.4763401345117e-05 2.31199992413167e-05 2.85544992948417e-05 2.03950003196951e-05 5.60990019948804e-06 1.71068995769019e-06 6.50305025828857e-07 2.85368003005715e-07 1.56512001581177e-07 7.35222016601256e-08 4.86396984911153e-08 4.09431990533449e-08 3.33936007734792e-08 3.10703001105139e-08 3.10174002038366e-08 3.09867012049381e-08 3.09558991773429e-08 3.09252001784444e-08 3.09155012701012e-08 3.09129006836883e-08 3.08996987996579e-08 3.08859000597295e-08 3.25077991192302e-08 3.25114015709005e-08 3.11063992342042e-08 3.09249017504953e-08 3.10818002446922e-08 3.11790984142135e-08 3.12766985643975e-08 3.13889003678014e-08 3.15156007957285e-08 3.16429016322672e-08 3.1770500896755e-08 3.17944994776553e-08 3.17839017327515e-08 3.17733004351339e-08 3.17626991375164e-08 3.17862003385017e-08 3.18098010154699e-08 3.18334016924382e-08 3.18505009033743e-08 3.19580983898504e-08 3.20321014157798e-08
7.40546965971589e-05 7.29550010873936e-05 7.32736007194035e-05 7.25915015209466e-05 4.38394999946468e-05 2.37413005379494e-05 1.05174003692809e-05 4.86350018036319e-06 2.70264990831492e-06 2.2055899080442e-06 1.70465000337572e-06 9.19182980396727e-07 6.159920076243e-07 1.80434000185414e-07 4.27945003877994e-08 3.29679004096306e-08 3.19958992633929e-08 3.27259002119717e-08 3.34629994824809e-08 3.67937005307795e-08 4.26496988836789e-08 5.14991000954979e-08 1.38874000299438e-07 3.02439985944147e-07 1.36224997504542e-07 4.52725004151944e-08 3.29490994488424e-08 3.15173984688499e-08 3.15401997852405e-08 3.1563001101631e-08 3.16762012175786e-08 3.18884012528997e-08 3.20863016156636e-08 3.22931015261929e-08 3.23343982699953e-08 3.23204005781008e-08 3.23063993334927e-08 3.22924016415982e-08 3.22447988310159e-08 3.21972990491304e-08 3.21498987432278e-08 3.21165991579164e-08 3.21253992296988e-08 3.21646993484137e-08
7.67564997659065e-05 7.62983036111109e-05 7.57840971346013e-05 7.52053019823506e-05 7.46422010706738e-05 6.46409971523099e-05 4.14735004596878e-05 2.54618007602403e-05 2.13117000384955e-05 2.11480000871234e-05 2.10980997508159e-05 2.68980002147146e-05 2.25171006604796e-05 1.60553991008783e-05 5.03488990943879e-06 1.02780995803187e-06 7.55039991418016e-07 7.31109025764454e-07 2.24092991629732e-06 7.46386012906441e-06 1.89548009075224e-05 4.47681995865423e-05 6.10556016908959e-05 2.87440998363309e-05 2.04704992938787e-05 8.84375026544149e-07 4.47729000541131e-08 3.19587982744451e-08 3.19053015118698e-08 3.18518011965807e-08 3.20050013158379e-08 3.22497015758927e-08 3.25354996277838e-08 3.28235003621558e-08 3.28826992301856e-08 3.28650990866208e-08 3.28475984190391e-08 3.27970006708256e-08 3.27092983809507e-08 3.25889999430728e-08 3.2469099409127e-08 3.23854010275682e-08 3.24090017045364e-08 3.2432598828791e-08
9.14523989195004e-05 8.862950198818e-05 8.6879103037063e-05 8.52711018524133e-05 8.46499970066361e-05 8.4870400314685e-05 8.47132032504305e-05 8.46629991428927e-05 8.29749988042749e-05 8.1192898505833e-05 7.82041024649516e-05 7.74818981881253e-05 7.63541029300541e-05 7.3587398219388e-05 7.03611003700644e-05 7.4172203312628e-05 7.53433996578678e-05 7.81190028646961e-05 7.70066981203854e-05 7.96738968347199e-05 8.11580976005644e-05 8.39433996588923e-05 7.99835979705676e-05 6.58053977531381e-05 3.85060011467431e-05 9.48000979406061e-06 1.12043998967692e-07 3.26093001490335e-08 3.16399990651917e-08 3.15772012982052e-08 3.17807007377269e-08 3.16751993523212e-08 3.13524992634484e-08 3.09666994269264e-08 3.1006798906219e-08 3.10036014639081e-08 3.07553982281661e-08 3.05652001486578e-08 3.06479996936559e-08 3.07875005489677e-08 3.09192991210239e-08 3.09557002253769e-08 3.09256016350901e-08 3.12059995621894e-08
0.000112816000182647 0.000110264998511411 0.000106988001789432 0.000103519996628165 0.00010355599806644 0.000105079998320434 0.000106232000689488 0.000107469997601584 0.000106514002254698 0.000105008999526035 0.000100698998721782 9.92679997580126e-05 9.78442985797301e-05 9.50959001784213e-05 9.39048986765556e-05 9.77044983301312e-05 9.95489026536234e-05 0.000100548000773415 9.88710016827099e-05 9.90924017969519e-05 9.73052010522224e-05 9.42436017794535e-05 8.82491003721952e-05 4.65732009615749e-05 3.94109993067104e-05 2.18853001570096e-05 2.5956398985727e-06 3.58447991288813e-08 3.54081990394661e-08 3.50169990781524e-08 3.4419599614921e-08 3.34806991020287e-08 3.20328013003746e-08 3.08099998846956e-08 3.11015995180242e-08 3.1875998729447e-08 3.24816014085627e-08 3.30898011213776e-08 3.26814983964141e-08 3.2371598734926e-08 3.20868984715617e-08 3.1612199080655e-08 3.10800984948401e-08 3.08117016345477e-08
0.000121716999274213 0.000120333999802824 0.000119156000437215 0.000117251998744905 0.000117839001177344 0.000120074000733439 0.000122679994092323 0.000124408004921861 0.00012445000174921 0.000124013997265138 0.000123200006783009 0.000120450000395067 0.000116964998596814 0.000114804002805613 0.000114242000563536 0.000116556999273598 0.000119497999548912 0.000119538002763875 0.000118465999548789 0.000115932998596691 0.000113150003016926 0.000108578002254944 0.000102170000900514 7.49262981116772e-05 7.05198981449939e-05 6.41359001747333e-05 5.26611984241754e-05 5.91877005717834e-06 1.10084997118065e-07 4.48858017421117e-08 3.62742014203832e-08 3.60242005115197e-08 3.59821008544259e-08 3.46253017369236e-08 3.56954004132604e-08 3.79639004677301e-08 3.99454016530854e-08 4.1919399507151e-08 4.16623002763572e-08 4.14067997667189e-08 4.11529015309497e-08 4.06910984906972e-08 3.96195005691879e-08 3.85762000121304e-08
0.000121985001896974 0.000122925994219258 0.000123953999718651 0.000124190002679825 0.000127870996948332 0.000132792993099429 0.00014085799921304 0.000146268997923471 0.000148594001075253 0.000146730002597906 0.000144848992931657 0.000142625998705626 0.000141487995279022 0.000139915006002411 0.000137524999445304 0.000137280003400519 0.000138732997584157 0.000139555995701812 0.000138724004500546 0.000137633003760129 0.000136695001856424 0.000135786001919769 0.000134229005197994 0.000122551005915739 0.000113907997729257 0.000100607001513708 9.26509019336663e-05 9.01914972928353e-05 8.8194698037114e-05 8.99953010957688e-05 9.07602006918751e-05 9.22706967685372e-05 9.17428988032043e-05 2.42367004830157e-05 1.72207001014613e-06 1.65714993727306e-07 6.64918999859765e-08 5.52305010614873e-08 5.56819017560883e-08 5.6136901349646e-08 5.65956987941263e-08 5.63968001188186e-08 5.42667990544032e-08 5.22171994532528e-08
-3.4e+38 -3.4e+38 -3.4e+38 -3.4e+38 -3.4e+38 0.000148494000313804 0.000155176006956026 0.000154155000927858 0.000155233996338211 0.000156979993334971 0.000153221000800841 0.000147701997775584 0.000149853003676981 0.000153561006300151 0.000153507993672974 0.000152360997162759 0.00015302500105463 0.000154253997607157 0.000157639995450154 0.000158180002472363 0.000157429996761493 0.000159995994181372 0.000163239004905336 -3.4e+38 -3.4e+38 -3.4e+38 -3.4e+38 -3.4e+38 -3.4e+38 -3.4e+38 -3.4e+38 -3.4e+38 0.000128675004816614 0.000123524005175568 0.000129216001369059 0.00014719100727234 0.00015388400061056 0.000158911992912181 0.000146755002788268 6.90239030518569e-05 2.87032999040093e-05 9.17976024084055e-08 2.8353699121908e-07 1.4469499376446e-07
-3.4e+38 -3.4e+38 -3.4e+38 -3.4e+38 -3.4e+38 -3.4e+38 -3.4e+38 -3.4e+38 0.000157287999172695 0.000157392001710832 0.000154061999637634 0.000147509999806061 0.000148492006701417 0.000149516999954358 0.000147804996231571 0.000149026993312873 0.00015312600589823 0.000158940005348995 0.000160180003149435 -3.4e+38 -3.4e+38 -3.4e+38 -3.4e+38 -3.4e+38 -3.4e+38 -3.4e+38 -3.4e+38 -3.4e+38 -3.4e+38 -3.4e+38 -3.4e+38 -3.4e+38 -3.4e+38 -3.4e+38 -3.4e+38 -3.4e+38 -3.4e+38 -3.4e+38 -3.4e+38 -3.4e+38 -3.4e+38 0.000156637994223274 0.000152230000821874 0.000146435995702632
