results/Predictions/Median/Langhian.asc
NCOLS 360 
NROWS 180 
XLLCORNER -180 
YLLCORNER -90 
CELLSIZE 1 
NODATA_value -3.4e+38 
[rows 133 to 151 of 180, columns 176 to 219 of 360]
1.42191001941683e-05 1.40840002131881e-05 1.39500998557196e-05 1.38175000756746e-05 1.37646002258407e-05 1.37812003231375e-05 1.3797700376017e-05 1.38142995638191e-05 1.39722997118952e-05 1.42109001899371e-05 1.44536998050171e-05 1.4696100151923e-05 1.48655999510083e-05 1.50141995618469e-05 1.5252900084306e-05 1.55851994350087e-05 1.59970004460774e-05 1.63978002092335e-05 1.68087008205475e-05 1.72556992765749e-05 1.77410001924727e-05 1.8197599274572e-05 1.86405995918903e-05 1.97114004549803e-05 2.09573991014622e-05 2.22433991439175e-05 2.36084997595754e-05 2.58222007687436e-05 2.81897991953883e-05 3.05598005070351e-05 3.28971000271849e-05 3.48182002198882e-05 3.70216002920642e-05 3.93494992749766e-05 4.07435982197057e-05 4.10975007980596e-05 4.14546011597849e-05 4.17636983911507e-05 4.09038002544548e-05 3.9605798519915e-05 3.83490005333442e-05 3.71126989193726e-05 3.56152013409883e-05 3.42751991411205e-05
1.00475999715854e-05 9.94010042631999e-06 9.83379959507147e-06 9.73588976194151e-06 9.68293988989899e-06 9.6812000265345e-06 9.68661970546236e-06 9.69318989518797e-06 9.79255037236726e-06 9.9243598015164e-06 1.0057899999083e-05 1.01933001133148e-05 1.03334996310878e-05 1.04757000372047e-05 1.06200996015104e-05 1.08370004454628e-05 1.11670997284818e-05 1.15071998152416e-05 1.18578000183334e-05 1.21890998343588e-05 1.25459000628325e-05 1.29939999169437e-05 1.34597003125236e-05 1.39032999868505e-05 1.43970000863192e-05 1.50608002513763e-05 1.56963997142157e-05 1.66561003425159e-05 1.76745998032857e-05 1.87554996955441e-05 1.98736997845117e-05 2.08575002034195e-05 2.18901004700456e-05 2.29737997869961e-05 2.35520001297118e-05 2.36354007938644e-05 2.37190997722792e-05 2.39180008065887e-05 2.34484996326501e-05 2.27726995944977e-05 2.20543006435037e-05 2.1356800061767e-05 2.0594299712684e-05 1.98956004169304e-05
7.32762009647558e-06 7.24670007912209e-06 7.16662998456741e-06 7.08737979948637e-06 7.04353988112416e-06 7.03375008015428e-06 7.02395982443704e-06 7.01416001902544e-06 7.07150002199342e-06 7.15200985723641e-06 7.23343009667587e-06 7.31576983525883e-06 7.40921996111865e-06 7.49807986721862e-06 7.59929980631568e-06 7.73362990003079e-06 7.92505034041824e-06 8.09196990303462e-06 8.28615975478897e-06 8.51065033202758e-06 8.7696198534104e-06 9.06081004359294e-06 9.33331011765404e-06 9.59033968683798e-06 9.85504993877839e-06 1.01544001154252e-05 1.04627997643547e-05 1.09696002255077e-05 1.15009997898596e-05 1.20514996524435e-05 1.25698998090229e-05 1.3051399946562e-05 1.35173004309763e-05 1.39672001751023e-05 1.42407998282579e-05 1.43143997775041e-05 1.43883999044192e-05 1.44627001645858e-05 1.42091002999223e-05 1.37990000439459e-05 1.33734001792618e-05 1.29610998556018e-05 1.25500000649481e-05 1.21519997264841e-05
5.46743012819206e-06 5.40719020136748e-06 5.34761011294904e-06 5.28253985976335e-06 5.23649987371755e-06 5.21725996804889e-06 5.20018011229695e-06 5.18511978953029e-06 5.1998999879288e-06 5.23099015481421e-06 5.26370013176347e-06 5.29355020262301e-06 5.35210983798606e-06 5.41161989531247e-06 5.47178979104501e-06 5.54500002181157e-06 5.66097014598199e-06 5.77935998080648e-06 5.90023000768269e-06 6.02791988058016e-06 6.17285013504443e-06 6.32314004178625e-06 6.48393006486003e-06 6.65509014652343e-06 6.83293001202401e-06 7.01574981576414e-06 7.20331991033163e-06 7.46131991036236e-06 7.72803014115198e-06 8.00335965323029e-06 8.27420990390237e-06 8.51001004775753e-06 8.77775983099127e-06 9.05429988051765e-06 9.20000002224697e-06 9.21141963772243e-06 9.22283015825087e-06 9.23420975595945e-06 9.07796038518427e-06 8.86690031620674e-06 8.6547097453149e-06 8.4672101365868e-06 8.28275005915202e-06 8.10207984613953e-06
4.05943001169362e-06 4.00492990593193e-06 3.95116012441576e-06 3.90111017622985e-06 3.86321016776492e-06 3.84054010282853e-06 3.82005009669228e-06 3.80020992452046e-06 3.79998004973459e-06 3.80627989216009e-06 3.81258996640099e-06 3.81891004508361e-06 3.85334988095565e-06 3.88809985452099e-06 3.92315996577963e-06 3.96509994970984e-06 4.03550984628964e-06 4.11293012803071e-06 4.19183015765157e-06 4.28482007919229e-06 4.3783202272607e-06 4.46456988356658e-06 4.56071984444861e-06 4.68605003334233e-06 4.83268013340421e-06 4.98041981700226e-06 5.114869964018e-06 5.24037977811531e-06 5.36897005076753e-06 5.50072991245543e-06 5.62644981982885e-06 5.72674980503507e-06 5.82883012612001e-06 5.93995991948759e-06 5.995419996907e-06 5.99601980866282e-06 5.99661007072427e-06 5.99720988248009e-06 5.92719015912735e-06 5.83491009820136e-06 5.7392799135414e-06 5.64664014746086e-06 5.57780003873631e-06 5.49962987861363e-06
3.13368991555762e-06 3.09165989165194e-06 3.0501998935506e-06 3.00928991237015e-06 2.9796899525536e-06 2.9610800993396e-06 2.94258006761083e-06 2.9242000891827e-06 2.92015988634375e-06 2.9208899832156e-06 2.92162008008745e-06 2.92234994958562e-06 2.94443998427596e-06 2.96767007057497e-06 2.99108000945125e-06 3.02019998343894e-06 3.06643005387741e-06 3.11335998048889e-06 3.16102000397223e-06 3.21828997584817e-06 3.2805598948471e-06 3.34007995661523e-06 3.40069004778343e-06 3.47380000675912e-06 3.55238989868667e-06 3.63276990356098e-06 3.71498003914894e-06 3.80902997676458e-06 3.90885998058366e-06 4.01320994569687e-06 4.11201017413987e-06 4.17915998696117e-06 4.23995015808032e-06 4.30163981945952e-06 4.33654986409238e-06 4.34401999882539e-06 4.35151014244184e-06 4.35899983131094e-06 4.33119021181483e-06 4.29192004958168e-06 4.25301004725043e-06 4.2144702092628e-06 4.17519004258793e-06 4.12580993724987e-06
2.41264001488162e-06 2.38150005316129e-06 2.35076004173607e-06 2.32041998060595e-06 2.29795000450395e-06 2.2830099624116e-06 2.26788006330025e-06 2.25284998123243e-06 2.2471799638879e-06 2.24461996367609e-06 2.24204995902255e-06 2.23948995881074e-06 2.24961991079908e-06 2.25973008127767e-06 2.27039004130347e-06 2.2847700620332e-06 2.30951991397887e-06 2.33454011322465e-06 2.35983998209122e-06 2.39131009038829e-06 2.42921009885322e-06 2.46866011366365e-06 2.51141000262578e-06 2.56461999015301e-06 2.62226990344061e-06 2.6812199394044e-06 2.74149010692781e-06 2.8039401058777e-06 2.86775002678041e-06 2.93301991405315e-06 2.99428006655944e-06 3.03857996186707e-06 3.07923005493649e-06 3.12041993311141e-06 3.1475899504585e-06 3.16035993819241e-06 3.17317994813493e-06 3.18604998028604e-06 3.18005004373845e-06 3.16780005960027e-06 3.15413990392699e-06 3.13679993269034e-06 3.10840005113278e-06 3.08025005324453e-06
1.91962999451789e-06 1.90031005331548e-06 1.87854004707333e-06 1.85547003184183e-06 1.83837005351961e-06 1.82796998160484e-06 1.81764005446894e-06 1.8073600358548e-06 1.80228005319805e-06 1.79907999608986e-06 1.79588005266851e-06 1.79269000000204e-06 1.79977996594971e-06 1.80689005446766e-06 1.81403004262393e-06 1.82309997853736e-06 1.83793997621251e-06 1.8529000271883e-06 1.86798001777788e-06 1.88737999451405e-06 1.91123990589404e-06 1.93383993973839e-06 1.95376992451202e-06 1.9810900084849e-06 2.01122998078063e-06 2.04182993002178e-06 2.07755010706023e-06 2.1223700059636e-06 2.16530997931841e-06 2.2022400116839e-06 2.23697998080752e-06 2.26605993702833e-06 2.29624993153266e-06 2.32684010370576e-06 2.34882008953718e-06 2.36197001868277e-06 2.37517997447867e-06 2.38845996136661e-06 2.38990992329491e-06 2.38738994084997e-06 2.38487996284675e-06 2.38235998040182e-06 2.36833989220031e-06 2.35439006246452e-06
1.55231998633099e-06 1.5372399957414e-06 1.52230995809077e-06 1.50752998706594e-06 1.4963000012358e-06 1.48854996950831e-06 1.48083995554771e-06 1.47316995935398e-06 1.47099001424067e-06 1.47062996802561e-06 1.47027003549738e-06 1.46990998928231e-06 1.47653997828456e-06 1.48320998505369e-06 1.48990000070626e-06 1.49744005284447e-06 1.50579001001461e-06 1.51418998939334e-06 1.52262998653896e-06 1.53290000071138e-06 1.54503004523576e-06 1.559759994052e-06 1.577450007062e-06 1.60313004471391e-06 1.63188997248653e-06 1.6611500086583e-06 1.6909499436224e-06 1.71918998148612e-06 1.74410001818615e-06 1.76817002284224e-06 1.79055996341049e-06 1.80714005182381e-06 1.82386997948925e-06 1.84074997378048e-06 1.85403996511013e-06 1.86365002718958e-06 1.8733200022325e-06 1.88302999504231e-06 1.88693002201035e-06 1.88886997420923e-06 1.89082004453667e-06 1.89277000117727e-06 1.88928004263289e-06 1.88580997928511e-06
1.25275005302683e-06 1.24317000427254e-06 1.23364998216857e-06 1.22420999559836e-06 1.21647997275431e-06 1.21044001843984e-06 1.20441995932197e-06 1.19844003165781e-06 1.19715002711018e-06 1.19741002890805e-06 1.19767003070592e-06 1.19792002806207e-06 1.203540023198e-06 1.20918002721737e-06 1.21484004012018e-06 1.2207999589009e-06 1.22759001897066e-06 1.23440997867874e-06 1.24127996059542e-06 1.24992004657543e-06 1.26038003145368e-06 1.27092005186569e-06 1.28156000300805e-06 1.29848001506616e-06 1.31773003886337e-06 1.33725995965506e-06 1.35709001369833e-06 1.37357994844933e-06 1.38729001264437e-06 1.40113002089493e-06 1.41384998642025e-06 1.42287001381192e-06 1.43747001857264e-06 1.45324997902208e-06 1.46724005389842e-06 1.47938999361941e-06 1.49163997775759e-06 1.50400001075468e-06 1.51092001487996e-06 1.51603001086187e-06 1.5211500112855e-06 1.52630002503429e-06 1.52739994518925e-06 1.52850998347276e-06
1.05156004792661e-06 1.04363004993502e-06 1.03574996046518e-06 1.02788999356562e-06 1.0219999921901e-06 1.0180699518969e-06 1.01416003417398e-06 1.01026000720594e-06 1.00967997695989e-06 1.01019998055563e-06 1.01072998859308e-06 1.01124999218882e-06 1.01555997389369e-06 1.01987996004027e-06 1.02421995507029e-06 1.02881995189819e-06 1.03418994967797e-06 1.03958996078291e-06 1.045019985213e-06 1.0520000159886e-06 1.06057996163145e-06 1.06924005649489e-06 1.07795995063498e-06 1.09013001292624e-06 1.10358996607829e-06 1.11720999029785e-06 1.13099997633981e-06 1.14425995434431e-06 1.15768000341632e-06 1.17125000542728e-06 1.1841200375784e-06 1.19450999136461e-06 1.20497998068458e-06 1.21555001442175e-06 1.2250100098754e-06 1.23333995816211e-06 1.24173004678596e-06 1.24832001802133e-06 1.25173005471879e-06 1.25419001051341e-06 1.25664996630803e-06 1.25912004023121e-06 1.26120994536905e-06 1.263289959752e-06
8.78391972491954e-07 8.71408019520459e-07 8.64478977291583e-07 8.57605016335583e-07 8.53002973144612e-07 8.50636013183248e-07 8.48275988118985e-07 8.45921988457121e-07 8.45852014208504e-07 8.46543002808176e-07 8.47233991407847e-07 8.47926003189059e-07 8.51399988732737e-07 8.54888014600874e-07 8.58390990288171e-07 8.62171020798996e-07 8.66759990003629e-07 8.7137402715598e-07 8.76011995387671e-07 8.82016024661425e-07 8.89413001914363e-07 8.96873018518818e-07 9.04394994449831e-07 9.13312021566526e-07 9.2276599161778e-07 9.32318016566569e-07 9.41969972245715e-07 9.5187999704649e-07 9.61289970291546e-07 9.70733026406378e-07 9.79700985226373e-07 9.87039015853952e-07 9.94431047729449e-07 1.00188003671065e-06 1.00856004792149e-06 1.01446994449361e-06 1.02040996807773e-06 1.02639000942872e-06 1.03139996099344e-06 1.03610000223853e-06 1.04082005236705e-06 1.0455700021339e-06 1.05024003005383e-06 1.05493995761208e-06
7.39752977096941e-07 7.34510024358315e-07 7.29304986180068e-07 7.2413598672938e-07 7.20984985491668e-07 7.19822992323316e-07 7.18664011856163e-07 7.1750599772713e-07 7.1801798640081e-07 7.19088006917445e-07 7.20158993772202e-07 7.21232026990037e-07 7.23939990621147e-07 7.26658981875516e-07 7.29387977571605e-07 7.32337980480224e-07 7.35934975182317e-07 7.39549989248189e-07 7.4369097546878e-07 7.48938020933565e-07 7.55157998355571e-07 7.61429987505835e-07 7.67753022046236e-07 7.74422971971944e-07 7.81249980263965e-07 7.88137015206303e-07 7.95084019955539e-07 8.0214999798045e-07 8.09279015356879e-07 8.16471015241405e-07 8.23322977794305e-07 8.2881200569318e-07 8.34180013953301e-07 8.3958298091602e-07 8.44516023335018e-07 8.48969989419857e-07 8.53448000270873e-07 8.57949999044649e-07 8.61872024415788e-07 8.65609024458536e-07 8.69363020683522e-07 8.73132023571088e-07 8.77913976182754e-07 8.82722019923676e-07
6.34869024906948e-07 6.30514023214346e-07 6.26188011665363e-07 6.21892013441538e-07 6.19156992343051e-07 6.17658997725812e-07 6.16164015809773e-07 6.14673979271174e-07 6.15576993823197e-07 6.17282012171927e-07 6.18991009559977e-07 6.20705975507008e-07 6.23604023530788e-07 6.2651599819219e-07 6.2944098999651e-07 6.326130232992e-07 6.36502022643981e-07 6.40413986729982e-07 6.443510187637e-07 6.48691013793723e-07 6.53156007501821e-07 6.57651980873197e-07 6.62874015233683e-07 6.68431994199636e-07 6.74036982672988e-07 6.79688980653737e-07 6.85389011323423e-07 6.90568981553952e-07 6.95674998496543e-07 7.00249984220136e-07 7.04680985563755e-07 7.08618017597473e-07 7.12576991190872e-07 7.16558986368909e-07 7.20273021670437e-07 7.23716027550836e-07 7.27175006431935e-07 7.30650981495273e-07 7.3390799570916e-07 7.37102027414949e-07 7.40309019420238e-07 7.43531018088106e-07 7.4736897204275e-07 7.51228014905791e-07
5.44874012575747e-07 5.41258998509875e-07 5.37667972366762e-07 5.34100990989828e-07 5.32008016307373e-07 5.31371995293739e-07 5.30735974280105e-07 5.30100976448011e-07 5.31371995293739e-07 5.33283014192421e-07 5.35184994987503e-07 5.36910988557793e-07 5.39458994808228e-07 5.42020018201583e-07 5.44592012374778e-07 5.47407978501724e-07 5.50936988474859e-07 5.54487996851094e-07 5.58062993150088e-07 5.61838021440053e-07 5.65818993436551e-07 5.69827989238547e-07 5.73865008846042e-07 5.77887988129078e-07 5.81925007736572e-07 5.86177975492319e-07 5.90567992730939e-07 5.93558013406437e-07 5.96596009927453e-07 5.99868997142039e-07 6.0304097360131e-07 6.05875015935453e-07 6.08720995387557e-07 6.11581981502241e-07 6.14328996562108e-07 6.16961983723741e-07 6.19605998508632e-07 6.22260984073364e-07 6.24965025508573e-07 6.27694021204661e-07 6.30435010862129e-07 6.33187994480977e-07 6.36259017028351e-07 6.39344023056765e-07
4.65493002366202e-07 4.63149007146058e-07 4.60817005887293e-07 4.58496998589908e-07 4.57556012634086e-07 4.57987994195719e-07 4.58419009419231e-07 4.58852014162403e-07 4.60795007484194e-07 4.63253996940693e-07 4.65725008780282e-07 4.68210004100911e-07 4.71291002668295e-07 4.74392010119118e-07 4.7751302645338e-07 4.80835012695024e-07 4.84722022520145e-07 4.88640978346666e-07 4.92591993861424e-07 4.96637994729099e-07 5.00780004131229e-07 5.04957995417499e-07 5.09169979068247e-07 5.12963026721991e-07 5.16633008373901e-07 5.2032902431165e-07 5.24051017691818e-07 5.27168992903171e-07 5.30633997186669e-07 5.3354898454927e-07 5.36184018073982e-07 5.38381982551073e-07 5.40588018793642e-07 5.42804002634512e-07 5.44842009730928e-07 5.46701016901352e-07 5.48567015812296e-07 5.5043898328222e-07 5.52079995941313e-07 5.53645975287509e-07 5.55217013697984e-07 5.5679197430436e-07 5.59307977709977e-07 5.61835008738854e-07
3.97688012299113e-07 3.96322008100469e-07 3.94960011362855e-07 3.9360401160593e-07 3.93531990994234e-07 3.94745995890844e-07 3.95964008248484e-07 3.97185004885614e-07 3.99599002776085e-07 4.03173999075079e-07 4.0634799347572e-07 4.09228988473842e-07 4.12761011148177e-07 4.16324013485792e-07 4.19917000726855e-07 4.23622992684614e-07 4.2760700580402e-07 4.31628990327226e-07 4.3568800833782e-07 4.39887003267359e-07 4.44227993057211e-07 4.48613008074972e-07 4.53040001957561e-07 4.56852006891495e-07 4.60474012697887e-07 4.64125008647898e-07 4.67804994741527e-07 4.70543000119505e-07 4.73175987281138e-07 4.7582298634552e-07 4.78297010886308e-07 4.8021701104517e-07 4.82145026126091e-07 4.84079976104113e-07 4.85776979530783e-07 4.87451018216234e-07 4.8926301587926e-07 4.90783975237719e-07 4.91858997975214e-07 4.92784010930336e-07 4.93711979743239e-07 4.94640971737681e-07 4.96901975566288e-07 4.99172017498495e-07
3.49900005858217e-07 3.49306986890952e-07 3.48713996345396e-07 3.481229953195e-07 3.48588002907491e-07 3.50113992908518e-07 3.51647003071776e-07 3.53186010215722e-07 3.55985008582138e-07 3.59806989536082e-07 3.62865989700367e-07 3.65950000968951e-07 3.69816007150803e-07 3.73869994518827e-07 3.7796900187459e-07 3.82182008706877e-07 3.86651009876005e-07 3.9117298911151e-07 3.95667001384936e-07 3.99693988129002e-07 4.03705001872368e-07 4.07756999720732e-07 4.11848986914265e-07 4.15419009414109e-07 4.18831007209519e-07 4.22271000388719e-07 4.25738988951707e-07 4.2787399934241e-07 4.30020008934662e-07 4.32175994546924e-07 4.34277012573148e-07 4.3618700829029e-07 4.38106013689321e-07 4.40034000348533e-07 4.41465999756474e-07 4.42395986510746e-07 4.43328985966218e-07 4.4426300860323e-07 4.45006008931159e-07 4.45684008809621e-07 4.46363003447914e-07 4.47043987605866e-07 4.49574002914233e-07 4.52211992296725e-07
3.16109009190768e-07 3.16485994744653e-07 3.16864003480077e-07 3.17242012215502e-07 3.18327010973007e-07 3.20128009434484e-07 3.2193901233768e-07 3.24697992937217e-07 3.27950999690074e-07 3.31102000927785e-07 3.34282987068946e-07 3.37495009716804e-07 3.4103499046978e-07 3.44795012097165e-07 3.48834987562441e-07 3.5301098932905e-07 3.57505001602476e-07 3.6205699416314e-07 3.66659008932402e-07 3.70950999695197e-07 3.74932000113404e-07 3.78782004872846e-07 3.82391988296149e-07 3.85731993901572e-07 3.88999012557179e-07 3.92293998174864e-07 3.95617007598048e-07 3.96995005758072e-07 3.98378006138955e-07 3.99766008740698e-07 4.01335995547925e-07 4.03444005314668e-07 4.05564009042791e-07 4.07695011972464e-07 4.0903299236561e-07 4.09350008112597e-07 4.09666995437874e-07 4.09985005944691e-07 4.10534994443879e-07 4.11255001608879e-07 4.12021989859568e-07 4.12789006531966e-07 4.1538399386809e-07 4.18365999621528e-07
