results/Predictions/Median/Langhian.asc
NCOLS 360 
NROWS 180 
XLLCORNER -180 
YLLCORNER -90 
CELLSIZE 1 
NODATA_value -3.4e+38 
[rows 114 to 132 of 180, columns 220 to 263 of 360]
0.000515953986905515 0.00137970002833754 0.528466999530792 -3.4e+38 -3.4e+38 0.515657007694244 0.000456957990536466 0.000477867986774072 0.000512894010171294 0.000518358021508902 0.000518883985932916 0.000519167981110513 0.000519348017405719 0.000518888002261519 0.000518354994710535 0.000518841028679162 0.000523699971381575 0.000524754985235631 0.000523712020367384 0.000522673013620079 0.00052126101218164 0.000519481021910906 0.000519483000971377 0.000520050001796335 0.000520305999089032 0.000520457979291677 0.000520609028171748 0.000520757981576025 0.000520499015692621 0.000520233996212482 0.000519961991813034 0.000519577995873988 0.000518872984685004 0.000518159999046475 0.000514667015522718 0.00051073997747153 0.000506518990732729 0.000502333976328373 0.000498184992466122 0.000494112027809024 0.000490087026264518 0.000481816008687019 0.000478745001601055 0.000477141991723329
0.000511760998051614 0.000501920003443956 0.535709977149963 -3.4e+38 -3.4e+38 0.0121889999136329 0.000470380997285247 0.000488512974698097 0.000520988018251956 0.000521300011314452 0.000519560009706765 0.000518206972628832 0.000516794971190393 0.000515811028890312 0.000514801999088377 0.000514735002070665 0.000518300978001207 0.000520053028594702 0.000521812005899847 0.000523578026331961 0.000523734022863209 0.000522396992892027 0.00052106601651758 0.000520068977493793 0.000520394009072334 0.000520628003869206 0.000520861998666078 0.00052109599346295 0.000520711997523904 0.000520328001584858 0.000519944995176047 0.000519459019415081 0.00051716499729082 0.000513434002641588 0.000509731995407492 0.000505746982526034 0.000501486007124186 0.000497261993587017 0.000493075989652425 0.000483909010654315 0.000480032991617918 0.00047472701407969 0.000468098995042965 0.000460960000054911
0.000520044995937496 0.000517570995725691 0.459450006484985 -3.4e+38 0.545152008533478 0.357122987508774 0.000517610984388739 0.000523658993188292 0.000542866997420788 0.000539575994480401 0.000525316980201751 0.00052191800205037 0.00051854201592505 0.000518214015755802 0.000517887005116791 0.00051756197353825 0.000517503009177744 0.000518244982231408 0.000518987013492733 0.000519731023814529 0.00052150699775666 0.000521818990819156 0.000521785987075418 0.000522461021319032 0.000522737973369658 0.00052288401639089 0.000523029011674225 0.000523174996487796 0.000522907008416951 0.000521046982612461 0.000517696025781333 0.000512927013915032 0.000510354992002249 0.000506751995999366 0.000502709997817874 0.000498517998494208 0.000494180014356971 0.000486509001348168 0.000482736009871587 0.00047810300020501 0.000468159007141367 0.000456756009953097 0.000447043013991788 0.00043852100498043
0.000536424980964512 0.000545381975825876 0.000552521029021591 0.556095004081726 0.0254171006381512 0.000564605987165123 0.000566233997233212 0.000566800008527935 0.000566051981877536 0.000549044983927161 0.000542790978215635 0.000528177013620734 0.000520947971381247 0.000523501017596573 0.00052283302647993 0.000522168003953993 0.000521850015502423 0.000522573012858629 0.000523296010214835 0.00052247999701649 0.00052169500850141 0.000522013986483216 0.000522423011716455 0.000522831978742033 0.000522878021001816 0.000522096990607679 0.000519878987688571 0.00051766901742667 0.000515312014613301 0.000512965023517609 0.000510152021888644 0.000505739008076489 0.000502674025483429 0.000498780980706215 0.000494917971082032 0.000490860024001449 0.000485319993458688 0.000479153997730464 0.000469343009172007 0.000457693007774651 0.000446449004812166 0.000435366004239768 0.000424491008743644 0.000410187989473343
0.000528310018125921 0.000531051016878337 0.000535611994564533 0.000607775000389665 0.000548283976968378 0.000548455980606377 0.000547774019651115 0.000547092000488192 0.000546412018593401 0.000539507018402219 0.000531497003976256 0.000523456023074687 0.000515430001541972 0.000518286018632352 0.000520440982654691 0.000520467991009355 0.000518898013979197 0.000519261986482888 0.000518538989126682 0.000517164007760584 0.000516569009050727 0.00051658897427842 0.000516608008183539 0.000516627973411232 0.000516380998305976 0.000513817998580635 0.00050900800852105 0.000503143994137645 0.000500454974826425 0.000497783999890089 0.000495127984322608 0.000492367020342499 0.000486501987325028 0.000481402996229008 0.000472593994345516 0.000459970004158095 0.000449635001132265 0.000439599010860547 0.000435624009696767 0.000424917991040275 0.000410148990340531 0.000401105993660167 0.000392187997931615 0.000383428996428847
0.000512531027197838 0.000521940004546195 0.000526722986251116 0.00052684498950839 0.000532953999936581 0.000534028979018331 0.000530035002157092 0.000526412972249091 0.000527604017406702 0.000526917981915176 0.000525609997566789 0.000516915984917432 0.00050503300735727 0.000511447025928646 0.000510687008500099 0.000510259997099638 0.000511716993059963 0.000512010999955237 0.000512305006850511 0.000512077996972948 0.000509803008753806 0.000508153985720128 0.000504966010339558 0.000499590008985251 0.000491407001391053 0.000490065023768693 0.000488983991090208 0.000485905009554699 0.000482570991152897 0.000478014990221709 0.000470750994281843 0.000458452006569132 0.000448330014478415 0.000439166004071012 0.000433078006608412 0.000424853002186865 0.000414220005040988 0.000403852987801656 0.000396668998291716 0.000388190994272009 0.000383344013243914 0.000368795997928828 0.000362066988600418 0.000357323006028309
0.000497348024509847 0.000500070978887379 0.000509335019160062 0.000519282009918243 0.000524647999554873 0.00052566098747775 0.000522713002283126 0.000518948014359921 0.000513010018039495 0.000509658013470471 0.000505951989907771 0.000498635985422879 0.000495324027724564 0.000497644010465592 0.000499902991577983 0.000502174021676183 0.000503582006786019 0.000505043019074947 0.000501914008054882 0.000496336026117206 0.000489634985569865 0.000488968973513693 0.000486662989715114 0.000480841990793124 0.00047391199041158 0.000469788996269926 0.000462522992165759 0.000456125009804964 0.000447433005319908 0.000438958988524973 0.000425739010097459 0.000420705997385085 0.000413128989748657 0.000404766004066914 0.000395479990402237 0.000386420986615121 0.000377891992684454 0.000369551999028772 0.000361398007953539 0.000351577007677406 0.000343652005540207 0.000337673001922667 0.000330809009028599 0.000325255008647218
0.000475214998004958 0.000482103991089389 0.000487937009893358 0.000492452993057668 0.000499136978760362 0.00050016597378999 0.000498018984217197 0.000493719009682536 0.000490499020088464 0.000486562988953665 0.00048107499605976 0.000479351001558825 0.000479114998597652 0.000477096007671207 0.000481769006000832 0.0004827190132346 0.000484821997815743 0.00048156498814933 0.000485054013552144 0.000475873006507754 0.000475445995107293 0.000469711987534538 0.000460534996818751 0.000450058985734358 0.000440600997535512 0.000431700987974182 0.00042298500193283 0.000414450012613088 0.00040582098881714 0.000396691000787541 0.000386566011002287 0.000377699994714931 0.000367086002370343 0.000356770004145801 0.000347613007761538 0.000339530990459025 0.000331594987073913 0.000324380991514772 0.000316279008984566 0.000309550989186391 0.000303203007206321 0.000297104998026043 0.000294538011075929 0.000289485004032031
0.000450037012342364 0.000458725000498816 0.00046236498747021 0.000466372992377728 0.000471156003186479 0.000471943989396095 0.000470475992187858 0.000471593986731023 0.000470564002171159 0.000469049991806969 0.00046704598935321 0.000464695011032745 0.000462355994386598 0.000462680007331073 0.000462239986518398 0.00046636798651889 0.000467664009192958 0.000462895986856893 0.00046299901441671 0.000461443007225171 0.00045136600965634 0.000441068987129256 0.000429873005487025 0.000415435992181301 0.000404752005124465 0.00039435300277546 0.00038422699435614 0.000373663002392277 0.00036118199932389 0.000349058012943715 0.000336852011969313 0.00032638999982737 0.000318322010571137 0.000309582013869658 0.00030343298567459 0.000296274985885248 0.000287626986391842 0.000283689005300403 0.000278080988209695 0.000274355988949537 0.000269457988906652 0.000265328999375924 0.000260280008660629 0.000255157006904483
0.000430863990914077 0.000439182011177763 0.000441704993136227 0.000442532007582486 0.000445638987002894 0.000446849007857963 0.000445257988758385 0.000443672004621476 0.000442093005403876 0.000440676987636834 0.00043981900671497 0.000439058989286423 0.000438301009126008 0.000437167997006327 0.000438460003351793 0.000442188989836723 0.000442872988060117 0.000438038987340406 0.000435363006545231 0.000425212987465784 0.000418843992520124 0.000407757994253188 0.000397257012082264 0.000386491999961436 0.000373990013031289 0.000362051010597497 0.000350804999470711 0.000339582999004051 0.000325903005432338 0.000312081014271826 0.000301079009659588 0.000292459997581318 0.000285813992377371 0.000276320992270485 0.000268858013441786 0.000261323002632707 0.000253909005550668 0.000246523995883763 0.000239688000874594 0.000234311999520287 0.000230129997362383 0.00022521500068251 0.000220100002479739 0.000216312997508794
0.000415901013184339 0.000413809000747278 0.00041637200047262 0.000417594012105837 0.000417028000811115 0.000417378003476188 0.000416366994613782 0.00041536201024428 0.000415293005062267 0.000414721987908706 0.000413986010244116 0.000413250993005931 0.000413867004681379 0.000410203007049859 0.000409395986935124 0.000408187013817951 0.000408491003327072 0.000405633996706456 0.000401730998419225 0.000396209012251347 0.000385007995646447 0.000377438002033159 0.000367942004231736 0.000357767014065757 0.000345865992130712 0.00033189301029779 0.00032205501338467 0.000308621005387977 0.000296532001812011 0.000285302987322211 0.000275306985713542 0.000266334012849256 0.000257159990724176 0.000244789989665151 0.000236474006669596 0.000227505006478168 0.000221091002458706 0.000214907006011344 0.000207188000786118 0.000201970993657596 0.000197101006051525 0.000191686995094642 0.000187237004865892 0.000183890006155707
0.000391140987630934 0.000390222994610667 0.000393202994018793 0.000393230002373457 0.000391839013900608 0.000392252986785024 0.000392171001294628 0.000392088986700401 0.000391336012398824 0.000390249013435096 0.000389155000448227 0.000389716005884111 0.000389469001675025 0.000385421997634694 0.000378157012164593 0.000371622008970007 0.000364642997737974 0.000360633013769984 0.000354580988641828 0.000350908987456933 0.000344155007041991 0.000338752986863256 0.000331694987835363 0.000323935993947089 0.000314286007778719 0.000303225999232382 0.000292829994577914 0.00028320899582468 0.000272806995781139 0.000261509994743392 0.000251865014433861 0.000239941000472754 0.000230484001804143 0.000219541994738393 0.000212156999623403 0.000204627998755313 0.000197321001905948 0.000189536003745161 0.000181184004759416 0.000175217006471939 0.000169406994245946 0.000163064993103035 0.000158391005243175 0.000155278001329862
0.000368862005416304 0.000361757003702223 0.000359058001777157 0.000356380012817681 0.000354826013790444 0.000352780014509335 0.00035022699739784 0.000347866007359698 0.000345965003361925 0.000343772990163416 0.000341442006174475 0.000339626014465466 0.000336758006596938 0.000331841991283 0.000327029993059114 0.000322034989949316 0.000317867990816012 0.000314267002977431 0.000311240990413353 0.000307139998767525 0.000303373002680019 0.000300090992823243 0.000295537989586592 0.000290856987703592 0.000284315989119932 0.000274802994681522 0.000269373005721718 0.000262206012848765 0.000251897989073768 0.000237774002016522 0.000230940000619739 0.000219175999518484 0.000209395002457313 0.000201328002731316 0.000193073006812483 0.000181569994310848 0.000173462001839653 0.000166858997545205 0.000159507006173953 0.000153301007230766 0.000147280006785877 0.000140702002681792 0.000134590998641215 0.000130444997921586
0.000330404989654198 0.000322900013998151 0.000317522004479542 0.000312594987917691 0.000307220994727686 0.000303632987197489 0.000299751001875848 0.000294908008072525 0.000291461998131126 0.000289402989437804 0.000287508009932935 0.000285943999188021 0.000284473004285246 0.000280543987173587 0.000276692007901147 0.00027363799745217 0.000270006014034152 0.000268814008450136 0.000267886003712192 0.000265715003479272 0.000262724992353469 0.000261948996922001 0.000259696011198685 0.000255625986028463 0.000249867996899411 0.000246531009906903 0.000243364993366413 0.000237536994973198 0.00022785400506109 0.000218272005440667 0.000209335994441062 0.000200537004275247 0.000191785002243705 0.000182375995791517 0.000173541993717663 0.000163787000929005 0.000155909001477994 0.000148410996189341 0.000139363997732289 0.000133427995024249 0.000127259001601487 0.000120855002023745 0.000114296999527141 0.000109045002318453
0.000270915013970807 0.000264108995907009 0.000259658991126344 0.000254454993410036 0.000249220000114292 0.000243135000346228 0.000238634005654603 0.000236267005675472 0.000233988001127727 0.000231899000937119 0.000229426004807465 0.000226403004489839 0.000223419003305025 0.000219344001379795 0.000215344000025652 0.000212799001019448 0.00021000299602747 0.000209748002816923 0.000208412006031722 0.000206919998163357 0.000207379998755641 0.000206907003303058 0.00020643399329856 0.000205963006010279 0.000204163996386342 0.000202095005079173 0.000202076000277884 0.000200291004148312 0.000193414001842029 0.000186528995982371 0.000179926995770074 0.000173987995367497 0.000167072998010553 0.000159025003085844 0.000151073996676132 0.000142905002576299 0.000133958004880697 0.00012542300100904 0.000117427000077441 0.000110672001028433 0.000105027997051366 9.94270012597553e-05 9.4126196927391e-05 9.02210013009608e-05
0.000215962005313486 0.000208297002245672 0.00020368599507492 0.000197667002794333 0.00019231099577155 0.000187847996130586 0.000184156000614166 0.000180538001586683 0.000176332992850803 0.000173434003954753 0.000170835002791137 0.000168536993442103 0.000166205994901247 0.000163457996677607 0.000160120005602948 0.000157158996444196 0.000154830006067641 0.000154663997818716 0.00015446099860128 0.000154299996211194 0.000154923996888101 0.000156298003275879 0.000157682006829418 0.000158233000547625 0.000158602997544222 0.000159407005412504 0.000159910996444523 0.000160652998602018 0.000159086994244717 0.000157431000843644 0.000155740999616683 0.000152666005305946 0.00014500500401482 0.00013772799866274 0.000130811997223645 0.000124479993246496 0.000118017997010611 0.000111433997517452 0.00010310800280422 9.62955018621869e-05 9.02138999663293e-05 8.48700001370162e-05 8.00851994426921e-05 7.65908989706077e-05
0.000153204004163854 0.000147790997289121 0.000143341007060371 0.000138632996822707 0.000134269997943193 0.000130554006318562 0.000127298000734299 0.000124273996334523 0.000121429999126121 0.000119723998068366 0.000117600000521634 0.000115239003207535 0.000112925001303665 0.000110998000309337 0.000109219996375032 0.000107232001028024 0.000105749997601379 0.000106480001704767 0.000106724000943359 0.000106968000181951 0.000108038002508692 0.000109991997305769 0.000111982997623272 0.000114009002572857 0.000115075003122911 0.000115889000880998 0.000117572002636734 0.000119700998766348 0.00012062799942214 0.000121563003631309 0.000122504992759787 0.00012222200166434 0.000118602998554707 0.000115230002847966 0.000111948997073341 0.000109207998320926 0.000102525002148468 9.58243035711348e-05 8.95592020242475e-05 8.36800973047502e-05 7.83553987275809e-05 7.37247974029742e-05 6.91968016326427e-05 6.58516000839882e-05
9.47066000662744e-05 9.07055000425316e-05 8.78259015735239e-05 8.50380965857767e-05 8.19872002466582e-05 7.92694991105236e-05 7.70273982197978e-05 7.48488964745775e-05 7.28997983969748e-05 7.15346977813169e-05 7.03413970768452e-05 6.91680979798548e-05 6.8014400312677e-05 6.70434019411914e-05 6.60861987853423e-05 6.51427981210873e-05 6.45417021587491e-05 6.49341018288396e-05 6.53286988381296e-05 6.57256969134323e-05 6.66502965032123e-05 6.82828977005556e-05 6.99555967003107e-05 7.16693029971793e-05 7.35974026611075e-05 7.55061992094852e-05 7.74607033235952e-05 7.94658990344033e-05 8.2005703006871e-05 8.42504014144652e-05 8.65567999426275e-05 8.83985994732939e-05 8.86803027242422e-05 8.92874013516121e-05 9.00736995390616e-05 8.85537010617554e-05 8.47488990984857e-05 8.12388971098699e-05 7.78834000811912e-05 7.31725012883544e-05 6.83016987750307e-05 6.37560005998239e-05 5.95115016039927e-05 5.62888017157093e-05
5.66242997592781e-05 5.43645983270835e-05 5.24675997439772e-05 5.09564015374053e-05 4.93855004606303e-05 4.79590016766451e-05 4.66995988972485e-05 4.54733999504242e-05 4.43058997916523e-05 4.35264009865932e-05 4.29212996095885e-05 4.23245001002215e-05 4.17361989093479e-05 4.12838016927708e-05 4.08351006626617e-05 4.03912999900058e-05 4.01926008635201e-05 4.06088001909666e-05 4.09849017160013e-05 4.13644993386697e-05 4.21051008743234e-05 4.32259985245764e-05 4.43130011262838e-05 4.54151013400406e-05 4.66534002043772e-05 4.82709983771201e-05 4.98490990139544e-05 5.13849008711986e-05 5.40522014489397e-05 5.67944007343613e-05 5.97213002038188e-05 6.26848996034823e-05 6.54242030577734e-05 6.84339975123294e-05 7.15826026862487e-05 7.28765007806942e-05 7.19867020961829e-05 7.06600985722616e-05 6.93460970069282e-05 6.55769981676713e-05 6.12521980656311e-05 5.71989003219642e-05 5.34077007614542e-05 5.01547001476865e-05
