results/Predictions/Median/Langhian.asc
NCOLS 360 
NROWS 180 
XLLCORNER -180 
YLLCORNER -90 
CELLSIZE 1 
NODATA_value -3.4e+38 
[rows 0 to 18 of 180, columns 88 to 131 of 360]
3.14677990331802e-08 3.14741015472464e-08 3.14830010950118e-08 3.14945012291901e-08 3.15060013633683e-08 3.15176009735296e-08 3.15328989586305e-08 3.15495007896516e-08 3.14736006146177e-08 3.14648005428353e-08 3.14799990519532e-08 3.14953005897678e-08 3.15105985748687e-08 3.1521700805115e-08 3.15200985312458e-08 3.15185992860734e-08 3.15171000409009e-08 3.1521999233064e-08 3.15333004152762e-08 3.15447010734715e-08 3.15561017316668e-08 3.15602015632521e-08 3.15618997603906e-08 3.1563001101631e-08 3.15639994141748e-08 3.15609014478468e-08 3.15573984721595e-08 3.15491988089889e-08 3.15401003092575e-08 3.15286996510622e-08 3.15172989928669e-08 3.15058983346717e-08 3.14967998349402e-08 3.1489999940959e-08 3.14544017498974e-08 3.14138013379761e-08 3.13720001088313e-08 3.13299004517376e-08 3.12878007946438e-08 3.1245800613533e-08 3.11985992595964e-08 3.11516004103396e-08 3.11046015610827e-08 3.10560999139398e-08
3.09216012794877e-08 3.09569010426003e-08 3.09969010459099e-08 3.10414982607199e-08 3.10863015329232e-08 3.11309982237162e-08 3.11815995246434e-08 3.12342010033717e-08 3.13008996499775e-08 3.13717016808823e-08 3.13765013970624e-08 3.14133998813304e-08 3.14504013942951e-08 3.14752988117561e-08 3.14636992015949e-08 3.14521990674166e-08 3.14345989238518e-08 3.14383008515051e-08 3.14790007394095e-08 3.15103001469197e-08 3.15406012418862e-08 3.15518988713848e-08 3.15568016162615e-08 3.15611003998129e-08 3.15653991833642e-08 3.15604999912011e-08 3.15535011452539e-08 3.15421999630416e-08 3.15284012231132e-08 3.15069996759121e-08 3.14857011574077e-08 3.14642996102066e-08 3.14499004616664e-08 3.14422017311244e-08 3.14344994478688e-08 3.14138013379761e-08 3.13720001088313e-08 3.13299004517376e-08 3.12878007946438e-08 3.1245800613533e-08 3.11985992595964e-08 3.11516004103396e-08 3.11046015610827e-08 3.10560999139398e-08
3.038439899683e-08 3.04918010840538e-08 3.0611598589303e-08 3.07365013441085e-08 3.08084011635401e-08 3.08804004589547e-08 3.09614982541007e-08 3.10458005969849e-08 3.11301988631385e-08 3.12148991099548e-08 3.12732986174069e-08 3.13252002115405e-08 3.13903001369908e-08 3.1428900371111e-08 3.14061985307035e-08 3.13562011911017e-08 3.13063992507523e-08 3.13175014809985e-08 3.13896002523961e-08 3.14620010044564e-08 3.15251007521056e-08 3.15435997322311e-08 3.15516999194188e-08 3.15591996979947e-08 3.15667989525537e-08 3.15599990585724e-08 3.15496997416176e-08 3.15353005930774e-08 3.15165991082722e-08 3.1485299700762e-08 3.14540997692347e-08 3.14228003617245e-08 3.14030010883926e-08 3.13943999685762e-08 3.13858983247428e-08 3.13774002336231e-08 3.13720001088313e-08 3.13299004517376e-08 3.12878007946438e-08 3.1245800613533e-08 3.11985992595964e-08 3.11516004103396e-08 3.11046015610827e-08 3.10560999139398e-08
3.09964001132812e-08 3.1050401361199e-08 3.11211998393901e-08 3.1209001605248e-08 3.12969987703582e-08 3.13851984401481e-08 3.13278007979534e-08 3.1489900464976e-08 3.16527994925764e-08 3.18167003854342e-08 3.1919800136393e-08 3.19826014560931e-08 3.18014983236026e-08 3.16305985847976e-08 3.14881987151239e-08 3.13463992540619e-08 3.12052996775947e-08 3.10728012209438e-08 3.09488008554126e-08 3.08254008984932e-08 3.07023988455057e-08 3.05817984269652e-08 3.04623988256481e-08 3.03435001569596e-08 3.02249993922032e-08 3.01123002088843e-08 3.00000984054805e-08 3.0022601293922e-08 3.00505007544416e-08 3.00696996191618e-08 3.00888984838821e-08 3.0108100901316e-08 3.01234983623999e-08 3.01351015252749e-08 3.01466016594532e-08 3.01582012696144e-08 3.01633988897265e-08 3.01664009327851e-08 3.016939942313e-08 3.01724014661886e-08 3.01776985622837e-08 3.01829992110925e-08 3.01882998599012e-08 3.01998994700625e-08
3.14158015157773e-08 3.14649994948013e-08 3.13773007576401e-08 3.14627008890511e-08 3.15494013136686e-08 3.1636201214269e-08 3.17738013677626e-08 3.14666017686704e-08 3.11624006599232e-08 3.08610985655378e-08 3.06325986798583e-08 3.04057010680481e-08 3.01805016533763e-08 2.99735987141503e-08 2.9941901402708e-08 2.99102005385521e-08 2.98785991503792e-08 2.99077989041052e-08 2.99978992757133e-08 3.0088301627984e-08 3.01789988554901e-08 3.02644984628841e-08 3.03322984507304e-08 3.0242201631836e-08 3.01726004181546e-08 3.01168014971154e-08 3.00609990233625e-08 3.00052995783062e-08 2.9954101421481e-08 2.99158990912929e-08 2.98777997898014e-08 2.99211002641186e-08 2.99725009256235e-08 3.00221003612933e-08 3.00955989018803e-08 3.01760998411282e-08 3.02336005120196e-08 3.02833988996554e-08 3.03333003159878e-08 3.03833012083032e-08 3.0437501408187e-08 3.04919005600368e-08 3.05462997118866e-08 3.06183984832842e-08
3.05298009095623e-08 3.05583007786936e-08 3.05958991475563e-08 3.05612992690385e-08 3.03824982950118e-08 3.02473992519481e-08 3.00810008013741e-08 2.99048004137603e-08 2.9974298598745e-08 3.0230001613063e-08 3.03518987720963e-08 3.0474300416472e-08 3.05972989167458e-08 3.07073015903825e-08 3.07774001839789e-08 3.0847701282255e-08 3.09182013324971e-08 3.1043299486555e-08 3.12124015522386e-08 3.14124015687867e-08 3.21325011043427e-08 3.1907898545569e-08 3.19545989668768e-08 3.21067012976073e-08 3.23191002848944e-08 3.25139986045997e-08 3.27101012942421e-08 3.29074012483943e-08 3.30887992561202e-08 3.32199014962953e-08 3.33514016404024e-08 3.34834986404076e-08 3.35668985940174e-08 3.36012000445862e-08 3.3635600971138e-08 3.36699983449762e-08 3.36649002008471e-08 3.36466996486706e-08 3.36284990964941e-08 3.36101990683346e-08 3.35770984349892e-08 3.35440013543575e-08 3.35110001969952e-08 3.34995995387999e-08
3.29718012892499e-08 3.3281800426721e-08 3.35949010832337e-08 3.39111991820573e-08 3.42303998479565e-08 3.45526984801836e-08 3.49230013796387e-08 3.54134002122919e-08 3.60832004275835e-08 3.66391006423328e-08 3.65631009913159e-08 3.63618006815614e-08 3.64406993469402e-08 3.65736987362197e-08 3.6767900724044e-08 3.6963200500395e-08 3.72162993755865e-08 3.75084994175268e-08 3.77162017173305e-08 3.79249982529473e-08 3.81349991585012e-08 5.86173989347571e-08 7.30028020257123e-08 6.74251978693974e-08 6.51155005471082e-08 5.39622995177069e-08 4.17251015960574e-08 4.01843998076856e-08 4.02413000699653e-08 4.02593016701758e-08 4.02773991936556e-08 4.02954007938661e-08 4.19328998191304e-08 5.51470016318945e-08 5.30457988645594e-08 4.49975985361561e-08 4.33091997820156e-08 4.35898002137947e-08 4.37973994849017e-08 4.50402986018617e-08 4.33184013104437e-08 4.3537301763763e-08 4.55957014366959e-08 4.71106993416015e-08
3.89713008530634e-08 3.94935995018386e-08 3.99865989209047e-08 4.04489988170553e-08 4.09167988379977e-08 4.13899989837319e-08 4.18155998715974e-08 4.22277004474836e-08 4.2448700554587e-08 4.26367989803111e-08 4.28182005407507e-08 4.31503011100176e-08 4.34849987129837e-08 4.36095000111436e-08 4.37505995876108e-08 4.98930994297098e-08 6.97849031894293e-08 1.4580899687644e-07 2.58822001342196e-06 4.3335098780517e-06 1.00977001693536e-06 1.00485003713402e-05 1.23993004308431e-05 1.20985996545642e-05 1.67974994838005e-05 1.22567998914747e-05 7.31946011001128e-06 2.97217002298567e-06 1.77423999048187e-06 3.644039907158e-06 1.45120002343901e-05 7.53290987631772e-06 1.55024008563487e-05 2.71370008704253e-05 1.75553996086819e-05 2.37487001868431e-05 3.5707500501303e-05 4.0076000004774e-05 2.87301008938812e-05 2.47477000812069e-05 1.55787001858698e-05 2.22867001866689e-05 2.92434997390956e-05 4.1618801333243e-05
4.15663983233117e-08 4.21707007092209e-08 4.49364989663081e-08 4.57485995752904e-08 5.95152016558131e-08 3.60303005209062e-07 2.19245998778206e-06 1.43277002280229e-05 4.15463000535965e-05 0.000104637998447288 0.000104282000393141 0.000108455002191477 0.000106418003269937 0.00010436300362926 0.0001063570016413 0.000107400999695528 0.000107555999420583 0.000109291999251582 0.000105703998997342 0.000107963998743799 0.000108305001049303 0.000108212996565271 0.000107767002191395 0.000107029001810588 0.000106407998828217 0.000106892999610864 0.0001070250000339 0.000103703001514077 0.000104373000795022 0.000104774000647012 0.000105175997305196 -3.4e+38 -3.4e+38 -3.4e+38 -3.4e+38 -3.4e+38 -3.4e+38 -3.4e+38 0.000110670996946283 0.00011016899952665 0.000109437998617068 0.000108961001387797 0.000107521998870652 0.000106803003291134
0.000109809996502008 0.000113511996460147 0.000113319001684431 0.00011443500261521 0.000118035997729748 0.000117586001579184 0.000121226003102493 0.000123124002129771 0.000125129998195916 0.000127816994790919 0.00012286999844946 0.000118374002340715 -3.4e+38 -3.4e+38 0.00010811800166266 0.00010599000233924 0.000110364999272861 -3.4e+38 -3.4e+38 -3.4e+38 -3.4e+38 -3.4e+38 -3.4e+38 -3.4e+38 -3.4e+38 -3.4e+38 -3.4e+38 -3.4e+38 -3.4e+38 -3.4e+38 -3.4e+38 -3.4e+38 -3.4e+38 -3.4e+38 -3.4e+38 -3.4e+38 -3.4e+38 -3.4e+38 -3.4e+38 -3.4e+38 -3.4e+38 -3.4e+38 -3.4e+38 -3.4e+38
-3.4e+38 -3.4e+38 0.000121441997180227 0.000123331003123894 0.000127851002616808 0.000130487998831086 0.000131412001792341 -3.4e+38 -3.4e+38 -3.4e+38 -3.4e+38 -3.4e+38 -3.4e+38 -3.4e+38 -3.4e+38 -3.4e+38 -3.4e+38 -3.4e+38 -3.4e+38 -3.4e+38 -3.4e+38 -3.4e+38 -3.4e+38 -3.4e+38 -3.4e+38 -3.4e+38 -3.4e+38 -3.4e+38 -3.4e+38 -3.4e+38 -3.4e+38 -3.4e+38 -3.4e+38 -3.4e+38 -3.4e+38 -3.4e+38 -3.4e+38 -3.4e+38 -3.4e+38 -3.4e+38 -3.4e+38 -3.4e+38 -3.4e+38 -3.4e+38
-3.4e+38 -3.4e+38 -3.4e+38 -3.4e+38 -3.4e+38 -3.4e+38 -3.4e+38 -3.4e+38 -3.4e+38 -3.4e+38 -3.4e+38 -3.4e+38 -3.4e+38 -3.4e+38 -3.4e+38 -3.4e+38 -3.4e+38 -3.4e+38 -3.4e+38 -3.4e+38 -3.4e+38 -3.4e+38 -3.4e+38 -3.4e+38 -3.4e+38 -3.4e+38 -3.4e+38 -3.4e+38 -3.4e+38 -3.4e+38 -3.4e+38 -3.4e+38 -3.4e+38 -3.4e+38 -3.4e+38 -3.4e+38 -3.4e+38 -3.4e+38 -3.4e+38 -3.4e+38 -3.4e+38 -3.4e+38 -3.4e+38 -3.4e+38
-3.4e+38 -3.4e+38 -3.4e+38 -3.4e+38 -3.4e+38 -3.4e+38 -3.4e+38 -3.4e+38 -3.4e+38 -3.4e+38 -3.4e+38 -3.4e+38 -3.4e+38 -3.4e+38 -3.4e+38 -3.4e+38 -3.4e+38 -3.4e+38 -3.4e+38 -3.4e+38 -3.4e+38 -3.4e+38 -3.4e+38 -3.4e+38 -3.4e+38 -3.4e+38 -3.4e+38 -3.4e+38 -3.4e+38 -3.4e+38 -3.4e+38 -3.4e+38 -3.4e+38 -3.4e+38 -3.4e+38 -3.4e+38 -3.4e+38 -3.4e+38 -3.4e+38 -3.4e+38 -3.4e+38 -3.4e+38 -3.4e+38 -3.4e+38
-3.4e+38 -3.4e+38 -3.4e+38 -3.4e+38 -3.4e+38 -3.4e+38 -3.4e+38 -3.4e+38 -3.4e+38 -3.4e+38 -3.4e+38 -3.4e+38 -3.4e+38 -3.4e+38 -3.4e+38 -3.4e+38 -3.4e+38 -3.4e+38 -3.4e+38 -3.4e+38 -3.4e+38 -3.4e+38 -3.4e+38 -3.4e+38 -3.4e+38 0.000110647997644264 0.000112640998850111 0.000116362003609538 -3.4e+38 -3.4e+38 -3.4e+38 -3.4e+38 -3.4e+38 -3.4e+38 -3.4e+38 -3.4e+38 -3.4e+38 -3.4e+38 -3.4e+38 -3.4e+38 -3.4e+38 -3.4e+38 -3.4e+38 -3.4e+38
-3.4e+38 -3.4e+38 -3.4e+38 -3.4e+38 -3.4e+38 -3.4e+38 -3.4e+38 -3.4e+38 -3.4e+38 -3.4e+38 -3.4e+38 -3.4e+38 -3.4e+38 -3.4e+38 -3.4e+38 -3.4e+38 -3.4e+38 -3.4e+38 -3.4e+38 -3.4e+38 -3.4e+38 -3.4e+38 -3.4e+38 -3.4e+38 0.000104699000075925 9.7499301773496e-05 6.06399007665459e-05 7.21565011190251e-05 0.000100924997241236 0.000112758003524505 -3.4e+38 -3.4e+38 -3.4e+38 -3.4e+38 -3.4e+38 -3.4e+38 -3.4e+38 -3.4e+38 -3.4e+38 -3.4e+38 -3.4e+38 -3.4e+38 -3.4e+38 -3.4e+38
-3.4e+38 -3.4e+38 -3.4e+38 -3.4e+38 -3.4e+38 -3.4e+38 -3.4e+38 -3.4e+38 -3.4e+38 -3.4e+38 -3.4e+38 -3.4e+38 -3.4e+38 -3.4e+38 -3.4e+38 -3.4e+38 -3.4e+38 -3.4e+38 -3.4e+38 -3.4e+38 -3.4e+38 0.000121160002890974 0.000118067997391336 0.000114732996735256 0.000105619001260493 6.28468987997621e-05 2.37424992519664e-05 1.89177007996477e-05 2.41423003899399e-05 4.36621012340765e-05 9.65455983532593e-05 0.000142054006573744 0.000149162005982362 0.000158630995429121 0.000160292998771183 0.000157995003974065 -3.4e+38 -3.4e+38 -3.4e+38 -3.4e+38 -3.4e+38 -3.4e+38 -3.4e+38 -3.4e+38
-3.4e+38 -3.4e+38 -3.4e+38 -3.4e+38 -3.4e+38 -3.4e+38 -3.4e+38 -3.4e+38 -3.4e+38 -3.4e+38 -3.4e+38 -3.4e+38 -3.4e+38 -3.4e+38 -3.4e+38 -3.4e+38 -3.4e+38 -3.4e+38 -3.4e+38 0.000124389000120573 0.000124247002531774 0.00012388700270094 0.000122867000754923 0.000120630000310484 0.000114301001303829 7.88144025136717e-05 3.79056982637849e-05 1.93416999536566e-05 1.43338002089877e-05 1.63137992785778e-05 2.62011999438982e-05 3.56191012542695e-05 4.47152997367084e-05 8.48710988066159e-05 0.000140860996907577 0.000145882993820123 0.00014695200661663 0.000147957995068282 0.000148844002978876 -3.4e+38 -3.4e+38 -3.4e+38 -3.4e+38 -3.4e+38
-3.4e+38 -3.4e+38 -3.4e+38 -3.4e+38 -3.4e+38 -3.4e+38 -3.4e+38 -3.4e+38 -3.4e+38 -3.4e+38 -3.4e+38 -3.4e+38 -3.4e+38 -3.4e+38 -3.4e+38 -3.4e+38 -3.4e+38 -3.4e+38 -3.4e+38 -3.4e+38 -3.4e+38 -3.4e+38 0.000128657004097477 0.000129745996673591 0.000124993995996192 9.69835018622689e-05 3.85868006560486e-05 1.94181993720122e-05 1.16048995550955e-05 1.02971998785506e-05 1.36477001433377e-05 1.79436992766568e-05 1.78436002897797e-05 1.85302997124381e-05 3.04864006466232e-05 6.02034997427836e-05 0.000135836002300493 0.00014160800492391 0.000144075995194726 0.000146578997373581 -3.4e+38 -3.4e+38 -3.4e+38 -3.4e+38
-3.4e+38 -3.4e+38 -3.4e+38 -3.4e+38 -3.4e+38 -3.4e+38 -3.4e+38 -3.4e+38 -3.4e+38 -3.4e+38 -3.4e+38 -3.4e+38 -3.4e+38 -3.4e+38 -3.4e+38 -3.4e+38 -3.4e+38 -3.4e+38 -3.4e+38 -3.4e+38 -3.4e+38 -3.4e+38 -3.4e+38 -3.4e+38 0.000130902000819333 0.00012887199409306 9.36778014875017e-05 3.64789993909653e-05 1.97464996745111e-05 1.44197001645807e-05 1.45054000313394e-05 1.65151996043278e-05 1.61200005095452e-05 1.38652003442985e-05 1.76685007318156e-05 3.44697000400629e-05 7.8096600191202e-05 0.000139262003358454 0.000145736004924402 0.000150095002027228 -3.4e+38 -3.4e+38 -3.4e+38 -3.4e+38
