results/Predictions/Median/Lutetian.asc
NCOLS 360 
NROWS 180 
XLLCORNER -180 
YLLCORNER -90 
CELLSIZE 1 
NODATA_value -3.4e+38 
[rows 57 to 75 of 180, columns 220 to 263 of 360]
0.000534804014023393 0.000533276994246989 0.000531627971213311 0.00117979000788182 0.555763006210327 0.539555013179779 0.525833010673523 -3.4e+38 -3.4e+38 -3.4e+38 0.492278009653091 -3.4e+38 0.338815003633499 0.315264999866486 0.303992003202438 0.307805985212326 0.312231004238129 0.300137013196945 0.280845999717712 0.26351198554039 0.286464989185333 0.333398014307022 0.384068012237549 0.41710901260376 0.433479994535446 0.443718999624252 0.440099000930786 0.434983998537064 0.431180000305176 -3.4e+38 -3.4e+38 -3.4e+38 -3.4e+38 -3.4e+38 -3.4e+38 -3.4e+38 -3.4e+38 -3.4e+38 -3.4e+38 -3.4e+38 -3.4e+38 -3.4e+38 -3.4e+38 -3.4e+38
0.000534366990905255 0.000537257990799844 0.000534331018570811 0.000533514015842229 0.00057944399304688 0.467343002557755 0.541859984397888 0.533459007740021 0.52292400598526 -3.4e+38 -3.4e+38 -3.4e+38 0.330457985401154 0.316226989030838 0.309610992670059 0.31326299905777 0.316199988126755 0.304376989603043 0.292418003082275 0.281320989131927 0.297986000776291 0.337040990591049 0.372815012931824 0.402460008859634 0.430079013109207 0.45619198679924 0.452408999204636 0.429692000150681 0.436022996902466 -3.4e+38 -3.4e+38 -3.4e+38 -3.4e+38 -3.4e+38 -3.4e+38 -3.4e+38 -3.4e+38 -3.4e+38 -3.4e+38 -3.4e+38 -3.4e+38 -3.4e+38 -3.4e+38 -3.4e+38
0.000522747985087335 0.000530612014699727 0.000537829007953405 0.000543255009688437 0.000547801028005779 0.000546532974112779 0.0313169993460178 0.552103996276855 0.533564984798431 0.539063990116119 -3.4e+38 -3.4e+38 -3.4e+38 0.330009996891022 0.318960011005402 0.320971012115479 0.320136994123459 0.31564199924469 0.311796993017197 0.306455999612808 0.317490994930267 0.34136700630188 0.36497700214386 0.391757994890213 0.428389996290207 0.4740070104599 0.481269985437393 -3.4e+38 -3.4e+38 -3.4e+38 -3.4e+38 -3.4e+38 -3.4e+38 -3.4e+38 -3.4e+38 -3.4e+38 -3.4e+38 -3.4e+38 -3.4e+38 -3.4e+38 -3.4e+38 -3.4e+38 -3.4e+38 -3.4e+38
0.000513705017510802 0.000517811975441873 0.000530079996678978 0.000540569017175585 0.000549395976122469 0.000543982023373246 0.000541732006240636 0.000812566024251282 0.51662802696228 0.553530991077423 0.547760009765625 -3.4e+38 -3.4e+38 0.52506697177887 0.488178998231888 0.423559993505478 0.358774989843369 0.351731985807419 0.344608008861542 0.338968992233276 0.342224985361099 0.358978003263474 0.375155001878738 0.38425600528717 0.407305985689163 0.415623992681503 -3.4e+38 -3.4e+38 -3.4e+38 -3.4e+38 -3.4e+38 -3.4e+38 -3.4e+38 -3.4e+38 -3.4e+38 -3.4e+38 -3.4e+38 -3.4e+38 -3.4e+38 -3.4e+38 -3.4e+38 -3.4e+38 -3.4e+38 0.527667999267578
0.133699998259544 0.000609465991146863 0.000512733997311443 0.000523814000189304 0.000531803991179913 0.000537737971171737 0.000537596992217004 0.000544653972610831 0.000543060014024377 0.0357555001974106 0.548443019390106 0.561110973358154 0.566025018692017 0.565681993961334 0.533801972866058 0.488846004009247 0.437442004680634 0.412546008825302 0.398144990205765 0.383332014083862 0.382600009441376 0.389618009328842 0.399664014577866 0.396952986717224 0.421597987413406 -3.4e+38 -3.4e+38 -3.4e+38 -3.4e+38 -3.4e+38 -3.4e+38 -3.4e+38 -3.4e+38 -3.4e+38 -3.4e+38 -3.4e+38 -3.4e+38 -3.4e+38 -3.4e+38 -3.4e+38 0.518526971340179 0.000585453002713621 0.000578031002078205 0.000472140003694221
0.544776022434235 0.501884996891022 0.000946776999626309 0.000509711971972138 0.000516534026246518 0.00052519200835377 0.000536577019374818 0.00054359098430723 0.000553001009393483 0.000559608975891024 0.000753775995690376 0.11132699996233 0.560397982597351 0.586561977863312 0.586889028549194 0.563718974590302 0.526313006877899 0.483318001031876 -3.4e+38 0.435927987098694 0.42044198513031 0.416649997234344 0.415421992540359 -3.4e+38 -3.4e+38 -3.4e+38 -3.4e+38 -3.4e+38 -3.4e+38 -3.4e+38 -3.4e+38 -3.4e+38 -3.4e+38 0.0923193991184235 0.000476368004456162 0.000527883996255696 0.136598005890846 0.208207994699478 0.0747900009155273 0.000477130000945181 0.000455764995422214 0.000459061004221439 0.000461265997728333 0.000463940988993272
0.542936027050018 0.532558977603912 0.525386989116669 0.00087435997556895 0.00051066797459498 0.000519618974067271 0.000532496022060513 0.000539181986823678 0.000545865972526371 0.000554964004550129 0.000563439971301705 0.000581893022172153 0.000817088002804667 0.266838997602463 0.560060977935791 0.557618975639343 0.540787994861603 0.50128698348999 0.469141006469727 0.454786986112595 0.441412001848221 0.455514013767242 0.466515004634857 -3.4e+38 -3.4e+38 -3.4e+38 0.519931972026825 -3.4e+38 0.534273028373718 0.529613018035889 0.526242971420288 -3.4e+38 0.492819994688034 0.00045031399349682 0.000452017004135996 0.000452893989859149 0.00045427298755385 0.000454574998002499 0.000454885012004524 0.000457837013527751 0.000459600007161498 0.000461107003502548 0.000462947995401919 0.000465685006929561
0.532163023948669 0.534730970859528 0.542919993400574 0.306625008583069 0.000523091992363334 0.000512550992425531 0.000522694026585668 0.000534243008587509 0.000539495027624071 0.000549247022718191 0.000566956994589418 0.000578336999751627 0.000592280994169414 0.000592246011365205 0.000567435985431075 0.000546969007700682 0.000505045987665653 0.000448976003099233 0.000417066010413691 0.00403218017891049 0.483983993530273 0.491459995508194 0.49856498837471 0.511587977409363 0.512612998485565 0.513561010360718 0.513742983341217 0.532420992851257 0.524083018302917 0.518772006034851 0.518683016300201 0.517450988292694 0.14147000014782 0.000444842997239903 0.000447072001406923 0.000448998995125294 0.000450793013442308 0.000454771012300625 0.000457152986200526 0.000458099995739758 0.000460195995401591 0.000462305994005874 0.000464431010186672 0.000467631994979456
0.525641024112701 0.521493017673492 0.524115979671478 0.510281026363373 0.00281933997757733 0.000507954973727465 0.000513168983161449 0.000526410003658384 0.000535978993866593 0.000547702016774565 0.000560047978069633 0.000573771016206592 0.000589522998780012 0.000575884012505412 0.00055641500512138 0.000538018997758627 0.000504765019286424 0.000459408998722211 0.000432689994340762 0.000718883005902171 0.499751001596451 0.502174973487854 0.506145000457764 0.507233023643494 0.507414996623993 0.508630990982056 0.509633004665375 0.526619017124176 0.517138004302979 0.513121008872986 0.509487986564636 0.458025991916656 0.501716017723083 0.000616232980974019 0.000447617989266291 0.000450491002993658 0.000453001994173974 0.000456868001492694 0.000459989008959383 0.000462424010038376 0.000464036012999713 0.000465919001726434 0.000468946993350983 0.000472273997729644
0.528150022029877 0.52546101808548 0.527179002761841 0.527886986732483 0.105316996574402 0.000521293026395142 0.000506105017848313 0.00051429501036182 0.000527066003996879 0.000538180000148714 0.000548141018953174 0.000558295985683799 0.00056742801098153 0.000555994978640229 0.000539936998393387 0.000524164992384613 0.000501085014548153 0.000467236008262262 0.000443738012108952 0.000440656993305311 0.372128009796143 0.513231992721558 0.515573978424072 0.511335015296936 0.507342994213104 0.506944000720978 0.508099019527435 0.522145986557007 0.516191005706787 0.511061012744904 0.49769800901413 0.299620002508163 0.489477008581161 0.50892299413681 0.000540499982889742 0.000454252993222326 0.000457858986919746 0.000462108000647277 0.00046662800014019 0.000468559999717399 0.000469046994112432 0.000469885999336839 0.000471796985948458 0.000473291001981124
0.523769021034241 0.528580009937286 0.534014999866486 0.536394000053406 0.323132991790771 0.000742128991987556 0.000499361020047218 0.000505273987073451 0.000513238017447293 0.000520378991495818 0.000527479976881295 0.0005387730197981 0.000550411990843713 0.000537100015208125 0.00052429101197049 0.000508941011503339 0.000495734973810613 0.000474881991976872 0.000457733985967934 0.000446366000687703 0.414878994226456 0.519195020198822 0.522018015384674 0.515675008296967 0.511417984962463 0.509447991847992 0.509108006954193 0.517605006694794 0.518042027950287 0.517340004444122 0.515290975570679 0.51230001449585 0.51552402973175 0.519335985183716 0.523120999336243 0.0491949990391731 0.000519931025337428 0.000472790008643642 0.000475242995889857 0.000475868000648916 0.000476207991596311 0.000475512002594769 0.000475661014206707 0.000473843014333397
0.52266800403595 0.524402022361755 0.526696979999542 0.530112028121948 0.453922986984253 0.00424352986738086 0.000496749999001622 0.000498444016557187 0.000502852024510503 0.000508387980517 0.000511965015903115 0.000518665998242795 0.000525706971529871 0.000514233019202948 0.000504217983689159 0.000500031979754567 0.000487871002405882 0.000472877989523113 0.000460726994788274 0.000451319996500388 0.48895400762558 0.522884011268616 0.52276599407196 0.518185019493103 0.513898015022278 0.511681973934174 0.511972010135651 0.516658008098602 0.515094995498657 0.514454007148743 0.515444993972778 0.516870021820068 0.51629900932312 0.517841994762421 0.512032985687256 0.499166995286942 0.483503997325897 0.506476998329163 0.000614397984463722 0.000476913002785295 0.00047617798554711 0.000476515007903799 0.000476171990158036 0.000474502012366429
0.524700999259949 0.523322999477386 0.524982988834381 0.52571702003479 0.504483997821808 0.0705436021089554 0.000603221007622778 0.000495143001899123 0.000496229971759021 0.000496466003824025 0.000498012988828123 0.000500508991535753 0.000502107024658471 0.000498000008519739 0.000492517021484673 0.000488461984787136 0.000481077993754297 0.000476487999549136 0.000468718993943185 0.000461157993413508 0.495240986347198 0.527167022228241 0.52163702249527 0.517365992069244 0.51569002866745 0.513953983783722 0.51434999704361 0.515856981277466 0.515196979045868 0.513170003890991 0.514451026916504 0.516359984874725 0.518687009811401 0.517665982246399 0.518257021903992 0.519771993160248 0.51164698600769 0.525658011436462 0.527249991893768 0.530211985111237 0.532957971096039 0.514904975891113 0.0282878000289202 0.000679704011417925
0.527033984661102 0.525878012180328 0.527302026748657 0.526603996753693 0.52157598733902 0.373111993074417 0.00793736986815929 0.000505038013216108 0.000488282006699592 0.000489637022837996 0.000491235987283289 0.000492436985950917 0.000493189028929919 0.000489494996145368 0.000485385011415929 0.000482291012303904 0.000478244997793809 0.000475428008940071 0.000472165003884584 0.000519016990438104 0.507807016372681 0.529142022132874 0.521323025226593 0.518445014953613 0.51759397983551 0.51691597700119 0.516049981117249 0.517262995243073 0.515477001667023 0.514428019523621 0.515447974205017 0.517259001731873 0.51959502696991 0.520036995410919 0.519818007946014 0.521378993988037 0.523387014865875 0.525569975376129 0.52700001001358 0.528052985668182 0.530569970607758 0.531031012535095 0.532680988311768 0.53056001663208
0.528241991996765 0.528487026691437 0.529091000556946 0.530085980892181 0.531485021114349 0.522262990474701 0.268723011016846 0.00135561998467892 0.000482764997286722 0.000481533992569894 0.00048176699783653 0.00048249599058181 0.00048223600606434 0.000479523005196825 0.000477044988656417 0.000476024986710399 0.000474019005196169 0.000474636995932087 0.000473713007522747 0.00217717001214623 0.521838009357452 0.530898988246918 0.523446023464203 0.519729018211365 0.518432974815369 0.517419993877411 0.516638994216919 0.516451001167297 0.515016973018646 0.51570999622345 0.515658974647522 0.515603005886078 0.517266988754272 0.519842982292175 0.521519005298615 0.52286297082901 0.525694012641907 0.526908993721008 0.527804017066956 0.527772009372711 0.527629017829895 0.529533982276917 0.530355989933014 0.531002998352051
0.530426979064941 0.530022025108337 0.528926014900208 0.529668986797333 0.531617999076843 0.526633024215698 0.466731011867523 0.0275806002318859 0.000625955988653004 0.000474662985652685 0.000471484003355727 0.000471765990369022 0.000471415987703949 0.000470698985736817 0.000470480008516461 0.000471515988465399 0.000472668005386367 0.000474244996439666 0.000476946996059269 0.111593000590801 0.535905003547668 0.53770500421524 0.530462980270386 0.524707019329071 0.520905017852783 0.518389999866486 0.517225027084351 0.515219986438751 0.514665007591248 0.51467901468277 0.514886021614075 0.514795005321503 0.515051007270813 0.515646994113922 0.51876300573349 0.522876024246216 0.525591015815735 0.527616024017334 0.530157029628754 0.530803024768829 0.530687987804413 0.531225979328156 0.534147977828979 0.537128984928131
0.53243100643158 0.526444971561432 0.523837983608246 0.524771988391876 0.528288006782532 0.526799023151398 0.507337987422943 0.231662005186081 0.0951896980404854 0.007555210031569 0.000466121011413634 0.000466055003926158 0.00046418298734352 0.000465355988126248 0.000466892990516499 0.000468434998765588 0.000469582009827718 0.000471311010187492 0.000472859013825655 0.167487993836403 0.537472009658813 0.538173019886017 0.534380972385406 0.532113015651703 0.528043985366821 0.524277985095978 0.521870017051697 0.520577013492584 0.519213974475861 0.516462981700897 0.516175985336304 0.515905976295471 0.516425013542175 0.51707398891449 0.51817798614502 0.521777987480164 0.525381982326508 0.528338015079498 0.530879974365234 0.532294988632202 0.534112989902496 0.534493982791901 0.537247002124786 0.544975996017456
0.532983005046844 0.525947988033295 0.523374021053314 0.52215301990509 0.523177981376648 0.524167001247406 0.519008994102478 0.506350994110107 0.507028996944427 0.515426993370056 0.000732400978449732 0.000461911986349151 0.000460525014204904 0.000462719995994121 0.000465616001747549 0.000467127014417201 0.000468787999125198 0.000468501995783299 0.000542071007657796 0.159784004092216 0.53022301197052 0.535894989967346 0.535324990749359 0.539237022399902 0.537791013717651 0.535131990909576 0.532154977321625 0.528868973255157 0.527549982070923 0.525687992572784 0.524342000484467 0.522819995880127 0.522144973278046 0.522643983364105 0.522911012172699 0.523723006248474 0.526257991790771 0.528091013431549 0.530752003192902 0.533106982707977 0.534201979637146 0.535016000270844 0.53778201341629 0.545149981975555
0.531765997409821 0.524775981903076 0.522822976112366 0.520996987819672 0.520646989345551 0.521212995052338 0.519146978855133 0.510667979717255 0.514886975288391 0.5191969871521 0.514746010303497 0.000457537011243403 0.000459233007859439 0.000459781003883108 0.00046257401118055 0.000464315991848707 0.000466049998067319 0.000465218006866053 0.000808727985713631 0.228235006332397 0.5243039727211 0.534071028232574 0.532575011253357 0.537446022033691 0.537410974502563 0.53532999753952 0.533886015415192 0.533473014831543 0.533303022384644 0.532356977462769 0.530534029006958 0.528738021850586 0.527284979820251 0.528401970863342 0.528486013412476 0.530295014381409 0.530763983726501 0.532101988792419 0.532495021820068 0.533079981803894 0.536419987678528 0.539014995098114 0.540840029716492 0.541445970535278
