results/Predictions/Median/Lutetian.asc
NCOLS 360 
NROWS 180 
XLLCORNER -180 
YLLCORNER -90 
CELLSIZE 1 
NODATA_value -3.4e+38 
[rows 114 to 132 of 180, columns 0 to 43 of 360]
0.000471022009151056 0.000473797001177445 0.000475323002319783 0.000475715001812205 0.000479114998597652 0.000480732007417828 0.000483251991681755 0.000484680000226945 0.000485258991830051 0.00048880698159337 0.000490822014398873 0.000492273014970124 0.000493286992423236 0.000493764993734658 0.00049523200141266 0.000496529974043369 0.000497324974276125 0.00049768399912864 0.000498908979352564 0.000498864974360913 0.000498541980050504 0.00049821799620986 0.000497891975101084 0.000498460023663938 0.000499028014019132 0.000501527974847704 0.000502926995977759 0.000503436021972448 0.00050404598005116 0.000505445001181215 0.000506041978951544 0.000509312027134001 0.000512604019604623 0.000516399974003434 0.00052201101789251 0.000524184026289731 0.000525698007550091 0.000528645992744714 0.000531595025677234 0.00053456099703908 0.000537545012775809 0.000540333974640816 0.000542495981790125 0.000544667011126876
0.000452606007456779 0.000454583001555875 0.000455712986877188 0.000457976013422012 0.000461088988231495 0.000464112003101036 0.000464620010461658 0.000467239005956799 0.000467245001345873 0.00046820699935779 0.000470349012175575 0.000473927007988095 0.000477816007332876 0.000481736991787329 0.000485119002405554 0.0004870239936281 0.000488759018480778 0.000488024990772828 0.000487498007714748 0.00048904400318861 0.000488722987938672 0.000488403020426631 0.000488082005176693 0.000488377001602203 0.000488159013912082 0.000490958977025002 0.000491629005409777 0.000492085993755609 0.000492294027935714 0.000493862025905401 0.000496510998345912 0.000499939022120088 0.000503070012200624 0.000504584982991219 0.000508073018863797 0.000510343990754336 0.000511469028424472 0.000514866027515382 0.000519399996846914 0.00052069901721552 0.000524093979038298 0.000526406976860017 0.00052866101032123 0.000532883976120502
0.000442221993580461 0.000443153985543177 0.000444384000729769 0.000445773999672383 0.000447196012828499 0.000448601000243798 0.000448464998044074 0.000448328995844349 0.000450491002993658 0.000454213994089514 0.000456665002275258 0.000457243993878365 0.000458841008367017 0.000460573995951563 0.000464563985588029 0.000469925987999886 0.00047347298823297 0.000474077009130269 0.00047584599815309 0.000475609995191917 0.00047538400394842 0.000476242013974115 0.000477722001960501 0.000479990005260333 0.000480154005344957 0.000482592004118487 0.000483523006550968 0.000484579999465495 0.000486842007376254 0.000489637022837996 0.000490439007990062 0.000491395010612905 0.000493645027745515 0.000496109016239643 0.000497472996357828 0.00049834098899737 0.000500782974995673 0.000504515017382801 0.000510554993525147 0.000511323974933475 0.000514711020514369 0.000516020983923227 0.000516983971465379 0.000517947017215192
0.000430894986493513 0.000430679996497929 0.000431304011726752 0.000433186010923237 0.000433706009062007 0.000434337998740375 0.000434971007052809 0.000435605994425714 0.000436189991887659 0.000436775997513905 0.0004373459960334 0.000439617986558005 0.000442207994638011 0.000444814009824768 0.00044743501348421 0.000448017992312089 0.00044901599176228 0.000451869011158124 0.000452128006145358 0.000453162007033825 0.000453723012469709 0.000456200999906287 0.000460189010482281 0.000462861993582919 0.000463920005131513 0.000464559008833021 0.000465387012809515 0.000466780998976901 0.000468178011942655 0.000469580001663417 0.000471214007120579 0.00047308299690485 0.000474589003715664 0.000476040004286915 0.000477792986202985 0.000480023009004071 0.000506297976244241 0.000484263000544161 0.000487332988996059 0.00049283099360764 0.000494848005473614 0.000496678985655308 0.000497834989801049 0.000499670975841582
0.000421940989326686 0.000423357996623963 0.000424147990997881 0.000423496996518224 0.000422965007601306 0.000422471988713369 0.000421979988459498 0.000421876000473276 0.000422821001848206 0.000422245007939637 0.000423326011514291 0.000424411002313718 0.000425320002250373 0.000425236998125911 0.000425244012149051 0.000427588995080441 0.000427374005084857 0.000429047999205068 0.000431702996138483 0.000432834989624098 0.000433556007919833 0.000434277986641973 0.000435002002632245 0.000435414985986426 0.000434610003139824 0.000433417997555807 0.000433548004366457 0.000435760011896491 0.000435663998359814 0.000435569003457204 0.000436172005720437 0.000439102004747838 0.000440759991761297 0.000445851008407772 0.000448492995928973 0.00045080398558639 0.000453128013759851 0.000455463014077395 0.000458719994639978 0.000462000985862687 0.000465304998215288 0.000465840013930574 0.000468103011371568 0.000474436004878953
0.000400232995161787 0.000399317010305822 0.000398453004891053 0.00039749700226821 0.000397168012568727 0.000397038005758077 0.000397044001147151 0.000399065000237897 0.000399273005314171 0.000399481010390446 0.000399688986362889 0.000399887008825317 0.000400054006604478 0.000400219985749573 0.00039974699029699 0.000400574004743248 0.000401094002882019 0.000406361010391265 0.000406601000577211 0.000404747988795862 0.000402925012167543 0.000403518992243335 0.000404113990953192 0.00040407499182038 0.000404037011321634 0.000403998012188822 0.000403648999053985 0.000403387995902449 0.000403128011384979 0.000402867997763678 0.000402745994506404 0.000402626988943666 0.000403632002416998 0.000407317013014108 0.000409653992392123 0.000411382003221661 0.000413116998970509 0.000416894996305928 0.000417211995227262 0.000419579999288544 0.000421959994127974 0.000424913014285266 0.000429581006756052 0.000434301007771865
0.000382600002922118 0.00038239499554038 0.000382188998628408 0.00038198399124667 0.000381782010663301 0.000381580000976101 0.000381379009922966 0.000381177989766002 0.000381082994863391 0.000380988989491016 0.000381505989935249 0.000380912009859458 0.000381143006961793 0.000381397985620424 0.000382363010430709 0.000382114987587556 0.000382396014174446 0.000383450998924673 0.000384120008675382 0.000384648999897763 0.000385958002880216 0.000385508988983929 0.000385227001970634 0.000384926999686286 0.000384624989237636 0.000384323007892817 0.000383687991416082 0.000382580008590594 0.000381474004825577 0.000380371988285333 0.000379737990442663 0.000381488993298262 0.000381257006665692 0.000381986988941208 0.00038223501178436 0.000382255006115884 0.000382275000447407 0.000383495993446559 0.000384824990760535 0.00038803499774076 0.000392257003113627 0.000399045005906373 0.000401258002966642 0.000401664001401514
0.000367280008504167 0.000366758991731331 0.00036623899359256 0.000365443993359804 0.000364542996976525 0.000363319995813072 0.000361720012733713 0.000360126985469833 0.000359077006578445 0.000360525998985395 0.000361982005415484 0.000363653991371393 0.000361424987204373 0.000359269994078204 0.000360348989488557 0.000359666999429464 0.000358543999027461 0.000357423996319994 0.000356308999471366 0.000355633994331583 0.000355972006218508 0.000354248011717573 0.000350607006112114 0.000348853995092213 0.000347324996255338 0.000345801992807537 0.000345903012203053 0.000344163010595366 0.000342596002155915 0.000341681006830186 0.000341576989740133 0.000341709994245321 0.000341448001563549 0.000341186008881778 0.000340722006512806 0.000340085010975599 0.000339449994498864 0.000339121004799381 0.0003414640086703 0.000345489010214806 0.000345859996741638 0.000346645014360547 0.000348133995430544 0.000355446012690663
0.000348795001627877 0.00034816499100998 0.000347536988556385 0.000345829990692437 0.000342960003763437 0.000340355007210746 0.000338754005497321 0.000337161996867508 0.000335866992827505 0.000334576994646341 0.000333292002324015 0.000331782997818664 0.000329597009113058 0.000327426008880138 0.000325503991916776 0.000324480002745986 0.00032292801188305 0.000321385014103726 0.000319849001243711 0.000319178012432531 0.000317317986628041 0.000313853990519419 0.000310651987092569 0.000307848007651046 0.00030506998882629 0.00030306598637253 0.000302264001220465 0.000301124004181474 0.000299987994367257 0.000298856990411878 0.000298331986414269 0.000298408995149657 0.000298486003885046 0.00029856400215067 0.00029896100750193 0.000299467006698251 0.000299973005894572 0.000300479994621128 0.000303189997794107 0.000305896013742313 0.000306989008095115 0.000309825991280377 0.00031240499811247 0.000314166012685746
0.000335769000230357 0.000334668991854414 0.000333503994625062 0.000331896007992327 0.000330092007061467 0.000328230991726741 0.000326381006743759 0.000324541004374623 0.000323799991747364 0.000323060987284407 0.000321892992360517 0.000320330989779904 0.000318425009027123 0.000316938996547833 0.000313416006974876 0.000310669012833387 0.000309550989186391 0.000307301990687847 0.000304288987535983 0.000300407002214342 0.000296996993711218 0.000293805002002046 0.000288696988718584 0.000285833986708894 0.000282999011687934 0.000280192994978279 0.000277671992080286 0.000275941012660041 0.000274221994914114 0.000272776989731938 0.000271925004199147 0.000271302997134626 0.000270682998234406 0.000270063988864422 0.000269877986283973 0.000269834999926388 0.000269792013568804 0.000269748998107389 0.000270829012151808 0.00027238400070928 0.000273946992820129 0.000275232014246285 0.000275472993962467 0.000275894999504089
0.000319888000376523 0.000318075995892286 0.000316315010422841 0.000314114993670955 0.000312935007968917 0.000311351002892479 0.000309775990899652 0.000308207992929965 0.000307479989714921 0.000306753994664177 0.000306030007777736 0.000305077992379665 0.000303445005556569 0.000301821011817083 0.000300206011161208 0.000299240986350924 0.000297263002721593 0.000295214005745947 0.000293177989078686 0.000287063012365252 0.000276684004347771 0.000275055004749447 0.000273448997177184 0.000271925993729383 0.000270410993834957 0.000267302995780483 0.000263696012552828 0.000261432986008003 0.000259190012002364 0.000256958999671042 0.000254985992796719 0.000253298989264295 0.000252355996053666 0.000251416000537574 0.000250713987043127 0.000250015989877284 0.000249319011345506 0.000248625001404434 0.00024863300495781 0.000248641998041421 0.000248650991125032 0.000248749012826011 0.00024916700203903 0.000249586009886116
0.000312029005726799 0.000308869988657534 0.000305744004435837 0.000302648986689746 0.000300296989735216 0.000298864004435018 0.000297505001071841 0.00029666000045836 0.000296290992991999 0.000295923004159704 0.000295556004857644 0.000295031000860035 0.000294035009574145 0.000293043005513027 0.000292053999146447 0.000289029005216435 0.000285788002656773 0.000283589994069189 0.000279413012322038 0.000274004007223994 0.00026778198662214 0.000261701003182679 0.00025575899053365 0.000253800011705607 0.000252586993156001 0.000249887991230935 0.000246804003836587 0.000245740986429155 0.000244683003984392 0.000243629998294637 0.000241444999119267 0.000239127999520861 0.000236831998336129 0.000234559003729373 0.000233522005146369 0.000233106999075972 0.000232692997087725 0.000232279999181628 0.000231632002396509 0.000230985999223776 0.000230342004215345 0.000229914003284648 0.000230128993280232 0.000230345001909882
0.00031099800253287 0.000308941991534084 0.00030556001001969 0.000301205989671871 0.000297858990961686 0.000294966012006626 0.000292101001832634 0.000290616997517645 0.000290166004560888 0.00028971501160413 0.000289265008177608 0.000287541013676673 0.000285265006823465 0.000283008004771546 0.000280768988886848 0.000279136002063751 0.000277924991678447 0.000276720995316282 0.000275358994258568 0.000268937001237646 0.000262240995652974 0.000258404004853219 0.000255501014180481 0.000252608006121591 0.000247349991695955 0.000245189003180712 0.000243482005316764 0.000242050999077037 0.000240627996390685 0.000237411994021386 0.000233694998314604 0.00023039999359753 0.000227152006118558 0.000223948998609558 0.000221458001760766 0.000219214998651296 0.000216993998037651 0.000214530999073759 0.000212358005228452 0.000210964994039387 0.00020985200535506 0.000208968005608767 0.000208358003874309 0.00020732800476253
0.000304015004076064 0.000301485997624695 0.000296479003736749 0.000292546988930553 0.000288309995085001 0.000286432012217119 0.000285407993942499 0.000283153989585117 0.000282216002233326 0.000281282002106309 0.000280350999673828 0.000279292988125235 0.000278149003861472 0.000277010985882953 0.000275878002867103 0.000274198013357818 0.000271983008133247 0.000269785989075899 0.000267607014393434 0.000264458998572081 0.000260227010585368 0.000255677994573489 0.000251591991400346 0.000246504991082475 0.000241849993471988 0.000237283005844802 0.000231159996474162 0.000225953001063317 0.000220864007133059 0.000215891006519087 0.000210901998798363 0.000208305005799048 0.00020583400328178 0.000203392002731562 0.00020177400438115 0.00020043199765496 0.000198790003196336 0.000195355998585001 0.000193964006030001 0.000193087005754933 0.000191190003533848 0.000188762001926079 0.000187601006473415 0.000186884004506283
0.000290416006464511 0.000289021001663059 0.000288103998173028 0.000285649002762511 0.000282646011328325 0.000280795007711276 0.000279244995908812 0.000276542006758973 0.000274677004199475 0.000272825011052191 0.000270985008683056 0.000269312004093081 0.000268111994955689 0.0002669160021469 0.000265345006482676 0.000262304994976148 0.000258527987170964 0.000256505009019747 0.000254802987910807 0.000251174991717562 0.000246676994720474 0.000244455994106829 0.000240943001699634 0.000236968000535853 0.000233058002777398 0.000229212004342116 0.000225441996008158 0.000221775000682101 0.000218932997086085 0.000214557992876507 0.000209078003535978 0.000204569005290978 0.000200548995053396 0.000197158995433711 0.000194146006833762 0.000191322003956884 0.000189290993148461 0.000187518002348952 0.00018579899915494 0.00018409600306768 0.000181933995918371 0.000179502996616066 0.000177219000761397 0.000174964006873779
0.000276800012215972 0.000273690995527431 0.000269834010396153 0.000264954986050725 0.000261653010966256 0.000258885003859177 0.000256144005106762 0.000252122001256794 0.000250570999924093 0.000249028991675004 0.000247326010139659 0.000245597009779885 0.000245031988015398 0.000245295988861471 0.000245559989707544 0.000245787989115342 0.00024533798568882 0.000244888011366129 0.000244147988269106 0.000241949004703201 0.000239440996665508 0.000236419000430033 0.000232053003855981 0.000226443997235037 0.000220971996895969 0.0002170639927499 0.000212593993637711 0.000207642995519564 0.000202807001187466 0.000198282999917865 0.000194285996258259 0.000191183993592858 0.000187629004358314 0.00018525100313127 0.000182777002919465 0.000180296003236435 0.00017683299665805 0.000173188993358053 0.000170657993294299 0.00016816399875097 0.000165706995176151 0.000163445001817308 0.000161685005878098 0.000159942996106111
0.000253014994086698 0.000249864999204874 0.000246122013777494 0.000242434995016083 0.000239781002164818 0.000237478001508862 0.000235197992878966 0.000231469006394036 0.000229393001063727 0.000227334996452555 0.000225297000724822 0.000223784998524934 0.000223805996938609 0.000223827999434434 0.000223848997848108 0.000223288996494375 0.000222222006414086 0.00022205499408301 0.000221889000386 0.000219629000639543 0.000216778993490152 0.000213965002330951 0.00021265099348966 0.000210844998946413 0.000206993005122058 0.000203211995540187 0.000199475995032117 0.000195740998606198 0.00019294599769637 0.00018974399426952 0.000185262004379183 0.000182025003596209 0.000180046001332812 0.000177492998773232 0.00017516799562145 0.000172935993759893 0.00016881400370039 0.00016447200323455 0.000160291005158797 0.000156214999151416 0.000152460997924209 0.000150070001836866 0.000148145001730882 0.00014624600589741
0.000227526004891843 0.000223581999307498 0.000217862994759344 0.000212491999263875 0.000209421006729826 0.000206989992875606 0.000204587995540351 0.000202213006559759 0.000201129994820803 0.000200052003492601 0.000198980997083709 0.000198303998331539 0.00019879599858541 0.000199290007003583 0.00019978400086984 0.000200141003006138 0.00020035999477841 0.000200577997020446 0.000200797003344633 0.000200327995116822 0.000199631002033129 0.00019883899949491 0.000197041998035274 0.00019306100148242 0.000189159996807575 0.000185338998562656 0.000181409006472677 0.000178211004822515 0.000176999004906975 0.000174258995684795 0.00017027799913194 0.000166155994520523 0.000162368000019342 0.000159664006787352 0.00015637899923604 0.000152962995343842 0.000149622006574646 0.000146227001096122 0.000142860997584648 0.000139451993163675 0.000136125003336929 0.000133078006911092 0.000130191998323426 0.000127221006550826
0.000202171999262646 0.000197139001102187 0.000191130005987361 0.000185304001206532 0.000180881004780531 0.00017761200433597 0.000175081993802451 0.000172589003341272 0.000171866005985066 0.000171145002241246 0.000170428000274114 0.000170151994097978 0.000171195002621971 0.000172244996065274 0.000173300999449566 0.000174222004716285 0.000175006993231364 0.000175794993992895 0.000176586007000878 0.00017668200598564 0.000175687993760221 0.000174044005689211 0.000172259999089874 0.000168925995239988 0.000166893005371094 0.000164987999596633 0.000162001000717282 0.000158366994583048 0.000154815003043041 0.000151710002683103 0.000149177998537198 0.000146785998367704 0.000145098005305044 0.000140749994898215 0.000137876995722763 0.000134325004182756 0.000132386005134322 0.00012944100308232 0.000126337006804533 0.000122494006063789 0.000118673000542913 0.000116966999485157 0.000114875001600012 0.000112367997644469
