results/Predictions/Median/Lutetian.asc
NCOLS 360 
NROWS 180 
XLLCORNER -180 
YLLCORNER -90 
CELLSIZE 1 
NODATA_value -3.4e+38 
[rows 76 to 94 of 180, columns 132 to 175 of 360]
0.000469502992928028 0.000467578996904194 0.000465471995994449 0.000464985991129652 0.000465860008262098 0.000465996010461822 0.000466132012661546 0.000466189987491816 0.000466222001705319 0.000466255005449057 0.000466286990558729 0.000466157012851909 0.000466027995571494 0.00046589900739491 0.000466130004497245 0.000468924990855157 0.000474103988381103 0.00047356600407511 0.000475270993774757 0.000493058993015438 0.000499397981911898 0.000509922974742949 0.000508769997395575 0.000507657998241484 0.000510819023475051 0.000514023995492607 0.318574994802475 0.557838976383209 -3.4e+38 -3.4e+38 -3.4e+38 -3.4e+38 -3.4e+38 -3.4e+38 -3.4e+38 -3.4e+38 -3.4e+38 -3.4e+38 -3.4e+38 -3.4e+38 -3.4e+38 -3.4e+38 -3.4e+38 -3.4e+38
0.000475251988973469 0.000472521991468966 0.000470389000838622 0.000468456011731178 0.000468693004222587 0.000469085003715008 0.000469460006570444 0.000470339000457898 0.000470491999294609 0.000470677012344822 0.000470798986498266 0.000470858998596668 0.000474183005280793 0.000478278991067782 0.000477710011182353 0.000477449997561052 0.000477788998978212 0.000498538021929562 0.000503851973917335 0.000503075018059462 0.000510463025420904 0.000505884003359824 0.000508631987031549 0.000511714024469256 0.000514839019160718 0.000519592023920268 0.553260028362274 0.570219993591309 -3.4e+38 -3.4e+38 -3.4e+38 -3.4e+38 -3.4e+38 -3.4e+38 -3.4e+38 -3.4e+38 -3.4e+38 -3.4e+38 -3.4e+38 -3.4e+38 -3.4e+38 -3.4e+38 -3.4e+38 -3.4e+38
0.000481719005620107 0.00048110299394466 0.000478144997032359 0.000479279988212511 0.000480243994388729 0.000481208990095183 0.000481886992929503 0.000482103001559153 0.000482386007206514 0.000482669012853876 0.000482951989397407 0.000481393013615161 0.000482358998851851 0.000499474990647286 0.000501814007293433 0.000506596988998353 0.000502680020872504 0.000503121991641819 0.000510514015331864 0.00050639797700569 0.000508247991092503 0.00051052198978141 0.000512502971105278 0.000514418992679566 0.000516647996846586 0.000795604020822793 0.563582003116608 0.572610974311829 0.577754974365234 -3.4e+38 -3.4e+38 -3.4e+38 -3.4e+38 -3.4e+38 -3.4e+38 -3.4e+38 -3.4e+38 -3.4e+38 -3.4e+38 -3.4e+38 -3.4e+38 -3.4e+38 -3.4e+38 -3.4e+38
0.000498684006743133 0.000500546011608094 0.000499814981594682 0.000501403992529958 0.00050309399375692 0.000504254014231265 0.000506105017848313 0.000507576973177493 0.000507943972479552 0.000505696982145309 0.000512394995894283 0.000508111028466374 0.000506078009493649 0.000506027019582689 0.000506112002767622 0.0005066929734312 0.000512698024976999 0.000508022028952837 0.000508731987792999 0.00051053601782769 0.000512874976266176 0.00051524699665606 0.000521389010827988 0.000526831019669771 0.000532101024873555 0.393175005912781 0.562125027179718 0.570505023002625 0.578145027160645 -3.4e+38 -3.4e+38 -3.4e+38 -3.4e+38 -3.4e+38 -3.4e+38 -3.4e+38 -3.4e+38 -3.4e+38 -3.4e+38 -3.4e+38 -3.4e+38 -3.4e+38 -3.4e+38 -3.4e+38
0.000511026009917259 0.000509142002556473 0.000506357988342643 0.000507918011862785 0.000506885990034789 0.000505294010508806 0.000506518001202494 0.000507381977513433 0.000508126977365464 0.000508874014485627 0.000509622972458601 0.000509694975335151 0.000510214013047516 0.000513621023856103 0.0005118059925735 0.00051044998690486 0.000510893994942307 0.000511344987899065 0.000512443017214537 0.000514423998538405 0.0005252729752101 0.000527455005794764 0.000531787984073162 0.000535665021743625 0.000536488019861281 0.293837010860443 0.571982026100159 0.577050983905792 -3.4e+38 -3.4e+38 -3.4e+38 -3.4e+38 -3.4e+38 -3.4e+38 -3.4e+38 -3.4e+38 -3.4e+38 -3.4e+38 -3.4e+38 -3.4e+38 -3.4e+38 -3.4e+38 -3.4e+38 -3.4e+38
0.000512784987222403 0.00050881301285699 0.000505738018546253 0.000503732007928193 0.00050518597709015 0.000506644020788372 0.000508108001668006 0.000509285018779337 0.000510370009578764 0.000514250015839934 0.000514084997121245 0.000512783997692168 0.000513018982019275 0.000513256003614515 0.000513500010129064 0.000513762992341071 0.000514029990881681 0.000514330982696265 0.000516944972332567 0.000521446985658258 0.000523565977346152 0.00052612298168242 0.00052769499598071 0.00052941998001188 0.000533213024027646 0.36930900812149 0.563826024532318 0.577547013759613 -3.4e+38 -3.4e+38 -3.4e+38 -3.4e+38 -3.4e+38 -3.4e+38 -3.4e+38 -3.4e+38 -3.4e+38 -3.4e+38 -3.4e+38 -3.4e+38 -3.4e+38 -3.4e+38 -3.4e+38 -3.4e+38
0.000513293023686856 0.000508854980580509 0.000505127012729645 0.000504620024003088 0.000506312993820757 0.00050801201723516 0.000510052021127194 0.000511970021761954 0.000512646976858377 0.000514084997121245 0.000515530002303421 0.000515926978550851 0.000516326981596649 0.000516731990501285 0.000517057022079825 0.000517138978466392 0.000518691027536988 0.000517969019711018 0.000520645990036428 0.000524597009643912 0.000528734002728015 0.00053290301002562 0.000533037993591279 0.000533178972546011 0.000535389990545809 0.000808591023087502 0.563017010688782 -3.4e+38 -3.4e+38 -3.4e+38 -3.4e+38 -3.4e+38 -3.4e+38 -3.4e+38 -3.4e+38 -3.4e+38 -3.4e+38 -3.4e+38 -3.4e+38 -3.4e+38 -3.4e+38 -3.4e+38 -3.4e+38 -3.4e+38
0.000515443971380591 0.000512103026267141 0.000508795026689768 0.000505866017192602 0.000506769982166588 0.000507674994878471 0.000510794983711094 0.000510199985001236 0.000512061989866197 0.000513935985509306 0.000515819992870092 0.000516607018653303 0.000517398002557456 0.000518193992320448 0.000518786022439599 0.000525820010807365 0.000523792987223715 0.000519310007803142 0.00052211998263374 0.000524485018104315 0.000527503027115017 0.000530539022292942 0.000531664001755416 0.000533550977706909 0.000534314021933824 0.000541799992788583 0.574485003948212 0.569298028945923 -3.4e+38 -3.4e+38 -3.4e+38 -3.4e+38 -3.4e+38 -3.4e+38 -3.4e+38 -3.4e+38 -3.4e+38 -3.4e+38 -3.4e+38 -3.4e+38 -3.4e+38 -3.4e+38 -3.4e+38 -3.4e+38
0.000516251020599157 0.000512867991346866 0.000511745980475098 0.000510432990267873 0.000509865989442915 0.000509299978148192 0.000508734025061131 0.000509187986608595 0.000511479971464723 0.0005137890111655 0.000516113999765366 0.000517291016876698 0.000518475018907338 0.000522317015565932 0.000531781988684088 0.000528583012055606 0.000524515984579921 0.000521812005899847 0.000522690999787301 0.000524462026078254 0.000527618976775557 0.000529734010342509 0.000531819998286664 0.000533921993337572 0.00053603301057592 0.00053815299179405 0.000551060016732663 0.576619982719421 0.578612983226776 -3.4e+38 -3.4e+38 -3.4e+38 -3.4e+38 -3.4e+38 -3.4e+38 -3.4e+38 -3.4e+38 -3.4e+38 -3.4e+38 -3.4e+38 -3.4e+38 -3.4e+38 -3.4e+38 -3.4e+38
0.000516570988111198 0.000519350985996425 0.000518600980285555 0.000514566025231034 0.00050861801719293 0.000507989025209099 0.000507361022755504 0.000508719007484615 0.000510750978719443 0.000512795988470316 0.000514855026267469 0.000516186992172152 0.000519927009008825 0.000523821974638849 0.000526861986145377 0.000522536982316524 0.000520009023603052 0.000520817993674427 0.00052222702652216 0.000524316972587258 0.00052590697305277 0.00052750000031665 0.000529468001332134 0.000531567027792335 0.00053367402870208 0.000535789993591607 0.00053671101341024 0.000572099001146853 0.579093992710114 -3.4e+38 -3.4e+38 -3.4e+38 -3.4e+38 -3.4e+38 -3.4e+38 -3.4e+38 -3.4e+38 -3.4e+38 -3.4e+38 -3.4e+38 -3.4e+38 -3.4e+38 -3.4e+38 -3.4e+38
0.538995981216431 0.0291511993855238 0.0195157006382942 0.000670782988891006 0.000512723985593766 0.000509625999256968 0.000508313009049743 0.0005087919998914 0.000509872974362224 0.000510960991960019 0.000512054015416652 0.000513304024934769 0.000514561019372195 0.000515824009198695 0.00051675399299711 0.000516703992616385 0.000517120002768934 0.000517700973432511 0.000519565015565604 0.000521285983268172 0.000523012015037239 0.000524742994457483 0.000525750976521522 0.000526519026607275 0.000527288008015603 0.000528057978954166 0.000528866017702967 0.000532891019247472 0.00072752102278173 0.563040018081665 -3.4e+38 -3.4e+38 -3.4e+38 -3.4e+38 -3.4e+38 -3.4e+38 -3.4e+38 -3.4e+38 -3.4e+38 -3.4e+38 -3.4e+38 -3.4e+38 -3.4e+38 -3.4e+38
-3.4e+38 0.558350026607513 0.554731011390686 0.541172027587891 0.00104915001429617 0.000513445993419737 0.000509265984874219 0.000508864992298186 0.000508997007273138 0.000509375997353345 0.000510192010551691 0.000511360005475581 0.000512533995788544 0.000513713981490582 0.000514703977387398 0.000515108986292034 0.000515514984726906 0.000515923020429909 0.000516418018378317 0.000519266992341727 0.000520134984981269 0.000522001006174833 0.000522061018273234 0.000521517009474337 0.000520972011145204 0.00052042497554794 0.000522718008141965 0.000525020994246006 0.000527333002537489 0.000528711010701954 0.459205001592636 -3.4e+38 -3.4e+38 -3.4e+38 -3.4e+38 -3.4e+38 -3.4e+38 -3.4e+38 -3.4e+38 -3.4e+38 -3.4e+38 -3.4e+38 -3.4e+38 -3.4e+38
-3.4e+38 -3.4e+38 -3.4e+38 -3.4e+38 0.55678802728653 0.542409002780914 0.000659473997075111 0.000507537974044681 0.000507969001773745 0.000508401019033045 0.00050883402582258 0.000509693985804915 0.000510558020323515 0.000511425023432821 0.000512104015797377 0.000512215017806739 0.000512326019816101 0.000512435974087566 0.000512698024976999 0.00051313400035724 0.000513773004058748 0.000516915984917432 0.000517392007168382 0.000517220993060619 0.000517051026690751 0.000516881991643459 0.000518024025950581 0.000520477013196796 0.000523041991982609 0.000524597009643912 0.000523760973010212 0.183238998055458 -3.4e+38 -3.4e+38 -3.4e+38 -3.4e+38 -3.4e+38 -3.4e+38 -3.4e+38 -3.4e+38 -3.4e+38 -3.4e+38 -3.4e+38 -3.4e+38
-3.4e+38 -3.4e+38 -3.4e+38 -3.4e+38 0.562626004219055 0.552869975566864 0.551274001598358 0.142673000693321 0.000507929013110697 0.000507739023305476 0.000507548975292593 0.000508101016748697 0.00050865497905761 0.00050920998910442 0.000509581004735082 0.000509396020788699 0.000509212026372552 0.000509027973748744 0.000509192992467433 0.000509708013851196 0.000510224024765193 0.000510742014739662 0.00051130901556462 0.000511893013026565 0.000512478989548981 0.000513502978719771 0.000516186992172152 0.000516992004122585 0.000520028988830745 0.000521953974384815 0.000520490983035415 0.000520096975378692 0.0274098999798298 0.56277197599411 -3.4e+38 -3.4e+38 0.559144020080566 0.559234976768494 -3.4e+38 -3.4e+38 -3.4e+38 -3.4e+38 0.0596715994179249 0.000779878988396376
-3.4e+38 -3.4e+38 -3.4e+38 -3.4e+38 -3.4e+38 0.559301018714905 0.553758025169373 0.544737994670868 0.237743005156517 0.00050772400572896 0.000507118995301425 0.000507181975990534 0.000507244025357068 0.000507307006046176 0.000507237971760333 0.000506774988025427 0.000506312993820757 0.000505850999616086 0.000505951000377536 0.000506095995660871 0.000506413984112442 0.000506731972564012 0.000507502001710236 0.000508425000589341 0.000509352015797049 0.000510282989125699 0.000511612975969911 0.000512950995471328 0.000514866027515382 0.000516108993906528 0.000517932989168912 0.000518733984790742 0.000519279972650111 0.000632676994428039 0.0162054002285004 0.00075319898314774 0.000961772981099784 0.0027975901030004 0.00537437992170453 0.0566907003521919 0.000662743987049907 0.000551465025637299 0.000547755975276232 0.000552862999029458
-3.4e+38 -3.4e+38 -3.4e+38 -3.4e+38 -3.4e+38 0.558080017566681 0.551698982715607 0.548767983913422 0.543101012706757 0.0416659004986286 0.000507038028445095 0.000506936979945749 0.000508247991092503 0.00050956301856786 0.000510937010403723 0.000512483005877584 0.00051403499674052 0.000515591003932059 0.000516180007252842 0.000515874999109656 0.000515585008542985 0.000514356011990458 0.000514245999511331 0.000512188009452075 0.000509703997522593 0.00050723401363939 0.000508297001942992 0.000509881996549666 0.000511477992404252 0.000512878003064543 0.000513807986862957 0.000515081977937371 0.000516557018272579 0.000517714011948556 0.000518649001605809 0.000520523986779153 0.000523001013789326 0.000525409006513655 0.000527802971191704 0.000531690020579845 0.000534571008756757 0.000536878011189401 0.000538797990884632 0.000541836023330688
-3.4e+38 -3.4e+38 -3.4e+38 -3.4e+38 -3.4e+38 -3.4e+38 0.555738985538483 0.549130976200104 0.548838019371033 0.545700013637543 0.316832989454269 0.000510799989569932 0.000513643026351929 0.000516504980623722 0.000516595027875155 0.00051420897943899 0.000511110993102193 0.000508035009261221 0.00050614500651136 0.000505429983604699 0.000504715018905699 0.000504427007399499 0.000507034012116492 0.000511743011884391 0.000514613988343626 0.000514761020895094 0.000511172984261066 0.000507613993249834 0.000508695025928319 0.000510415993630886 0.00051174801774323 0.000514242972712964 0.000515869993250817 0.000517281994689256 0.000518664019182324 0.00051910598995164 0.000519405992235988 0.00052184599917382 0.000525414012372494 0.000529006007127464 0.000532622972968966 0.000532141013536602 0.000531206023879349 0.00053094798931852
-3.4e+38 -3.4e+38 -3.4e+38 -3.4e+38 -3.4e+38 -3.4e+38 0.559293985366821 0.548534989356995 0.551420986652374 0.554524004459381 0.553142011165619 0.543429970741272 0.000565222988370806 0.000514097977429628 0.000517279026098549 0.000518348009791225 0.00051600398728624 0.000513677019625902 0.000507813005242497 0.000505339994560927 0.000495917978696525 0.000475776003440842 0.000492348975967616 0.000496416003443301 0.000506040989421308 0.000508975994307548 0.000513323000632226 0.000514750019647181 0.000514401996042579 0.000510865997057408 0.000509948993567377 0.000512442027684301 0.00051408598665148 0.000513940001837909 0.000513766019139439 0.000515825988259166 0.000518092012498528 0.000521007983479649 0.00052393798250705 0.000525709998328239 0.000527492025867105 0.000527661002706736 0.000528606993611902 0.0005295550217852
-3.4e+38 -3.4e+38 -3.4e+38 -3.4e+38 -3.4e+38 -3.4e+38 -3.4e+38 0.557057976722717 0.552465975284576 0.559134006500244 0.556079983711243 0.554780006408691 0.549260020256042 0.0512362010776997 0.000539855973329395 0.000520418980158865 0.00051856302889064 0.000515019986778498 0.000511176011059433 0.000498790992423892 0.000477450987091288 0.000474011001642793 0.000473755993880332 0.000471939012641087 0.000476824003271759 0.000479492999147624 0.000499106012284756 0.000507769989781082 0.000513311009854078 0.000514197978191078 0.000513873994350433 0.000513555016368628 0.000512956001330167 0.000513040984515101 0.000512977014295757 0.000514051993377507 0.000516401021741331 0.000517904991284013 0.000520300003699958 0.000523033028002828 0.000525782001204789 0.000527344993315637 0.000527604017406702 0.000527934986166656
