results/Predictions/Median/Lutetian.asc
NCOLS 360 
NROWS 180 
XLLCORNER -180 
YLLCORNER -90 
CELLSIZE 1 
NODATA_value -3.4e+38 
[rows 38 to 56 of 180, columns 308 to 351 of 360]
-3.4e+38 -3.4e+38 -3.4e+38 -3.4e+38 -3.4e+38 -3.4e+38 -3.4e+38 -3.4e+38 -3.4e+38 -3.4e+38 -3.4e+38 -3.4e+38 -3.4e+38 0.00166136003099382 9.77600052465277e-07 9.72998009274306e-07 1.2739300245812e-06 1.67275004514522e-06 2.15411000681343e-06 2.63675997302926e-06 3.18990009873232e-06 3.81884001399158e-06 4.09888980357209e-06 4.05140008297167e-06 4.01480019718292e-06 3.95372990169562e-06 3.80450001102872e-06 3.61500997314579e-06 3.43460010299168e-06 3.26053009302996e-06 3.12553993353504e-06 3.00936994790391e-06 2.89113995677326e-06 2.76313994618249e-06 2.59991998063924e-06 2.45359001382894e-06 2.31941999118135e-06 2.22930998461379e-06 2.19513003685279e-06 2.16676994568843e-06 2.12118993658805e-06 2.15912996281986e-06 2.23169990931638e-06 2.29390002459695e-06
-3.4e+38 -3.4e+38 -3.4e+38 -3.4e+38 -3.4e+38 -3.4e+38 -3.4e+38 -3.4e+38 -3.4e+38 -3.4e+38 -3.4e+38 -3.4e+38 0.0023779000621289 0.00195668009109795 1.19702997380955e-06 1.71005001448066e-06 2.46650006374693e-06 3.61946990778961e-06 4.98259987580241e-06 5.75487001697184e-06 6.6384500314598e-06 7.54672009861679e-06 7.9534001997672e-06 8.01431997388136e-06 8.05967010819586e-06 8.07923970569391e-06 7.97493976278929e-06 7.79846959630959e-06 7.577710221085e-06 7.42793008612352e-06 7.12535984348506e-06 6.89353009875049e-06 6.6486600189819e-06 6.34039997748914e-06 5.87143995289807e-06 5.46229011888499e-06 5.0835001275118e-06 4.7864800762909e-06 4.59561988463975e-06 4.36374011769658e-06 4.13664020015858e-06 4.06676008424256e-06 4.06840990763158e-06 4.09542008128483e-06
-3.4e+38 -3.4e+38 -3.4e+38 -3.4e+38 -3.4e+38 -3.4e+38 -3.4e+38 -3.4e+38 -3.4e+38 -3.4e+38 -3.4e+38 -3.4e+38 0.0114385997876525 3.58712009074225e-06 2.46514991886215e-06 3.61648994839925e-06 5.41001008969033e-06 7.98677956481697e-06 1.07610003396985e-05 1.21215998660773e-05 1.35458003569511e-05 1.48584003909491e-05 1.53904002218042e-05 1.55093002831563e-05 1.5618799807271e-05 1.56864007294644e-05 1.56815003720112e-05 1.55942998389946e-05 1.54387998918537e-05 1.52928005263675e-05 1.48015997183393e-05 1.43263996505993e-05 1.37971001095138e-05 1.32582999867736e-05 1.24969001262798e-05 1.16618002721225e-05 1.10145001599449e-05 1.04406999525963e-05 9.7984202511725e-06 9.1957599579473e-06 8.75724981597159e-06 8.50976994115626e-06 8.32245041237911e-06 8.15494968264829e-06
-3.4e+38 -3.4e+38 -3.4e+38 -3.4e+38 -3.4e+38 -3.4e+38 -3.4e+38 -3.4e+38 -3.4e+38 -3.4e+38 -3.4e+38 0.0182330999523401 8.09377979749115e-06 7.33831984689459e-06 6.60442992739263e-06 9.25555013964185e-06 1.28863002828439e-05 1.73574007931165e-05 2.23029001062969e-05 2.41706002270803e-05 2.60588003584417e-05 2.76448990916833e-05 2.82427008642117e-05 2.81861994153587e-05 2.81152006209595e-05 2.79977994068759e-05 2.78261995845241e-05 2.75624006462749e-05 2.70956006716006e-05 2.67409996013157e-05 2.61609002336627e-05 2.58774998656008e-05 2.51386991294567e-05 2.43968006543582e-05 2.36062005569693e-05 2.28413991862908e-05 2.20965994230937e-05 2.13396997423843e-05 2.0583400328178e-05 1.98542002181057e-05 1.91511007869849e-05 1.86143006430939e-05 1.81227005668916e-05 1.76290996023454e-05
-3.4e+38 -3.4e+38 -3.4e+38 -3.4e+38 -3.4e+38 -3.4e+38 -3.4e+38 -3.4e+38 -3.4e+38 -3.4e+38 0.013014099560678 1.00771003417321e-05 1.2704100299743e-05 1.55100005940767e-05 1.82611001946498e-05 2.33869996009162e-05 3.05497997032944e-05 3.82297002943233e-05 4.54528999398462e-05 4.7593901399523e-05 4.91063001391012e-05 5.00571986776777e-05 5.02391012560111e-05 4.96434986416716e-05 4.90548991365358e-05 4.84734009660315e-05 4.80552989756688e-05 4.76927998533938e-05 4.73330001113936e-05 4.69500992039684e-05 4.63069991383236e-05 4.5620501623489e-05 4.50471015938092e-05 4.44457000412513e-05 4.40857984358445e-05 4.35071015090216e-05 4.2831201426452e-05 4.20336982642766e-05 4.12340014008805e-05 4.04495003749616e-05 3.96192990592681e-05 3.86145984521136e-05 3.75267991330475e-05 3.65537998732179e-05
-3.4e+38 -3.4e+38 -3.4e+38 -3.4e+38 -3.4e+38 -3.4e+38 -3.4e+38 -3.4e+38 -3.4e+38 0.0387075990438461 1.61299994942965e-05 1.93482992472127e-05 2.5384599211975e-05 3.28569003613666e-05 3.94345006498042e-05 4.77973990200553e-05 5.7162298617186e-05 6.75002011121251e-05 7.60844995966181e-05 7.76359011069871e-05 7.83819996286184e-05 7.8867597039789e-05 7.86255986895412e-05 7.74977015680633e-05 7.63858988648281e-05 7.5290103268344e-05 7.44248973205686e-05 7.36407964723185e-05 7.28648010408506e-05 7.20971002010629e-05 7.14565030648373e-05 7.08851002855226e-05 7.01925018802285e-05 6.95435010129586e-05 6.90832021064125e-05 6.84140977682546e-05 6.77782009006478e-05 6.68634020257741e-05 6.57615019008517e-05 6.48201967123896e-05 6.39723002677783e-05 6.26897017355077e-05 6.1298102082219e-05 6.0093698266428e-05
-3.4e+38 -3.4e+38 -3.4e+38 -3.4e+38 -3.4e+38 -3.4e+38 -3.4e+38 -3.4e+38 0.053525298833847 0.000353835988789797 2.96452999464236e-05 3.812339855358e-05 4.97633991471957e-05 6.40134967397898e-05 8.06258976808749e-05 9.12600007723086e-05 0.000103099002444651 0.000115923998237122 0.000124330006656237 0.000125132995890453 0.000125411999761127 0.000125688995467499 0.000124765007058159 0.000122779005323537 0.000120812001114246 0.000118768999527674 0.000116991002869327 0.000115474002086557 0.000114162001409568 0.00011223999899812 0.000111403001938015 0.000110608998511452 0.000109560001874343 0.000108872998680454 0.0001086039992515 0.000108187996374909 0.000107774001662619 0.000107079002191313 0.000106107996543869 0.000105145998531953 0.000104446997283958 0.000103165999462362 0.000101703997643199 0.000100329001725186
-3.4e+38 -3.4e+38 -3.4e+38 -3.4e+38 -3.4e+38 -3.4e+38 -3.4e+38 -3.4e+38 0.129274994134903 0.0164531003683805 5.29233002453111e-05 6.29809001111425e-05 8.44710011733696e-05 0.000107530002424028 0.000139746000058949 0.000150303996633738 0.000162550000823103 0.000173826992977411 0.000181665003765374 0.000180175993591547 0.000178229005541652 0.000176535002538003 0.000174592001712881 0.000172411004314199 0.000170257000718266 0.000168130005476996 0.000166249999892898 0.000164743993082084 0.000163479999173433 0.000161942996783182 0.000161560994456522 0.000160174997290596 0.000159486997290514 0.000158921000547707 0.000158454000484198 0.000157538001076318 0.000156691006850451 0.000156301000970416 0.000156371999764815 0.000155550995259546 0.000154191002366133 0.000152206994243897 0.000150334002682939 0.000149002997204661
-3.4e+38 -3.4e+38 -3.4e+38 -3.4e+38 -3.4e+38 -3.4e+38 -3.4e+38 -3.4e+38 -3.4e+38 0.148102998733521 7.55114015191793e-05 9.5177601906471e-05 0.000122773999464698 0.000156875001266599 0.00019933600560762 0.000209714999073185 0.000216100001125596 0.00022205599816516 0.000226863994612359 0.000226864998694509 0.000225173993385397 0.000224696006625891 0.000223631999688223 0.000221156995394267 0.000218550994759426 0.000215976993786171 0.000214012005017139 0.000211685997783206 0.000209228994208388 0.000206801007152535 0.00020742800552398 0.000208515994017944 0.000209446996450424 0.000210059995879419 0.000209347999771126 0.000208401004783809 0.000207532997592352 0.00020649099315051 0.000205249001737684 0.000204014999326319 0.000202787006855942 0.000200976006453857 0.000198986002942547 0.000197014000150375
-3.4e+38 -3.4e+38 -3.4e+38 -3.4e+38 -3.4e+38 -3.4e+38 -3.4e+38 -3.4e+38 0.210830003023148 0.000116722003440373 0.000111692002974451 0.000134178000735119 0.000173901993548498 0.000221830996451899 0.000269493000814691 0.000275497004622594 0.000279814994428307 0.000283909001154825 0.000286474998574704 0.000283030007267371 0.000280008011031896 0.000277348008239642 0.000273876008577645 0.000270204996922985 0.000266585004283115 0.000264701986452565 0.000265853013843298 0.0002637580037117 0.00026248098583892 0.000262771005509421 0.000262788002146408 0.000262585002928972 0.000263257999904454 0.000263282010564581 0.000263855006778613 0.00026406699907966 0.000264027010416612 0.0002634979900904 0.00026256698765792 0.000261509005213156 0.000260328990407288 0.000258515006862581 0.000256469997111708 0.000254440994467586
-3.4e+38 -3.4e+38 -3.4e+38 -3.4e+38 -3.4e+38 -3.4e+38 -3.4e+38 0.025509299710393 0.000136773000122048 0.000149408006109297 0.000163564996910281 0.000195385000552051 0.000238252992858179 0.000286813999991864 0.000322929990943521 0.000327359011862427 0.000333372998284176 0.00033699200139381 0.00034038900048472 0.000334901007590815 0.000332258990965784 0.000328291003825143 0.000324552995152771 0.000320335006108508 0.000317261001328006 0.00031416499405168 0.000312443007715046 0.000311284005874768 0.000310130009893328 0.000308980001136661 0.000309733004542068 0.000310517993057147 0.000311304000206292 0.000312235002638772 0.000313511001877487 0.000313249009195715 0.000312838994432241 0.000311963987769559 0.000310628005536273 0.000309297989588231 0.000307973998133093 0.000305844005197287 0.00030346101266332 0.000301096995826811
-3.4e+38 -3.4e+38 -3.4e+38 -3.4e+38 -3.4e+38 0.215674996376038 0.000143302997457795 0.000129919993923977 0.000160234994837083 0.00019303300359752 0.00023218100250233 0.000272467994363979 0.000314522010739893 0.000354145013261586 0.000388999993447214 0.000396113988244906 0.000401047989726067 0.00040450700907968 0.000407912011723965 0.000400676013668999 0.00039609000668861 0.000386698986403644 0.000380076991859823 0.00037589599378407 0.000373348011635244 0.000368111010175198 0.000364789011655375 0.000364281993824989 0.000362874008715153 0.000363113998901099 0.000363991013728082 0.000364495004760101 0.000364134000847116 0.000363852013833821 0.000363803992513567 0.000363197003025562 0.000362310995114967 0.00036082201404497 0.0003596399910748 0.000357926997821778 0.000356220989488065 0.00035361701156944 0.000351060996763408 0.000349511014064774
0.322732001543045 0.3612360060215 -3.4e+38 0.399868994951248 0.00577293010428548 0.000198206005734392 0.000160858005983755 0.000159421004354954 0.000203187999431975 0.000247274991124868 0.000301491993013769 0.000343596999300644 0.00037727999733761 0.000401561992475763 0.000417670991737396 0.000427271996159106 0.000434167013736442 0.000439299998106435 0.000443400000222027 0.000444028992205858 0.000442499003838748 0.000440611998783424 0.00043791500502266 0.000433117005741224 0.000428013008786365 0.00042294999002479 0.000419573014369234 0.000417920993641019 0.00041454000165686 0.000412040011724457 0.000411610002629459 0.000411182991228998 0.000410757987992838 0.000410311011364684 0.000409792992286384 0.000409238011343405 0.000408664986025542 0.000407829007599503 0.000406250997912139 0.00040537299355492 0.000404560996685177 0.000402375997509807 0.000399837008444592 0.000397316995076835
0.3177550137043 -3.4e+38 0.382968008518219 0.0217426996678114 0.000262229994405061 0.0002405700070085 0.000217926004552282 0.00022564799292013 0.00026501901447773 0.000308679998852313 0.000344252010108903 0.000373960996512324 0.000399439013563097 0.000419882009737194 0.000438860995927826 0.000444508012151346 0.000449165003374219 0.00045453998609446 0.00045906999730505 0.000458920985693112 0.000457312999060377 0.000457824993645772 0.000458207010524347 0.000455394008895382 0.000452089007012546 0.00045073201181367 0.000450571009423584 0.000449923012638465 0.000448375998530537 0.000446835008915514 0.000446335994638503 0.000446038990048692 0.000446360994828865 0.000446618010755628 0.000446674996055663 0.000446732999989763 0.00044678698759526 0.000446808990091085 0.000446835998445749 0.00044686600449495 0.000445565005065873 0.00044393801363185 0.00044081499800086 0.000439052004367113
-3.4e+38 0.346446990966797 0.0592706985771656 0.000274819991318509 0.000274716003332287 0.000277457002084702 0.000279389991192147 0.000295405014185235 0.000321022002026439 0.00035151100018993 0.000373382004909217 0.000398853997467086 0.000415260990848765 0.000436601985711604 0.000447664991952479 0.000452490989118814 0.000459998991573229 0.000466739002149552 0.000468696991447359 0.000467272009700537 0.000465105986222625 0.000463972013676539 0.000464057986391708 0.0004637069941964 0.000462808995507658 0.000461632997030392 0.00046146399108693 0.000461346993688494 0.00046114600263536 0.000460804993053898 0.000461046991404146 0.000461599003756419 0.000462030002381653 0.000462405005237088 0.000462002004496753 0.000461357005406171 0.00046071401447989 0.000460243987618014 0.000459929986391217 0.000459898001281545 0.000459264003438875 0.000457905989605933 0.000456987996585667 0.000456070993095636
0.370104014873505 0.0373894013464451 0.000302911998005584 0.000327559013385326 0.000331254996126518 0.000336658005835488 0.000341247010510415 0.000354907009750605 0.000375489005818963 0.0003984929935541 0.00041278000571765 0.000430735992267728 0.000446952995844185 0.000453012005891651 0.000465966004412621 0.000474252999993041 0.00047388399252668 0.000473838008474559 0.000473794003482908 0.000472421001177281 0.000472238985821605 0.000472204003017396 0.000471867999294773 0.000470675993710756 0.000469486985821277 0.000468303012894467 0.000468062004074454 0.000468135986011475 0.000468209997052327 0.000468284008093178 0.000468587997602299 0.000468893995275721 0.000469201011583209 0.000468721002107486 0.000468935002572834 0.000469007005449384 0.0004688200133387 0.000468404992716387 0.000467762991320342 0.000467123987618834 0.000466486992081627 0.000465407007141039 0.000464201002614573 0.000463981996290386
0.000340172002324834 0.000351491995388642 0.000360422010999173 0.000368122011423111 0.000377099000615999 0.000381555990315974 0.000384106999263167 0.000396966992411762 0.000412280991440639 0.000428658997407183 0.000444106990471482 0.000453410990303382 0.000462090014480054 0.00047599000390619 0.000484313000924885 0.000484938005683944 0.000484632008010522 0.000483351992443204 0.000480552989756688 0.000476551009342074 0.000476560002425686 0.000474633008707315 0.000473171996418387 0.000472346000606194 0.000471522012958303 0.000471003993880004 0.000471995008410886 0.000473438994958997 0.000474750995635986 0.000476067012641579 0.00047730898950249 0.00047830500989221 0.000477821013191715 0.000477277993923053 0.000476560002425686 0.000475842010928318 0.000475125998491421 0.000474570988444611 0.000474722997751087 0.000474876986118034 0.000475031993119046 0.000474880012916401 0.000474628002848476 0.000473722000606358
0.000410537992138416 0.000411840999731794 0.000413745001424104 0.000416796014178544 0.000420147000113502 0.000423993013100699 0.000425395992351696 0.000434345012763515 0.0004484310047701 0.000455750006949529 0.00046152199502103 0.000471384002594277 0.000481082010082901 0.000483523996081203 0.000484610005514696 0.000484524993225932 0.00048421899555251 0.000483501004055142 0.000482792995171621 0.000482111005112529 0.000481432012747973 0.00048016500659287 0.000479000998893753 0.000479220994748175 0.000478734000353143 0.000477769994176924 0.000478826987091452 0.000478864996694028 0.000479389011161402 0.000479843991342932 0.000480054004583508 0.000480846996651962 0.000481146009406075 0.000480746995890513 0.000480285991216078 0.000479832990095019 0.000479365990031511 0.00047887398977764 0.000477961002616212 0.000477624009363353 0.000477035995572805 0.00047472000005655 0.00047334301052615 0.000473113992484286
0.000455586006864905 0.000456289999419823 0.000456996989669278 0.0004575909988489 0.000460962997749448 0.000462282012449577 0.00046269700396806 0.000465591001557186 0.000474511994980276 0.000478294998174533 0.000480474001960829 0.000481836003018543 0.000482925999676809 0.000483392010210082 0.000483329989947379 0.000483157986309379 0.000482692004879937 0.000481978000607342 0.000481302005937323 0.000480732996948063 0.000480165996123105 0.000479832000564784 0.000480793998576701 0.000481582013890147 0.000482445990201086 0.000483524985611439 0.000484415009850636 0.000484220014186576 0.000484135001897812 0.000484134012367576 0.000484010990476236 0.000483231997350231 0.00048240800970234 0.000481864000903443 0.000481111987028271 0.000479211012134328 0.000479064998216927 0.000479456008179113 0.000479087000712752 0.000478700996609405 0.000478498986922204 0.000477661989862099 0.00047713698586449 0.000476424989756197
