results/Predictions/Median/Maastrichtian.asc
NCOLS 360 
NROWS 180 
XLLCORNER -180 
YLLCORNER -90 
CELLSIZE 1 
NODATA_value -3.4e+38 
[rows 100 to 119 of 180, columns 308 to 351 of 360]
0.000522970978636295 0.000524941016919911 0.000525322975590825 0.000526753021404147 0.00052925298223272 0.000531764992047101 0.000537199026439339 0.000539909000508487 0.000542383990250528 0.000545947987120599 0.000547409988939762 0.000548643991351128 0.000549805001355708 0.000552455021534115 0.000556620012503117 0.000560392974875867 0.000564192014280707 0.000568017014302313 0.000571227981708944 0.000573466997593641 0.000575713987927884 0.000577970989979804 0.000579561979975551 0.000580482999794185 0.000581405009143054 0.000582328997552395 0.000582934997510165 0.000583435990847647 0.000583937973715365 0.000584440014790744 0.000585458998102695 0.000586048001423478 0.000586080015636981 0.000586385023780167 0.000587510003242642 0.00058766599977389 0.000587459013331681 0.000586615002248436 0.00058557401644066 0.000585093977861106 0.000585053989198059 0.000585175992455333 0.000585353001952171 0.000585530011449009
0.000525115989148617 0.000525998009834439 0.000529196986462921 0.000532270991243422 0.000534794002305716 0.000536176026798785 0.000537566025741398 0.000538979016710073 0.000540414999704808 0.000541859015356749 0.000543309026397765 0.000544596987310797 0.000545831979252398 0.000547073024790734 0.000548319017980248 0.000549206975847483 0.000550098018720746 0.000551315024495125 0.000554417027160525 0.0005565449828282 0.00055868097115308 0.000560825981665403 0.000562569999601692 0.000563909008633345 0.000565251975785941 0.000566598027944565 0.000567480979952961 0.000568119983654469 0.000568268005736172 0.000568416027817875 0.000568398972973228 0.000568381976336241 0.000568364979699254 0.000568117015063763 0.000568062008824199 0.000568007002584636 0.000567951996345073 0.000567618990316987 0.000567007984500378 0.000566398026421666 0.000565788010135293 0.000565723981708288 0.000566362985409796 0.000566978997085243
0.000525694980751723 0.000526148010976613 0.000527359021361917 0.000528856995515525 0.000530617020558566 0.000532227975782007 0.000533582991920412 0.000534972990863025 0.000536397972609848 0.000537830987013876 0.000539269996806979 0.000540609005838633 0.000541917979717255 0.000543232017662376 0.000544552982319146 0.000545487971976399 0.00054642598843202 0.000547366973478347 0.000548253010492772 0.000548965996131301 0.000549679971300066 0.000550394994206727 0.000551020028069615 0.000551551987882704 0.000552084995433688 0.000552618992514908 0.000553136982489377 0.000553651014342904 0.000554165977519006 0.000554681988433003 0.00055503798648715 0.000555394974071532 0.000555752019863576 0.000556093000341207 0.000556382990907878 0.000556672981474549 0.000556964019779116 0.000557212973944843 0.000557421008124948 0.000557629973627627 0.000557955994736403 0.000558650004677474 0.00055941502796486 0.000560179993044585
0.00052689400035888 0.000526488991454244 0.00052701000822708 0.000527554017025977 0.000528165022842586 0.000528779986780137 0.000529397977516055 0.000529845012351871 0.000531212019268423 0.000532607024069875 0.000534009013790637 0.000535334984306246 0.00053663901053369 0.000537948973942548 0.000539264990948141 0.000540300970897079 0.000541342014912516 0.00054238602751866 0.000543363974429667 0.00054413202451542 0.000544902984984219 0.000545674993190914 0.000546369992662221 0.000546986993867904 0.000547604984603822 0.000548225012607872 0.000548753014300019 0.00054925202857703 0.00054975098464638 0.000550251977983862 0.000550632015801966 0.000551012984942645 0.000551394012290984 0.000551750999875367 0.000552032026462257 0.000552314973901957 0.000552596990019083 0.000552840996533632 0.000553046993445605 0.000553252000827342 0.000553457997739315 0.000553687976207584 0.000553926976863295 0.000554165977519006
0.00052706099813804 0.000529607990756631 0.000532152014784515 0.000534794991835952 0.000537685991730541 0.000539916974958032 0.00053770502563566 0.000535104016307741 0.000532120990101248 0.000529590004589409 0.000531069003045559 0.000531320984009653 0.000531557016074657 0.000532764999661595 0.000534076010808349 0.0005352110019885 0.00053634901996702 0.000537492975126952 0.000538558000698686 0.000539380009286106 0.000540204986464232 0.000541031011380255 0.000541794986929744 0.000542493013199419 0.0005431940080598 0.000543895992450416 0.000544434005860239 0.000544918002560735 0.000545402988791466 0.000545889022760093 0.000546291994396597 0.000546695024240762 0.000547098985407501 0.000547470990568399 0.000547744974028319 0.0005480190156959 0.00054711097618565 0.000546286988537759 0.000545685004908592 0.00054508401080966 0.000544483016710728 0.000544534996151924 0.000544919981621206 0.000545305025298148
0.000530231976881623 0.000532547011971474 0.000531264988239855 0.000531569996383041 0.000531243975274265 0.000530918012373149 0.000532270991243422 0.000534967985004187 0.000537734013050795 0.000539509986992925 0.000533007027115673 0.000530418998096138 0.000529990007635206 0.00052956398576498 0.000529140990693122 0.000531797006260604 0.000532121979631484 0.000532449979800731 0.000532766978722066 0.000533803016878664 0.000534843013156205 0.000535885978024453 0.000536727020516992 0.000537473009899259 0.000538219988811761 0.000538969994522631 0.000539530999958515 0.000540031003765762 0.000540531997103244 0.000541032990440726 0.000541443005204201 0.000541854009497911 0.000542265013791621 0.000542644993402064 0.00054292700951919 0.000543210015166551 0.000543493020813912 0.000543737027328461 0.000543940986972302 0.000544145004823804 0.000544205016922206 0.00054341898066923 0.000542717985808849 0.000542017980478704
0.000523304974194616 0.00052388699259609 0.000528773001860827 0.000530835008248687 0.000537751009687781 0.000539590022526681 0.000540598994120955 0.000539324013516307 0.000536412990186363 0.000533308018930256 0.000530295015778393 0.000533030019141734 0.000527922005858272 0.000522763002663851 0.000519149994943291 0.000521645997650921 0.0005241539911367 0.000526675023138523 0.000529125973116606 0.000529874989297241 0.000531884026713669 0.000532190024387091 0.000532283971551806 0.000532266974914819 0.000532251026015729 0.00053245498565957 0.000533176003955305 0.000533856975380331 0.00053453998407349 0.000535223982296884 0.000535726023372263 0.00053622800623998 0.00053673202637583 0.000537205021828413 0.000537572021130472 0.000537913991138339 0.000538222026079893 0.000538480991963297 0.000538690015673637 0.000538900028914213 0.000539109983947128 0.000539325992576778 0.000539543980266899 0.000539763015694916
0.000517909007612616 0.000514584011398256 0.00051481497939676 0.000513856008183211 0.000514638028107584 0.000524813018273562 0.000526811985764652 0.000525170005857944 0.000534361985046417 0.000540813023690134 0.000538140011485666 0.000539690023288131 0.000535927014425397 0.000530639023054391 0.000528789008967578 0.000529579003341496 0.000526742020156235 0.000523919996339828 0.000522847985848784 0.000523617025464773 0.000524386996403337 0.000524968025274575 0.00052506901556626 0.000526879972312599 0.00052907201461494 0.000530519988387823 0.000531921978108585 0.000531528028659523 0.000531135010533035 0.000530742981936783 0.000529864977579564 0.000529757002368569 0.000530283025000244 0.000530784018337727 0.000531208992470056 0.000531634024810046 0.000532060978002846 0.000532403006218374 0.000532661972101778 0.000532920996192843 0.000533181009814143 0.000533430022187531 0.000533676997292787 0.000533923972398043
0.000511953025124967 0.000513521023094654 0.000514240993652493 0.000515714986249804 0.000514480983838439 0.000516954984050244 0.000519444001838565 0.000514840008690953 0.000514095998369157 0.000514801999088377 0.000520098023116589 0.000521402980666608 0.000530524994246662 0.000531990022864193 0.000531975994817913 0.000534973980393261 0.00053258502157405 0.000530185003299266 0.000529357988853008 0.000528884993400425 0.000529473996721208 0.000528346979990602 0.000526998017448932 0.000525715993717313 0.000524748000316322 0.000523784023243934 0.000519729976076633 0.00052023702301085 0.000521844020113349 0.00052345497533679 0.000524805975146592 0.000526156974956393 0.000527509022504091 0.000528799020685256 0.000529334007296711 0.000527755997609347 0.000526182993780822 0.000525053008459508 0.000525341019965708 0.000525628973264247 0.000525917974300683 0.000526167976204306 0.000526406976860017 0.000526645977515727
0.000506828015204519 0.000505068979691714 0.000507507007569075 0.000511299003846943 0.000514006998855621 0.000515724997967482 0.000516607018653303 0.000517047999892384 0.000517203006893396 0.000516605970915407 0.000512405997142196 0.000512557977344841 0.000513884995598346 0.000513048027642071 0.000512243015691638 0.000518334971275181 0.000517663022037596 0.00051842798711732 0.000523631984833628 0.000528078991919756 0.00053079699864611 0.00053185602882877 0.000530473014805466 0.000529358978383243 0.000529006996657699 0.000528655014932156 0.000526348012499511 0.000523609982337803 0.000517802021931857 0.000512056984007359 0.000511709018610418 0.000513054023031145 0.000514399027451873 0.00051568599883467 0.00051679799798876 0.000517909007612616 0.000519020017236471 0.000519995985087007 0.000520839006640017 0.00052168098045513 0.000522523012477905 0.000523192982655019 0.000523804978001863 0.000524416973348707
0.000504181021824479 0.000502732000313699 0.000502486014738679 0.000504025025293231 0.000504881027154624 0.000507002987433225 0.0005073850043118 0.000507676973938942 0.000507878023199737 0.000506723998114467 0.000506133015733212 0.000505818985402584 0.000505294010508806 0.000506071024574339 0.000506199023220688 0.000506168988067657 0.000504522991832346 0.000505485979374498 0.000506568991113454 0.000508008000906557 0.000508507015183568 0.00051680498290807 0.000514323997776955 0.000515126972459257 0.00051826098933816 0.000522485002875328 0.000523137976415455 0.000519355991855264 0.000514672021381557 0.000516192987561226 0.000518071989063174 0.000517308013513684 0.000518043991178274 0.000518678978551179 0.000515734020154923 0.000511192018166184 0.000506690004840493 0.000506511016283184 0.000507352000568062 0.000508193974383175 0.000509034027345479 0.000509698002133518 0.000510304002091289 0.000510909012518823
0.000521689013112336 0.000515702005941421 0.000509359000716358 0.000505934993270785 0.000505847972817719 0.000504637020640075 0.000502510985825211 0.000502270995639265 0.000502016977407038 0.00050033099250868 0.000497956993058324 0.000499786983709782 0.000499630987178534 0.000498978013638407 0.000498325971420854 0.000499445013701916 0.000500567024573684 0.000501421978697181 0.000502658018376678 0.0005031360196881 0.000503415998537093 0.000503686023876071 0.00050455000018701 0.000500703987199813 0.000501631002407521 0.000502492010127753 0.000500553986057639 0.000500787980854511 0.000501021975651383 0.000501471979077905 0.000502153008710593 0.000502836017403752 0.000503705989103764 0.000504372001159936 0.00050500500947237 0.000501453003380448 0.000500037975143641 0.000494198990054429 0.000492778024636209 0.000499250018037856 0.000500624009873718 0.00050028198165819 0.000500574009492993 0.000507029995787889
0.000533887010533363 0.000526710005942732 0.000519305991474539 0.000512874976266176 0.000507339020259678 0.000502392009366304 0.000498293025884777 0.000495300977490842 0.000494381005410105 0.000493171974085271 0.000494960986543447 0.00049311202019453 0.000493498984724283 0.000493886007461697 0.000492408988066018 0.000492485996801406 0.000492563005536795 0.000494148000143468 0.000494621985126287 0.000495026004500687 0.000495430023875087 0.000494854990392923 0.000495016982313246 0.000494833977427334 0.000494047999382019 0.000494469015393406 0.000493944971822202 0.000494371983222663 0.000492674007546157 0.00049299601232633 0.000493569998070598 0.000492865976411849 0.000490650010760874 0.000491069979034364 0.000490146980155259 0.000487250013975427 0.00048436998622492 0.000480607995996252 0.000479592010378838 0.000477374996989965 0.000476418004836887 0.000475754990475252 0.0004750800144393 0.000475154985906556
0.000549897027667612 0.000548352021723986 0.000542961992323399 0.00053841300541535 0.000532120990101248 0.00052390800556168 0.00051406497368589 0.000509490026161075 0.000507106014993042 0.000504131021443754 0.000497534987516701 0.00049362302524969 0.000490173988509923 0.000489690981339663 0.000486829987494275 0.000486184988403693 0.000485541007947177 0.000484897987917066 0.000484432006487623 0.000484746007714421 0.000484555988805369 0.000483868992887437 0.00048347600386478 0.000484794989461079 0.00048509199405089 0.000485389988170937 0.000485516007756814 0.000486056000227109 0.000485914992168546 0.000485724012833089 0.000483810988953337 0.000482125993585214 0.000481771014165133 0.000481144001241773 0.000479701004223898 0.000477258989121765 0.00047571599134244 0.000473324005724862 0.000473232008516788 0.000469168007839471 0.000468598998850212 0.000467990001197904 0.000465441989945248 0.000464095006464049
0.00402584997937083 0.000577723025344312 0.00056539400247857 0.000549705000594258 0.000536312989424914 0.000530259974766523 0.000523458991665393 0.000516899977810681 0.000511737016495317 0.00051071000052616 0.000504874973557889 0.000498540000990033 0.000493735016789287 0.00048996799159795 0.000479843991342932 0.000480440008686855 0.000478505011415109 0.000476512010209262 0.000472896004794165 0.000471534003736451 0.0004715760005638 0.000470064987894148 0.000470400002086535 0.000469443999463692 0.000470214989036322 0.000470439990749583 0.000469905993668362 0.00046931000542827 0.000469355989480391 0.000471340987132862 0.000472626998089254 0.000472785992315039 0.000472740997793153 0.000471690989797935 0.000469822000013664 0.000469516991870478 0.000467631994979456 0.000464267010102049 0.000461963994894177 0.000460151000879705 0.000460031005786732 0.000459803006378934 0.000457327987533063 0.000455856003100052
0.46119299530983 0.291523993015289 0.000577721977606416 0.000567362003494054 0.000551977020222694 0.000538067019078881 0.000532252015545964 0.00052788300672546 0.000523246999364346 0.000513717997819185 0.000510741025209427 0.000506909971591085 0.000499553978443146 0.00049257802311331 0.00048841699026525 0.000480002985568717 0.000478020985610783 0.000472554995212704 0.000467375997686759 0.000464746990473941 0.000459434988442808 0.000459531991509721 0.000456382986158133 0.000453504995675758 0.000452778011094779 0.000452222011517733 0.000453182001365349 0.000452489999588579 0.000453401997219771 0.0004560399975162 0.000458374008303508 0.000459336006315425 0.000460298993857577 0.000459392002085224 0.000456075998954475 0.000454291002824903 0.000456081994343549 0.000456375011708587 0.000454747001640499 0.000453124986961484 0.000453165004728362 0.000452725013019517 0.000450938008725643 0.000447313010226935
0.559668004512787 0.550593018531799 0.159633994102478 0.000574566016439348 0.00056297198170796 0.000551812001504004 0.000543262984137982 0.000537719985004514 0.000533413025550544 0.000529140990693122 0.000521379988640547 0.000507085991557688 0.000498690002132207 0.000496237014885992 0.000494222971610725 0.000486997014377266 0.000476988003356382 0.000469947000965476 0.000457999994978309 0.000454138003988191 0.000450308987637982 0.000446510995971039 0.00044362701009959 0.000441047013737261 0.000438324001152068 0.000435616995673627 0.000434949994087219 0.000434960005804896 0.000434969988418743 0.000435571011621505 0.000437282986240461 0.00043632899178192 0.000437237991718575 0.000440537987742573 0.000443302007624879 0.000443508994067088 0.000444714009063318 0.000443416007328779 0.00044286300544627 0.000442688993643969 0.000441743002738804 0.000441957992734388 0.000441379990661517 0.000440400006482378
-3.4e+38 -3.4e+38 0.558236002922058 0.0124375000596046 0.000569162017200142 0.000566768983844668 0.000556793995201588 0.000548955984413624 0.000542634981684387 0.000536889012437314 0.000518272980116308 0.000511062971781939 0.000503944000229239 0.000496576016303152 0.000495448999572545 0.000486629985971376 0.000473938998766243 0.000464489014120772 0.000448832986876369 0.000439508003182709 0.000432711996836588 0.000425409991294146 0.000420711003243923 0.000419974996475503 0.000419238000176847 0.000418111012550071 0.000418981013353914 0.000419871008489281 0.000420763011788949 0.000421654985984787 0.000420724012656137 0.000421309989178553 0.000422509998315945 0.000422618992161006 0.000422179989982396 0.000421740987803787 0.000421301985625178 0.000421536999056116 0.00042181700700894 0.000425150996306911 0.000428219005698338 0.00042921700514853 0.000430173007771373 0.000431672000559047
-3.4e+38 -3.4e+38 0.547905027866364 0.42298299074173 0.000554413010831922 0.000549276999663562 0.000545924995094538 0.000532281002961099 0.000523992988746613 0.000509114004671574 0.000494931009598076 0.000497963977977633 0.000496034976094961 0.000497352972161025 0.000495466985739768 0.000488230987684801 0.000479106005514041 0.000474316999316216 0.000466972007416189 0.000458827009424567 0.000444850011263043 0.000433312001405284 0.00042348398710601 0.000417447998188436 0.000416191993281245 0.00041324901394546 0.00041104998672381 0.000411212007747963 0.000411374989198521 0.000411924993386492 0.000411599990911782 0.000411185988923535 0.000410418986575678 0.000409548985771835 0.000408413994591683 0.00040755100781098 0.000406690000090748 0.000405339000280946 0.000405542989028618 0.000408177002100274 0.000409455999033526 0.000409267988288775 0.000409389002015814 0.000411274988437071
0.482019990682602 -3.4e+38 0.530439019203186 0.399396002292633 0.000678426004014909 0.000531531986780465 0.000524863018654287 0.000619190977886319 0.00102663005236536 0.0118992999196053 0.00911263003945351 0.00825520977377892 0.000988458981737494 0.000860260974150151 0.000483838986838236 0.000485244992887601 0.000485246011521667 0.000483921001432464 0.000475914013804868 0.000467351987026632 0.000464462995296344 0.000450821011327207 0.00043435298721306 0.00041860100463964 0.000415665010223165 0.000411426008213311 0.000403296988224611 0.000402756006224081 0.000400849996367469 0.000399906013626605 0.000399381999159232 0.000398993986891583 0.000398939999286085 0.000398509990191087 0.000397025985876098 0.000399015989387408 0.0004003600042779 0.00040008599171415 0.000398637988837436 0.000397196010453627 0.000396960007492453 0.000399047014070675 0.000400321005145088 0.00040082901250571
