results/Predictions/Median/Maastrichtian.asc
NCOLS 360 
NROWS 180 
XLLCORNER -180 
YLLCORNER -90 
CELLSIZE 1 
NODATA_value -3.4e+38 
[rows 52 to 77 of 180, columns 177 to 235 of 360]
0.111505001783371 0.122406996786594 0.132183998823166 0.142713993787766 0.155886992812157 0.166041001677513 0.173651993274689 0.199546992778778 0.232096999883652 0.269223988056183 0.304315000772476 0.316004991531372 0.322640001773834 0.32889398932457 -3.4e+38 -3.4e+38 -3.4e+38 0.305375993251801 0.29381999373436 0.279110997915268 0.264237999916077 0.249408006668091 0.22681100666523 0.20354300737381 0.182881996035576 0.163423001766205 0.164268001914024 0.165095999836922 0.165990993380547 0.167077004909515 0.167327001690865 0.168089002370834 0.169171005487442 0.166942000389099 0.161874994635582 0.156780004501343 0.15183000266552 0.146939992904663 0.141960993409157 0.137099996209145 0.132296994328499 0.120380997657776 0.108673997223377 0.0985430032014847 0.0888660028576851 0.0789861977100372 0.0696799010038376 0.0611325018107891 0.0568100996315479 0.0560362003743649 0.0552840009331703 0.054526399821043 0.05382040143013 0.0529674999415874 0.052250899374485 0.0515476018190384 0.0441283993422985 0.0398102998733521 0.0358418002724648
0.145729005336761 0.164631992578506 0.182766005396843 0.200021997094154 0.214407995343208 0.228055000305176 0.240636005997658 0.26434800028801 0.293702006340027 0.325109004974365 0.353868991136551 0.35793799161911 -3.4e+38 -3.4e+38 -3.4e+38 -3.4e+38 0.347611010074615 0.340296000242233 0.327690005302429 0.312054991722107 0.298795014619827 0.285259991884232 0.264829993247986 -3.4e+38 0.225481003522873 0.207269996404648 0.204186007380486 0.201092004776001 0.198400005698204 0.1963260024786 0.195013001561165 0.193669006228447 0.191283002495766 0.188460007309914 0.184549003839493 0.180383995175362 0.176403999328613 0.172949999570847 0.169659003615379 0.166362002491951 0.163140997290611 0.152033001184464 0.141872003674507 0.131915003061295 0.121417999267578 0.107808001339436 0.0953421965241432 0.0834892988204956 0.0767853036522865 0.0739046037197113 0.0711672976613045 0.0684887990355492 0.0685093030333519 0.0693823993206024 0.0699661001563072 0.0710489973425865 0.0631273984909058 0.0565222017467022 0.0518812984228134
-3.4e+38 0.21577499806881 0.245958998799324 0.269926995038986 0.285625994205475 0.302037000656128 0.318417012691498 0.339038014411926 0.358063995838165 0.377472013235092 0.40073499083519 0.402123004198074 -3.4e+38 -3.4e+38 -3.4e+38 -3.4e+38 0.38467600941658 0.374045997858047 0.361364006996155 0.346583992242813 0.332331001758575 0.319043010473251 0.303878009319305 -3.4e+38 -3.4e+38 0.255910009145737 0.248906999826431 0.241115003824234 0.233073994517326 0.227101996541023 0.222598001360893 0.218382999300957 0.214178994297981 0.210699006915092 0.207947000861168 0.205111995339394 0.201951995491982 0.200609996914864 0.199848994612694 0.199065998196602 0.198260992765427 0.188960000872612 0.18011300265789 0.171981006860733 0.160904005169868 0.142802000045776 0.12610100209713 0.111385002732277 0.101153001189232 0.0955251976847649 0.0900314003229141 0.0848291963338852 0.0854768976569176 0.0882712975144386 0.0923407971858978 0.0954027995467186 0.0881451964378357 0.0807117000222206 0.0754769966006279
-3.4e+38 0.265836000442505 0.299888998270035 0.32668399810791 0.347923010587692 0.363609999418259 0.377438008785248 0.394203007221222 0.405883014202118 0.421011000871658 0.435387998819351 0.434451997280121 0.433510988950729 -3.4e+38 -3.4e+38 -3.4e+38 0.408257991075516 0.398274004459381 0.387607991695404 0.374341011047363 0.362334012985229 0.35037299990654 0.338158994913101 0.326088011264801 0.31378099322319 0.299510985612869 0.286237001419067 0.27683100104332 0.268022000789642 0.259963989257812 0.25407999753952 0.24821600317955 0.242044001817703 -3.4e+38 0.233815997838974 -3.4e+38 -3.4e+38 -3.4e+38 -3.4e+38 -3.4e+38 0.228640004992485 0.222114995121956 0.215426996350288 0.209088996052742 0.200167000293732 0.181281998753548 0.163692995905876 0.146519005298615 0.133454993367195 0.123933002352715 0.114901997148991 0.106377996504307 0.10810100287199 0.113052003085613 0.118937000632286 0.12533900141716 0.119268998503685 0.114099003374577 0.107767999172211
-3.4e+38 0.308937013149261 0.337139010429382 0.362186998128891 0.383650004863739 0.401113986968994 0.419223010540009 0.432619988918304 -3.4e+38 0.451912999153137 0.462729007005692 0.459839999675751 0.456939995288849 -3.4e+38 -3.4e+38 -3.4e+38 0.433349013328552 0.426064014434814 0.415156006813049 0.401706010103226 0.388004988431931 0.376592993736267 0.366046994924545 0.354667007923126 0.344195008277893 0.333332002162933 0.321949005126953 0.31131500005722 0.302612006664276 0.294456005096436 -3.4e+38 -3.4e+38 -3.4e+38 -3.4e+38 -3.4e+38 -3.4e+38 -3.4e+38 -3.4e+38 -3.4e+38 -3.4e+38 -3.4e+38 0.249164000153542 0.245571002364159 0.24201700091362 0.236061006784439 0.22019100189209 0.204897999763489 0.19021500647068 0.175086006522179 0.159981995820999 0.146790996193886 0.135005995631218 0.137078002095222 0.144464001059532 0.153208002448082 0.163257002830505 0.157699003815651 0.153515994548798 0.148928001523018
0.328682005405426 0.350602000951767 0.37167701125145 0.395864009857178 0.41796600818634 0.439072996377945 -3.4e+38 -3.4e+38 -3.4e+38 -3.4e+38 -3.4e+38 -3.4e+38 -3.4e+38 -3.4e+38 -3.4e+38 -3.4e+38 -3.4e+38 0.451442003250122 0.440573990345001 0.42535600066185 0.415179997682571 0.403053998947144 0.393996000289917 0.383576989173889 0.373645007610321 0.364915013313293 0.357630997896194 0.348538994789124 -3.4e+38 -3.4e+38 -3.4e+38 -3.4e+38 0.310914009809494 0.303321003913879 -3.4e+38 -3.4e+38 -3.4e+38 -3.4e+38 0.280452996492386 0.278925001621246 -3.4e+38 -3.4e+38 0.277794003486633 0.277987986803055 0.275258988142014 0.264225989580154 0.252893000841141 0.241773992776871 0.225737005472183 0.206001996994019 0.187325999140739 0.170921996235847 0.172041997313499 0.180926993489265 0.193628996610641 0.206652000546455 0.203794002532959 0.202011004090309 0.199182003736496
0.413657993078232 0.42662501335144 0.441251993179321 0.457152009010315 0.470297008752823 0.482053995132446 -3.4e+38 -3.4e+38 -3.4e+38 -3.4e+38 -3.4e+38 -3.4e+38 -3.4e+38 -3.4e+38 -3.4e+38 -3.4e+38 -3.4e+38 0.463450014591217 0.453765988349915 0.443073004484177 0.432956010103226 0.423570990562439 0.413848012685776 0.404312014579773 0.394881993532181 0.386617988348007 0.378794997930527 0.371785014867783 0.3644739985466 -3.4e+38 -3.4e+38 0.343311995267868 0.336232990026474 0.329695999622345 0.324277997016907 -3.4e+38 -3.4e+38 0.309383004903793 0.307130992412567 0.30502000451088 0.303050994873047 -3.4e+38 -3.4e+38 0.29866099357605 0.295778006315231 0.288641005754471 0.282265990972519 0.275359004735947 0.262257009744644 0.243252992630005 0.22477500140667 0.208817005157471 0.206879004836082 0.210862994194031 0.217480003833771 0.224040001630783 0.225617006421089 0.228247001767159 0.230820998549461
0.50035297870636 0.506030976772308 0.513307988643646 -3.4e+38 -3.4e+38 -3.4e+38 -3.4e+38 -3.4e+38 -3.4e+38 -3.4e+38 -3.4e+38 -3.4e+38 -3.4e+38 -3.4e+38 -3.4e+38 -3.4e+38 -3.4e+38 -3.4e+38 0.465737998485565 0.457046985626221 0.448882013559341 0.44038599729538 0.432651996612549 0.424719989299774 0.416684001684189 -3.4e+38 0.401504009962082 0.394787013530731 0.388422012329102 -3.4e+38 0.375618994235992 0.369435995817184 0.363101005554199 0.356974989175797 0.350775986909866 0.345037996768951 -3.4e+38 0.336450010538101 0.333851993083954 0.331330001354218 0.328799992799759 -3.4e+38 -3.4e+38 -3.4e+38 -3.4e+38 0.314101010560989 0.312007009983063 0.30995899438858 0.300218999385834 0.28226500749588 0.265282988548279 0.247135996818542 0.24185499548912 0.240769997239113 0.241466999053955 0.242160007357597 0.250072002410889 0.25806999206543 0.265421003103256
-3.4e+38 -3.4e+38 -3.4e+38 -3.4e+38 0.55037397146225 0.546424984931946 0.541628003120422 -3.4e+38 -3.4e+38 -3.4e+38 -3.4e+38 -3.4e+38 -3.4e+38 -3.4e+38 -3.4e+38 -3.4e+38 -3.4e+38 -3.4e+38 -3.4e+38 0.470757991075516 0.463495999574661 0.455321997404099 0.448406994342804 0.440991997718811 0.434215992689133 -3.4e+38 0.421508014202118 0.41601699590683 0.410203993320465 -3.4e+38 -3.4e+38 0.394450008869171 0.388895004987717 0.383127987384796 0.37753900885582 0.372067987918854 0.366578996181488 -3.4e+38 0.359174013137817 0.355980008840561 -3.4e+38 -3.4e+38 -3.4e+38 -3.4e+38 -3.4e+38 -3.4e+38 0.33856201171875 0.338642001152039 0.331122994422913 0.31648001074791 0.30137100815773 0.286491006612778 0.278896003961563 0.274520993232727 0.27106100320816 0.267569988965988 0.276672005653381 0.285730987787247 0.294854998588562
0.565407991409302 0.565595984458923 0.566621005535126 0.568774998188019 0.56879597902298 0.565954983234406 0.561755001544952 0.556688010692596 0.552618980407715 0.548569023609161 0.543540000915527 0.535878002643585 0.527804017066956 -3.4e+38 -3.4e+38 -3.4e+38 -3.4e+38 -3.4e+38 -3.4e+38 -3.4e+38 0.478520005941391 0.472099989652634 0.465086996555328 0.458954989910126 0.452621012926102 -3.4e+38 -3.4e+38 0.435056000947952 0.429823994636536 0.424564003944397 -3.4e+38 -3.4e+38 0.411202996969223 0.406834989786148 0.401688992977142 0.396438002586365 0.391577005386353 -3.4e+38 0.383401989936829 0.379298001527786 0.375176995992661 0.371849000453949 -3.4e+38 -3.4e+38 -3.4e+38 -3.4e+38 -3.4e+38 -3.4e+38 0.353554993867874 0.342920005321503 0.333222985267639 0.323594987392426 0.316646993160248 0.311416000127792 0.306075990200043 0.300695985555649 0.308757990598679 0.316639006137848 0.323062986135483
0.575343012809753 0.575417995452881 0.574908971786499 0.576305985450745 0.582341015338898 0.580824971199036 0.577648997306824 0.571699976921082 0.566787004470825 0.5606330037117 0.555598974227905 0.546428024768829 0.537715017795563 0.528900027275085 -3.4e+38 -3.4e+38 -3.4e+38 -3.4e+38 -3.4e+38 -3.4e+38 0.492381989955902 0.487094014883041 0.480625987052917 0.475551009178162 0.469974994659424 -3.4e+38 -3.4e+38 -3.4e+38 0.449542999267578 0.444557011127472 0.441035985946655 -3.4e+38 -3.4e+38 -3.4e+38 0.426090002059937 0.420983999967575 0.41600701212883 0.411489009857178 0.40633499622345 0.401542991399765 0.396521002054214 0.393141001462936 0.389575004577637 -3.4e+38 -3.4e+38 -3.4e+38 -3.4e+38 -3.4e+38 -3.4e+38 -3.4e+38 0.36523500084877 0.359248012304306 0.354084014892578 0.348008006811142 0.341307997703552 0.333983987569809 0.339897990226746 0.346412003040314 0.349101006984711
0.541707992553711 0.548979997634888 0.555195987224579 0.561428010463715 0.567233979701996 0.570164978504181 0.572194993495941 0.570886015892029 0.569494009017944 0.567376017570496 0.565047025680542 0.556837975978851 0.549024999141693 0.540920972824097 -3.4e+38 -3.4e+38 -3.4e+38 -3.4e+38 -3.4e+38 -3.4e+38 -3.4e+38 0.503081977367401 0.498270988464355 0.492837011814117 0.487845003604889 0.483061999082565 0.478713005781174 0.474274009466171 0.469530999660492 0.465286999940872 0.461603999137878 0.457812994718552 -3.4e+38 -3.4e+38 0.445834994316101 0.441852986812592 0.437945991754532 0.43326199054718 0.428194999694824 0.42298099398613 0.41770601272583 0.414003998041153 0.410216987133026 0.406392991542816 -3.4e+38 -3.4e+38 -3.4e+38 -3.4e+38 -3.4e+38 -3.4e+38 -3.4e+38 0.377694010734558 0.374332994222641 0.37117400765419 0.367790997028351 0.364324986934662 0.369085997343063 0.373062014579773 0.376074999570847
-3.4e+38 -3.4e+38 -3.4e+38 0.540090978145599 0.549430012702942 0.558636009693146 0.5640469789505 0.567735016345978 0.570656001567841 0.574485003948212 0.575628995895386 0.567789018154144 0.559850990772247 0.55172598361969 0.544363975524902 -3.4e+38 -3.4e+38 -3.4e+38 -3.4e+38 -3.4e+38 -3.4e+38 0.516179978847504 0.512942016124725 0.509365022182465 0.505484998226166 0.501092970371246 0.497047990560532 0.49261000752449 0.488122999668121 0.483698010444641 0.480013996362686 0.47613400220871 0.47197300195694 -3.4e+38 0.465310990810394 0.461901009082794 -3.4e+38 0.453236997127533 0.447425007820129 -3.4e+38 -3.4e+38 -3.4e+38 0.429484009742737 0.426203012466431 -3.4e+38 -3.4e+38 -3.4e+38 -3.4e+38 -3.4e+38 -3.4e+38 -3.4e+38 -3.4e+38 0.3940210044384 0.394490987062454 0.394122987985611 0.393539994955063 0.395810008049011 0.398622006177902 0.401264995336533
-3.4e+38 -3.4e+38 0.496585994958878 0.512588024139404 0.531867027282715 0.550274014472961 0.567147016525269 0.574629008769989 0.581040978431702 0.584614992141724 0.587307989597321 0.578499972820282 0.569751977920532 0.561290979385376 0.553354024887085 0.548815011978149 -3.4e+38 -3.4e+38 -3.4e+38 -3.4e+38 -3.4e+38 -3.4e+38 0.526741027832031 0.523549973964691 0.520066976547241 0.516519010066986 0.512832999229431 0.508772015571594 0.504004001617432 0.499413996934891 0.496131986379623 0.492413997650146 0.488305002450943 -3.4e+38 -3.4e+38 -3.4e+38 0.473401010036469 0.468097001314163 0.462814003229141 0.457760006189346 0.452459007501602 0.449757993221283 0.446619987487793 -3.4e+38 -3.4e+38 -3.4e+38 -3.4e+38 -3.4e+38 -3.4e+38 -3.4e+38 -3.4e+38 -3.4e+38 -3.4e+38 -3.4e+38 0.410999000072479 0.411449998617172 0.414029002189636 0.416588008403778 0.419128000736237
-3.4e+38 0.437389999628067 0.45252999663353 0.478872001171112 0.508324980735779 0.543368995189667 0.577820003032684 0.589518010616302 0.594092011451721 0.598137021064758 0.602383971214294 0.592853009700775 0.581139028072357 0.571739017963409 0.563280999660492 0.558489978313446 0.553327977657318 0.548681974411011 -3.4e+38 -3.4e+38 -3.4e+38 0.538084983825684 0.535731017589569 0.533421993255615 0.531125009059906 0.52877402305603 0.524493992328644 0.520165979862213 0.516282021999359 -3.4e+38 -3.4e+38 -3.4e+38 -3.4e+38 -3.4e+38 -3.4e+38 -3.4e+38 0.482989013195038 0.477887988090515 0.473365008831024 0.468739002943039 0.462994009256363 0.460413008928299 0.45770600438118 0.454690009355545 -3.4e+38 -3.4e+38 -3.4e+38 -3.4e+38 -3.4e+38 -3.4e+38 -3.4e+38 -3.4e+38 -3.4e+38 -3.4e+38 -3.4e+38 0.425332993268967 0.427237004041672 0.429113000631332 0.431441992521286
-3.4e+38 0.376794010400772 0.405440002679825 0.449755012989044 0.493717014789581 0.535471022129059 0.582526028156281 0.598185002803802 0.604582011699677 0.610197007656097 0.614583015441895 0.603231012821198 0.591408014297485 0.578203976154327 0.568843007087708 0.565418004989624 0.561168015003204 0.557143986225128 0.553485989570618 0.551742017269135 0.549489974975586 0.54714298248291 0.545435011386871 0.543905019760132 0.542244970798492 -3.4e+38 -3.4e+38 -3.4e+38 -3.4e+38 -3.4e+38 -3.4e+38 -3.4e+38 -3.4e+38 -3.4e+38 -3.4e+38 0.49693900346756 0.491059988737106 0.486555010080338 0.481696993112564 0.476819008588791 0.471949011087418 0.470147997140884 0.467999994754791 0.46553298830986 0.462996006011963 -3.4e+38 -3.4e+38 -3.4e+38 -3.4e+38 -3.4e+38 -3.4e+38 -3.4e+38 -3.4e+38 -3.4e+38 -3.4e+38 -3.4e+38 -3.4e+38 0.441608011722565 0.442514002323151
-3.4e+38 0.441370993852615 0.457697004079819 0.484586000442505 0.521553993225098 0.56138402223587 0.596953988075256 0.609040021896362 0.612752974033356 0.614840984344482 0.616927981376648 0.609942018985748 0.602788984775543 0.595243990421295 0.587428987026215 0.576224982738495 0.56743997335434 0.558788001537323 0.553879976272583 0.55432802438736 0.55476301908493 0.554727017879486 0.553152024745941 0.551162004470825 0.549636006355286 0.547405004501343 -3.4e+38 -3.4e+38 -3.4e+38 0.533693015575409 -3.4e+38 -3.4e+38 -3.4e+38 -3.4e+38 0.508455991744995 0.503017008304596 0.498461008071899 0.494751989841461 0.491320013999939 0.48751500248909 0.482980012893677 0.482547998428345 0.481117010116577 0.4792799949646 0.47801399230957 0.476873993873596 -3.4e+38 -3.4e+38 -3.4e+38 -3.4e+38 -3.4e+38 -3.4e+38 -3.4e+38 -3.4e+38 -3.4e+38 -3.4e+38 -3.4e+38 -3.4e+38 -3.4e+38
0.492522001266479 0.501834988594055 0.506983995437622 0.52447497844696 0.555730998516083 0.582885980606079 0.610047996044159 0.616509974002838 0.617600977420807 0.617196977138519 0.616466999053955 0.61335301399231 0.610005974769592 0.606495022773743 0.600758016109467 0.588607013225555 0.573670029640198 0.560046970844269 0.553942978382111 0.556306004524231 0.559267997741699 0.561770975589752 0.561151027679443 0.55815601348877 0.555774986743927 0.55334597826004 0.549925982952118 0.547263979911804 0.544790983200073 0.541750013828278 0.535259008407593 0.529177010059357 0.523437976837158 0.517477989196777 0.511866986751556 0.506879985332489 0.502246975898743 0.498600989580154 0.495873987674713 0.492035001516342 0.488025993108749 0.488523006439209 0.488380014896393 0.488929003477097 0.489892989397049 0.490714013576508 -3.4e+38 -3.4e+38 -3.4e+38 -3.4e+38 -3.4e+38 -3.4e+38 -3.4e+38 -3.4e+38 -3.4e+38 -3.4e+38 -3.4e+38 -3.4e+38 -3.4e+38
0.515999019145966 0.536652982234955 0.55179101228714 0.567425012588501 0.580893993377686 0.593590021133423 0.606694996356964 0.610911011695862 0.611108005046844 0.609355986118317 0.607096016407013 0.602955996990204 0.601428985595703 0.59993702173233 0.596153020858765 0.584522008895874 0.572140991687775 0.564660012722015 0.559678018093109 0.556936979293823 0.557910978794098 0.559126019477844 0.559054017066956 0.557882010936737 0.556761980056763 0.555648982524872 0.553317010402679 0.551111996173859 0.549112021923065 0.545866012573242 0.540067970752716 0.534519016742706 0.528719007968903 0.523386001586914 0.518679022789001 0.513752996921539 0.508763015270233 0.505146026611328 0.501999020576477 0.497265011072159 0.492866992950439 0.495517998933792 0.497628003358841 0.498389005661011 0.500853002071381 0.504631996154785 0.507665991783142 -3.4e+38 -3.4e+38 -3.4e+38 -3.4e+38 -3.4e+38 -3.4e+38 -3.4e+38 -3.4e+38 -3.4e+38 -3.4e+38 -3.4e+38 -3.4e+38
0.484503000974655 0.543415009975433 0.585950970649719 0.600857973098755 0.599668979644775 0.600136995315552 0.601276993751526 0.599209010601044 0.59670501947403 0.594205975532532 0.591364026069641 0.585660994052887 0.580371975898743 0.577328026294708 0.574298977851868 0.568307995796204 0.566007971763611 0.566034972667694 0.562479019165039 0.555688977241516 0.549053013324738 0.547132015228271 0.547510981559753 0.54889702796936 0.549407005310059 0.55002897977829 0.548493981361389 0.546913027763367 0.545102000236511 0.542905986309052 0.539640009403229 0.535983026027679 0.532375991344452 0.529224991798401 0.525382995605469 0.521461009979248 0.517822027206421 0.51418799161911 0.510755002498627 0.506640017032623 0.501869022846222 0.503291010856628 0.50619900226593 0.508648991584778 0.512929022312164 0.519318997859955 0.525202989578247 -3.4e+38 -3.4e+38 -3.4e+38 -3.4e+38 -3.4e+38 -3.4e+38 -3.4e+38 -3.4e+38 -3.4e+38 -3.4e+38 -3.4e+38 -3.4e+38
0.46323499083519 0.560342013835907 0.619244992733002 0.625163972377777 0.617928981781006 0.607227027416229 0.594555974006653 0.587134003639221 0.58254200220108 0.577490985393524 0.57225102186203 -3.4e+38 -3.4e+38 -3.4e+38 -3.4e+38 -3.4e+38 0.560162007808685 0.565114974975586 0.562542974948883 0.551782011985779 0.540785014629364 0.532073974609375 0.533465027809143 0.535969018936157 0.538497984409332 0.540437996387482 0.539039015769958 0.537756025791168 0.536611974239349 0.535185992717743 0.533747017383575 0.531974017620087 0.530152976512909 0.529012024402618 0.527972996234894 0.526561975479126 0.524793982505798 0.521587014198303 0.517485976219177 0.512614011764526 0.509033024311066 0.511406004428864 0.513459026813507 0.516255021095276 0.521898984909058 0.531539022922516 0.539213001728058 0.545413970947266 -3.4e+38 -3.4e+38 -3.4e+38 -3.4e+38 -3.4e+38 -3.4e+38 -3.4e+38 -3.4e+38 -3.4e+38 -3.4e+38 -3.4e+38
0.538704991340637 0.579423010349274 0.608389019966125 0.614932000637054 -3.4e+38 -3.4e+38 -3.4e+38 -3.4e+38 -3.4e+38 -3.4e+38 -3.4e+38 -3.4e+38 -3.4e+38 -3.4e+38 -3.4e+38 -3.4e+38 -3.4e+38 0.54952597618103 0.546736001968384 0.539152026176453 0.530923008918762 0.522199988365173 0.524643003940582 0.529057025909424 0.532712996006012 0.536698997020721 0.536965012550354 0.53694099187851 0.535893976688385 0.534909009933472 0.53261399269104 0.530496001243591 0.528698980808258 0.527301013469696 0.526214003562927 0.52530699968338 0.523712992668152 0.519737005233765 0.51535302400589 0.510722994804382 0.506259977817535 0.509091973304749 0.511664986610413 0.513279020786285 0.51959502696991 0.526535987854004 0.533083021640778 0.538071990013123 0.533118009567261 -3.4e+38 -3.4e+38 -3.4e+38 -3.4e+38 -3.4e+38 -3.4e+38 -3.4e+38 -3.4e+38 -3.4e+38 -3.4e+38
0.580006003379822 0.589405000209808 0.597059011459351 -3.4e+38 -3.4e+38 -3.4e+38 -3.4e+38 -3.4e+38 -3.4e+38 -3.4e+38 -3.4e+38 -3.4e+38 -3.4e+38 -3.4e+38 -3.4e+38 -3.4e+38 -3.4e+38 0.532766997814178 0.531207025051117 0.526443004608154 0.520569026470184 0.513514995574951 0.51597797870636 0.521960020065308 0.527795970439911 0.531807005405426 0.531921029090881 0.531561017036438 0.532764971256256 0.533293008804321 0.531259000301361 0.527831971645355 0.526067972183228 0.525139987468719 0.525038003921509 0.523440003395081 0.522032976150513 0.518492996692657 0.515386998653412 0.512130975723267 0.507378995418549 0.509173989295959 0.511591970920563 0.513462007045746 0.516444981098175 0.522487998008728 0.526881992816925 0.530565977096558 0.528743028640747 0.520681977272034 -3.4e+38 -3.4e+38 -3.4e+38 -3.4e+38 -3.4e+38 -3.4e+38 -3.4e+38 -3.4e+38 -3.4e+38
0.583872020244598 0.584818005561829 0.585942983627319 -3.4e+38 -3.4e+38 -3.4e+38 -3.4e+38 -3.4e+38 -3.4e+38 -3.4e+38 -3.4e+38 -3.4e+38 -3.4e+38 -3.4e+38 -3.4e+38 -3.4e+38 -3.4e+38 -3.4e+38 0.522054970264435 0.519248008728027 -3.4e+38 0.510219991207123 0.509361982345581 0.509568989276886 0.509558022022247 0.507968008518219 0.510913014411926 0.513449013233185 0.51673299074173 0.51909601688385 0.521036982536316 0.523084998130798 0.523081004619598 0.523625016212463 0.52199399471283 0.520740985870361 0.520685970783234 0.519033014774323 0.517444014549255 0.517264008522034 0.515631973743439 0.518606007099152 0.519674003124237 0.520503997802734 0.520084977149963 0.520542025566101 0.523301005363464 0.526880979537964 0.524335980415344 0.519572019577026 0.518101990222931 -3.4e+38 -3.4e+38 -3.4e+38 -3.4e+38 -3.4e+38 -3.4e+38 -3.4e+38 -3.4e+38
0.576902985572815 0.575161993503571 0.572834014892578 -3.4e+38 -3.4e+38 -3.4e+38 -3.4e+38 -3.4e+38 -3.4e+38 -3.4e+38 -3.4e+38 -3.4e+38 -3.4e+38 -3.4e+38 -3.4e+38 -3.4e+38 -3.4e+38 -3.4e+38 -3.4e+38 -3.4e+38 -3.4e+38 -3.4e+38 -3.4e+38 0.490817993879318 0.482059001922607 0.475558012723923 0.475955992937088 0.481445997953415 0.487172991037369 0.496113985776901 0.50306898355484 0.510599970817566 0.517428994178772 0.520695984363556 0.520366013050079 0.517763018608093 0.515718996524811 -3.4e+38 -3.4e+38 0.527045011520386 0.527777016162872 0.527427017688751 0.530818998813629 0.534892976284027 0.541033983230591 0.53406697511673 0.530050992965698 0.528165996074677 0.528376996517181 0.529937982559204 0.531503021717072 0.532251000404358 -3.4e+38 -3.4e+38 -3.4e+38 -3.4e+38 -3.4e+38 -3.4e+38 -3.4e+38
0.557483017444611 0.559170007705688 -3.4e+38 -3.4e+38 -3.4e+38 -3.4e+38 -3.4e+38 -3.4e+38 -3.4e+38 -3.4e+38 -3.4e+38 -3.4e+38 -3.4e+38 -3.4e+38 -3.4e+38 -3.4e+38 -3.4e+38 -3.4e+38 -3.4e+38 -3.4e+38 -3.4e+38 -3.4e+38 -3.4e+38 -3.4e+38 0.461513012647629 0.45804700255394 0.454980999231339 0.453216999769211 0.47427898645401 0.491169005632401 0.502701997756958 0.513024985790253 0.513122022151947 0.512419998645782 -3.4e+38 -3.4e+38 -3.4e+38 -3.4e+38 -3.4e+38 -3.4e+38 -3.4e+38 0.530885994434357 0.533267974853516 0.542836010456085 0.551068007946014 0.5433149933815 0.533505976200104 0.526960015296936 0.527858972549438 0.53627598285675 0.543389022350311 0.549120008945465 0.54536497592926 -3.4e+38 -3.4e+38 -3.4e+38 -3.4e+38 -3.4e+38 -3.4e+38
