results/Predictions/Median/Maastrichtian.asc
NCOLS 360 
NROWS 180 
XLLCORNER -180 
YLLCORNER -90 
CELLSIZE 1 
NODATA_value -3.4e+38 
[rows 120 to 139 of 180, columns 308 to 351 of 360]
0.462866008281708 0.481045007705688 0.512709975242615 0.53285801410675 0.535694003105164 0.531663000583649 0.528159976005554 0.527229011058807 0.513661026954651 0.510843992233276 0.51581197977066 0.526264011859894 0.529995024204254 0.348031997680664 0.348195999860764 0.014868900179863 0.000496077002026141 0.000495817977935076 0.000488191988551989 0.000477472000056878 0.000463233998743817 0.000456793000921607 0.000434196990681812 0.000418414012528956 0.000408928986871615 0.000402814010158181 0.000397820986108854 0.000392646994441748 0.000389038003049791 0.00038546000723727 0.00038382998900488 0.00038220701389946 0.000380849989596754 0.000380424986360595 0.000381085003027692 0.000381382997147739 0.000382275000447407 0.000383709993911907 0.000385655002901331 0.000387611013138667 0.00038957700598985 0.000391340989153832 0.000393041991628706 0.000394558999687433
0.452178001403809 0.476125001907349 0.516970992088318 0.526297986507416 0.527545988559723 0.519950985908508 0.520609021186829 0.516008973121643 0.502110004425049 0.511768996715546 0.508104026317596 0.505792021751404 0.515753984451294 0.516373991966248 0.447831988334656 0.332038998603821 0.0187340006232262 0.000509889970999211 0.000505123985931277 0.00048754399176687 0.000468693993752822 0.000450502004241571 0.00042453600326553 0.000409936008509248 0.000401082012103871 0.000391840992961079 0.000389897002605721 0.00038701799348928 0.000383831997169182 0.000380671001039445 0.000379414006602019 0.000378161988919601 0.000376913987565786 0.000376034993678331 0.000375595001969486 0.000372039008652791 0.000369768007658422 0.000370744994143024 0.000373134011169896 0.000375536008505151 0.000377952004782856 0.00037979701301083 0.000382700003683567 0.000383987004170194
0.419885993003845 -3.4e+38 -3.4e+38 -3.4e+38 -3.4e+38 -3.4e+38 -3.4e+38 -3.4e+38 -3.4e+38 -3.4e+38 -3.4e+38 -3.4e+38 -3.4e+38 0.51767498254776 0.53813499212265 0.403658002614975 0.365792006254196 0.00060850300360471 0.000510675017721951 0.000487364013679326 0.000465830991743132 0.000444328994490206 0.000415949994930997 0.000404273014282808 0.000394697999581695 0.000384084996767342 0.00038270399090834 0.000380907993530855 0.000377577991457656 0.000370802008546889 0.000370983994798735 0.000371166999684647 0.00037088998942636 0.000369891000445932 0.000369243003660813 0.000368500011973083 0.000367758999345824 0.000367739994544536 0.000365665007848293 0.000363603001460433 0.000361551996320486 0.000359830009983853 0.000360467995051295 0.000361618003807962
-3.4e+38 -3.4e+38 -3.4e+38 -3.4e+38 -3.4e+38 -3.4e+38 -3.4e+38 -3.4e+38 -3.4e+38 -3.4e+38 -3.4e+38 -3.4e+38 -3.4e+38 -3.4e+38 0.483846992254257 0.429062008857727 0.38612899184227 0.374449998140335 0.000494336010888219 0.000481350987683982 0.00046033100807108 0.000439794996054843 0.000416055001551285 0.000404248014092445 0.000386731000617146 0.000379747012630105 0.000370758003555238 0.000365557003533468 0.000362568011041731 0.000357848010025918 0.000355900992872193 0.000353963987436146 0.000351902010152116 0.000350112008163705 0.000349442998412997 0.000349582987837493 0.000349723006365821 0.000350340007571504 0.000351435999618843 0.000352859002305195 0.0003536379954312 0.000354902993422002 0.000356225005816668 0.000356605014530942
-3.4e+38 -3.4e+38 -3.4e+38 -3.4e+38 -3.4e+38 -3.4e+38 -3.4e+38 -3.4e+38 -3.4e+38 -3.4e+38 -3.4e+38 -3.4e+38 -3.4e+38 -3.4e+38 0.409978985786438 0.362949997186661 0.33160400390625 0.358366012573242 0.181449994444847 0.000473510997835547 0.000458925002021715 0.000441893003880978 0.000420463009504601 0.000403990008635446 0.000384162995032966 0.000371219997759908 0.000363522005500272 0.000358076998963952 0.000352441013092175 0.000347469991538674 0.000347288005286828 0.000347105989931151 0.000346924993209541 0.000346760993124917 0.000346651009749621 0.00034654198680073 0.000346827000612393 0.000347624009009451 0.000348138011759147 0.000348652014508843 0.000348216999555007 0.000346996006555855 0.000345990003552288 0.000344389001838863
-3.4e+38 -3.4e+38 -3.4e+38 -3.4e+38 -3.4e+38 -3.4e+38 -3.4e+38 -3.4e+38 -3.4e+38 -3.4e+38 -3.4e+38 -3.4e+38 -3.4e+38 0.330469012260437 0.282413005828857 0.381455987691879 0.386905014514923 0.347649991512299 0.421299010515213 0.0306947007775307 0.000432794011430815 0.000430602987762541 0.000410648004617542 0.000389018008718267 0.000369421002687886 0.000357565004378557 0.000349876994732767 0.000344553991453722 0.000338916986947879 0.000333359988871962 0.000332685012836009 0.000331983988871798 0.000332880998030305 0.000335418997565284 0.000337008008500561 0.000337915000272915 0.000338824989739805 0.000338955986080691 0.000336497003445402 0.000334059994202107 0.000331516988808289 0.000328313006320968 0.000323595013469458 0.000321358995279297
-3.4e+38 -3.4e+38 -3.4e+38 -3.4e+38 -3.4e+38 -3.4e+38 -3.4e+38 -3.4e+38 -3.4e+38 -3.4e+38 -3.4e+38 -3.4e+38 -3.4e+38 0.288542002439499 0.210629001259804 0.355405002832413 0.38135901093483 0.406960994005203 0.390839993953705 0.283861994743347 0.0490501001477242 0.000364639010513201 0.000353560986695811 0.000340105994837359 0.000324066990287974 0.000317750993417576 0.000317825004458427 0.000317385012749583 0.000314619013806805 0.000312032003421336 0.000312458985717967 0.000313419994199648 0.000315607991069555 0.000317400990752503 0.000318276986945421 0.000318717997288331 0.000319690007017925 0.000318337988574058 0.000317119993269444 0.000312857999233529 0.000306870002532378 0.000305521010886878 0.000301422987831756 0.000295077014015988
-3.4e+38 -3.4e+38 -3.4e+38 -3.4e+38 -3.4e+38 -3.4e+38 -3.4e+38 -3.4e+38 -3.4e+38 -3.4e+38 -3.4e+38 -3.4e+38 -3.4e+38 0.202772006392479 0.225925996899605 0.263042986392975 0.317777007818222 0.356097012758255 0.393566995859146 0.398734986782074 0.39767000079155 0.362089991569519 0.0972677990794182 0.00823399983346462 0.000291562988422811 0.000278169987723231 0.000273927988018841 0.000273260986432433 0.000274130987236276 0.000280804000794888 0.000282480992609635 0.000289070012513548 0.000293124991003424 0.000297402002615854 0.000300896994303912 0.000300840009003878 0.000300023995805532 0.000296289013931528 0.000290836003841832 0.000284226989606395 0.000276651000604033 0.000273862009635195 0.000270529999397695 0.00026722700567916
-3.4e+38 -3.4e+38 -3.4e+38 -3.4e+38 -3.4e+38 -3.4e+38 -3.4e+38 -3.4e+38 -3.4e+38 -3.4e+38 -3.4e+38 -3.4e+38 -3.4e+38 -3.4e+38 0.202142998576164 0.224904999136925 0.225213006138802 0.232740998268127 0.259957998991013 0.283403992652893 0.302720993757248 0.3247349858284 0.322311997413635 0.243284001946449 0.0066234702244401 0.00024083700554911 0.000246015988523141 0.000250798999331892 0.000255675986409187 0.000258971995208412 0.000264110014541075 0.000267619005171582 0.000269018986728042 0.000268228002823889 0.000264650996541604 0.000263441004790366 0.000259685999481007 0.000252211990300566 0.000250553013756871 0.000245528994128108 0.000239590997807682 0.000234653998631984 0.000227372001972981 0.000224927993258461
-3.4e+38 -3.4e+38 -3.4e+38 -3.4e+38 -3.4e+38 -3.4e+38 -3.4e+38 -3.4e+38 -3.4e+38 -3.4e+38 -3.4e+38 -3.4e+38 -3.4e+38 -3.4e+38 0.184074997901917 0.17535999417305 0.17213299870491 0.157318994402885 0.164346992969513 0.197815001010895 0.232831001281738 0.27395099401474 0.297403991222382 0.26706200838089 0.150059998035431 0.00142613996285945 0.000210780999623239 0.000215894993743859 0.000224051997065544 0.000230060002650134 0.00022803399770055 0.000229583005420864 0.000229381999815814 0.000227142998483032 0.000225584997679107 0.000223583003389649 0.00021936499979347 0.000213837003684603 0.000207624005270191 0.000203250005142763 0.000201697999727912 0.000195967993931845 0.00019095599418506 0.000185605997103266
-3.4e+38 -3.4e+38 -3.4e+38 -3.4e+38 -3.4e+38 -3.4e+38 -3.4e+38 -3.4e+38 -3.4e+38 -3.4e+38 -3.4e+38 -3.4e+38 -3.4e+38 -3.4e+38 -3.4e+38 -3.4e+38 0.127969995141029 0.147369995713234 -3.4e+38 0.18673500418663 0.225537002086639 0.264304012060165 0.285878002643585 0.278690993785858 0.273360997438431 0.245519995689392 0.2049919962883 0.000184457996510901 0.00017580199346412 0.000179933005711064 0.000181359995622188 0.000181505994987674 0.00018065600306727 0.00017900500097312 0.000174998000147752 0.000175499997567385 0.000228589997277595 0.000168714002938941 0.000165206001838669 0.000162055002874695 0.000158459995873272 0.000149190003867261 0.000141091994009912 0.000134311994770542
-3.4e+38 -3.4e+38 -3.4e+38 -3.4e+38 -3.4e+38 -3.4e+38 -3.4e+38 -3.4e+38 -3.4e+38 -3.4e+38 -3.4e+38 -3.4e+38 -3.4e+38 -3.4e+38 -3.4e+38 -3.4e+38 -3.4e+38 -3.4e+38 -3.4e+38 -3.4e+38 -3.4e+38 -3.4e+38 -3.4e+38 -3.4e+38 0.223863005638123 0.187098994851112 0.181516006588936 0.179225996136665 0.000122854005894624 0.000131356006022543 0.000133431007270701 0.000136439994093962 0.000141331998747773 0.000142416000016965 0.000139174997457303 0.000170369006809779 0.247057005763054 0.15166899561882 0.000121563003631309 0.000112155998067465 0.000103965001471806 9.61879995884374e-05 8.89365983312018e-05 8.28297997941263e-05
-3.4e+38 -3.4e+38 -3.4e+38 -3.4e+38 -3.4e+38 -3.4e+38 -3.4e+38 -3.4e+38 -3.4e+38 -3.4e+38 -3.4e+38 -3.4e+38 -3.4e+38 -3.4e+38 -3.4e+38 -3.4e+38 -3.4e+38 -3.4e+38 -3.4e+38 -3.4e+38 -3.4e+38 -3.4e+38 -3.4e+38 -3.4e+38 0.128151997923851 0.121390998363495 0.12729400396347 0.133635997772217 0.0968466028571129 8.8747896370478e-05 9.23242987482809e-05 9.65525032370351e-05 0.000100974997621961 0.00010427700181026 0.000102981000964064 0.000294191995635629 0.17892399430275 0.166858002543449 0.162160992622375 0.0451546013355255 6.74406983307563e-05 6.06151988904458e-05 5.42456000403035e-05 4.859350156039e-05
-3.4e+38 -3.4e+38 -3.4e+38 -3.4e+38 -3.4e+38 -3.4e+38 -3.4e+38 -3.4e+38 -3.4e+38 -3.4e+38 -3.4e+38 -3.4e+38 -3.4e+38 -3.4e+38 -3.4e+38 -3.4e+38 -3.4e+38 -3.4e+38 -3.4e+38 -3.4e+38 -3.4e+38 -3.4e+38 -3.4e+38 -3.4e+38 -3.4e+38 -3.4e+38 0.115483000874519 0.0950827971100807 0.0794749036431313 3.668990029837e-05 4.09831991419196e-05 4.70035010948777e-05 5.56455997866578e-05 6.06936009717174e-05 4.90735001221765e-05 0.00174831005278975 0.0633262991905212 0.0586538016796112 0.0519257001578808 0.043324701488018 0.0111378999426961 0.0227716006338596 1.37933002406498e-05 1.31317001432762e-05
-3.4e+38 -3.4e+38 -3.4e+38 -3.4e+38 -3.4e+38 -3.4e+38 -3.4e+38 -3.4e+38 -3.4e+38 -3.4e+38 -3.4e+38 -3.4e+38 -3.4e+38 -3.4e+38 -3.4e+38 -3.4e+38 -3.4e+38 -3.4e+38 -3.4e+38 -3.4e+38 -3.4e+38 -3.4e+38 -3.4e+38 -3.4e+38 -3.4e+38 -3.4e+38 -3.4e+38 0.0640939995646477 0.0414032004773617 0.026724599301815 1.62671003636206e-05 2.24996001634281e-05 2.9334400096559e-05 3.25229993904941e-05 0.00111634994391352 0.0332419015467167 0.0244527999311686 0.0181179996579885 0.013416700065136 0.0105892000719905 0.00824274960905313 -3.4e+38 0.0081845298409462 0.00786285009235144
-3.4e+38 -3.4e+38 -3.4e+38 -3.4e+38 -3.4e+38 -3.4e+38 -3.4e+38 -3.4e+38 -3.4e+38 -3.4e+38 -3.4e+38 -3.4e+38 -3.4e+38 -3.4e+38 -3.4e+38 -3.4e+38 -3.4e+38 -3.4e+38 -3.4e+38 -3.4e+38 -3.4e+38 -3.4e+38 -3.4e+38 -3.4e+38 -3.4e+38 -3.4e+38 -3.4e+38 -3.4e+38 0.0101554999127984 0.0113762002438307 0.00948982033878565 0.000442437012679875 0.000373644987121224 0.00292791007086635 0.0217243991792202 0.0149590000510216 0.00991784036159515 0.00705327000468969 0.00529060000553727 0.00407062983140349 0.00329759996384382 0.00353792007081211 -3.4e+38 -3.4e+38
-3.4e+38 -3.4e+38 -3.4e+38 -3.4e+38 -3.4e+38 -3.4e+38 -3.4e+38 -3.4e+38 -3.4e+38 -3.4e+38 -3.4e+38 -3.4e+38 -3.4e+38 -3.4e+38 -3.4e+38 -3.4e+38 -3.4e+38 -3.4e+38 -3.4e+38 -3.4e+38 -3.4e+38 -3.4e+38 -3.4e+38 -3.4e+38 -3.4e+38 -3.4e+38 -3.4e+38 -3.4e+38 0.00614647008478642 0.00590121978893876 0.00631406018510461 0.00693809008225799 0.00758581981062889 0.008400640450418 0.00706182979047298 0.00551613979041576 0.00431257020682096 0.00360989989712834 0.0031213799957186 0.00270793004892766 0.00243812007829547 0.00273158005438745 0.00321077997796237 -3.4e+38
-3.4e+38 -3.4e+38 -3.4e+38 -3.4e+38 -3.4e+38 -3.4e+38 -3.4e+38 -3.4e+38 -3.4e+38 -3.4e+38 -3.4e+38 -3.4e+38 -3.4e+38 -3.4e+38 -3.4e+38 -3.4e+38 -3.4e+38 -3.4e+38 -3.4e+38 -3.4e+38 -3.4e+38 -3.4e+38 -3.4e+38 -3.4e+38 -3.4e+38 -3.4e+38 -3.4e+38 -3.4e+38 -3.4e+38 0.0027985901106149 0.00260908994823694 0.00251250993460417 0.00250213011167943 0.00247906008735299 0.00230161007493734 0.00210357992909849 0.00183497997932136 0.00185163994319737 -3.4e+38 0.00185297999996692 0.00183265004307032 0.00203441991470754 0.00254005007445812 -3.4e+38
-3.4e+38 -3.4e+38 -3.4e+38 -3.4e+38 -3.4e+38 -3.4e+38 -3.4e+38 -3.4e+38 -3.4e+38 -3.4e+38 -3.4e+38 -3.4e+38 -3.4e+38 -3.4e+38 -3.4e+38 -3.4e+38 -3.4e+38 -3.4e+38 -3.4e+38 -3.4e+38 -3.4e+38 -3.4e+38 -3.4e+38 -3.4e+38 -3.4e+38 -3.4e+38 -3.4e+38 -3.4e+38 -3.4e+38 -3.4e+38 0.00268644001334906 0.00261351000517607 0.0025329499039799 0.00242743990384042 0.0022007399238646 -3.4e+38 0.00178616004996002 0.00168307998683304 0.00136346998624504 0.00181727996096015 0.00182222004514188 0.00201828009448946 0.00239306990988553 0.00287688989192247
-3.4e+38 -3.4e+38 -3.4e+38 -3.4e+38 -3.4e+38 -3.4e+38 -3.4e+38 -3.4e+38 -3.4e+38 -3.4e+38 -3.4e+38 -3.4e+38 -3.4e+38 -3.4e+38 -3.4e+38 -3.4e+38 -3.4e+38 -3.4e+38 -3.4e+38 -3.4e+38 -3.4e+38 -3.4e+38 -3.4e+38 -3.4e+38 -3.4e+38 -3.4e+38 -3.4e+38 -3.4e+38 -3.4e+38 -3.4e+38 -3.4e+38 -3.4e+38 -3.4e+38 0.00240356009453535 0.00214607990346849 0.00193518004380167 0.0016700200503692 0.00155905995052308 0.00168859004043043 0.00140225002542138 0.00181972002610564 0.00202646991237998 0.00229892996139824 0.00268843001686037
