results/Predictions/Median/Maastrichtian.asc
NCOLS 360 
NROWS 180 
XLLCORNER -180 
YLLCORNER -90 
CELLSIZE 1 
NODATA_value -3.4e+38 
[rows 60 to 79 of 180, columns 220 to 263 of 360]
0.000475473992992193 0.000472232000902295 0.000472715997602791 0.000690101005602628 0.533352971076965 0.508626997470856 0.484647005796432 0.466349989175797 0.230766996741295 0.439505994319916 0.447230994701385 0.450866013765335 0.450426012277603 0.464946985244751 0.472124010324478 0.446844011545181 0.304538995027542 0.139466002583504 0.518903017044067 0.518586993217468 0.514648973941803 0.494109004735947 0.473057001829147 0.457354009151459 0.45431199669838 0.000445743004092947 0.000401438999688253 0.000359492987627164 0.000369766989024356 0.000383492995752022 0.478062003850937 0.487217009067535 0.490860998630524 0.499168008565903 -3.4e+38 -3.4e+38 -3.4e+38 -3.4e+38 -3.4e+38 -3.4e+38 -3.4e+38 -3.4e+38 -3.4e+38 -3.4e+38
0.000486316013848409 0.00048681499902159 0.000487178011098877 0.000487581011839211 0.00048840802628547 0.516844987869263 0.519602000713348 0.501496016979218 0.484775006771088 0.483112007379532 0.465348988771439 0.480605989694595 0.480325013399124 0.490947008132935 0.500769972801208 0.487971991300583 0.382317990064621 0.152945995330811 0.527378976345062 0.532258987426758 0.527628004550934 0.508478999137878 0.485756009817123 0.468870013952255 0.330689996480942 0.000361085985787213 0.000356528995325789 0.000355427007889375 0.00036798301152885 0.000382099009584635 0.0407072007656097 0.484041005373001 0.485188007354736 -3.4e+38 -3.4e+38 -3.4e+38 -3.4e+38 -3.4e+38 -3.4e+38 -3.4e+38 -3.4e+38 -3.4e+38 -3.4e+38 -3.4e+38
0.000497094006277621 0.000495056970976293 0.000495277985464782 0.000493502011522651 0.000493214989546686 0.000491859973408282 0.00136849994305521 0.529577016830444 0.512899994850159 0.284016996622086 0.506379008293152 0.495649009943008 0.502202987670898 0.511407017707825 0.515663981437683 0.509141981601715 0.431069999933243 0.191995993256569 0.254265010356903 0.533194005489349 0.536086022853851 0.519510984420776 0.502012014389038 0.48183798789978 0.000380170997232199 0.000369446992408484 0.000359107012627646 0.000350168003933504 0.000363350991392508 0.000380243989638984 0.00042549500358291 0.48411500453949 -3.4e+38 -3.4e+38 -3.4e+38 -3.4e+38 -3.4e+38 -3.4e+38 -3.4e+38 -3.4e+38 -3.4e+38 -3.4e+38 -3.4e+38 -3.4e+38
0.00094380002701655 0.000508280005306005 0.00051020598039031 0.000509166973643005 0.000507074990309775 0.000506436976138502 0.000500359979923815 0.000506573996972293 0.497673004865646 0.517760992050171 0.309114009141922 0.507758975028992 0.505626022815704 0.518284976482391 0.522226989269257 0.518051981925964 0.457682996988297 0.275896012783051 0.151544004678726 0.101067997515202 0.204056993126869 0.424630999565125 0.267708986997604 0.000713418005034328 0.000408110994612798 0.000403065991122276 0.000398328003939241 0.000394694012356922 0.000397521012928337 0.000401241006329656 0.000411296990932897 0.488189995288849 -3.4e+38 -3.4e+38 -3.4e+38 -3.4e+38 -3.4e+38 -3.4e+38 -3.4e+38 -3.4e+38 -3.4e+38 -3.4e+38 -3.4e+38 -3.4e+38
0.524699985980988 0.000520721019711345 0.000518976012244821 0.000519748020451516 0.000519835972227156 0.000517875014338642 0.000509932986460626 0.000506045995280147 0.000504460011143237 0.010499999858439 0.52225798368454 0.294990986585617 0.373098999261856 0.481871992349625 0.494760990142822 0.469392985105515 0.408095985651016 0.287690997123718 0.0089173000305891 0.000648513028863817 0.000854566984344274 0.000867230992298573 0.000539605971425772 0.00042380701052025 0.000422112992964685 0.000421228003688157 0.000424589990871027 0.000428870000177994 0.000415396003518254 0.000411068991525099 0.00219565001316369 -3.4e+38 -3.4e+38 -3.4e+38 -3.4e+38 -3.4e+38 -3.4e+38 -3.4e+38 -3.4e+38 -3.4e+38 -3.4e+38 -3.4e+38 -3.4e+38 -3.4e+38
0.00367077998816967 0.000523995026014745 0.000524664996191859 0.000524304981809109 0.000524203001987189 0.000523459981195629 0.000520673987921327 0.000517436012160033 0.000512995989993215 0.000514256011229008 0.000586676993407309 0.528509020805359 0.507942020893097 0.317957997322083 0.392237991094589 0.399805009365082 0.397307008504868 0.252783000469208 0.000522607006132603 0.000516803993377835 0.000496370019391179 0.000469119986519217 0.000442151998868212 0.000431218999437988 0.000427532999310642 0.000424325000494719 0.000420933996792883 0.000419029995100573 0.000415480986703187 0.000411146000260487 0.458676993846893 -3.4e+38 -3.4e+38 -3.4e+38 -3.4e+38 -3.4e+38 -3.4e+38 -3.4e+38 -3.4e+38 -3.4e+38 -3.4e+38 -3.4e+38 -3.4e+38 -3.4e+38
0.0138248996809125 0.000521846988704056 0.000522300018928945 0.000522381975315511 0.000522498972713947 0.000522729009389877 0.000520584988407791 0.00051828398136422 0.000515997991897166 0.000516784028150141 0.000521995010785758 0.000524763017892838 0.13849900662899 0.537750005722046 0.389115005731583 0.41694700717926 0.524052023887634 0.490290999412537 0.000523636990692466 0.000519214023370296 0.000500964990351349 0.000470956991193816 0.000445901998318732 0.000433976005297154 0.00042844598647207 0.000420777010731399 0.000406737002776936 0.000387889012927189 0.000392143992939964 0.0119051998481154 -3.4e+38 -3.4e+38 -3.4e+38 -3.4e+38 -3.4e+38 -3.4e+38 -3.4e+38 -3.4e+38 -3.4e+38 -3.4e+38 -3.4e+38 -3.4e+38 -3.4e+38 0.360341012477875
0.527086019515991 0.000571793993003666 0.000521878013387322 0.000520176021382213 0.000518387998454273 0.00051874399650842 0.00051751098362729 0.000516307016368955 0.000515763997100294 0.000517949985805899 0.000522275979164988 0.000527048017829657 0.000531782978214324 0.000534960010554641 0.0198423992842436 0.121960997581482 0.0980355963110924 0.000536087027285248 0.000524254981428385 0.000519843015354127 0.000503206974826753 0.000474875007057562 0.000452406995464116 0.000439058989286423 0.000428083993028849 0.000405609986046329 0.000369704997865483 0.000323740008752793 0.000599346007220447 0.206224992871284 0.462186992168427 -3.4e+38 -3.4e+38 -3.4e+38 -3.4e+38 -3.4e+38 -3.4e+38 -3.4e+38 -3.4e+38 -3.4e+38 0.560751974582672 0.527481973171234 0.0177186001092196 0.000493148982059211
0.536834001541138 0.534650981426239 0.00051685597281903 0.000517602020408958 0.000518349988851696 0.000516890024300665 0.000512750004418194 0.00051314098527655 0.000512817001435906 0.000512357975821942 0.00051636400166899 0.000517932989168912 0.000524257018696517 0.000524455972481519 0.000524266972206533 0.00052327400771901 0.000520361005328596 0.000514053972437978 0.000507757009472698 0.000501471979077905 0.000488499994389713 0.000467862002551556 0.000448562001110986 0.000440017000073567 0.000429706007707864 0.000416727998526767 0.000490922015160322 0.0663803964853287 0.125613003969193 0.0374664999544621 0.524931013584137 -3.4e+38 -3.4e+38 -3.4e+38 -3.4e+38 -3.4e+38 -3.4e+38 -3.4e+38 0.516717970371246 0.488752990961075 0.0131598003208637 0.000489513971842825 0.000487268000142649 0.000487526005599648
0.542011022567749 0.532543003559113 0.264039993286133 0.000512403028551489 0.000513732025865465 0.000513446982949972 0.000511477992404252 0.000510114012286067 0.000507609976921231 0.000507178017869592 0.000509174016769975 0.000509660982061177 0.000510967976879328 0.000512112979777157 0.000510978978127241 0.000510258018039167 0.000507108983583748 0.000500085006933659 0.000493280007503927 0.000485859985928982 0.000473549996968359 0.000459581991890445 0.000446062011178583 0.000437159993452951 0.000426963990321383 0.000419137009885162 -3.4e+38 -3.4e+38 -3.4e+38 0.347754001617432 0.210828006267548 0.332199990749359 0.5327969789505 -3.4e+38 -3.4e+38 0.365359991788864 0.341221988201141 0.0934152975678444 0.000555590027943254 0.000454127002740279 0.000463654985651374 0.000473994994536042 0.000476710993098095 0.000484344986034557
0.535251021385193 0.532872021198273 0.374844014644623 0.000900115992408246 0.000501346017699689 0.000501440023072064 0.000503219023812562 0.000502865004818887 0.000500617024954408 0.000500813010148704 0.00050144997658208 0.000502088980283588 0.00050147098954767 0.000498671026434749 0.000496544002089649 0.000492085993755609 0.000486214994452894 0.000479183014249429 0.000471317995106801 0.000465169985545799 0.000456064008176327 0.000452092004707083 0.000451067986432463 0.000444987992523238 0.000464956014184281 -3.4e+38 0.53718101978302 0.00179524999111891 0.000684647995512933 0.000568840012419969 0.560854971408844 0.553534984588623 0.0580862015485764 0.52013099193573 0.452877014875412 0.000555415987037122 0.000468206009827554 0.000463867007056251 0.000453982996987179 0.000454505992820486 0.000460039998870343 0.000464170007035136 0.000471996987471357 0.000475161999929696
0.531608998775482 0.528578996658325 0.518993973731995 0.517279982566833 0.000485794997075573 0.000484660005895421 0.000486155011458322 0.000485244992887601 0.00048517799586989 0.000484451011288911 0.000483286014059559 0.00048273999709636 0.000481835013488308 0.000474061002023518 0.00047172699123621 0.000468299986096099 0.000462644005892798 0.000456954003311694 0.000451114989118651 0.000445712998043746 0.000445743004092947 0.000453307991847396 0.00046094399294816 0.000471565988846123 0.000493030995130539 0.000518115004524589 0.000563938985578716 0.000614383025094867 0.000593362026847899 0.000577625003643334 0.000559755018912256 0.000600262021180242 0.547905027866364 0.0431191995739937 0.00110515998676419 0.000483512994833291 0.000466258992673829 0.000464937009382993 0.000465140008600429 0.000464981014374644 0.000466185010736808 0.000468407990410924 0.000471562991151586 0.000474636995932087
0.527502000331879 0.521690011024475 0.511573016643524 0.530955016613007 0.00688955979421735 0.000473263004096225 0.00047319199074991 0.000472471991088241 0.000470903993118554 0.000468031998025253 0.000466075987787917 0.000464840006316081 0.000463598989881575 0.00045861498801969 0.000452250009402633 0.000449025013949722 0.000447258003987372 0.000441296986537054 0.000440386997070163 0.00043866501073353 0.000439980998635292 0.000446980993729085 0.000473855994641781 0.000501315982546657 0.000528508971910924 0.0005713080172427 0.000605936977081001 0.000660770980175585 0.000624005973804742 0.000589568982832134 0.000566424976568669 0.000539028027560562 0.000519573979545385 0.545135974884033 0.000486373988678679 0.000475384993478656 0.000469608989078552 0.000465177989099175 0.000466019002487883 0.000469143997179344 0.000471664010547101 0.000472535990411416 0.000469066988443956 0.000479464011732489
0.522764980792999 0.51945298910141 0.514316022396088 0.508313000202179 0.48998099565506 0.00105247995816171 0.000457515998277813 0.000456848996691406 0.000454400986200199 0.000452734995633364 0.000451108004199341 0.000449999992270023 0.000449409999419004 0.000443447002908215 0.000442059012129903 0.000442102988017723 0.000442082993686199 0.000441167008830234 0.000441676995251328 0.000441657000919804 0.000440858013462275 0.000442665012087673 0.000445774989202619 0.000460848008515313 0.000480913993669674 0.000505204021465033 0.000526265008375049 0.000563538982532918 0.000540240027476102 0.000521516019944102 0.000505366013385355 0.000489638012368232 0.000481585011584684 0.000472189014544711 0.000463411997770891 0.000459375994978473 0.000460954004665837 0.000464815995655954 0.000469096004962921 0.000472104991786182 0.000471167993964627 0.000471101986477152 0.000473087013233453 0.000485731987282634
0.517955005168915 0.516027987003326 0.514165997505188 0.503701984882355 0.501079022884369 0.503953993320465 0.00816567987203598 0.000448903010692447 0.000446910009486601 0.000445023993961513 0.000444359000539407 0.000443222001194954 0.000442408985691145 0.00044216398964636 0.000441810989286751 0.000441971002146602 0.000443241995526478 0.000444676988990977 0.000444381003035232 0.000444308010628447 0.000445068988483399 0.00044527999125421 0.000444223987869918 0.000445785990450531 0.00044872600119561 0.000460904004285112 0.000481721013784409 0.000507205026224256 0.000490456004627049 0.000478272995678708 0.000466783007141203 0.000461385992821306 0.000459431990748271 0.000459803006378934 0.000459745002444834 0.000463520002085716 0.00046656999620609 0.000469457998406142 0.00046908701187931 0.000471581995952874 0.000473057996714488 0.000477241992484778 0.000481316994410008 0.00050297798588872
0.51323401927948 0.51213002204895 0.511807024478912 0.512441992759705 0.506932020187378 0.503175020217896 0.501516997814178 0.000540103006642312 0.000452717009466141 0.000450429011834785 0.00044752299436368 0.000445028999820352 0.000442947988631204 0.000444133998826146 0.000444551988039166 0.00044483199599199 0.000445031007984653 0.000446134014055133 0.000446682999609038 0.000447524012997746 0.000448114995379001 0.000447797006927431 0.000445734011009336 0.000448631995823234 0.000449120008852333 0.000452547013992444 0.000454739987617359 0.000465151999378577 0.000459800008684397 0.000460003997432068 0.000460504001239315 0.000462124007754028 0.000462758005596697 0.000465040997369215 0.000466269993921742 0.000465660996269435 0.000467486999696121 0.000470113009214401 0.000471717008622363 0.000474291999125853 0.000479325011838228 0.000482013012515381 0.000500400026794523 0.000504154013469815
0.514154970645905 0.516294002532959 0.515455007553101 0.514401018619537 0.513373017311096 0.512380003929138 0.50298398733139 0.500760018825531 0.000466669996967539 0.000456348992884159 0.000452757987659425 0.000449904007837176 0.000447508005890995 0.000447444006567821 0.000447378988610581 0.000447314989287406 0.000447464000899345 0.000448114005848765 0.000449062004918233 0.000449876009952277 0.000448882987257093 0.000448361999588087 0.000447819009423256 0.000451458006864414 0.000451100990176201 0.000452998996479437 0.000453309010481462 0.000455400004284456 0.000456945010228083 0.000458886002888903 0.000460851995740086 0.000462455005617812 0.000462130003143102 0.000463431002572179 0.000464082986582071 0.000465071992948651 0.000466855010017753 0.000468695012386888 0.000474548985948786 0.000481777999084443 0.00049952301196754 0.000501837988849729 0.000503940973430872 0.000507434015162289
0.527931988239288 0.526690006256104 0.521272003650665 0.516466021537781 0.514572024345398 0.515838980674744 0.515181005001068 0.367574006319046 0.433546006679535 0.000462866999441758 0.00045779999345541 0.000452843989478424 0.000449684011982754 0.000449685001512989 0.000449685001512989 0.000449684011982754 0.000449943006969988 0.000449351005954668 0.000449846003903076 0.000451289000920951 0.000450780993560329 0.000451083993539214 0.000452147010946646 0.000453001004643738 0.000453799002571031 0.000454860011814162 0.000456111010862514 0.000456771987956017 0.000458319002063945 0.000459344999399036 0.000460876995930448 0.000462088995845988 0.000463367003249004 0.00046387201291509 0.000464891985757276 0.000466022989712656 0.000472299987450242 0.000479059992358088 0.000479845999507234 0.0004999780212529 0.000502069015055895 0.000504995987284929 0.000507184013258666 0.000511344987899065
0.524191975593567 0.5225870013237 0.520825028419495 0.518970012664795 0.517571985721588 0.518812000751495 0.520348012447357 0.516649007797241 0.474792987108231 0.25959500670433 0.000459595990832895 0.000456428999314085 0.000455392000731081 0.000454925000667572 0.000454714987426996 0.000453477987321094 0.000453377986559644 0.000453076005214825 0.000454222987173125 0.000454697001259774 0.000454660010291263 0.000455367990070954 0.000455873989267275 0.00045678298920393 0.0004574749909807 0.000457982998341322 0.000458496011560783 0.000460040988400578 0.00046113200369291 0.000462561001768336 0.000463152013253421 0.00046370000927709 0.000467486999696121 0.000469385005999357 0.000475406995974481 0.000480924005387351 0.000479820999316871 0.000495865009725094 0.000501914008054882 0.000501390022691339 0.000504243012983352 0.000507135991938412 0.000510069017764181 0.000513872015289962
0.530099987983704 0.51988697052002 0.520873010158539 0.521848976612091 0.522641003131866 0.524030983448029 0.525918006896973 0.522812008857727 0.513060986995697 0.403474986553192 0.000763252028264105 0.000464918004581705 0.00046452198876068 0.000463406991912052 0.000464924989501014 0.000462483003502712 0.000462343014078215 0.000462917989352718 0.000462480005808175 0.000461763993371278 0.000461796997115016 0.000461938994703814 0.000462143012555316 0.00046268300502561 0.000462391995824873 0.000462458992842585 0.000462527998024598 0.000464587996248156 0.000467486999696121 0.000469155987957492 0.000472502986667678 0.00048061300185509 0.000480669987155125 0.000481991999549791 0.000498212990351021 0.000504546973388642 0.000514058978296816 0.000515323015861213 0.000516048981808126 0.000513751001562923 0.000515741005074233 0.000515341002028435 0.000515016028657556 0.000519075023476034
