results/Predictions/Median/Maastrichtian.asc
NCOLS 360 
NROWS 180 
XLLCORNER -180 
YLLCORNER -90 
CELLSIZE 1 
NODATA_value -3.4e+38 
[rows 26 to 51 of 180, columns 177 to 235 of 360]
-3.4e+38 -3.4e+38 -3.4e+38 -3.4e+38 2.27194996114122e-05 2.18519999179989e-05 2.10388006962603e-05 2.06534004973946e-05 2.03991003218107e-05 2.01439997908892e-05 1.98882007680368e-05 2.07675002457108e-05 2.16772004932864e-05 2.26177999138599e-05 2.33067003136966e-05 2.31584999710321e-05 2.30116002057912e-05 -3.4e+38 -3.4e+38 -3.4e+38 -3.4e+38 -3.4e+38 -3.4e+38 -3.4e+38 -3.4e+38 -3.4e+38 -3.4e+38 -3.4e+38 -3.4e+38 -3.4e+38 -3.4e+38 -3.4e+38 -3.4e+38 -3.4e+38 -3.4e+38 -3.4e+38 -3.4e+38 -3.4e+38 -3.4e+38 -3.4e+38 -3.4e+38 -3.4e+38 -3.4e+38 -3.4e+38 -3.4e+38 -3.4e+38 -3.4e+38 -3.4e+38 -3.4e+38 -3.4e+38 -3.4e+38 -3.4e+38 -3.4e+38 -3.4e+38 -3.4e+38 -3.4e+38 -3.4e+38 -3.4e+38 2.05266005650628e-05
-3.4e+38 -3.4e+38 -3.4e+38 2.45777991949581e-05 2.21924001380103e-05 2.03149993467377e-05 1.85493008757476e-05 1.85114004125353e-05 1.86713004950434e-05 1.8812699636328e-05 1.89350994332926e-05 2.10170001082588e-05 2.25503008550731e-05 2.41887992160628e-05 2.55505001405254e-05 2.58263007708592e-05 2.61631994362688e-05 -3.4e+38 -3.4e+38 -3.4e+38 -3.4e+38 -3.4e+38 -3.4e+38 -3.4e+38 -3.4e+38 -3.4e+38 -3.4e+38 -3.4e+38 -3.4e+38 -3.4e+38 -3.4e+38 -3.4e+38 -3.4e+38 -3.4e+38 -3.4e+38 -3.4e+38 -3.4e+38 -3.4e+38 -3.4e+38 -3.4e+38 -3.4e+38 -3.4e+38 -3.4e+38 -3.4e+38 -3.4e+38 -3.4e+38 -3.4e+38 -3.4e+38 -3.4e+38 -3.4e+38 -3.4e+38 -3.4e+38 -3.4e+38 -3.4e+38 -3.4e+38 -3.4e+38 -3.4e+38 1.99912992684403e-05 2.02560004254337e-05
-3.4e+38 -3.4e+38 2.19384000956779e-05 2.07345001399517e-05 2.01733000722015e-05 1.9508299374138e-05 1.88705998880323e-05 1.96676992345601e-05 2.10116995731369e-05 2.24502000492066e-05 2.44946004386293e-05 2.68738003796898e-05 2.983930062328e-05 3.3420801628381e-05 3.58375982614234e-05 3.34715005010366e-05 -3.4e+38 -3.4e+38 -3.4e+38 -3.4e+38 -3.4e+38 -3.4e+38 -3.4e+38 -3.4e+38 -3.4e+38 -3.4e+38 -3.4e+38 -3.4e+38 -3.4e+38 -3.4e+38 -3.4e+38 -3.4e+38 -3.4e+38 -3.4e+38 -3.4e+38 -3.4e+38 -3.4e+38 -3.4e+38 -3.4e+38 -3.4e+38 -3.4e+38 -3.4e+38 -3.4e+38 -3.4e+38 -3.4e+38 -3.4e+38 -3.4e+38 -3.4e+38 -3.4e+38 -3.4e+38 -3.4e+38 -3.4e+38 -3.4e+38 -3.4e+38 -3.4e+38 2.08461005968275e-05 2.10233993129805e-05 2.12358991120709e-05 2.14760002563708e-05
-3.4e+38 -3.4e+38 1.97422996279784e-05 1.81131999852369e-05 1.83081992872758e-05 1.8497299606679e-05 1.86802008101949e-05 2.07853008760139e-05 2.33395003306214e-05 2.73941004707012e-05 3.15110992232803e-05 3.51837006746791e-05 3.97623007302172e-05 4.674039882957e-05 5.24624010722619e-05 -3.4e+38 -3.4e+38 -3.4e+38 -3.4e+38 -3.4e+38 -3.4e+38 -3.4e+38 -3.4e+38 -3.4e+38 -3.4e+38 -3.4e+38 -3.4e+38 -3.4e+38 -3.4e+38 -3.4e+38 -3.4e+38 -3.4e+38 -3.4e+38 -3.4e+38 -3.4e+38 -3.4e+38 -3.4e+38 -3.4e+38 -3.4e+38 -3.4e+38 -3.4e+38 -3.4e+38 -3.4e+38 -3.4e+38 -3.4e+38 -3.4e+38 -3.4e+38 -3.4e+38 -3.4e+38 -3.4e+38 -3.4e+38 -3.4e+38 -3.4e+38 -3.4e+38 2.19708999793511e-05 2.34405997616705e-05 2.35195002460387e-05 2.35950992646394e-05 2.36673004110344e-05
3.27289017150179e-05 2.695550028875e-05 2.22433991439175e-05 2.12767008633818e-05 2.23486003960716e-05 2.38893007917795e-05 2.55353006650694e-05 2.87935999949696e-05 3.43915999110322e-05 4.10848006140441e-05 4.88865989609621e-05 5.00304013257846e-05 5.72921017010231e-05 6.36430995655246e-05 -3.4e+38 -3.4e+38 -3.4e+38 -3.4e+38 -3.4e+38 -3.4e+38 -3.4e+38 -3.4e+38 -3.4e+38 -3.4e+38 -3.4e+38 -3.4e+38 -3.4e+38 -3.4e+38 -3.4e+38 -3.4e+38 -3.4e+38 -3.4e+38 -3.4e+38 -3.4e+38 -3.4e+38 -3.4e+38 -3.4e+38 -3.4e+38 -3.4e+38 -3.4e+38 -3.4e+38 -3.4e+38 -3.4e+38 -3.4e+38 -3.4e+38 -3.4e+38 -3.4e+38 -3.4e+38 -3.4e+38 -3.4e+38 -3.4e+38 -3.4e+38 -3.4e+38 -3.4e+38 2.46160998358391e-05 2.71434000751469e-05 2.71846001851372e-05 2.71816006716108e-05 2.71739991148934e-05
3.89265987905674e-05 3.47659006365575e-05 3.10309005726594e-05 3.12236988975201e-05 3.54133007931523e-05 4.07174011343159e-05 4.57351015938912e-05 5.34838982275687e-05 6.35851974948309e-05 7.42475967854261e-05 8.64484027260914e-05 8.17715990706347e-05 8.56401020428166e-05 -3.4e+38 -3.4e+38 -3.4e+38 -3.4e+38 -3.4e+38 -3.4e+38 -3.4e+38 -3.4e+38 -3.4e+38 -3.4e+38 -3.4e+38 -3.4e+38 -3.4e+38 -3.4e+38 -3.4e+38 -3.4e+38 -3.4e+38 -3.4e+38 -3.4e+38 -3.4e+38 -3.4e+38 -3.4e+38 -3.4e+38 -3.4e+38 -3.4e+38 -3.4e+38 -3.4e+38 -3.4e+38 -3.4e+38 -3.4e+38 -3.4e+38 -3.4e+38 -3.4e+38 -3.4e+38 -3.4e+38 -3.4e+38 -3.4e+38 -3.4e+38 -3.4e+38 -3.4e+38 -3.4e+38 2.82098008028697e-05 3.2176700187847e-05 3.22724008583464e-05 3.22728992614429e-05 3.20949984597974e-05
4.78805995953735e-05 4.45738005510066e-05 4.1705701733008e-05 4.53503016615286e-05 5.54914986423682e-05 6.64757026243024e-05 8.01848000264727e-05 9.45057036005892e-05 0.000110870001662988 0.000130168002215214 0.000151796004502103 0.000128857995150611 -3.4e+38 -3.4e+38 -3.4e+38 -3.4e+38 -3.4e+38 -3.4e+38 -3.4e+38 -3.4e+38 -3.4e+38 -3.4e+38 -3.4e+38 -3.4e+38 -3.4e+38 -3.4e+38 -3.4e+38 -3.4e+38 -3.4e+38 -3.4e+38 -3.4e+38 -3.4e+38 -3.4e+38 -3.4e+38 -3.4e+38 -3.4e+38 -3.4e+38 -3.4e+38 -3.4e+38 -3.4e+38 -3.4e+38 -3.4e+38 -3.4e+38 -3.4e+38 -3.4e+38 -3.4e+38 -3.4e+38 -3.4e+38 -3.4e+38 -3.4e+38 -3.4e+38 -3.4e+38 -3.4e+38 -3.4e+38 -3.4e+38 3.80862984457053e-05 3.80976998712867e-05 3.7713300116593e-05 3.69781009794679e-05
6.5697699028533e-05 7.07791987224482e-05 7.62599011068232e-05 8.65445035742596e-05 0.000105364000773989 0.000129566004034132 0.000155604997416958 0.000175445005879737 0.00019891100237146 0.000220350993913598 -3.4e+38 -3.4e+38 -3.4e+38 -3.4e+38 -3.4e+38 -3.4e+38 -3.4e+38 -3.4e+38 -3.4e+38 -3.4e+38 -3.4e+38 -3.4e+38 -3.4e+38 -3.4e+38 -3.4e+38 -3.4e+38 -3.4e+38 -3.4e+38 -3.4e+38 -3.4e+38 -3.4e+38 -3.4e+38 -3.4e+38 -3.4e+38 -3.4e+38 -3.4e+38 -3.4e+38 -3.4e+38 -3.4e+38 -3.4e+38 -3.4e+38 -3.4e+38 -3.4e+38 -3.4e+38 -3.4e+38 -3.4e+38 -3.4e+38 -3.4e+38 -3.4e+38 -3.4e+38 -3.4e+38 -3.4e+38 -3.4e+38 -3.4e+38 -3.4e+38 5.63005996809807e-05 5.40172004548367e-05 5.18154010933358e-05 4.90913007524796e-05
9.49352979660034e-05 0.000112426998384763 0.000136222995934077 0.000167377002071589 0.000199991001863964 0.000251655001193285 0.000314286997308955 0.000327943998854607 0.00035594598739408 -3.4e+38 -3.4e+38 -3.4e+38 0.000469738006358966 -3.4e+38 -3.4e+38 -3.4e+38 -3.4e+38 -3.4e+38 -3.4e+38 -3.4e+38 -3.4e+38 -3.4e+38 -3.4e+38 -3.4e+38 -3.4e+38 -3.4e+38 -3.4e+38 -3.4e+38 -3.4e+38 -3.4e+38 -3.4e+38 -3.4e+38 -3.4e+38 -3.4e+38 -3.4e+38 -3.4e+38 -3.4e+38 -3.4e+38 -3.4e+38 -3.4e+38 -3.4e+38 -3.4e+38 -3.4e+38 -3.4e+38 -3.4e+38 -3.4e+38 -3.4e+38 -3.4e+38 -3.4e+38 -3.4e+38 -3.4e+38 -3.4e+38 -3.4e+38 -3.4e+38 -3.4e+38 8.34318998386152e-05 7.6591401011683e-05 7.01250028214417e-05 6.41946026007645e-05
0.000137897004606202 0.00017630000365898 0.000218868997762911 0.000268456991761923 0.000324724009260535 0.000409141997806728 0.000519773981068283 0.00054083502618596 0.000563063018489629 0.000612915027886629 0.000653596012853086 0.000726123980712146 0.000806470983661711 0.0008954550139606 -3.4e+38 -3.4e+38 -3.4e+38 -3.4e+38 -3.4e+38 -3.4e+38 -3.4e+38 -3.4e+38 -3.4e+38 -3.4e+38 -3.4e+38 -3.4e+38 -3.4e+38 -3.4e+38 -3.4e+38 -3.4e+38 -3.4e+38 -3.4e+38 -3.4e+38 -3.4e+38 -3.4e+38 -3.4e+38 -3.4e+38 -3.4e+38 -3.4e+38 -3.4e+38 -3.4e+38 -3.4e+38 -3.4e+38 -3.4e+38 -3.4e+38 -3.4e+38 -3.4e+38 -3.4e+38 -3.4e+38 -3.4e+38 -3.4e+38 -3.4e+38 -3.4e+38 -3.4e+38 -3.4e+38 0.000129257998196408 0.000116800001705997 0.000103683996712789 9.28886001929641e-05
0.000211998005397618 0.000258187996223569 0.000306355999782681 0.000373168993974105 0.000467289006337523 0.000578403007239103 0.000715274014510214 0.000771436025388539 0.000793098995927721 0.000805035990197212 0.000814032973721623 0.00099264900200069 0.00121849996503443 0.00147001002915204 -3.4e+38 -3.4e+38 -3.4e+38 -3.4e+38 -3.4e+38 -3.4e+38 -3.4e+38 -3.4e+38 -3.4e+38 -3.4e+38 -3.4e+38 -3.4e+38 -3.4e+38 -3.4e+38 -3.4e+38 -3.4e+38 -3.4e+38 -3.4e+38 -3.4e+38 -3.4e+38 -3.4e+38 -3.4e+38 -3.4e+38 -3.4e+38 -3.4e+38 -3.4e+38 -3.4e+38 -3.4e+38 -3.4e+38 -3.4e+38 -3.4e+38 -3.4e+38 -3.4e+38 -3.4e+38 -3.4e+38 -3.4e+38 -3.4e+38 -3.4e+38 -3.4e+38 -3.4e+38 -3.4e+38 -3.4e+38 0.000188549995073117 0.000164098004461266 0.000144413002999499
-3.4e+38 0.000361957994755358 0.000422235985752195 0.000517175998538733 0.000664258026517928 0.000850462995003909 0.00110143003985286 0.00113086996134371 0.00110790994949639 0.00112564000301063 0.00110771995969117 0.00133508001454175 0.00179280003067106 0.00231205997988582 0.00279628997668624 -3.4e+38 -3.4e+38 -3.4e+38 -3.4e+38 -3.4e+38 -3.4e+38 -3.4e+38 0.00392950978130102 0.00365232001058757 -3.4e+38 -3.4e+38 -3.4e+38 -3.4e+38 -3.4e+38 -3.4e+38 -3.4e+38 -3.4e+38 -3.4e+38 -3.4e+38 -3.4e+38 -3.4e+38 -3.4e+38 -3.4e+38 -3.4e+38 -3.4e+38 -3.4e+38 -3.4e+38 -3.4e+38 -3.4e+38 0.000766363984439522 0.000745431985706091 -3.4e+38 -3.4e+38 -3.4e+38 -3.4e+38 -3.4e+38 -3.4e+38 -3.4e+38 -3.4e+38 -3.4e+38 -3.4e+38 0.000300679996144027 0.000270794000243768 0.000245608011027798
0.000461861985968426 0.000525103998370469 0.000585836998652667 0.000694621005095541 0.000855395977851003 0.00105696998070925 0.00129448005463928 0.00134865997824818 0.00132659997325391 0.0013265700545162 0.00131795997731388 0.00160272000357509 0.00199958006851375 0.00246062991209328 0.0028650900349021 0.00316368998028338 0.00349290994927287 0.00380802992731333 -3.4e+38 -3.4e+38 0.00314419995993376 0.00286143994890153 0.00280532008036971 0.00285108992829919 0.00287278997711837 -3.4e+38 -3.4e+38 -3.4e+38 -3.4e+38 -3.4e+38 -3.4e+38 -3.4e+38 -3.4e+38 -3.4e+38 -3.4e+38 -3.4e+38 -3.4e+38 -3.4e+38 -3.4e+38 -3.4e+38 -3.4e+38 -3.4e+38 -3.4e+38 0.000709176005329937 0.000676838972140104 0.000650556001346558 0.000627924979198724 -3.4e+38 -3.4e+38 -3.4e+38 -3.4e+38 -3.4e+38 -3.4e+38 -3.4e+38 -3.4e+38 -3.4e+38 0.000535737024620175 0.000479303009342402 0.000427127990406007
0.000687383988406509 0.000755280023440719 0.00083891797112301 0.000955856987275183 0.00111051998101175 0.00130242004524916 0.00154462002683431 0.00160151999443769 0.00158387003466487 0.00155664002522826 0.0015462200390175 0.00184262997936457 0.00219089002348483 0.00256392988376319 0.00298797991126776 0.00349809997715056 0.00404861010611057 0.00472038006410003 0.00443790992721915 0.00342551991343498 0.00264413002878428 0.00202821008861065 0.00207842001691461 0.00234926003031433 0.00270964996889234 0.00302629009820521 -3.4e+38 -3.4e+38 -3.4e+38 -3.4e+38 -3.4e+38 -3.4e+38 -3.4e+38 -3.4e+38 -3.4e+38 -3.4e+38 -3.4e+38 -3.4e+38 -3.4e+38 -3.4e+38 -3.4e+38 0.00086408102652058 0.000744079996366054 0.000652023998554796 0.000591222022194415 0.0005656469729729 0.00053456099703908 0.000522911024745554 0.000574018980842084 0.000732382002752274 -3.4e+38 -3.4e+38 -3.4e+38 -3.4e+38 -3.4e+38 -3.4e+38 -3.4e+38 0.000782629009336233 0.000719327013939619
0.00107762997504324 0.00114033999852836 0.00119558000005782 0.00131414004135877 0.0015290699666366 0.00179114995989949 0.00208537001162767 0.00213603000156581 0.00209362991154194 0.00206631002947688 0.00207799999043345 0.00239091995172203 0.00276694004423916 0.00312068010680377 0.00357782002538443 0.00419135997071862 0.00492584984749556 0.0057764002121985 0.00540518993511796 0.00400649011135101 0.0029762398917228 0.00224410998634994 0.00241753994487226 0.00285498006269336 0.0033532299567014 0.00381988007575274 0.00418333010748029 -3.4e+38 -3.4e+38 -3.4e+38 -3.4e+38 -3.4e+38 -3.4e+38 -3.4e+38 -3.4e+38 -3.4e+38 -3.4e+38 -3.4e+38 -3.4e+38 -3.4e+38 -3.4e+38 0.00112450995948166 0.000926467997487634 0.000763984979130328 0.000659672019537538 0.000641749997157604 0.0006235979963094 0.00061935099074617 0.000651056994684041 0.000842428999021649 0.00107003003358841 0.00139909004792571 0.00143478997051716 0.00135955994483083 -3.4e+38 -3.4e+38 -3.4e+38 -3.4e+38 0.00114051997661591
0.00176524999551475 0.00175955996382982 0.00175763003062457 0.00186690001282841 0.0021680099889636 0.00251119001768529 0.0029486499261111 0.00304460991173983 0.00296571990475059 0.00295240990817547 0.00299223000183702 0.00335239991545677 0.00382053991779685 0.00436129979789257 0.00492632016539574 0.00561639992520213 0.00634313002228737 0.0070613301359117 0.00682289991527796 0.00561412982642651 0.00456643011420965 0.00371009996160865 0.00387145997956395 0.0044669802300632 0.00495589012280107 0.00548241985961795 0.00576303014531732 -3.4e+38 -3.4e+38 -3.4e+38 0.0086539201438427 0.0085592195391655 0.00828251987695694 0.0082295099273324 0.00846313033252954 -3.4e+38 -3.4e+38 -3.4e+38 -3.4e+38 -3.4e+38 -3.4e+38 0.00178099004551768 0.00139922997914255 0.00112314999569207 0.000902550993487239 0.000885989982634783 0.000849767006002367 0.000823292008135468 0.000878193008247763 0.00103844003751874 0.00123368995264173 0.00143005000427365 0.00145038997288793 0.00138726003933698 0.00132818997371942 0.00128167995717376 0.00140843004919589 -3.4e+38 -3.4e+38
0.00282244989648461 0.00273237004876137 0.00263885990716517 0.00271488004364073 0.00308539997786283 0.00359346996992826 0.0042238999158144 0.00430244021117687 0.00420353002846241 0.00408820994198322 0.0041097397916019 0.004657750017941 0.00540087977424264 0.00608367007225752 0.00682365987449884 0.00757161993533373 0.00813218019902706 0.00868131965398788 0.00854360032826662 0.00770423002541065 0.0069109401665628 0.00654678978025913 0.00643135979771614 0.0067315399646759 0.00726850004866719 0.00788867007941008 0.00776003021746874 0.00820442009717226 0.00924968998879194 0.0103371003642678 0.00985598005354404 0.00918260030448437 0.00853664986789227 0.0085054999217391 0.00900364015251398 0.00951683986932039 0.00942794978618622 0.00790048018097878 0.00630246009677649 -3.4e+38 -3.4e+38 0.00282241008244455 0.0022287298925221 0.00169317005202174 0.0013766799820587 0.00130535999778658 0.00123805005569011 0.00117671000771224 0.0011891700560227 0.00126243999693543 0.00136877002660185 0.00148062000516802 0.0014933500206098 0.00146245001815259 0.00143830000888556 0.00141180003993213 0.00168870994821191 0.00207038992084563 -3.4e+38
0.00367847993038595 0.00386096001602709 0.0041098902001977 0.00441097002476454 0.00485228002071381 0.00539745995774865 0.00588213000446558 0.00603807019069791 0.00612834980711341 0.00629100995138288 0.0064019002020359 0.00680550001561642 0.00759227992966771 0.00844424962997437 0.00913194008171558 0.0098089100793004 0.0104801999405026 0.0115181002765894 0.0120892003178596 0.0116130001842976 0.0118086002767086 0.0120337996631861 0.0104962000623345 0.00880188960582018 0.0082880100235343 0.00757856015115976 0.00787919014692307 0.00874883029609919 0.0103783998638391 0.0116659002378583 0.0115123996511102 0.0111474003642797 0.0107926996424794 0.0104607995599508 0.0100819002836943 0.00976459961384535 0.00947795994579792 0.0080989096313715 0.00685568014159799 0.00577293988317251 0.00473674014210701 0.00354129006154835 0.00270884996280074 0.00206387997604907 0.00171719002537429 0.00172589998692274 0.00173486000858247 0.00174718000926077 0.00182906002737582 0.00191350001841784 0.00202471995726228 0.00218894006684422 0.00220178999006748 0.00217103003524244 0.00212334003299475 0.00204325001686811 0.00226123002357781 0.0025031000841409 0.00277428003028035
0.00485181994736195 0.00559369986876845 0.00651125982403755 0.0071858698502183 0.00761862983927131 0.00801874045282602 0.00850506033748388 0.00872404966503382 0.00899104960262775 0.00940459966659546 0.00983924046158791 0.00975778978317976 0.0106924995779991 0.0112539995461702 0.0118861999362707 0.0128364004194736 0.0138136995956302 0.0163631998002529 0.0184355992823839 0.0193627998232841 0.0206231009215117 0.0217110998928547 0.0169971007853746 0.011999599635601 0.00936643965542316 0.00726054981350899 0.00799702014774084 -3.4e+38 -3.4e+38 -3.4e+38 0.0127229001373053 0.0122971003875136 0.0121183004230261 0.0115347001701593 0.0109144998714328 0.0102417003363371 0.00955246016383171 0.00848831981420517 0.00752608012408018 0.00666543981060386 0.00609753979369998 0.00469757989048958 0.00359537010081112 0.00272922008298337 0.00227666995488107 0.00237732008099556 0.00248190993443131 0.00259231007657945 0.00275864009745419 0.00296324002556503 0.00318714999593794 0.00342850992456079 0.00328355003148317 0.00305225001648068 0.00295885000377893 0.00284125003963709 0.00297055998817086 0.00299203000031412 0.00302935997024179
0.00677068019285798 0.00794489961117506 0.00917879957705736 0.0102623999118805 0.0111736999824643 0.0123341996222734 0.0136863999068737 0.0141334999352694 0.0144902998581529 0.0149654997512698 0.0154577996581793 0.0151915000751615 0.0163973998278379 0.0175797995179892 0.0185352992266417 0.0201462991535664 0.0237509999424219 0.0287005994468927 0.0320927985012531 0.0327390991151333 0.032134298235178 0.0323196984827518 0.0256124995648861 0.0185966994613409 0.0133146001026034 0.0101135997101665 0.0115221999585629 -3.4e+38 -3.4e+38 -3.4e+38 -3.4e+38 -3.4e+38 0.0157660990953445 0.0152519997209311 0.014686499722302 0.0140394000336528 0.0133867999538779 0.0120529998093843 0.0110675999894738 0.0102259004488587 0.00958275981247425 0.00732275983318686 0.00559144979342818 0.00427574990317225 0.00358008011244237 0.00378029001876712 0.00399577990174294 0.0042039598338306 0.00446191988885403 0.00475940993055701 0.00505944015458226 0.00538737000897527 0.00510565983131528 0.00464719021692872 0.00415915995836258 0.0037843300960958 0.00384416989982128 0.00379276997409761 0.00367561005987227
0.010364199988544 0.0112637998536229 -3.4e+38 0.0138221997767687 0.0167396999895573 0.0203249994665384 0.0245631001889706 0.0252442993223667 0.0251081008464098 0.0249813999980688 0.0250604990869761 0.0269512999802828 0.0289523992687464 0.0323004983365536 0.0363065004348755 0.0403375998139381 0.0474320016801357 0.0546156987547874 0.0560128018260002 0.0504367016255856 0.0452410988509655 0.040233101695776 0.0354727990925312 0.0310347992926836 0.0268891993910074 0.0228826999664307 0.0239192005246878 0.024125199764967 0.0243651997298002 0.0247840993106365 -3.4e+38 -3.4e+38 -3.4e+38 -3.4e+38 -3.4e+38 -3.4e+38 0.0265484992414713 0.0240784995257854 0.0212424006313086 0.0187372993677855 0.0167367998510599 0.012584500014782 0.00980980973690748 0.00786061957478523 0.00665220990777016 0.00680368999019265 0.0069866101257503 0.00719437981024384 0.00741924997419119 0.00774395978078246 0.00802832003682852 0.00841614045202732 0.00783574022352695 0.00698370998725295 0.00624252995476127 0.00541714020073414 0.00530138006433845 0.00516106002032757 0.00482243020087481
0.0157855991274118 0.0159361008554697 0.0160425994545221 0.0185649991035461 0.0245081000030041 0.032124899327755 0.0419269017875195 0.043292298913002 0.0419890992343426 0.0414166003465652 0.0400643981993198 0.0461567007005215 0.0539033003151417 0.0625716969370842 0.0716077983379364 0.078780896961689 0.0882674977183342 0.0982915014028549 0.0935743972659111 0.0768676996231079 0.0632705986499786 0.0501731000840664 0.048480998724699 0.0506636016070843 0.0524116009473801 0.0524075999855995 0.0487802997231483 0.0432737991213799 0.038433600217104 0.0363484993577003 0.0351844988763332 0.0355965010821819 0.0355486981570721 0.036607600748539 0.0409373007714748 0.0445988997817039 0.0488381013274193 0.0455370992422104 0.0403327010571957 0.035639900714159 0.0311760008335114 0.0240551996976137 0.0190169997513294 0.0147896995767951 0.0125225000083447 0.0124939996749163 0.0125360004603863 0.0125785004347563 0.0124912997707725 0.0125187998637557 0.0126408999785781 0.0128514003008604 0.0117418002337217 0.0103995995596051 0.00911847036331892 0.00776208005845547 0.00752614019438624 0.00722126010805368 0.00679916981607676
0.0263948999345303 0.0277378000319004 0.0295896008610725 0.0328565984964371 0.0396862998604774 0.0474303998053074 0.0563587993383408 0.0625493973493576 0.0683713033795357 0.0739680007100105 0.0800207033753395 0.0894151031970978 0.0986246019601822 0.110288001596928 0.120622999966145 0.124895997345448 0.129982993006706 -3.4e+38 -3.4e+38 0.107803001999855 0.0906298980116844 0.0769409015774727 0.0723541006445885 0.0718334019184113 0.0702299997210503 0.0694148987531662 0.0656521022319794 0.0621397010982037 0.0586173981428146 0.0557026006281376 0.0540019012987614 0.0522068999707699 0.0521296001970768 0.0542016997933388 0.0564077012240887 0.059842798858881 0.0615977011620998 0.0566253997385502 0.0498148985207081 0.0436543002724648 0.0382691994309425 0.0322062000632286 0.0267287008464336 0.0218707006424665 0.0188059993088245 0.0183049999177456 0.0178194008767605 0.0174378994852304 0.0170134007930756 0.0164256002753973 0.0164934005588293 0.0165906008332968 0.0154488999396563 0.0140289003029466 0.0128499995917082 0.0115841003134847 0.010636200197041 0.00986114982515574 0.00911881029605865
0.0427654013037682 0.0463303998112679 0.0502170994877815 0.0544150993227959 0.060733500868082 0.067059800028801 0.0750430971384048 0.0891352966427803 0.106963001191616 0.126596003770828 0.150229007005692 0.160421997308731 0.169127002358437 0.177452996373177 -3.4e+38 -3.4e+38 -3.4e+38 -3.4e+38 0.167887002229691 0.148248001933098 0.12949800491333 0.112240999937057 0.10394199937582 0.0982049033045769 0.0928625985980034 0.0872597992420197 0.0873730033636093 0.0872998982667923 0.0875485017895699 0.085825003683567 0.0801215022802353 0.0778613984584808 0.076866902410984 0.077565997838974 0.0779298022389412 0.0773058980703354 0.0766424983739853 0.0695412009954453 0.0605246014893055 0.0538033992052078 0.0485098995268345 0.041985098272562 0.036787498742342 0.032063901424408 0.0283272005617619 0.0268456004559994 0.0253017004579306 0.0238936003297567 0.0229749009013176 0.022164199501276 0.0215280000120401 0.0212011002004147 0.0202457997947931 0.0191648006439209 0.0180296003818512 0.0169108007103205 0.0151380999013782 0.0135676003992558 0.0120627004653215
0.062160599976778 0.0681120976805687 0.07396200299263 0.0818440988659859 0.0883738026022911 -3.4e+38 -3.4e+38 -3.4e+38 0.149566993117332 0.181272000074387 0.216914996504784 0.224072992801666 0.232197999954224 0.240437999367714 0.244717001914978 0.237633004784584 0.230487003922462 0.223433002829552 0.209534004330635 0.189386993646622 0.171474993228912 0.153844997286797 0.141454994678497 0.130365997552872 0.1190529987216 0.108820997178555 0.110973000526428 0.113558001816273 0.116484999656677 0.116135999560356 0.107205003499985 0.104500003159046 0.101484999060631 0.100391998887062 0.0987934991717339 0.0948244035243988 0.0925631001591682 0.0853860974311829 0.0765495970845222 0.070366196334362 0.0649940967559814 0.0591166988015175 0.0525608994066715 0.0467609986662865 0.0418094992637634 0.0386756993830204 0.0356170013546944 0.0328385010361671 0.0310913994908333 0.0303054004907608 0.0295369997620583 0.0286280997097492 0.0267379004508257 0.0261333994567394 0.0254002008587122 0.024609899148345 0.0218094997107983 0.0191102996468544 0.0168188996613026
0.0842232033610344 0.0922871008515358 0.1007149964571 0.109516002237797 0.117563001811504 0.126175999641418 -3.4e+38 -3.4e+38 -3.4e+38 0.223998993635178 0.261314988136292 0.270669996738434 0.278813987970352 0.285878986120224 0.28889200091362 -3.4e+38 0.273795992136002 0.265316992998123 0.251489013433456 0.232586994767189 0.214208006858826 0.19794699549675 0.179730996489525 0.164498001337051 0.148765996098518 0.134013995528221 0.136083006858826 0.137957006692886 0.139713004231453 0.139936000108719 0.134607002139091 0.1302610039711 0.126141995191574 0.123593002557755 0.12049800157547 0.117908999323845 0.116479001939297 0.111365996301174 0.105828002095222 0.0991014987230301 0.093434102833271 0.0845168977975845 0.0765115022659302 0.0692306980490685 0.0621372982859612 0.0558315999805927 0.0501158982515335 0.0451165996491909 0.042231198400259 0.0414078012108803 0.0406199991703033 0.0398383997380733 0.0382848009467125 0.0365168005228043 0.0350497998297215 0.0348969995975494 0.0312437005341053 0.0281576998531818 0.0249017998576164
