results/Predictions/Median/Maastrichtian.asc
NCOLS 360 
NROWS 180 
XLLCORNER -180 
YLLCORNER -90 
CELLSIZE 1 
NODATA_value -3.4e+38 
[rows 0 to 19 of 180, columns 44 to 87 of 360]
5.82727004427852e-08 5.83503982909406e-08 6.34012025102493e-08 1.20400997616343e-07 8.43156016117064e-08 5.79594008343065e-08 5.78963010866573e-08 5.78490002567378e-08 5.78525991556944e-08 5.78639003379067e-08 5.78752015201189e-08 5.78864991496175e-08 5.78981982357618e-08 5.79114001197922e-08 5.7924598451109e-08 5.79378003351394e-08 5.79475987194655e-08 5.79539012335317e-08 5.79602001948842e-08 5.79664991562368e-08 5.7960999555462e-08 5.79515990750679e-08 5.79423016233704e-08 5.79329011429763e-08 5.79021985913641e-08 5.78714995924656e-08 5.78409000695501e-08 5.78048009458598e-08 5.77523984190975e-08 5.77000989210319e-08 5.76477994229663e-08 5.7587499213696e-08 5.7519098817238e-08 5.74508014494768e-08 5.73825005290018e-08 5.73100003009586e-08 5.72361997797088e-08 5.71623992584591e-08 5.70887017659061e-08 5.70224010232323e-08 5.69561002805585e-08 5.68898990138678e-08 5.68286999680367e-08 5.67824010033746e-08
0.000136803006171249 0.000136686998303048 0.000137120005092584 0.000137424998683855 0.000138243995024823 0.000138429997605272 0.00013749000208918 0.000137481998535804 0.000125356993521564 7.15678033884615e-05 8.55218022479676e-05 7.33214983483776e-05 0.000129943000501953 0.000125766993733123 0.000127488005091436 9.89882973954082e-05 3.07804002659395e-05 2.40871995629277e-05 5.83159999223426e-06 9.98660016193753e-06 7.82207007432589e-06 2.25787994168059e-06 1.61171999479848e-06 1.3529199804907e-06 2.60819007280588e-07 1.70207997030047e-07 1.40690005423494e-07 9.65543023312421e-08 9.39792030862918e-08 8.12251030879452e-08 7.92503982438575e-08 8.32335018685626e-08 8.47836005846148e-08 7.44064010405054e-08 7.36807024281916e-08 7.27766007457831e-08 7.65450991480066e-08 6.957429832255e-08 6.4214901840387e-08 6.21373033027339e-08 5.69561002805585e-08 5.68898990138678e-08 5.68286999680367e-08 5.67824010033746e-08
0.000137012000777759 0.000137126000481658 0.000137440001708455 0.00013751900405623 0.000137934999656864 0.000137512994115241 0.000137797003844753 0.000137573995743878 0.000135533002321608 6.36737022432499e-05 6.84607002767734e-05 2.31835001613945e-05 4.46810008725151e-06 7.01421015492087e-07 1.2428699847078e-07 9.65343005532304e-08 7.71085026940455e-08 6.9501297161878e-08 6.31558023655998e-08 5.82677017746391e-08 5.79888990159816e-08 5.79515990750679e-08 5.79423016233704e-08 5.79329011429763e-08 5.79021985913641e-08 5.78714995924656e-08 5.78409000695501e-08 5.78048009458598e-08 5.77523984190975e-08 5.77000989210319e-08 5.76477994229663e-08 5.7587499213696e-08 5.7519098817238e-08 5.74508014494768e-08 5.73825005290018e-08 5.73100003009586e-08 5.72361997797088e-08 5.71623992584591e-08 5.70887017659061e-08 5.70224010232323e-08 5.69561002805585e-08 5.68898990138678e-08 5.68286999680367e-08 5.67824010033746e-08
0.000115333998110145 5.6673899962334e-05 8.31385023047915e-06 1.01355999504449e-06 1.06274001154816e-07 6.84835015363205e-08 5.45583986877318e-08 5.20307992246671e-08 5.2260201499621e-08 5.25422017005894e-08 5.26498986630486e-08 5.26591996674597e-08 5.27393986260449e-08 5.29052002207209e-08 5.30922008579182e-08 5.33072004316182e-08 5.3483500295215e-08 5.36204005641139e-08 5.37576987369448e-08 5.38953983664214e-08 5.39809015265291e-08 5.40489999423244e-08 5.41772990914069e-08 5.42443991946584e-08 5.42812017556571e-08 5.43180007639421e-08 5.43548992482101e-08 5.4389499126728e-08 5.44173985872476e-08 5.44454010764639e-08 5.44734000129665e-08 5.44853016037905e-08 5.44813012481882e-08 5.44772014166028e-08 5.44732010610005e-08 5.44164002747038e-08 5.43420988208254e-08 5.42679003956437e-08 5.41936984177482e-08 5.40535012305554e-08 5.39136983945809e-08 5.37742010919828e-08 5.36370983184042e-08 5.35065005635715e-08
4.60865017259948e-08 4.5934900327893e-08 4.57627997718646e-08 4.55913991004309e-08 4.54206983135919e-08 4.53236985720196e-08 4.52510988679933e-08 4.52523991611997e-08 4.53661002097761e-08 4.55507986885095e-08 4.57363000805344e-08 4.5922501357154e-08 4.6259998498499e-08 4.65831000440176e-08 4.69085001952863e-08 4.72008991891926e-08 4.73514987220369e-08 4.74224002289247e-08 4.74934012117956e-08 4.75645016706494e-08 4.75472994310167e-08 4.75005990097088e-08 4.74540016170977e-08 4.74075001477559e-08 4.73473988904516e-08 4.7287301185861e-08 4.71755008391028e-08 4.70710013189546e-08 4.70304009070333e-08 4.69898004951119e-08 4.69492000831906e-08 4.69442014150445e-08 4.6974701461977e-08 4.70052015089095e-08 4.69694008131682e-08 4.68461998082148e-08 4.66948009147927e-08 4.65439988772687e-08 4.63935982963903e-08 4.61078002444992e-08 4.58237998657296e-08 4.55416007127951e-08 4.5256399516802e-08 4.495879935007e-08
4.03808009252771e-08 4.0395601530463e-08 4.06229005989189e-08 4.08948004348986e-08 4.11683984680167e-08 4.16523988633344e-08 4.17945997810421e-08 4.22805008781779e-08 4.25452988395136e-08 4.32189999344246e-08 4.37152003485153e-08 4.41326015732102e-08 4.45959003059215e-08 4.49539996338899e-08 4.55226008000409e-08 4.59518005868631e-08 4.59004994013412e-08 4.57336000181385e-08 4.55674005195306e-08 4.54016984008376e-08 4.52362982628074e-08 4.50713990574059e-08 4.48881003478618e-08 4.46675016974041e-08 4.44827996659569e-08 4.42990000237842e-08 4.41158007902231e-08 4.39443006428064e-08 4.38055991480724e-08 4.3667398585967e-08 4.35296989564904e-08 4.33898996732296e-08 4.32481002121676e-08 4.31068016837344e-08 4.29660005352162e-08 4.28047997047543e-08 4.26373993889229e-08 4.24705000057202e-08 4.23043999830952e-08 4.21321999510837e-08 4.19545003182975e-08 4.17584011813688e-08 4.15753014237907e-08 4.14291001504807e-08
3.48990987220077e-08 3.29558993428236e-08 3.31747997961429e-08 3.34091012632598e-08 3.36451009275152e-08 3.41838983786147e-08 3.48340982725404e-08 3.52945015436035e-08 3.56045006810746e-08 3.6272101766599e-08 3.69520982701488e-08 3.7644898753797e-08 3.82989995273419e-08 3.88067000756109e-08 3.95673005471053e-08 4.04898017336563e-08 4.16183993934283e-08 4.23990016429343e-08 4.24690007605477e-08 4.29310986760356e-08 4.33263984689347e-08 4.37030003297423e-08 4.37749001491738e-08 4.3911100533478e-08 4.43683987327859e-08 4.42858016924674e-08 4.4382300501411e-08 4.45801013881919e-08 4.45857999409327e-08 4.45914984936735e-08 4.4597300075111e-08 4.43382006665161e-08 4.38188010321028e-08 4.3305600883059e-08 4.27984012674187e-08 4.20832009240257e-08 4.16147010184886e-08 4.09812983548363e-08 4.00011010981416e-08 3.97692012654716e-08 3.93469008486136e-08 3.87753011921177e-08 3.82664993026083e-08 3.79260001182047e-08
6.75785995554179e-05 6.72751993988641e-05 6.69989021844231e-05 6.71906018396839e-05 6.52648013783619e-05 3.08449998556171e-05 2.59098997048568e-05 5.27363999935915e-06 2.0728800791403e-06 1.01603995972255e-06 1.71864002140865e-07 5.75581999839869e-08 4.43554988294181e-08 3.70604986699163e-08 3.64771999272762e-08 3.69617012552226e-08 3.75829998233712e-08 3.80591984594503e-08 3.84155001142972e-08 3.8775098687438e-08 3.91052985548868e-08 3.95398984665007e-08 4.01876008027102e-08 4.08446005906171e-08 4.15721999047491e-08 4.2485201134923e-08 4.27316990680993e-08 4.29749995589646e-08 4.3073999478338e-08 4.30683009255972e-08 4.30585984645404e-08 4.26358006677674e-08 4.18121999246068e-08 4.10045011278726e-08 4.02766993090609e-08 3.94995005592591e-08 3.83755001109876e-08 3.72084016930785e-08 3.61414009830696e-08 3.54053000251042e-08 3.46839996723247e-08 3.39769989921024e-08 3.33774998750869e-08 3.30655005598146e-08
-3.4e+38 -3.4e+38 -3.4e+38 -3.4e+38 7.06182981957681e-05 7.04401973052882e-05 7.1047201345209e-05 7.27064980310388e-05 7.60503971832804e-05 7.87561002653092e-05 8.08426993899047e-05 8.47366027301177e-05 8.55913021950983e-05 8.69217983563431e-05 8.74465986271389e-05 8.74317993293516e-05 8.98697035154328e-05 8.78175997058861e-05 7.2568298492115e-05 1.18772004498169e-05 1.05586002518976e-06 9.37682003154805e-08 6.13150987760491e-08 5.19093994455488e-08 4.65747014288809e-08 4.59151010545611e-08 4.5459298547712e-08 4.48163000044133e-08 4.30825011221714e-08 4.17432985955202e-08 4.05050002427743e-08 3.95563013455558e-08 3.88451013577651e-08 3.80998983473546e-08 3.71646997621156e-08 3.66156989173305e-08 3.62642005313774e-08 3.59447014375291e-08 3.56281013580428e-08 3.53223015281401e-08 3.50188003039875e-08 3.47177007142818e-08 3.43571997518666e-08 3.38182992720704e-08
-3.4e+38 -3.4e+38 6.94363989168778e-05 6.87845968059264e-05 6.95975031703711e-05 -3.4e+38 -3.4e+38 -3.4e+38 7.39910028642043e-05 7.92185019236058e-05 8.19209017208777e-05 8.59353967825882e-05 8.71083029778674e-05 8.84467008290812e-05 8.89376024133526e-05 9.00597005966119e-05 9.25860003917478e-05 9.29243033169769e-05 9.30407986743376e-05 9.37798031372949e-05 9.85314982244745e-05 0.000108774002001155 0.000116151000838727 0.000123567995615304 0.000118007999844849 0.000115734001155943 0.000101466997875832 9.94406036625151e-06 5.4138598670761e-07 6.79522003110833e-08 4.43408012529289e-08 3.87034013726861e-08 3.75014010955965e-08 3.65668988422385e-08 3.56723006689208e-08 3.54156988180421e-08 3.54569991145581e-08 3.54983988870572e-08 3.55400011642359e-08 3.55345015634612e-08 3.55286999820237e-08 3.55226994486202e-08 3.53657014784403e-08 3.46797008887734e-08
-3.4e+38 -3.4e+38 -3.4e+38 -3.4e+38 -3.4e+38 -3.4e+38 -3.4e+38 -3.4e+38 -3.4e+38 -3.4e+38 -3.4e+38 -3.4e+38 -3.4e+38 -3.4e+38 -3.4e+38 -3.4e+38 -3.4e+38 -3.4e+38 -3.4e+38 -3.4e+38 -3.4e+38 -3.4e+38 -3.4e+38 -3.4e+38 0.000124358004541136 0.000122298995847814 0.000112795001768973 0.000108398002339527 0.000101172001450323 9.65598010225222e-05 9.21504979487509e-05 9.0535802883096e-05 8.97709978744388e-05 8.85717017808929e-05 8.66952977958135e-05 8.44359019538388e-05 8.32933001220226e-05 6.68525972287171e-05 2.80897002085112e-05 9.8576201708056e-06 4.73303998660413e-06 2.38065990743053e-06 7.20516027286067e-07 5.79983009174612e-07
-3.4e+38 -3.4e+38 -3.4e+38 -3.4e+38 -3.4e+38 -3.4e+38 -3.4e+38 -3.4e+38 -3.4e+38 -3.4e+38 -3.4e+38 -3.4e+38 -3.4e+38 -3.4e+38 -3.4e+38 -3.4e+38 -3.4e+38 -3.4e+38 -3.4e+38 -3.4e+38 -3.4e+38 -3.4e+38 -3.4e+38 -3.4e+38 -3.4e+38 -3.4e+38 -3.4e+38 -3.4e+38 -3.4e+38 -3.4e+38 9.42995029618032e-05 9.31715985643677e-05 9.73342030192725e-05 0.000100826000561938 0.000105482002254575 0.000108057000034023 0.000107425999885891 0.00010643400310073 0.000105195998912677 0.000101710000308231 9.98299001366831e-05 9.81674020295031e-05 9.64072023634799e-05 9.40426980378106e-05
-3.4e+38 -3.4e+38 -3.4e+38 -3.4e+38 -3.4e+38 -3.4e+38 -3.4e+38 -3.4e+38 -3.4e+38 -3.4e+38 -3.4e+38 -3.4e+38 -3.4e+38 -3.4e+38 -3.4e+38 -3.4e+38 -3.4e+38 -3.4e+38 -3.4e+38 -3.4e+38 -3.4e+38 -3.4e+38 -3.4e+38 -3.4e+38 -3.4e+38 -3.4e+38 -3.4e+38 -3.4e+38 -3.4e+38 -3.4e+38 -3.4e+38 -3.4e+38 -3.4e+38 0.000131915992824361 0.00013623500126414 0.000134047004394233 0.000131437001982704 0.000130860993522219 0.000128287996631116 0.000125867998576723 0.000118336000014096 0.000115233997348696 0.000115454997285269 0.000112715002615005
-3.4e+38 -3.4e+38 -3.4e+38 -3.4e+38 -3.4e+38 -3.4e+38 -3.4e+38 -3.4e+38 -3.4e+38 -3.4e+38 -3.4e+38 -3.4e+38 -3.4e+38 -3.4e+38 -3.4e+38 -3.4e+38 -3.4e+38 -3.4e+38 -3.4e+38 -3.4e+38 -3.4e+38 -3.4e+38 -3.4e+38 -3.4e+38 -3.4e+38 -3.4e+38 -3.4e+38 -3.4e+38 -3.4e+38 -3.4e+38 -3.4e+38 -3.4e+38 -3.4e+38 -3.4e+38 -3.4e+38 -3.4e+38 -3.4e+38 -3.4e+38 -3.4e+38 -3.4e+38 -3.4e+38 -3.4e+38 -3.4e+38 -3.4e+38
-3.4e+38 -3.4e+38 -3.4e+38 -3.4e+38 -3.4e+38 -3.4e+38 -3.4e+38 -3.4e+38 -3.4e+38 -3.4e+38 -3.4e+38 -3.4e+38 -3.4e+38 -3.4e+38 -3.4e+38 -3.4e+38 -3.4e+38 -3.4e+38 -3.4e+38 -3.4e+38 -3.4e+38 -3.4e+38 -3.4e+38 -3.4e+38 -3.4e+38 -3.4e+38 -3.4e+38 -3.4e+38 -3.4e+38 -3.4e+38 -3.4e+38 -3.4e+38 -3.4e+38 -3.4e+38 -3.4e+38 -3.4e+38 -3.4e+38 -3.4e+38 -3.4e+38 -3.4e+38 -3.4e+38 -3.4e+38 -3.4e+38 -3.4e+38
-3.4e+38 -3.4e+38 -3.4e+38 -3.4e+38 -3.4e+38 -3.4e+38 -3.4e+38 -3.4e+38 -3.4e+38 -3.4e+38 -3.4e+38 -3.4e+38 -3.4e+38 -3.4e+38 -3.4e+38 -3.4e+38 -3.4e+38 -3.4e+38 -3.4e+38 -3.4e+38 -3.4e+38 -3.4e+38 -3.4e+38 -3.4e+38 -3.4e+38 -3.4e+38 -3.4e+38 -3.4e+38 -3.4e+38 -3.4e+38 -3.4e+38 -3.4e+38 -3.4e+38 -3.4e+38 -3.4e+38 -3.4e+38 -3.4e+38 -3.4e+38 -3.4e+38 -3.4e+38 -3.4e+38 -3.4e+38 -3.4e+38 -3.4e+38
-3.4e+38 -3.4e+38 -3.4e+38 -3.4e+38 -3.4e+38 -3.4e+38 -3.4e+38 -3.4e+38 -3.4e+38 -3.4e+38 -3.4e+38 -3.4e+38 -3.4e+38 -3.4e+38 -3.4e+38 -3.4e+38 -3.4e+38 -3.4e+38 -3.4e+38 -3.4e+38 -3.4e+38 -3.4e+38 -3.4e+38 -3.4e+38 -3.4e+38 -3.4e+38 -3.4e+38 -3.4e+38 -3.4e+38 -3.4e+38 -3.4e+38 -3.4e+38 -3.4e+38 -3.4e+38 -3.4e+38 -3.4e+38 -3.4e+38 -3.4e+38 -3.4e+38 -3.4e+38 -3.4e+38 -3.4e+38 -3.4e+38 -3.4e+38
-3.4e+38 -3.4e+38 -3.4e+38 -3.4e+38 -3.4e+38 -3.4e+38 -3.4e+38 -3.4e+38 -3.4e+38 -3.4e+38 -3.4e+38 -3.4e+38 -3.4e+38 -3.4e+38 -3.4e+38 -3.4e+38 -3.4e+38 -3.4e+38 -3.4e+38 -3.4e+38 -3.4e+38 -3.4e+38 -3.4e+38 -3.4e+38 -3.4e+38 -3.4e+38 -3.4e+38 -3.4e+38 -3.4e+38 -3.4e+38 -3.4e+38 -3.4e+38 -3.4e+38 -3.4e+38 -3.4e+38 -3.4e+38 -3.4e+38 -3.4e+38 -3.4e+38 -3.4e+38 -3.4e+38 -3.4e+38 -3.4e+38 -3.4e+38
-3.4e+38 -3.4e+38 -3.4e+38 -3.4e+38 -3.4e+38 -3.4e+38 -3.4e+38 -3.4e+38 -3.4e+38 -3.4e+38 -3.4e+38 -3.4e+38 -3.4e+38 -3.4e+38 -3.4e+38 -3.4e+38 -3.4e+38 -3.4e+38 -3.4e+38 -3.4e+38 -3.4e+38 -3.4e+38 -3.4e+38 -3.4e+38 -3.4e+38 -3.4e+38 -3.4e+38 -3.4e+38 -3.4e+38 -3.4e+38 -3.4e+38 -3.4e+38 -3.4e+38 -3.4e+38 -3.4e+38 -3.4e+38 -3.4e+38 -3.4e+38 -3.4e+38 -3.4e+38 -3.4e+38 -3.4e+38 -3.4e+38 -3.4e+38
-3.4e+38 -3.4e+38 -3.4e+38 0.00227624992839992 0.00213888008147478 0.00194774998817593 0.00105787999927998 0.00197266996838152 0.00170590996276587 0.0013036000309512 0.000835017999634147 0.000646823027636856 0.00073800899554044 0.000682290003169328 0.00101986003573984 0.00109770998824388 0.00113764998968691 0.00120242999400944 0.00245291995815933 0.00449009006842971 0.00486662006005645 0.0049558999016881 0.00513934995979071 -3.4e+38 -3.4e+38 -3.4e+38 -3.4e+38 -3.4e+38 -3.4e+38 -3.4e+38 -3.4e+38 -3.4e+38 -3.4e+38 -3.4e+38 -3.4e+38 -3.4e+38 -3.4e+38 -3.4e+38 -3.4e+38 -3.4e+38 -3.4e+38 -3.4e+38 -3.4e+38 -3.4e+38
