results/Predictions/Median/Messinian.asc
NCOLS 360 
NROWS 180 
XLLCORNER -180 
YLLCORNER -90 
CELLSIZE 1 
NODATA_value -3.4e+38 
[rows 140 to 159 of 180, columns 264 to 307 of 360]
4.18876015828573e-06 4.58929980595713e-06 4.93249990540789e-06 5.13573013449786e-06 5.3383300837595e-06 5.52622987015639e-06 5.59627005713992e-06 5.53574000150547e-06 5.50339018445811e-06 5.46285991731565e-06 5.36661991645815e-06 5.28292002854869e-06 5.22547998116352e-06 5.12993983647902e-06 5.06434980707127e-06 4.99959014632623e-06 4.96496977575589e-06 4.94282994623063e-06 4.94376990900491e-06 4.9447098717792e-06 4.9456598389952e-06 4.95460017191363e-06 4.97157998324838e-06 4.98861982123344e-06 5.00572014061618e-06 5.03884984937031e-06 5.07758022649796e-06 5.11235020894674e-06 5.14710018251208e-06 5.1926899686805e-06 5.23868993695942e-06 5.28510008734884e-06 5.33829006599262e-06 5.41133022124995e-06 5.48536991118453e-06 5.56044005861622e-06 5.63679986953503e-06 5.71448981645517e-06 5.79664992983453e-06 5.88869988860097e-06 5.96075005887542e-06 6.02647014602553e-06 6.09292010267382e-06 6.16008992437855e-06
3.1786300951353e-06 3.51381004293216e-06 3.83722999686142e-06 4.0121199162968e-06 4.19011985286488e-06 4.37602011515992e-06 4.46070998805226e-06 4.43814997197478e-06 4.43748012912693e-06 4.43706994701643e-06 4.41909014625708e-06 4.38949018644053e-06 4.35996980741038e-06 4.30659019912127e-06 4.2663600652304e-06 4.2491501517361e-06 4.23200981458649e-06 4.22065022576135e-06 4.22643006459111e-06 4.2322199078626e-06 4.23803021476488e-06 4.2512001527939e-06 4.2718202166725e-06 4.29253987022093e-06 4.31336002293392e-06 4.34693993156543e-06 4.38503002442303e-06 4.41961992692086e-06 4.45370005763834e-06 4.4908701966051e-06 4.52835001851781e-06 4.56603993370663e-06 4.60796991319512e-06 4.6623599700979e-06 4.71738985652337e-06 4.77307003166061e-06 4.83120993521879e-06 4.89186004415387e-06 4.95329004479572e-06 5.0154799282609e-06 5.06592004967388e-06 5.11264988745097e-06 5.15981992066372e-06 5.20742014487041e-06
2.39408996094426e-06 2.69478005066048e-06 2.97558995043801e-06 3.13023997478012e-06 3.29294994116935e-06 3.46414003615791e-06 3.57059002453752e-06 3.6063099742023e-06 3.64233005711867e-06 3.67866005035467e-06 3.6789199384657e-06 3.65537994184706e-06 3.62229002348613e-06 3.5937500797445e-06 3.58171996595047e-06 3.569730097297e-06 3.55778001903673e-06 3.55041993316263e-06 3.55677002517041e-06 3.56312989424623e-06 3.57192993760691e-06 3.5901500723412e-06 3.61693992090295e-06 3.64386005458073e-06 3.67054008165724e-06 3.70955990547372e-06 3.75310992239974e-06 3.79715993403806e-06 3.8417301766458e-06 3.8799498724984e-06 3.91465982829686e-06 3.94516018786817e-06 3.97800022255979e-06 4.01749002776342e-06 4.05738001063582e-06 4.09767017117701e-06 4.14121996072936e-06 4.18814988734084e-06 4.23562005380518e-06 4.2836200009333e-06 4.32323986387928e-06 4.36021991845337e-06 4.39752011516248e-06 4.43515000370098e-06
1.91903995983012e-06 2.13859993891674e-06 2.37601989283576e-06 2.51639994530706e-06 2.66552001448872e-06 2.82347991742427e-06 2.92404001811519e-06 2.96059010906902e-06 2.99759994959459e-06 3.03507999888097e-06 3.036350108232e-06 3.02515991279506e-06 3.01377008327108e-06 3.00242004414031e-06 2.99087992061686e-06 2.97937003779225e-06 2.97149995276413e-06 2.96984990200144e-06 2.98003010357206e-06 2.99025009553588e-06 3.000209972015e-06 3.01742011288297e-06 3.04214995594521e-06 3.06707988784183e-06 3.09220990857284e-06 3.12539009428292e-06 3.16158002533484e-06 3.19763989864441e-06 3.23340009344975e-06 3.26329995914421e-06 3.29347994920681e-06 3.32394006363756e-06 3.35631989401008e-06 3.39571010954387e-06 3.44083991876687e-06 3.48692992702127e-06 3.52529991687334e-06 3.56348004970641e-06 3.60206990990264e-06 3.64231004823523e-06 3.67384996025066e-06 3.70468001165136e-06 3.73554007637722e-06 3.76618004338525e-06
1.4961300394134e-06 1.71847000274283e-06 1.91962999451789e-06 2.02942010218976e-06 2.14402007259196e-06 2.27692999033025e-06 2.3705899820925e-06 2.41229008679511e-06 2.45473006543762e-06 2.49791992246173e-06 2.50599009632424e-06 2.50222001341172e-06 2.50029006565455e-06 2.50461994255602e-06 2.50552989200514e-06 2.5046099381143e-06 2.50007997237844e-06 2.49890990744461e-06 2.50869993578817e-06 2.51910000770295e-06 2.52931999966677e-06 2.54523001785856e-06 2.56694011113723e-06 2.58884006143489e-06 2.61034006143746e-06 2.63242009168607e-06 2.65572998614516e-06 2.68154008153942e-06 2.71177009381063e-06 2.7393300570111e-06 2.76727996606496e-06 2.79487994703231e-06 2.82399992102e-06 2.85715009340493e-06 2.89046010948368e-06 2.92222989628499e-06 2.95490008284105e-06 2.98988993563398e-06 3.02529997497913e-06 3.06111996906111e-06 3.09134998133231e-06 3.11985991174879e-06 3.14862995764997e-06 3.17722992804192e-06
1.22387996270845e-06 1.38222003442934e-06 1.52205996073462e-06 1.63151003107487e-06 1.74882995906955e-06 1.87462001122185e-06 1.95715006157116e-06 1.99826990865404e-06 2.04024991035112e-06 2.08092001230398e-06 2.09321001420903e-06 2.09639006243378e-06 2.09957988772658e-06 2.10276994039305e-06 2.10356006391521e-06 2.10435996450542e-06 2.10515008802759e-06 2.10814005185966e-06 2.11773999581055e-06 2.12738996197004e-06 2.1370799458964e-06 2.15146997106785e-06 2.17065007745987e-06 2.19001003642916e-06 2.20954007090768e-06 2.2300700948108e-06 2.25105009121762e-06 2.27223995352688e-06 2.29362990467052e-06 2.31330000133312e-06 2.33314995057299e-06 2.35315997088037e-06 2.37366998590005e-06 2.39127007262141e-06 2.41144994106435e-06 2.43553995460388e-06 2.46144008997362e-06 2.48806009039981e-06 2.51352003033389e-06 2.53924008575268e-06 2.56236990026082e-06 2.58475006376102e-06 2.60733008872194e-06 2.63009997070185e-06
1.0318600516257e-06 1.14956003471889e-06 1.28088004203164e-06 1.35205004880845e-06 1.42722001328366e-06 1.52337997860741e-06 1.60078002409136e-06 1.64404002589436e-06 1.68847998338606e-06 1.73412001913675e-06 1.75585000761203e-06 1.76944001850643e-06 1.78313996457291e-06 1.78963000507792e-06 1.79334995209501e-06 1.79708001724066e-06 1.80081997314119e-06 1.80604001798201e-06 1.81569998858322e-06 1.82540998139302e-06 1.83518000085314e-06 1.84813995929289e-06 1.86437000593287e-06 1.88074000107008e-06 1.89724994470453e-06 1.91379990610585e-06 1.93045002561121e-06 1.94632002603612e-06 1.96102996596892e-06 1.97329995899054e-06 1.98564998754591e-06 1.99808005163504e-06 2.01045008907386e-06 2.02255000658624e-06 2.03470995074895e-06 2.04694993044541e-06 2.06072991204564e-06 2.07607990887482e-06 2.0915399545629e-06 2.10712005355163e-06 2.12209010896913e-06 2.13693010664429e-06 2.15201998798875e-06 2.17194997276238e-06
8.49023990667774e-07 9.59686985879671e-07 1.06164998214808e-06 1.1394299690437e-06 1.20952995530388e-06 1.27727003018663e-06 1.32622994897247e-06 1.35396999212389e-06 1.39038002089364e-06 1.43045997447189e-06 1.45147998864559e-06 1.46603997563943e-06 1.48074002481735e-06 1.49559002693422e-06 1.50473999838141e-06 1.51392998759547e-06 1.52319000790158e-06 1.53279995629418e-06 1.54336999003135e-06 1.55401994561544e-06 1.5647400459784e-06 1.5769500123497e-06 1.59068997618306e-06 1.60454999331705e-06 1.61853995450656e-06 1.63160996180522e-06 1.64443997618946e-06 1.65664005180588e-06 1.66784002431086e-06 1.67655002769607e-06 1.68531994404475e-06 1.69412999184715e-06 1.70280998190719e-06 1.71098997725494e-06 1.71920999036956e-06 1.72746001680935e-06 1.73673004155717e-06 1.74700994648447e-06 1.75735999619064e-06 1.7677699588603e-06 1.77898004949384e-06 1.79051005488873e-06 1.80211998213053e-06 1.81380005415122e-06
7.33068986846774e-07 8.20201023543632e-07 9.05764977687795e-07 9.61729028858826e-07 1.02115996014618e-06 1.08502001694433e-06 1.13108001187356e-06 1.15390002974891e-06 1.17718002456968e-06 1.20094000521931e-06 1.21350001336396e-06 1.2222800478412e-06 1.23112999972363e-06 1.24003997825639e-06 1.24570999560092e-06 1.25141002627061e-06 1.26018005630613e-06 1.26920997445268e-06 1.27801001781336e-06 1.28686997413752e-06 1.29577995267027e-06 1.30559999433899e-06 1.31633998989855e-06 1.32718002987531e-06 1.33809999169898e-06 1.34743004309712e-06 1.35625998609612e-06 1.36515996018716e-06 1.37410995648679e-06 1.38136999794369e-06 1.38866994348064e-06 1.39601002047129e-06 1.40293002459657e-06 1.40852000640734e-06 1.41412999710155e-06 1.41977000112092e-06 1.42612998388358e-06 1.43321994983125e-06 1.44034004279092e-06 1.44750003983063e-06 1.45665001127782e-06 1.46649995258485e-06 1.47643004311249e-06 1.4864200466036e-06
6.32968010449986e-07 7.01009980730305e-07 7.67370977428072e-07 8.12533983207686e-07 8.54180996157083e-07 9.00674024251202e-07 9.37306992909726e-07 9.60543957262416e-07 9.84358052846801e-07 1.00876002306904e-06 1.02295996384782e-06 1.03372997273254e-06 1.04461003047618e-06 1.05560002339189e-06 1.06346999473317e-06 1.06996003523818e-06 1.07589005438058e-06 1.08176004687266e-06 1.08735002868343e-06 1.09296001937764e-06 1.09861002783873e-06 1.10454004698113e-06 1.11076997200144e-06 1.11704002847546e-06 1.1233399845878e-06 1.12799000362429e-06 1.1321000101816e-06 1.13623002562235e-06 1.14037004550482e-06 1.14431998099462e-06 1.14828003461298e-06 1.15225998342794e-06 1.15570003345056e-06 1.15749003271048e-06 1.15928003197041e-06 1.16108003567206e-06 1.16368005365075e-06 1.16708997666137e-06 1.17069998850639e-06 1.17495994800265e-06 1.18127002224355e-06 1.18828995709919e-06 1.19535002340854e-06 1.20244999379793e-06
5.53268989733624e-07 6.00318003307621e-07 6.52107985388284e-07 6.85620989315794e-07 7.20866978554113e-07 7.57927011818538e-07 7.76880995090323e-07 7.90523984051106e-07 8.08048014278029e-07 8.25960000838677e-07 8.3687501728491e-07 8.4545001755032e-07 8.54113977766247e-07 8.62865988437989e-07 8.68473989612539e-07 8.74117006333108e-07 8.79797994457476e-07 8.85537019712501e-07 8.91383990619943e-07 8.97268023436482e-07 9.0319201717648e-07 9.08873971638968e-07 9.14310987809586e-07 9.19780006825022e-07 9.25280971841858e-07 9.30406997667887e-07 9.35425987336203e-07 9.40471011290356e-07 9.45542979025049e-07 9.48580009207944e-07 9.5162698698914e-07 9.54683969212056e-07 9.57368001763825e-07 9.58911982706923e-07 9.60458010013099e-07 9.62005969995516e-07 9.63903971751279e-07 9.66595962381689e-07 9.69313987297937e-07 9.72038037616585e-07 9.75804027802951e-07 9.79929950517544e-07 9.84073039944633e-07 9.88235001386784e-07
4.86365024698898e-07 5.22670006830595e-07 5.55769986476662e-07 5.78031972509052e-07 6.032669830347e-07 6.29611008662323e-07 6.49160995180864e-07 6.61221008613211e-07 6.73506974635529e-07 6.84197004829912e-07 6.89438991230418e-07 6.93562014930649e-07 6.97711016073299e-07 7.01885028320248e-07 7.03459022588504e-07 7.0503699589608e-07 7.06619005086395e-07 7.08750974354189e-07 7.12539986125194e-07 7.16349973117758e-07 7.20569971690566e-07 7.24253027328814e-07 7.26970995401643e-07 7.29699024759611e-07 7.32438024897419e-07 7.37364018732478e-07 7.43055011298566e-07 7.48790000670851e-07 7.54568986849335e-07 7.5566100576907e-07 7.56755014208466e-07 7.57851012167521e-07 7.59737986300024e-07 7.62444983593014e-07 7.65161018989602e-07 7.6788802516603e-07 7.69964003666246e-07 7.71384009112808e-07 7.72807027260569e-07 7.74233001266111e-07 7.7549100296892e-07 7.76695003423811e-07 7.77900027060241e-07 7.79106983372913e-07
4.21652998738864e-07 4.46359990746714e-07 4.7139201342361e-07 4.87757972678082e-07 5.04952026858518e-07 5.23124015217036e-07 5.35281003521959e-07 5.41959025213146e-07 5.49239985048189e-07 5.56620022962306e-07 5.61553008537885e-07 5.65676998576237e-07 5.69831001939747e-07 5.74015984966536e-07 5.74260013763706e-07 5.74505008898996e-07 5.74750004034286e-07 5.75842022954021e-07 5.79493985242152e-07 5.83169025958341e-07 5.86866974572331e-07 5.89211026635894e-07 5.90182992254995e-07 5.91157004237175e-07 5.92131982557476e-07 5.96603001667972e-07 6.02285979312001e-07 6.08023981385486e-07 6.13817007888429e-07 6.14796022091468e-07 6.15777992152289e-07 6.16760019056528e-07 6.17044975115277e-07 6.18111982930714e-07 6.19182003447349e-07 6.20252990302106e-07 6.2064299299891e-07 6.20350022018101e-07 6.20056027855753e-07 6.19764023213065e-07 6.19119020939252e-07 6.18356978066004e-07 6.17596015217714e-07 6.16836018707545e-07
3.74827010318768e-07 3.89527997413097e-07 4.02877986971362e-07 4.10755006896579e-07 4.18787010403321e-07 4.28557996201562e-07 4.35217998528969e-07 4.38069008623643e-07 4.40938009660385e-07 4.43825996399028e-07 4.44893998974294e-07 4.45350991640225e-07 4.45808012727866e-07 4.46266000153628e-07 4.59929992757679e-07 3.07970985886641e-05 0.000357568002073094 2.07557991416252e-06 4.3275599637127e-07 4.31393999633656e-07 4.30036010357071e-07 4.29191004513996e-07 4.28855003065109e-07 4.28519996376053e-07 4.28183994927167e-07 4.28312006306442e-07 4.2859301174758e-07 4.28875011948548e-07 4.29157012149517e-07 4.39795996953762e-07 4.50701008958276e-07 4.6187798830033e-07 4.68086994942496e-07 4.66855993863646e-07 4.6529601149814e-07 4.63026992747473e-07 4.60503002841506e-07 4.57727992397849e-07 4.55062007631568e-07 4.53501002084522e-07 4.50574987098662e-07 4.47215001031509e-07 4.43879997646945e-07 4.40570005366681e-07
3.33226012116938e-07 3.39965993134683e-07 3.45897007036911e-07 3.49058012716341e-07 3.52248008539391e-07 3.5546798926589e-07 3.56820009983494e-07 3.56283010205516e-07 3.55746010427538e-07 3.5521100016922e-07 5.20549008342641e-07 6.85590009652515e-07 0.000841838016640395 0.000816831015981734 0.000836625986266881 0.000831549987196922 0.000830043980386108 0.000807825999800116 0.00076057598926127 4.8310098463844e-06 3.40891006089805e-07 3.16261008492802e-07 3.15409010909207e-07 3.14559997605102e-07 3.13713002242366e-07 3.11738006075757e-07 3.09969010459099e-07 3.08272007032429e-07 3.06585008047477e-07 3.20015999477619e-07 3.34038986693486e-07 3.48680998740747e-07 3.59423012241677e-07 3.56789996658335e-07 3.54175995198602e-07 3.51581007862478e-07 3.4908600810013e-07 3.46686988450529e-07 3.44305988164706e-07 3.41939994541463e-07 3.37790993398812e-07 3.33101013438863e-07 3.28476005506673e-07 3.23915998023949e-07
3.37500011937664e-07 3.43500005328679e-07 3.37820011964141e-07 4.05173011586157e-07 6.55582027775381e-07 8.11487007013056e-06 0.000148690000060014 0.000720071024261415 0.000774824991822243 0.000796557986177504 0.000790018006227911 0.000776814995333552 0.000773906009271741 0.000777249981183559 0.000768571975640953 -3.4e+38 -3.4e+38 -3.4e+38 -3.4e+38 0.000702425022609532 0.000667223008349538 0.000668281980324537 0.000649638997856528 0.000617009005509317 0.000614485994447023 0.00061114999698475 0.000608948990702629 0.000606156012509018 0.000598877028096467 0.000293326011160389 0.000663595972582698 0.000692235014867038 0.000743068987503648 0.000695892027579248 0.000195572007214651 4.13261004723608e-05 7.38553990231594e-06 3.36381003762654e-06 9.08219044504222e-06 3.71437010926456e-07 0.000100286997621879 0.000598651997279376 0.000626473978627473 0.000255555001785979
0.000788928009569645 0.000792968028690666 -3.4e+38 -3.4e+38 -3.4e+38 -3.4e+38 0.000845772970933467 0.000844313995912671 -3.4e+38 -3.4e+38 -3.4e+38 -3.4e+38 -3.4e+38 -3.4e+38 -3.4e+38 -3.4e+38 -3.4e+38 -3.4e+38 -3.4e+38 -3.4e+38 -3.4e+38 -3.4e+38 -3.4e+38 -3.4e+38 -3.4e+38 -3.4e+38 -3.4e+38 -3.4e+38 -3.4e+38 -3.4e+38 -3.4e+38 -3.4e+38 0.000826797971967608 0.000817104009911418 0.00079684000229463 0.000784188974648714 0.000786281016189605 0.00078118999954313 -3.4e+38 -3.4e+38 -3.4e+38 -3.4e+38 -3.4e+38 -3.4e+38
-3.4e+38 -3.4e+38 -3.4e+38 -3.4e+38 -3.4e+38 -3.4e+38 -3.4e+38 -3.4e+38 -3.4e+38 -3.4e+38 -3.4e+38 -3.4e+38 -3.4e+38 -3.4e+38 -3.4e+38 -3.4e+38 -3.4e+38 -3.4e+38 -3.4e+38 -3.4e+38 -3.4e+38 -3.4e+38 -3.4e+38 -3.4e+38 -3.4e+38 -3.4e+38 -3.4e+38 -3.4e+38 -3.4e+38 -3.4e+38 -3.4e+38 -3.4e+38 -3.4e+38 -3.4e+38 -3.4e+38 -3.4e+38 -3.4e+38 -3.4e+38 -3.4e+38 -3.4e+38 -3.4e+38 -3.4e+38 -3.4e+38 -3.4e+38
-3.4e+38 -3.4e+38 -3.4e+38 -3.4e+38 -3.4e+38 -3.4e+38 -3.4e+38 -3.4e+38 -3.4e+38 -3.4e+38 -3.4e+38 -3.4e+38 -3.4e+38 -3.4e+38 -3.4e+38 -3.4e+38 -3.4e+38 -3.4e+38 -3.4e+38 -3.4e+38 -3.4e+38 -3.4e+38 -3.4e+38 -3.4e+38 -3.4e+38 -3.4e+38 -3.4e+38 -3.4e+38 -3.4e+38 -3.4e+38 -3.4e+38 -3.4e+38 -3.4e+38 -3.4e+38 -3.4e+38 -3.4e+38 -3.4e+38 -3.4e+38 -3.4e+38 -3.4e+38 -3.4e+38 -3.4e+38 -3.4e+38 -3.4e+38
-3.4e+38 -3.4e+38 -3.4e+38 -3.4e+38 -3.4e+38 -3.4e+38 -3.4e+38 -3.4e+38 -3.4e+38 -3.4e+38 -3.4e+38 -3.4e+38 -3.4e+38 -3.4e+38 -3.4e+38 -3.4e+38 -3.4e+38 -3.4e+38 -3.4e+38 -3.4e+38 -3.4e+38 -3.4e+38 -3.4e+38 -3.4e+38 -3.4e+38 -3.4e+38 -3.4e+38 -3.4e+38 -3.4e+38 -3.4e+38 -3.4e+38 -3.4e+38 -3.4e+38 -3.4e+38 -3.4e+38 -3.4e+38 -3.4e+38 -3.4e+38 -3.4e+38 -3.4e+38 -3.4e+38 -3.4e+38 -3.4e+38 -3.4e+38
