results/Predictions/Median/Messinian.asc
NCOLS 360 
NROWS 180 
XLLCORNER -180 
YLLCORNER -90 
CELLSIZE 1 
NODATA_value -3.4e+38 
[rows 100 to 119 of 180, columns 0 to 43 of 360]
0.000546550028957427 0.000548331008758396 0.000549992022570223 0.000551372009795159 0.000551862001884729 0.000550087017472833 0.000549470016267151 0.000551588018424809 0.000551857985556126 0.000552129000425339 0.000552399025764316 0.000552686979062855 0.000553029007278383 0.000553370977286249 0.000553713005501777 0.000553795020096004 0.000553307007066905 0.000549031014088541 0.00054900802206248 0.00054843898396939 0.000544422015082091 0.00054295698646456 0.000543512986041605 0.000543593021575361 0.000543021014891565 0.000542449008207768 0.000541751971468329 0.000540676002856344 0.000539232976734638 0.000537786982022226 0.000536463980097324 0.000535263970959932 0.000534309016074985 0.000533671991433948 0.000531837984453887 0.000529612996615469 0.000527396972756833 0.000526025018189102 0.00052303698612377 0.000520891975611448 0.000519261986482888 0.000516519998200238 0.000513265025801957 0.00050989497685805
0.000511347025167197 0.000513423001393676 0.000515507999807596 0.000517602020408958 0.000519698020070791 0.000519960012752563 0.000519315013661981 0.00052036001579836 0.000520422006957233 0.000521040987223387 0.000521931971888989 0.000523463997524232 0.000525074021425098 0.000526688992977142 0.000528309028595686 0.000529306009411812 0.000530070974491537 0.000530836987309158 0.00053160497918725 0.000531886995304376 0.000531797995790839 0.000531646015588194 0.000531495024915785 0.000530975987203419 0.000530201010406017 0.000528952979948372 0.00052749301539734 0.000525398994795978 0.000524146016687155 0.000523069989867508 0.000521433015819639 0.000519788998644799 0.000519333989359438 0.000517433974891901 0.000515447987709194 0.000513268983922899 0.00051119999261573 0.000508940021973103 0.000506171025335789 0.000503156974446028 0.000500706024467945 0.000499173009302467 0.000496899010613561 0.000494681997224689
0.000491507002152503 0.00049306801520288 0.000494903011713177 0.000497067987453192 0.000498569977935404 0.000501241011079401 0.000503936025779694 0.000506297976244241 0.00050765200285241 0.000508942001033574 0.000509988982230425 0.000511134974658489 0.000512200000230223 0.000513204024173319 0.00051420897943899 0.000515608000569046 0.000517207023221999 0.000518810993526131 0.000520420027896762 0.000521011010278016 0.000521265028510243 0.000521490001119673 0.000521278008818626 0.000519079971127212 0.000518545974045992 0.00051755498861894 0.000515768013428897 0.000514101004227996 0.000512127007823437 0.000510159006807953 0.000509604986291379 0.000507865974213928 0.000505578995216638 0.000504005001857877 0.000500563008245081 0.000499740010127425 0.000496327003929764 0.000493162020575255 0.000489039986860007 0.000485085998661816 0.000483857002109289 0.000482711009681225 0.000481808005133644 0.000480907008750364
0.000470211001811549 0.000471461011329666 0.00047309001092799 0.000474689004477113 0.000474605010822415 0.00047663800069131 0.000478681002277881 0.000480696005979553 0.000482072005979717 0.000482694013044238 0.000485621014377102 0.000487588986288756 0.000489054014906287 0.000490523991174996 0.000491566024720669 0.000492974009830505 0.000494346022605896 0.00049554998986423 0.000497054017614573 0.000497822009492666 0.000498138018883765 0.000498447974678129 0.000498757988680154 0.000498023990076035 0.00049778597895056 0.000497548026032746 0.000496743014082313 0.000494810985401273 0.000493003986775875 0.00049109198153019 0.000489880971144885 0.000487314013298601 0.0004857050080318 0.00048499001422897 0.00048407498979941 0.000482892995933071 0.000480704999063164 0.000478525995276868 0.000476993009215221 0.000475750013720244 0.000474538013804704 0.000473360007163137 0.000473257008707151 0.000472240993985906
0.000467019010102376 0.000467503006802872 0.000467328995000571 0.000467156001832336 0.000468282989459112 0.000469074991997331 0.000469513994175941 0.000470028986455873 0.000469978986075148 0.000469799997517839 0.000469027989311144 0.000469849008368328 0.000470411992864683 0.000471490988275036 0.000473660009447485 0.000474675005534664 0.000475617998745292 0.000476871005957946 0.000477722001960501 0.000478172994917259 0.000478527013910934 0.00047888100380078 0.000479234993690625 0.000479334004921839 0.000479432987049222 0.000479531998280436 0.000479520007502288 0.000479175010696054 0.000478830013889819 0.000478484987979755 0.00047795899445191 0.000477077002869919 0.000475636014016345 0.000474200001917779 0.000473621999844909 0.000473216990940273 0.000472199986688793 0.000470728002255782 0.000468987011117861 0.000466799014247954 0.000464621989522129 0.000462461001006886 0.000461677002022043 0.000463233998743817
0.00046481701429002 0.000464717013528571 0.000465555000118911 0.00046596399624832 0.000464779994217679 0.000463441014289856 0.000462849013274536 0.00046318699605763 0.000463194999611005 0.00046182400546968 0.000461462012026459 0.000461491988971829 0.000461852003354579 0.000462205003714189 0.000463005009805784 0.000463378994027153 0.000463270989712328 0.000463622011011466 0.000463242002297193 0.000463753007352352 0.000463679985841736 0.000465302000520751 0.000466702011181042 0.000467511999886483 0.000468351994641125 0.000469218008220196 0.000469743012217805 0.000469248014269397 0.000468751997686923 0.000468256999738514 0.000467286008642986 0.000465847988380119 0.000464445009129122 0.000463058007881045 0.000462469004560262 0.000461599993286654 0.000460867013316602 0.000460445007774979 0.000459733011666685 0.000458519993117079 0.000458366004750133 0.000457852002000436 0.000458068010630086 0.000458057009382173
0.000465779012301937 0.000465148012153804 0.000465018005343154 0.000465102988528088 0.000465232995338738 0.00046509099774994 0.000464796990854666 0.000465088989585638 0.000465162011096254 0.000464907003333792 0.000464604003354907 0.000464323005871847 0.000464107986772433 0.000462966010672972 0.000461782998172566 0.000460762996226549 0.000460598996141925 0.000460434996057302 0.000460115988971666 0.000459344009868801 0.000458741997135803 0.000458933005575091 0.000459122995380312 0.000459445000160486 0.000459711998701096 0.000459778006188571 0.00045986199984327 0.000460184004623443 0.000460145995020866 0.000460287003079429 0.00046039599692449 0.000460037990706041 0.000459997012512758 0.000459889997728169 0.000459439994301647 0.000459492992376909 0.000459408009191975 0.000458902009995654 0.000458469992736354 0.000457634014310315 0.000456799985840917 0.000455962988780811 0.000455661007435992 0.000456745998235419
0.000468862010166049 0.000468595011625439 0.0004683299921453 0.000468064012238756 0.000467415986349806 0.000466817989945412 0.000466308993054554 0.00046591300633736 0.000465569988591596 0.000464370008558035 0.000463601987576112 0.000462586001958698 0.000462594995042309 0.000461891992017627 0.000461544987047091 0.000461115996586159 0.000460604002000764 0.00046009398647584 0.000459968985524029 0.000460834999103099 0.000461129995528609 0.000462002994026989 0.000460770999779925 0.000459837989183143 0.00045892401249148 0.000458847993286327 0.000459083006717265 0.00045882401173003 0.00045877299271524 0.000458435009932145 0.000458491005701944 0.000458546011941507 0.000457346992334351 0.000457096000900492 0.000457070011179894 0.000456935988040641 0.00045668100938201 0.000456426991149783 0.000456064008176327 0.000455701985629275 0.000455339992186055 0.00045518801198341 0.00045527599286288 0.00045577299897559
0.000469383987365291 0.000469588005216792 0.000469791004434228 0.000469991995487362 0.000470149010652676 0.000470288010546938 0.000469585007522255 0.00046872699749656 0.00046780300908722 0.000467326986836269 0.000467353995190933 0.000466539990156889 0.000466394994873554 0.000466250989120454 0.000466105993837118 0.000465933990199119 0.000465716992039233 0.000462797004729509 0.000461863004602492 0.00046199798816815 0.000462132011307403 0.00046222101082094 0.000461140007246286 0.000460606999695301 0.000460225011920556 0.000459645001683384 0.000458974012872204 0.000457495014416054 0.000457093003205955 0.0004561560053844 0.000455506989965215 0.000455119006801397 0.000454324996098876 0.000453713990282267 0.000453779997769743 0.000453760992968455 0.000453737011412159 0.000453713000752032 0.000453549990197644 0.000453387008747086 0.000453223998192698 0.000453040993306786 0.00045327001134865 0.000453805987490341
0.000480460003018379 0.000480818009236827 0.000481175986351445 0.00048123998567462 0.000479895999887958 0.000479276990517974 0.000480822985991836 0.000480532005894929 0.00047844200162217 0.000474769010907039 0.000470028986455873 0.000468827987788245 0.000469032005639747 0.000468843005364761 0.000468084996100515 0.000466825993498787 0.000465855991933495 0.000465302990050986 0.00046465900959447 0.000463400006992742 0.000463330012280494 0.000463411997770891 0.000463495001895353 0.000463709002360702 0.0004639950057026 0.000462610012618825 0.00046144999214448 0.000460117997135967 0.00046018700231798 0.00045930000487715 0.000456987007055432 0.000455661996966228 0.000455745990620926 0.000454369001090527 0.000453941989690065 0.000454074004665017 0.000454207009170204 0.000454340013675392 0.000454493012512103 0.000454400986200199 0.000454099994385615 0.000453921995358542 0.000453993008704856 0.000453885004390031
0.000486798991914839 0.00048695199075155 0.000487790006445721 0.000488594989292324 0.000487651996081695 0.000487607001559809 0.000487503013573587 0.000487827986944467 0.000487276003696024 0.00048637599684298 0.000484765012515709 0.00048331799916923 0.000479520007502288 0.000477368012070656 0.000474873988423496 0.000471433013444766 0.000469715014332905 0.000469132006401196 0.000468334998004138 0.000468020996777341 0.00046670698793605 0.000464787008240819 0.000463314005173743 0.000463102012872696 0.000463163014501333 0.000463334989035502 0.000463236996438354 0.000462825992144644 0.00046140598715283 0.000461177987745032 0.000460876006400213 0.000459773989859968 0.000457195012131706 0.000456726993434131 0.000455508008599281 0.000453365995781496 0.000451235013315454 0.000450958003057167 0.000450927997007966 0.000450899009592831 0.000450869993073866 0.000450849998742342 0.000450857012765482 0.000450863997684792
0.000492098974063993 0.000491236976813525 0.000491580984089524 0.000493403989821672 0.00049251999007538 0.000490738020744175 0.000490736973006278 0.00049826898612082 0.000496512977406383 0.000492448976729065 0.000490311998873949 0.00048786899424158 0.00048436300130561 0.000480810005683452 0.000480034010251984 0.000479351001558825 0.000478050991659984 0.000475206004921347 0.000473525986308232 0.000472407002234831 0.000471190985990688 0.000469201011583209 0.000468293001176789 0.000466739991679788 0.000464957993244752 0.000463709002360702 0.000462710013380274 0.000460523995570838 0.000458888011053205 0.000457777990959585 0.000457162008387968 0.000455047993455082 0.000454846012871712 0.000454911001725122 0.000453545013442636 0.000452517007943243 0.000452278996817768 0.000452040985692292 0.000451887986855581 0.000451733998488635 0.000451580010121688 0.000451277010142803 0.000451255007646978 0.000451233994681388
0.000505446980241686 0.000506241980474442 0.000506990996655077 0.000507241988088936 0.000506840005982667 0.000506386975757778 0.000505661009810865 0.000505434989463538 0.000500074005685747 0.000495899002999067 0.000491619983222336 0.000490966020151973 0.000488561985548586 0.000487231009174138 0.000484886986669153 0.000482508999994025 0.000480187009088695 0.000477688008686528 0.000476009008707479 0.000473477004561573 0.000473405991215259 0.000473335006972775 0.000472104991786182 0.000471715000458062 0.00046858299174346 0.000466950004920363 0.000465516990516335 0.000463031989056617 0.000459133007097989 0.000457679998362437 0.000456329988082871 0.00045438899542205 0.000452236010460183 0.000449282000772655 0.000447495986009017 0.000445782003225759 0.000444598990725353 0.000443998986156657 0.000443544005975127 0.000442493008449674 0.000441443000454456 0.000440750998677686 0.000440319010522217 0.000439886993262917
0.000507387972902507 0.000507737975567579 0.000508090015500784 0.000507425982505083 0.00050558999646455 0.000504282012116164 0.000502721988596022 0.000504123978316784 0.00050066300900653 0.000497084984090179 0.000492791994474828 0.000491284008603543 0.000487378012621775 0.000481346010928974 0.000475389009807259 0.000474088999908417 0.000474094995297492 0.000471912004286423 0.000471948995254934 0.000472046987852082 0.000472164014354348 0.000471959006972611 0.000470494996989146 0.000467553996713832 0.000466814002720639 0.000463419011794031 0.000464156997622922 0.000462958996649832 0.00046126201050356 0.000458808994153515 0.000455195986432955 0.000453335989732295 0.000448034988949075 0.000447114987764508 0.00044614399666898 0.000444177014287561 0.000440170988440514 0.000438838993432 0.00043821899453178 0.000437600014265627 0.000436981994425878 0.000436383998021483 0.000435844995081425 0.000435218011261895
0.000506607000716031 0.000506032025441527 0.000505458971019834 0.000504885974805802 0.00050434801960364 0.00050133402692154 0.000501085014548153 0.000497694010846317 0.000495793996378779 0.000494764011818916 0.000494101026561111 0.000493340019602329 0.000487493991386145 0.000483690004330128 0.000480198999866843 0.000475278997328132 0.000473054999019951 0.000469655991764739 0.000466500991024077 0.000466422003228217 0.000466422003228217 0.000466500001493841 0.000466749013867229 0.00046656301128678 0.000466703990241513 0.000466844998300076 0.000467019999632612 0.00046729898895137 0.000464570010080934 0.000459091999800876 0.0004545470001176 0.000451447005616501 0.000448489998234436 0.000447174999862909 0.000443193013779819 0.000440595002146438 0.000437799986684695 0.000434118992416188 0.000432444998295978 0.000431747990660369 0.000431052001658827 0.000430365995271131 0.000429706007707864 0.000429045991040766
0.000505094008985907 0.000500384019687772 0.000498517008963972 0.000498100009281188 0.000497281027492136 0.00049699901137501 0.000495630025397986 0.000493548985105008 0.000490119971800596 0.000486714008729905 0.00048333199811168 0.000480890012113377 0.000479229987831786 0.000477043999126181 0.000474711006972939 0.000472557992907241 0.000469708989840001 0.000468062004074454 0.000466196011984721 0.000465905002783984 0.00046566198579967 0.000465418997919187 0.000466091994894668 0.000466570985736325 0.000467048987047747 0.000467194011434913 0.000466494995635003 0.00046362800640054 0.000461560994153842 0.000459030008642003 0.000456423993455246 0.0004547770076897 0.000452381995273754 0.000448433012934402 0.000444505014456809 0.000440108997281641 0.00043686298886314 0.000431855005444959 0.000427198014222085 0.000425506004830822 0.000424728001235053 0.000423702003899962 0.000421134987846017 0.000418331008404493
0.000488212011987343 0.000486706005176529 0.000485199998365715 0.000481870985822752 0.000479139009257779 0.000476790009997785 0.000475831999210641 0.000473633990623057 0.000473610998596996 0.000472818996058777 0.000472413987154141 0.000471081002615392 0.000469163991510868 0.000467678008135408 0.000465302990050986 0.00046074201236479 0.00045778599451296 0.000455130008049309 0.000451966014225036 0.000451617001090199 0.00045142401359044 0.000451191008323804 0.000450958003057167 0.000451725005405024 0.000452492997283116 0.00045326299732551 0.000453357002697885 0.000451425992650911 0.000449915009085089 0.000450074003310874 0.000445237004896626 0.000442454998847097 0.000438994989963248 0.000436940987128764 0.000434315006714314 0.00043228198774159 0.000430067011620849 0.000427519000368193 0.000422315992182121 0.000418676005210727 0.000416002993006259 0.000413203000789508 0.000412852998124436 0.000410721986554563
0.000473871012218297 0.000471607985673472 0.000471423001727089 0.00047118600923568 0.000469863996841013 0.000467475998448208 0.000464434007881209 0.000464159005787224 0.000463573000160977 0.000461599993286654 0.000459634000435472 0.000456520006991923 0.000452325999503955 0.000449776009190828 0.000447608006652445 0.000445537007180974 0.000442793010734022 0.000440066010924056 0.000439507013652474 0.000438905990449712 0.00043837001430802 0.000437834998592734 0.000437731010606512 0.000440669013187289 0.00044362701009959 0.000444375997176394 0.000444522011093795 0.000443602999439463 0.000442685006419197 0.00044122600229457 0.000436244998127222 0.000432444998295978 0.000429564999649301 0.000424805999500677 0.000420558004407212 0.000418431998696178 0.000415212009102106 0.000411899003665894 0.000410373002523556 0.000407087994972244 0.000404704012908041 0.000404874008381739 0.000405178987421095 0.000400651013478637
0.000453454005764797 0.000451881991466507 0.000450046005425975 0.000448217993834987 0.000446230988018215 0.00044419799814932 0.000442171993199736 0.000440754985902458 0.000439269002526999 0.000438382994616404 0.000437023991253227 0.000435324996942654 0.000432497006841004 0.000429056992288679 0.000426977989263833 0.00042440599645488 0.000421762990299612 0.000418624986195937 0.000415330985561013 0.00041400600457564 0.000413823989219964 0.000413086003391072 0.000412224006140605 0.000412213004892692 0.000412775989389047 0.000412099005188793 0.00041153299389407 0.000410312990425155 0.000408479012548923 0.000406156992539763 0.000403674988774583 0.000398594012949616 0.00039662400376983 0.000394576985854656 0.000392177986213937 0.00039068900514394 0.000390369998058304 0.000387429987313226 0.000385727995308116 0.000384034006856382 0.000384217011742294 0.00038440601201728 0.000382136990083382 0.000380816985853016
0.000422240002080798 0.000419349002186209 0.000415037997299805 0.000412546010920778 0.000410654000006616 0.000409227999625728 0.000407807005103678 0.0004063899978064 0.000405961996875703 0.00040450700907968 0.000402102014049888 0.000399443000787869 0.000396179995732382 0.000393260997952893 0.000389733002521098 0.000386380997952074 0.000382889993488789 0.00037943001370877 0.000375750008970499 0.000373590009985492 0.000372843001969159 0.000372095993952826 0.000371350994100794 0.000371184985851869 0.00037102701026015 0.000371122994692996 0.000370330002624542 0.000367894012015313 0.000365641986718401 0.000362885009963065 0.000359171011950821 0.000355733005562797 0.000353929994162172 0.000350627000443637 0.000348920992109925 0.000347355991834775 0.000346510001691058 0.00034642600803636 0.000345773994922638 0.000344567000865936 0.000343365012668073 0.000343604013323784 0.000342854007612914 0.000342637998983264
