results/Predictions/Median/Messinian.asc
NCOLS 360 
NROWS 180 
XLLCORNER -180 
YLLCORNER -90 
CELLSIZE 1 
NODATA_value -3.4e+38 
[rows 80 to 99 of 180, columns 0 to 43 of 360]
0.000475526001537219 0.000475192995509133 0.000474955013487488 0.000475178996566683 0.000475351989734918 0.000475500011816621 0.000475542998174205 0.000475559994811192 0.000475361011922359 0.000475128006655723 0.000474895001389086 0.000474695989396423 0.00047512399032712 0.00047594599891454 0.000476768997032195 0.000477155990665779 0.000477104011224583 0.000475162989459932 0.000473405991215259 0.000473062013043091 0.000472740008262917 0.000471523002488539 0.000470280996523798 0.000469921011244878 0.000469532009446993 0.000469143997179344 0.000468718993943185 0.0004681859863922 0.000467729987576604 0.000467650010250509 0.00046799800475128 0.000468429992906749 0.000467584002763033 0.000467542995465919 0.000467270991066471 0.000467117002699524 0.000466963014332578 0.000466808996861801 0.00046763799036853 0.000468468992039561 0.000469301012344658 0.000470400991616771 0.000472104002255946 0.000472784013254568
0.000496957974974066 0.000496570020914078 0.000496742024552077 0.000497005006764084 0.000497151981107891 0.000497226021252573 0.000497300992719829 0.000497376022394747 0.000497623987030238 0.000497745000757277 0.000497849017847329 0.000498022011015564 0.000498397974297404 0.000498791981954128 0.00049916299758479 0.000498625973705202 0.000498138018883765 0.000497650995384902 0.000497165019623935 0.000496854016091675 0.000496651977300644 0.000496116001158953 0.000495734973810613 0.000495691027026623 0.000495482992846519 0.000495125015731901 0.000494680018164217 0.000494009989779443 0.00049332098569721 0.000492790015414357 0.000492574006784707 0.000492237973958254 0.000491901009809226 0.000491563987452537 0.000491272017825395 0.000491264974698424 0.000491344020701945 0.000491422018967569 0.000492129009217024 0.000492836988996714 0.000493510975502431 0.000494603998959064 0.000496187014505267 0.000498702982440591
0.000514346989803016 0.000514742976520211 0.000514925981406122 0.000515795021783561 0.000514989020302892 0.000514913990627974 0.0005151960067451 0.000515711028128862 0.000516770000103861 0.000517772976309061 0.000518083979841322 0.000518458022270352 0.000518602028023452 0.000518365006428212 0.000517837994266301 0.000517427979502827 0.000517216976732016 0.000517725013196468 0.000517709995619953 0.00051728799007833 0.000516735017299652 0.000516182975843549 0.000515630992595106 0.000515907013323158 0.000516397005412728 0.000516875006724149 0.000516931992024183 0.000516860978677869 0.000516788975801319 0.000516718020662665 0.000516924017574638 0.000517407024744898 0.000517889973707497 0.00051842798711732 0.000518969027325511 0.000519614026416093 0.00052066397620365 0.000521718000527471 0.000523843977134675 0.000525980023667216 0.000527917989529669 0.000528905016835779 0.0005309620173648 0.000532605976331979
0.000527952972333878 0.000527833006344736 0.000528434989973903 0.000529038021340966 0.000529667013324797 0.000530550023540854 0.000529749027919024 0.000529308978002518 0.000529141980223358 0.000528827018570155 0.000528306001797318 0.000527932017575949 0.000527871015947312 0.000527831027284265 0.000527839991264045 0.00052801298443228 0.000528434989973903 0.000528869975823909 0.000529306009411812 0.000529863988049328 0.000530498975422233 0.000531163008417934 0.000531829020474106 0.00053278001723811 0.000533302023541182 0.000533424026798457 0.000533552025444806 0.000533613027073443 0.000533347018063068 0.000532953010406345 0.000533294980414212 0.000533715996425599 0.000533449987415224 0.00053349498193711 0.000533543003257364 0.000533592014107853 0.000534716993570328 0.000537773012183607 0.000541280023753643 0.000543339003343135 0.000546053983271122 0.000546052993740886 0.000545240996871144 0.000544429989531636
0.000541508023161441 0.000541135028470308 0.00054067699238658 0.000540220004040748 0.000540202017873526 0.000540331995580345 0.000540461973287165 0.000540593988262117 0.000540833978448063 0.000541075016371906 0.000541452027391642 0.000542109017260373 0.000543000001925975 0.000543000001925975 0.000542337016668171 0.000541712972335517 0.000540941022336483 0.000539910979568958 0.000538613996468484 0.00053767702775076 0.000537260028067976 0.000537367013748735 0.000537373009137809 0.000538482971023768 0.000539857021067291 0.000540075998287648 0.000540018023457378 0.000540269014891237 0.000539457018021494 0.000538113992661238 0.00053753302199766 0.000537874992005527 0.000538663007318974 0.000540390028618276 0.000542354013305157 0.000544165028259158 0.000543823989573866 0.000544013979379088 0.000547036994248629 0.000546862022019923 0.000546628027223051 0.000546443974599242 0.00054764497326687 0.0005488499882631
0.000520178000442684 0.000519881024956703 0.000520242028869689 0.000519838009495288 0.000519434979651123 0.000521178997587413 0.00052125402726233 0.000520205998327583 0.000522085989359766 0.000523974013049155 0.000523536000400782 0.000523020979017019 0.0005228630034253 0.000523220980539918 0.000523581984452903 0.000523713999427855 0.000523415976203978 0.000523268012329936 0.000523391994647682 0.000523182970937341 0.000523272028658539 0.00052368501201272 0.000524481991305947 0.000526143005117774 0.000525994983036071 0.000526408024597913 0.000528160016983747 0.000531635014340281 0.000532953010406345 0.000532574020326138 0.000532148987986147 0.000533605983946472 0.000534360995516181 0.000535471015609801 0.000535828003194183 0.000537706015165895 0.000539825006853789 0.000542216992471367 0.00054295698646456 0.0005447450093925 0.000546625000424683 0.000547766976524144 0.000547519011888653 0.000547872972674668
0.000495656975544989 0.000496138993185014 0.000495025014970452 0.000494571984745562 0.000495554006192833 0.000496056978590786 0.000496043998282403 0.000497322995215654 0.000498677021823823 0.000499864981975406 0.000501331989653409 0.000502777984365821 0.000504148018080741 0.000505522999446839 0.00050690199714154 0.000508168013766408 0.000509318022523075 0.000510471989400685 0.000511628983076662 0.000513293023686856 0.000516340020112693 0.000515409978106618 0.000516049971338362 0.000516814005095512 0.000517587992362678 0.000518378976266831 0.000519082008395344 0.000519665016327053 0.000519959023222327 0.000520656001754105 0.000521168985869735 0.000521529989782721 0.000522018002811819 0.000522579997777939 0.000523589027579874 0.000524468021467328 0.000525469018612057 0.000526471994817257 0.000526804011315107 0.000526982010342181 0.000526873976923525 0.00052713300101459 0.000527238007634878 0.000527344003785402
0.000486089003970847 0.000487162993522361 0.000487314013298601 0.000488193996716291 0.000490824982989579 0.000492604973260313 0.000493214000016451 0.000495059008244425 0.000497239001560956 0.00049815297825262 0.000499583024065942 0.000501064991112798 0.000502828974276781 0.000502893992234021 0.000504655996337533 0.000507057004142553 0.00050932599697262 0.000511551974341273 0.0005119220004417 0.000512676022481173 0.000513426028192043 0.000514177023433149 0.0005154840182513 0.000516664993483573 0.000518165004905313 0.000519589986652136 0.000521432026289403 0.000522297981660813 0.000523165974300355 0.000524036004208028 0.000525110983289778 0.000526393007021397 0.000527677999343723 0.000528966018464416 0.000529828015714884 0.000530546996742487 0.00053122901590541 0.000531438970938325 0.000531790021341294 0.000531336991116405 0.000530681980308145 0.000529873999767005 0.000528606993611902 0.000527344993315637
0.000481705006677657 0.000482406991068274 0.000483112002257258 0.000484657997731119 0.000484958989545703 0.000485577998915687 0.000487540004542097 0.000488820020109415 0.000490083009935915 0.00049117102753371 0.000492486986331642 0.000494090025313199 0.000495845975819975 0.000497422995977104 0.000498400011565536 0.000499541987664998 0.000500620983075351 0.000502169015817344 0.000504754018038511 0.00050711800577119 0.000509414996486157 0.000511656980961561 0.000513282022438943 0.000515202002134174 0.00051675399299711 0.000516442989464849 0.000517205975484103 0.000517309992574155 0.000516702013555914 0.000515784020535648 0.000515226973220706 0.000515029998496175 0.000514835002832115 0.00051464099669829 0.000514779007062316 0.000515029008965939 0.000515157997142524 0.00051503797294572 0.000514285988174379 0.000513536971993744 0.000512932019773871 0.000512832019012421 0.000511010002810508 0.000510761979967356
0.000481115013826638 0.000480206013889983 0.000480173010146245 0.000481744995340705 0.000481746013974771 0.000482531992020085 0.000484768999740481 0.000485944998217747 0.000485428987303749 0.000484863994643092 0.000484871008666232 0.00048680100007914 0.000488547026179731 0.000488532998133451 0.000488700985442847 0.000489117985125631 0.000489504018332809 0.000489878002554178 0.000490254024043679 0.000491218001116067 0.000492984021548182 0.000494531006552279 0.000496223976369947 0.000497376022394747 0.000499218003824353 0.0005020119715482 0.000504805007949471 0.000504459021613002 0.000504767987877131 0.000506829004734755 0.000507057993672788 0.000506845011841506 0.000506805023178458 0.00050676497630775 0.000507011020090431 0.000506857992149889 0.000506767013575882 0.000506645010318607 0.000505967007484287 0.000505588017404079 0.000505210016854107 0.000504852971062064 0.000504393014125526 0.000502214999869466
0.000483842013637 0.000483763986267149 0.000486448989249766 0.000487259996589273 0.000486761011416093 0.000486253993585706 0.000485750002553686 0.00048524999874644 0.000485499011119828 0.00048818500363268 0.00048928102478385 0.000490133999846876 0.000491362006869167 0.00049457501154393 0.000496737018693238 0.000499053974635899 0.000500261026900262 0.0005011530010961 0.000502075010444969 0.000502686016261578 0.000503043993376195 0.000503048999235034 0.000503071991261095 0.000502655981108546 0.000503117975313216 0.000503840972669423 0.000504499999806285 0.000503827002830803 0.000503898016177118 0.000503975024912506 0.0005027040024288 0.000501419010106474 0.00050085800467059 0.000500343972817063 0.000499830988701433 0.000499606016092002 0.000499528017826378 0.000499450019560754 0.000498708977829665 0.000497969973366708 0.000497322995215654 0.000496516993734986 0.000495171989314258 0.000494804000481963
0.00048543099546805 0.000487821991555393 0.000486998993437737 0.000486800010548905 0.000488051009597257 0.0004903560038656 0.000491479993797839 0.000493369996547699 0.000494927982799709 0.000496329972520471 0.000498063978739083 0.000498273002449423 0.000498389999847859 0.000500326976180077 0.000501597009133548 0.000503492017742246 0.00050474499585107 0.000505369971506298 0.00050518597709015 0.000505968986544758 0.000506718992255628 0.000507472024764866 0.000508225988596678 0.000508435012307018 0.00050825800281018 0.000508082972373813 0.00050763098988682 0.000506907003000379 0.000506184995174408 0.000506740994751453 0.000506154028698802 0.000504772993735969 0.000504529976751655 0.000503460003528744 0.00050242297584191 0.000501345028169453 0.000500269990880042 0.000499369984026998 0.000498760025948286 0.000497574976179749 0.000495884974952787 0.000494987005367875 0.000494448991958052 0.000492590013891459
0.000490943028125912 0.000492617022246122 0.000496771011967212 0.000496973982080817 0.000497529981657863 0.000499529996886849 0.000502258015330881 0.000502715993206948 0.000505260017234832 0.000505778996739537 0.000507195014506578 0.000508502998854965 0.000509681995026767 0.00051020598039031 0.000510732003021985 0.000511182006448507 0.00051138800336048 0.000511662976350635 0.000512309023179114 0.000512579979840666 0.000512815022375435 0.000512883998453617 0.000512822007294744 0.000512726022861898 0.00051233998965472 0.000512099999468774 0.000511921010911465 0.000511695980094373 0.000511251972056925 0.000510809011757374 0.00050954200560227 0.00050820701289922 0.000507109973113984 0.000506015028804541 0.00050491897854954 0.0005038229865022 0.000502731010783464 0.000501640024594963 0.000499863002914935 0.000498875975608826 0.000497890985570848 0.000495906977448612 0.000495120009873062 0.000494018022436649
0.000500492984429002 0.00050261098658666 0.000504554016515613 0.000505862990394235 0.000509258010424674 0.000509949983097613 0.00051202200120315 0.000513784005306661 0.000515462015755475 0.000515991006977856 0.000517630018293858 0.000519333989359438 0.000519383989740163 0.000518210988957435 0.000517041014973074 0.000516808999236673 0.000517769018188119 0.000518812972586602 0.000518599001225084 0.000517970998771489 0.000517259992193431 0.000516551022883505 0.000515842984896153 0.00051510997582227 0.000514378014486283 0.000513646984472871 0.000512754020746797 0.000511872989591211 0.000510893994942307 0.000509916979353875 0.000508787983562797 0.000507952005136758 0.000506917014718056 0.000505623000208288 0.000504165014717728 0.000502657028846443 0.000500731985084713 0.000499319983646274 0.000497816014103591 0.000496316992212087 0.000494753010571003 0.000493199971970171 0.000491941988002509 0.00049128697719425
0.000520318979397416 0.000520882022101432 0.000521806010510772 0.000523279013577849 0.000526877993252128 0.00053144502453506 0.000533337995875627 0.000536911014933139 0.000538452004548162 0.000540713022928685 0.000542983005288988 0.000544773996807635 0.000545049028005451 0.000545325980056077 0.000544807000551373 0.000543451984412968 0.000541909015737474 0.000540370994713157 0.000538837979547679 0.000537801010068506 0.000536785984877497 0.00053577299695462 0.000534761988092214 0.000533713027834892 0.000532665988430381 0.000531310972291976 0.000528348027728498 0.000525209994520992 0.000522834016010165 0.000521147972904146 0.000520285975653678 0.000519478984642774 0.000518672983162105 0.00051770597929135 0.000515724008437246 0.000513472012244165 0.000510675017721951 0.000509232981130481 0.000507418008055538 0.000505607982631773 0.000503522984217852 0.000501544971484691 0.00049981102347374 0.000496715016197413
0.000538582971785218 0.000540457025635988 0.00054082297720015 0.000541945977602154 0.000542990979738533 0.000544010021258146 0.000545751012396067 0.000547065981663764 0.000546550028957427 0.000547056028153747 0.000548068026546389 0.000547533971257508 0.000547897012438625 0.000547736010048538 0.000547126983292401 0.00054627499775961 0.000545217015314847 0.000544162001460791 0.000543322996236384 0.000542277004569769 0.000540959998033941 0.00053964601829648 0.000538335996679962 0.000537274987436831 0.000536243023816496 0.000535212981048971 0.000534147024154663 0.000532968027982861 0.000531792989932001 0.000530619989149272 0.000528476026374847 0.000527004012838006 0.00052534497808665 0.000523945025634021 0.000522274000104517 0.0005200210143812 0.000518360000569373 0.000516580999828875 0.000514742976520211 0.000512654019985348 0.000510702026076615 0.000508786004502326 0.000507046992424875 0.000505504023749381
0.000547192001249641 0.000547354982700199 0.000547872972674668 0.000549528980627656 0.00055049400543794 0.00055146001977846 0.000553242978639901 0.00055259297369048 0.000551139994058758 0.000551122007891536 0.000549472984857857 0.000548486015759408 0.000547553005162627 0.000547642004676163 0.000547034025657922 0.000547314994037151 0.000547547009773552 0.000547692994587123 0.000547246017958969 0.000545094022527337 0.000542643014341593 0.000540203996933997 0.000538240012247115 0.000537202984560281 0.000536038016434759 0.000534875027369708 0.000533737998921424 0.000532347999978811 0.000530709978193045 0.000529075972735882 0.000528009026311338 0.000527633994352072 0.000527027994394302 0.000525837996974587 0.000524654984474182 0.00052327400771901 0.000521756999660283 0.000520923000294715 0.000519943016115576 0.000518761982675642 0.000517582986503839 0.000516471976879984 0.000514984014444053 0.000513534003403038
0.000566750997677445 0.000566748029086739 0.000566721020732075 0.000568114977795631 0.000567734008654952 0.000568650022614747 0.00056494097225368 0.00056102400412783 0.00055945198982954 0.000558192026801407 0.000555085018277168 0.000554004975128919 0.000556342012714595 0.000557304010726511 0.00055614800658077 0.000554877973627299 0.000555690028704703 0.000555187987629324 0.000554147001821548 0.000551461998838931 0.000549044983927161 0.000548239971976727 0.00054743600776419 0.000546765979379416 0.000544862006790936 0.00054296397138387 0.000541253015398979 0.000540092005394399 0.000538931984920055 0.000537802989128977 0.000537312007509172 0.000536666018888354 0.000535956991370767 0.000533270998857915 0.000531858997419477 0.000530711025930941 0.000529564975295216 0.000528422009665519 0.000527225027326494 0.000526032003108412 0.000524841016158462 0.000523998984135687 0.000524079019669443 0.000524170987773687
0.000565800990443677 0.000565881025977433 0.000565961992833763 0.000566042028367519 0.000564693007618189 0.000563148991204798 0.000564373971428722 0.000563610985409468 0.000564947025850415 0.000561804976314306 0.000557308027055115 0.000556958024390042 0.000556659011635929 0.000556755985599011 0.000556113023776561 0.000553413003217429 0.000552935991436243 0.000553050020243973 0.000553164980374277 0.000552339013665915 0.000552180979866534 0.000550844008103013 0.000548999989405274 0.000548059004358947 0.000547857023775578 0.000547653995454311 0.000547443982213736 0.000546914001461118 0.000546375988051295 0.000545409973710775 0.000543487025424838 0.000542504014447331 0.00054138497216627 0.000540476990863681 0.000539269996806979 0.000538009975571185 0.000536476029083133 0.000534793012775481 0.000533828977495432 0.000533107027877122 0.000532047997694463 0.000529306009411812 0.00052571902051568 0.000523456023074687
0.00056333898101002 0.000564286019653082 0.000564988004043698 0.000565071997698396 0.000564500980544835 0.00056371302343905 0.00056325999321416 0.00056353397667408 0.000561476976145059 0.000558783998712897 0.000558316998649389 0.000557899009436369 0.00055763398995623 0.000557367980945855 0.000557262974325567 0.000556747021619231 0.000556344981305301 0.000552440993487835 0.000551160017494112 0.00055104197235778 0.000550531025510281 0.000549794000107795 0.000547980016563088 0.000547560979612172 0.000547609990462661 0.00054765900131315 0.00054749398259446 0.000546867027878761 0.000546241004485637 0.000545614981092513 0.000544962997082621 0.000545250019058585 0.000544847978744656 0.00054421997629106 0.000542770023457706 0.000540802022442222 0.000538828026037663 0.000536861014552414 0.000534968974534422 0.000533085025381297 0.000530308985617012 0.000527571013662964 0.000524938979651779 0.000521635985933244
