results/Predictions/Median/Messinian.asc
NCOLS 360 
NROWS 180 
XLLCORNER -180 
YLLCORNER -90 
CELLSIZE 1 
NODATA_value -3.4e+38 
[rows 120 to 139 of 180, columns 220 to 263 of 360]
0.000455405010143295 0.000465257005998865 0.000467425008537248 0.000471754989121109 0.000472565996460617 0.000469263992272317 0.000464751006802544 0.000448670005425811 0.000440817006165162 0.000437826995039359 0.000436111993622035 0.000434524001320824 0.000431936990935355 0.000434543995652348 0.00043653100146912 0.000438999995822087 0.000435413006925955 0.000435819994891062 0.000436850008554757 0.000438858987763524 0.000433442008215934 0.00041965299169533 0.000412396009778604 0.000405499013140798 0.000402831996325403 0.000394567992771044 0.000389218999771401 0.000383236008929089 0.000372871989384294 0.000362788996426389 0.000354644987965003 0.000350585003616288 0.000341829989338294 0.000332677998812869 0.00032507799915038 0.000318191014230251 0.000313661003019661 0.000308251997921616 0.000303159991744906 0.000298591010505334 0.000293613993562758 0.000287839997326955 0.000280995009234175 0.000276164995739236
0.000429311010520905 0.000437368988059461 0.000440377014456317 0.000442332995589823 0.000445454992586747 0.00044168799649924 0.000434313988080248 0.000426295009674504 0.000422696000896394 0.000421277014538646 0.00042051199125126 0.00041972499457188 0.000418915995396674 0.000420944998040795 0.000416525988839567 0.00041711499216035 0.000409606989705935 0.00041045100078918 0.00040631101001054 0.000401678000343964 0.000394541013520211 0.000383636011974886 0.000375634990632534 0.00037202300154604 0.000362675986252725 0.000358446006430313 0.000351816008333117 0.000343088002409786 0.000334589014528319 0.000326050008879974 0.000320413004374132 0.000309941009618342 0.000304306013276801 0.000297710997983813 0.000291453005047515 0.000283725996268913 0.000277848012046888 0.000270765012828633 0.000264667003648356 0.000259616004768759 0.000256164988968521 0.000249803008046001 0.000244713999563828 0.000239341999986209
0.000407373008783907 0.000407888001063839 0.00041512498864904 0.000416288996348158 0.000416086986660957 0.000414161011576653 0.000409128988394514 0.000407537998398766 0.000406489009037614 0.000406161008868366 0.00040607200935483 0.000405739003326744 0.000405734986998141 0.000405044003855437 0.00040163699304685 0.000398498988943174 0.000395817012758926 0.000387184001738206 0.000376414012862369 0.000365499989129603 0.000356744014425203 0.000349117995938286 0.000340753002092242 0.000335301010636613 0.000329097005305812 0.000320346996886656 0.000316196994390339 0.000309855007799342 0.000303828011965379 0.000295359001029283 0.00028729101177305 0.000279672007309273 0.000269777985522524 0.000263580994214863 0.000254966987995431 0.000248055992415175 0.000242926995269954 0.000236620006035082 0.000229892000788823 0.000223968992941082 0.000218444998608902 0.000213691004319116 0.000208899000426754 0.00020388700067997
0.000388746004318818 0.000389713997719809 0.000390806002542377 0.000391690002288669 0.000393808993976563 0.000393666006857529 0.000392568996176124 0.000390875007724389 0.000389563996577635 0.000390127999708056 0.000390186993172392 0.000390130007872358 0.000388930988265201 0.000385187013307586 0.000379431003239006 0.00036807099240832 0.000356828997610137 0.000348100991686806 0.000338087003910914 0.000330493989167735 0.000321405008435249 0.000317614001687616 0.000309891009237617 0.000305789988487959 0.000300437008263543 0.000295681005809456 0.000290066993329674 0.000282983994111419 0.000276573002338409 0.000267889001406729 0.000257467007031664 0.000250876997597516 0.000242497000726871 0.000235044994042255 0.000228100994718261 0.000222021000809036 0.000214978994335979 0.000208625002414919 0.000201942995772697 0.000195554006495513 0.000189144004252739 0.00018310800078325 0.000179183000000194 0.000175765002495609
0.000354677991708741 0.000348842004314065 0.000350379006704316 0.000352890987414867 0.00035575800575316 0.000356939999619499 0.000357445009285584 0.000360448990250006 0.000361151993274689 0.000359427998773754 0.000358744000550359 0.000356937991455197 0.000354235991835594 0.000345731998095289 0.000334342999849468 0.000325620989315212 0.000314870994770899 0.000310022005578503 0.000302044005366042 0.00029575900407508 0.00029095500940457 0.000285579997580498 0.000280992011539638 0.000274594000075012 0.000269790994934738 0.000262654008110985 0.000255749007919803 0.000251732999458909 0.000246437004534528 0.000239265995332971 0.000231487996643409 0.000223772003664635 0.000215378997381777 0.000207410994335078 0.000200288006453775 0.000193311992916279 0.000188161997357383 0.000182022005901672 0.000175438006408513 0.000168708997080103 0.000162402997375466 0.000156288006110117 0.000150402993313037 0.000146228005178273
0.000312377989757806 0.000306336994981393 0.000306361995171756 0.000306386005831882 0.000306411006022245 0.000306545989587903 0.000306792004266754 0.000307037989841774 0.000307810987578705 0.000307731999782845 0.000307231995975599 0.000306953996187076 0.000306284986436367 0.000297440012218431 0.000289305986370891 0.000283141009276733 0.000277207000181079 0.000271685014013201 0.000266646995441988 0.000262343004578725 0.000255983002716675 0.000251766003202647 0.000247910997131839 0.000243254005908966 0.000238356995396316 0.000233758997637779 0.000229062992730178 0.0002248039963888 0.00021870199998375 0.000212893995922059 0.000205745993298478 0.000198737005121075 0.000191451006685384 0.000184742006240413 0.00017671899695415 0.00017095600196626 0.000167149002663791 0.000158751005074009 0.000151997999637388 0.000146552003570832 0.000140168995130807 0.000134065005113371 0.000128316998598166 0.00012406799942255
0.000274499005172402 0.000270244985586032 0.000268990988843143 0.00026702499599196 0.000265782990027219 0.000265040987869725 0.000264795002294704 0.000264548987615854 0.000264302012510598 0.000262941000983119 0.000261217006482184 0.000259596999967471 0.000258443993516266 0.000252285011811182 0.000243892995058559 0.000238844004343264 0.000233900005696341 0.000230379999266006 0.000226913005462848 0.000223498995183036 0.000220596994040534 0.000218190005398355 0.000214647006941959 0.000210689002415165 0.000207425997359678 0.000203628995222971 0.000200080001377501 0.000197695000679232 0.000191860002814792 0.000186315999599174 0.000181704002898186 0.00017604099411983 0.000168757993378676 0.000161289994139224 0.000154556997586042 0.000149375002365559 0.0001410959957866 0.000135064998175949 0.00012830899504479 0.000122993995319121 0.000117604002298322 0.000112353001895826 0.000107337997178547 0.000103115999081638
0.000238681997871026 0.000234253995586187 0.000230584002565593 0.000227898999582976 0.000226146003114991 0.000223597002332099 0.000222818998736329 0.0002218180015916 0.000220021000131965 0.000217895998503082 0.000216119005926885 0.000214355997741222 0.000211031001526862 0.000205880001885816 0.000201396993361413 0.000196326000150293 0.000192332998267375 0.000189336002222262 0.000187857003766112 0.000185862998478115 0.000183170996024273 0.000181575000169687 0.000180672999704257 0.000179188995389268 0.000177045993041247 0.000176108995219693 0.000175441993633285 0.000173438995261677 0.000168626997037791 0.000165716002811678 0.00016176700592041 0.000157069996930659 0.000149714993312955 0.000142631004564464 0.000135940994368866 0.000130118001834489 0.000123970996355638 0.000117495997983497 0.00011158700363012 0.000105942002846859 0.000100297998869792 9.46957006817684e-05 8.97228019312024e-05 8.55422986205667e-05
0.000165824996656738 0.000163289994816296 0.000161667994689196 0.0001599920069566 0.000158623995957896 0.000157850998220965 0.000157274000230245 0.000156699999934062 0.000155539994011633 0.0001536740019219 0.000152196997078136 0.000150766994920559 0.000148730992805213 0.000145131998579018 0.000142431003041565 0.00013992800086271 0.000137462004204281 0.000135688998852856 0.000133937995997258 0.000132209999719635 0.00013109999417793 0.000130590997287072 0.000130084998090751 0.000129580002976581 0.000129182997625321 0.000128821993712336 0.000128550003864802 0.000128711995785125 0.000127578998217359 0.000126455997815356 0.000125343998661265 0.000123916994198225 0.000121356002637185 0.000118778996693436 0.000116039998829365 0.000112408997665625 0.000107353997009341 0.0001023009972414 9.74836002569646e-05 9.20164966373704e-05 8.65781985339709e-05 8.14598024589941e-05 7.6644602813758e-05 7.25528007023968e-05
0.000108232998172753 0.000107188003312331 0.000106034996861126 0.000104894003015943 0.000103765996755101 0.000102951998997014 0.000102445999800693 0.000101942001492716 0.000101441000879277 0.000100545999885071 9.95321024674922e-05 9.87675011856481e-05 9.80069016804919e-05 9.67968007898889e-05 9.58741002250463e-05 9.500740270596e-05 9.42502010730095e-05 9.38020966714248e-05 9.33562987484038e-05 9.29125017137267e-05 9.29183006519452e-05 9.33576011448167e-05 9.37989025260322e-05 9.42424012464471e-05 9.49145032791421e-05 9.56676012719981e-05 9.63190977927297e-05 9.69061002251692e-05 9.73989008343779e-05 9.78941970970482e-05 9.83920981525443e-05 9.86067025223747e-05 9.796759695746e-05 9.73326023085974e-05 9.67017986113206e-05 9.46953005040996e-05 9.13990006665699e-05 8.82180029293522e-05 8.51481963763945e-05 8.05406016297638e-05 7.56719018681906e-05 7.10988970240578e-05 6.64200997562148e-05 6.19260026724078e-05
6.3607600168325e-05 6.32759984000586e-05 6.27125991741195e-05 6.2154300394468e-05 6.16648976574652e-05 6.17538025835529e-05 6.20010032434948e-05 6.21302024228498e-05 6.22087027295493e-05 6.20611972408369e-05 6.18408012087457e-05 6.16211982560344e-05 6.14023010712117e-05 6.10646966379136e-05 6.07289002800826e-05 6.03949010837823e-05 6.00845014560036e-05 5.99947015871294e-05 5.99051018070895e-05 5.98154983890709e-05 6.00251987634692e-05 6.05370987614151e-05 6.10533024882898e-05 6.15739991189912e-05 6.22791994828731e-05 6.30534996162169e-05 6.38373967376538e-05 6.4630999986548e-05 6.55869007459842e-05 6.655680044787e-05 6.7541201133281e-05 6.86057028360665e-05 6.98872972861864e-05 7.1192996983882e-05 7.2533599450253e-05 7.26375001249835e-05 7.14798006811179e-05 7.03405967215076e-05 6.92196990712546e-05 6.60412988509052e-05 6.23632004135288e-05 5.88045004406013e-05 5.53766003577039e-05 5.14224011567421e-05
3.50404989148956e-05 3.48305984516628e-05 3.46654996974394e-05 3.45010994351469e-05 3.43376013915986e-05 3.43149004038423e-05 3.44328982464503e-05 3.4551299904706e-05 3.46701017406303e-05 3.47563982359134e-05 3.48797984770499e-05 3.50806003552862e-05 3.52116003341507e-05 3.53219984390307e-05 3.54328003595583e-05 3.55439005943481e-05 3.56614000338595e-05 3.5797700547846e-05 3.59344994649291e-05 3.60718986485153e-05 3.63061008101795e-05 3.66392014257144e-05 3.6975401599193e-05 3.73147013306152e-05 3.77643991669174e-05 3.82557009288576e-05 3.87535001209471e-05 3.92834990634583e-05 3.99564996769186e-05 4.06411018047947e-05 4.14708010794129e-05 4.26414007961284e-05 4.4830099795945e-05 4.71298990305513e-05 4.93685001856647e-05 5.08785997226369e-05 5.16604013682809e-05 5.24542010680307e-05 5.32601006852929e-05 5.19821005582344e-05 5.0070600991603e-05 4.82292998640332e-05 4.64557997474913e-05 4.34501016570721e-05
1.91586004802957e-05 1.89790007425472e-05 1.88977992365835e-05 1.88550002349075e-05 1.88122994586593e-05 1.88817994057899e-05 1.90647006093059e-05 1.92494007933419e-05 1.94358999578981e-05 1.96937999135116e-05 1.99342994164908e-05 2.01067996385973e-05 2.02808005269617e-05 2.05282995011657e-05 2.08133005799027e-05 2.11337992368499e-05 2.14375995710725e-05 2.16802000068128e-05 2.1925499822828e-05 2.21736991079524e-05 2.24638006329769e-05 2.27974996960256e-05 2.31360991165275e-05 2.34798008023063e-05 2.38806005654624e-05 2.42362002609298e-05 2.45970004471019e-05 2.50001994572813e-05 2.55893992289202e-05 2.61733002844267e-05 2.67325995082501e-05 2.75272996077547e-05 2.93238008453045e-05 3.14056997012813e-05 3.38747995556332e-05 3.61667989636771e-05 3.80716010113247e-05 4.00729986722581e-05 4.21758013544604e-05 4.20823998865671e-05 4.12461995438207e-05 4.0422601159662e-05 3.96116010961123e-05 3.69363988284022e-05
1.22128003567923e-05 1.20600998343434e-05 1.19898995762924e-05 1.19099004223244e-05 1.18027001008159e-05 1.17562003651983e-05 1.17701001727255e-05 1.18303996714531e-05 1.18956995720509e-05 1.2065599548805e-05 1.2273199899937e-05 1.24766002045362e-05 1.26509003166575e-05 1.29051995827467e-05 1.31606002469198e-05 1.34227002490661e-05 1.36626003950369e-05 1.38221002998762e-05 1.39836001835647e-05 1.4146899957268e-05 1.42709995998302e-05 1.43557999763289e-05 1.44438999996055e-05 1.45326002893853e-05 1.46865004353458e-05 1.48638000609935e-05 1.501820042904e-05 1.51750000441098e-05 1.523860009911e-05 1.52950997289736e-05 1.53483997564763e-05 1.57399008458015e-05 1.72879008459859e-05 1.88588001037715e-05 2.06268996407744e-05 2.24871000682469e-05 2.43820995819988e-05 2.64302998402854e-05 2.86691993096611e-05 2.95665995508898e-05 2.99355997412931e-05 3.02655007544672e-05 3.05670000670943e-05 2.90775005851174e-05
7.74664022173965e-06 7.63073967391392e-06 7.56189001549501e-06 7.49588980397675e-06 7.43268992664525e-06 7.40743007554556e-06 7.4178101385769e-06 7.42821021049167e-06 7.43862983654253e-06 7.52937012293842e-06 7.64851029089186e-06 7.76954038883559e-06 7.89249043009477e-06 8.06387015472865e-06 8.26455016067484e-06 8.45351041789399e-06 8.62505021359539e-06 8.75292971613817e-06 8.88559043232817e-06 9.02027022675611e-06 9.08801030163886e-06 9.08728998183506e-06 9.07359026314225e-06 9.05465003597783e-06 9.08447964320658e-06 9.13064013730036e-06 9.17688976187492e-06 9.20793991099345e-06 9.07580033526756e-06 8.93070955498843e-06 8.78793980518822e-06 8.93748983799014e-06 9.86628037935589e-06 1.09455995698227e-05 1.21818002298824e-05 1.36261996885878e-05 1.54579993250081e-05 1.75378991116304e-05 1.95061002159491e-05 2.07815992325777e-05 2.17339002119843e-05 2.27115997404326e-05 2.37618005485274e-05 2.3026199414744e-05
5.47080981050385e-06 5.37471987627214e-06 5.31760997546371e-06 5.2610998864111e-06 5.20520006830338e-06 5.17510989084258e-06 5.16977979714284e-06 5.16262980454485e-06 5.15548981638858e-06 9.02574993233429e-06 5.30699981027283e-06 5.39303982804995e-06 5.48049001736217e-06 5.61486012884416e-06 5.75648982703569e-06 5.90163017477607e-06 6.03242006036453e-06 6.11504992775735e-06 6.18607009528205e-06 6.25537995802006e-06 6.25992015557131e-06 6.19953016212094e-06 6.13981001151842e-06 6.08091977483127e-06 6.03213993599638e-06 5.987570148136e-06 5.94332004766329e-06 5.90000990996487e-06 5.74510977457976e-06 5.5885898291308e-06 5.43817986908834e-06 5.45930015505292e-06 6.01475994699285e-06 6.67443009660929e-06 7.33651995687978e-06 8.35675018606707e-06 9.68111999100074e-06 1.12054003693629e-05 1.31061997308279e-05 1.43636998473085e-05 1.54456993186614e-05 1.66306999744847e-05 1.78638001671061e-05 1.77198999153916e-05
4.19574007537449e-06 4.11098017139011e-06 4.06166009270237e-06 4.01685019824072e-06 3.96613995690132e-06 3.93242999052745e-06 3.91944013244938e-06 3.90648983739084e-06 3.89358001484652e-06 1.25205997392186e-05 4.20417018176522e-06 4.05145010518027e-06 4.11136988986982e-06 4.21709000875126e-06 4.32057004218223e-06 4.42729015048826e-06 4.51913001597859e-06 4.56510997537407e-06 4.61155013908865e-06 4.65847006125841e-06 4.6392001422646e-06 4.5545598368335e-06 4.47146021542721e-06 4.38987990492024e-06 4.28853991252254e-06 4.18499985244125e-06 4.34969979323796e-06 4.00717999582412e-06 3.84772010875167e-06 3.68985001841793e-06 3.55507995664084e-06 3.53190989699215e-06 3.85692010240746e-06 4.20319020122406e-06 4.56560019301833e-06 5.2088998927502e-06 6.12915982856066e-06 7.23466018826002e-06 8.60007003211649e-06 9.67021969699999e-06 1.05689996416913e-05 1.17248000606196e-05 1.29101999846171e-05 1.3093799680064e-05
3.18204001814593e-06 3.12715997097257e-06 3.08094990941754e-06 3.0360399705387e-06 2.99270004688879e-06 2.96541998068278e-06 2.95378004011582e-06 2.94217988994205e-06 2.93062998935056e-06 2.95021004603768e-06 2.98042004942545e-06 3.01482009490428e-06 3.05207004203112e-06 3.1229699288815e-06 3.19556011163513e-06 3.2707100672269e-06 3.34393007506151e-06 3.3789499411796e-06 3.41430995831615e-06 3.45000989909749e-06 3.41840996043175e-06 3.32136005454231e-06 3.22640994454559e-06 3.13412010655156e-06 3.02582998301659e-06 3.18391994369449e-06 7.84158983151428e-05 0.00588151020929217 0.00208735000342131 0.00536243990063667 7.87788012530655e-05 2.32434990721231e-06 2.4894500256778e-06 2.65843004854105e-06 2.83273993773037e-06 3.22576988764922e-06 3.91366984331398e-06 4.75145998279913e-06 5.72279986954527e-06 6.50171978122671e-06 7.30586998543004e-06 8.27226995170349e-06 9.28268036659574e-06 9.61349996941863e-06
2.61401009993278e-06 2.5779299903661e-06 2.54486008088861e-06 2.5123699742835e-06 2.48029004978889e-06 2.45941009779926e-06 2.44943998950475e-06 2.43950989897712e-06 2.42962005359004e-06 2.44131001636561e-06 2.46032004724839e-06 2.47946991294157e-06 2.49878007707593e-06 2.54936003329931e-06 2.60373008131864e-06 2.66183997155167e-06 2.71076009994431e-06 2.72877991847054e-06 2.74800004262943e-06 2.77082995125966e-06 2.73455998467398e-06 2.64637992586358e-06 2.57469991993275e-06 2.50495008913276e-06 2.39989003603114e-06 2.8460699468269e-06 0.00154895999003202 0.00435840990394354 0.00447177980095148 0.00426521012559533 0.000628566020168364 1.76110995653289e-06 1.83746999482537e-06 1.91715002983983e-06 1.99977989723266e-06 2.21528989641229e-06 2.6562499897409e-06 3.22540995512099e-06 3.88996022593346e-06 4.49807021141169e-06 5.08226003148593e-06 5.79675997869344e-06 6.59348006593063e-06 6.97514997227699e-06
2.17056003748439e-06 2.14761007555353e-06 2.12398003895942e-06 2.09634004022519e-06 2.06905997401918e-06 2.04958996619098e-06 2.03769991458103e-06 2.02587989406311e-06 2.01566990654101e-06 2.02106002689106e-06 2.03419995159493e-06 2.04745992959943e-06 2.0608099475794e-06 2.10810003409279e-06 2.14839997170202e-06 2.18552008846018e-06 2.21615005102649e-06 2.22562994167674e-06 2.23515007746755e-06 2.24471000365156e-06 2.21719005821797e-06 2.15395994018763e-06 2.07319999390165e-06 2.00634008251654e-06 1.90443995506939e-06 1.79542996647797e-06 3.16914010909386e-05 0.00377740990370512 0.00359426997601986 0.00321198999881744 0.000326926994603127 1.35207994844677e-06 1.35415996282973e-06 1.37392999022268e-06 1.39737005611096e-06 1.53650000811467e-06 1.82474002485833e-06 2.16250009543728e-06 2.59179000750009e-06 3.04838999909407e-06 3.56177997673512e-06 4.15652993979165e-06 4.73830004921183e-06 5.11262987856753e-06
