results/Predictions/Median/Modern.asc
NCOLS 360 
NROWS 180 
XLLCORNER -180 
YLLCORNER -90 
CELLSIZE 1 
NODATA_value -3.4e+38 
[rows 0 to 25 of 180, columns 58 to 115 of 360]
-3.4e+38 -3.4e+38 -3.4e+38 -3.4e+38 -3.4e+38 -3.4e+38 -3.4e+38 -3.4e+38 -3.4e+38 -3.4e+38 -3.4e+38 -3.4e+38 -3.4e+38 -3.4e+38 -3.4e+38 -3.4e+38 -3.4e+38 -3.4e+38 -3.4e+38 -3.4e+38 -3.4e+38 -3.4e+38 -3.4e+38 -3.4e+38 -3.4e+38 -3.4e+38 -3.4e+38 -3.4e+38 -3.4e+38 -3.4e+38 -3.4e+38 -3.4e+38 -3.4e+38 -3.4e+38 -3.4e+38 -3.4e+38 -3.4e+38 -3.4e+38 -3.4e+38 -3.4e+38 -3.4e+38 -3.4e+38 -3.4e+38 -3.4e+38 -3.4e+38 -3.4e+38 -3.4e+38 -3.4e+38 -3.4e+38 -3.4e+38 -3.4e+38 -3.4e+38 -3.4e+38 -3.4e+38 -3.4e+38 -3.4e+38 -3.4e+38 -3.4e+38
-3.4e+38 -3.4e+38 -3.4e+38 -3.4e+38 -3.4e+38 -3.4e+38 -3.4e+38 -3.4e+38 -3.4e+38 -3.4e+38 -3.4e+38 -3.4e+38 -3.4e+38 -3.4e+38 -3.4e+38 -3.4e+38 -3.4e+38 -3.4e+38 -3.4e+38 -3.4e+38 -3.4e+38 -3.4e+38 -3.4e+38 -3.4e+38 -3.4e+38 -3.4e+38 -3.4e+38 -3.4e+38 -3.4e+38 -3.4e+38 -3.4e+38 -3.4e+38 -3.4e+38 -3.4e+38 -3.4e+38 -3.4e+38 -3.4e+38 -3.4e+38 -3.4e+38 -3.4e+38 -3.4e+38 -3.4e+38 -3.4e+38 -3.4e+38 -3.4e+38 -3.4e+38 -3.4e+38 -3.4e+38 -3.4e+38 -3.4e+38 -3.4e+38 -3.4e+38 -3.4e+38 -3.4e+38 -3.4e+38 -3.4e+38 -3.4e+38 -3.4e+38
-3.4e+38 -3.4e+38 -3.4e+38 -3.4e+38 -3.4e+38 -3.4e+38 -3.4e+38 -3.4e+38 -3.4e+38 -3.4e+38 -3.4e+38 -3.4e+38 -3.4e+38 -3.4e+38 -3.4e+38 -3.4e+38 -3.4e+38 -3.4e+38 -3.4e+38 -3.4e+38 -3.4e+38 -3.4e+38 -3.4e+38 -3.4e+38 -3.4e+38 -3.4e+38 -3.4e+38 -3.4e+38 -3.4e+38 -3.4e+38 -3.4e+38 -3.4e+38 -3.4e+38 -3.4e+38 -3.4e+38 -3.4e+38 -3.4e+38 -3.4e+38 -3.4e+38 -3.4e+38 -3.4e+38 -3.4e+38 -3.4e+38 -3.4e+38 -3.4e+38 -3.4e+38 -3.4e+38 -3.4e+38 -3.4e+38 -3.4e+38 -3.4e+38 -3.4e+38 -3.4e+38 -3.4e+38 -3.4e+38 -3.4e+38 -3.4e+38 -3.4e+38
-3.4e+38 -3.4e+38 -3.4e+38 -3.4e+38 -3.4e+38 -3.4e+38 -3.4e+38 -3.4e+38 -3.4e+38 -3.4e+38 -3.4e+38 -3.4e+38 -3.4e+38 -3.4e+38 -3.4e+38 -3.4e+38 -3.4e+38 -3.4e+38 -3.4e+38 -3.4e+38 -3.4e+38 -3.4e+38 -3.4e+38 -3.4e+38 -3.4e+38 -3.4e+38 -3.4e+38 -3.4e+38 -3.4e+38 -3.4e+38 -3.4e+38 -3.4e+38 -3.4e+38 -3.4e+38 -3.4e+38 -3.4e+38 -3.4e+38 -3.4e+38 -3.4e+38 -3.4e+38 -3.4e+38 -3.4e+38 -3.4e+38 -3.4e+38 -3.4e+38 -3.4e+38 -3.4e+38 -3.4e+38 -3.4e+38 -3.4e+38 -3.4e+38 -3.4e+38 -3.4e+38 -3.4e+38 -3.4e+38 -3.4e+38 -3.4e+38 -3.4e+38
-3.4e+38 -3.4e+38 -3.4e+38 -3.4e+38 -3.4e+38 -3.4e+38 -3.4e+38 -3.4e+38 -3.4e+38 -3.4e+38 -3.4e+38 -3.4e+38 -3.4e+38 -3.4e+38 -3.4e+38 -3.4e+38 -3.4e+38 -3.4e+38 -3.4e+38 -3.4e+38 -3.4e+38 -3.4e+38 -3.4e+38 -3.4e+38 -3.4e+38 -3.4e+38 -3.4e+38 -3.4e+38 -3.4e+38 -3.4e+38 -3.4e+38 -3.4e+38 -3.4e+38 -3.4e+38 -3.4e+38 -3.4e+38 -3.4e+38 -3.4e+38 -3.4e+38 -3.4e+38 -3.4e+38 -3.4e+38 -3.4e+38 -3.4e+38 -3.4e+38 -3.4e+38 -3.4e+38 -3.4e+38 -3.4e+38 -3.4e+38 -3.4e+38 -3.4e+38 -3.4e+38 -3.4e+38 -3.4e+38 -3.4e+38 -3.4e+38 -3.4e+38
-3.4e+38 -3.4e+38 -3.4e+38 -3.4e+38 -3.4e+38 -3.4e+38 -3.4e+38 -3.4e+38 -3.4e+38 -3.4e+38 -3.4e+38 -3.4e+38 -3.4e+38 -3.4e+38 -3.4e+38 -3.4e+38 -3.4e+38 -3.4e+38 -3.4e+38 -3.4e+38 -3.4e+38 -3.4e+38 -3.4e+38 -3.4e+38 -3.4e+38 -3.4e+38 -3.4e+38 -3.4e+38 -3.4e+38 -3.4e+38 -3.4e+38 -3.4e+38 -3.4e+38 -3.4e+38 -3.4e+38 -3.4e+38 -3.4e+38 -3.4e+38 -3.4e+38 -3.4e+38 -3.4e+38 -3.4e+38 -3.4e+38 -3.4e+38 -3.4e+38 -3.4e+38 -3.4e+38 -3.4e+38 -3.4e+38 -3.4e+38 -3.4e+38 -3.4e+38 -3.4e+38 -3.4e+38 -3.4e+38 -3.4e+38 -3.4e+38 -3.4e+38
-3.4e+38 -3.4e+38 -3.4e+38 -3.4e+38 -3.4e+38 -3.4e+38 -3.4e+38 -3.4e+38 -3.4e+38 -3.4e+38 -3.4e+38 -3.4e+38 -3.4e+38 -3.4e+38 -3.4e+38 -3.4e+38 -3.4e+38 -3.4e+38 -3.4e+38 -3.4e+38 -3.4e+38 -3.4e+38 -3.4e+38 -3.4e+38 -3.4e+38 -3.4e+38 -3.4e+38 -3.4e+38 -3.4e+38 -3.4e+38 -3.4e+38 -3.4e+38 -3.4e+38 -3.4e+38 -3.4e+38 -3.4e+38 -3.4e+38 -3.4e+38 -3.4e+38 -3.4e+38 1.7368500266457e-05 1.70987004821654e-05 1.68361002579331e-05 1.66863992490107e-05 1.68590995599516e-05 1.70344992511673e-05 1.72128002304817e-05 1.70661005540751e-05 1.66123008966679e-05 1.61838997883024e-05 1.5779700333951e-05 1.60973995662061e-05 1.66916997841327e-05 1.73357002495322e-05 1.80335991899483e-05 -3.4e+38 1.63424992933869e-05 1.56083006004337e-05
-3.4e+38 -3.4e+38 -3.4e+38 -3.4e+38 -3.4e+38 -3.4e+38 -3.4e+38 -3.4e+38 -3.4e+38 -3.4e+38 -3.4e+38 -3.4e+38 -3.4e+38 -3.4e+38 -3.4e+38 -3.4e+38 -3.4e+38 -3.4e+38 -3.4e+38 -3.4e+38 -3.4e+38 -3.4e+38 -3.4e+38 -3.4e+38 -3.4e+38 -3.4e+38 -3.4e+38 -3.4e+38 -3.4e+38 -3.4e+38 1.73098997038323e-05 1.76267003553221e-05 1.78998998308089e-05 1.81263003469212e-05 1.83567008207319e-05 1.85911994776689e-05 1.89015008800197e-05 1.92542993318057e-05 1.92793995665852e-05 1.92915995285148e-05 1.90640002983855e-05 1.88404992513824e-05 1.86212000699015e-05 1.85002991202055e-05 1.86654997378355e-05 1.88327994692372e-05 1.90022001334e-05 1.88761005119886e-05 1.82780004251981e-05 1.74641991179669e-05 1.67230991792167e-05 1.71564006450353e-05 1.80443003046094e-05 1.88359008461703e-05 1.93257001228631e-05 1.8607499441714e-05 1.73979005921865e-05 1.62748001457658e-05
-3.4e+38 -3.4e+38 -3.4e+38 -3.4e+38 -3.4e+38 -3.4e+38 -3.4e+38 -3.4e+38 -3.4e+38 -3.4e+38 -3.4e+38 -3.4e+38 -3.4e+38 -3.4e+38 -3.4e+38 -3.4e+38 -3.4e+38 -3.4e+38 -3.4e+38 -3.4e+38 -3.4e+38 -3.4e+38 -3.4e+38 -3.4e+38 1.68997994478559e-05 1.70327002706472e-05 1.71666997630382e-05 1.73017997440184e-05 1.74629003595328e-05 1.77949004864786e-05 1.81166997208493e-05 1.84468008228578e-05 1.88194007932907e-05 1.92396000784356e-05 1.9646400687634e-05 1.98944999283412e-05 1.9965600586147e-05 1.9978000636911e-05 1.99920996237779e-05 2.00079994101543e-05 2.01896000362467e-05 1.97333993128268e-05 1.84112996066688e-05 1.73257994902087e-05 1.66182999237208e-05 1.59645005624043e-05 -3.4e+38 -3.4e+38 -3.4e+38 -3.4e+38 -3.4e+38 -3.4e+38 -3.4e+38 1.78148002305534e-05 1.8524899132899e-05 1.67898997460725e-05 1.5334100680775e-05 1.37637998705031e-05
-3.4e+38 -3.4e+38 -3.4e+38 -3.4e+38 -3.4e+38 -3.4e+38 -3.4e+38 -3.4e+38 -3.4e+38 -3.4e+38 -3.4e+38 -3.4e+38 -3.4e+38 -3.4e+38 -3.4e+38 -3.4e+38 -3.4e+38 -3.4e+38 -3.4e+38 -3.4e+38 1.55025009007659e-05 1.60619001690065e-05 1.67153993970715e-05 1.74145006894832e-05 1.81628001882927e-05 1.8189499314758e-05 1.82162002602126e-05 1.82429994310951e-05 1.82787007361185e-05 1.86420002137311e-05 1.900650022435e-05 1.93415999092394e-05 1.96112996491138e-05 1.99401001736987e-05 2.02819992409786e-05 2.07013999897754e-05 2.08532001124695e-05 -3.4e+38 2.08354995265836e-05 2.0826599211432e-05 2.05836004170123e-05 1.83077008841792e-05 1.6336500266334e-05 1.47953996929573e-05 1.37267998070456e-05 -3.4e+38 -3.4e+38 -3.4e+38 -3.4e+38 -3.4e+38 -3.4e+38 1.55845991685055e-05 1.59421997523168e-05 1.63186996360309e-05 1.67148991749855e-05 1.49109000631142e-05 1.33663997985423e-05 1.21037001008517e-05
-3.4e+38 -3.4e+38 -3.4e+38 -3.4e+38 -3.4e+38 -3.4e+38 -3.4e+38 -3.4e+38 -3.4e+38 -3.4e+38 -3.4e+38 -3.4e+38 -3.4e+38 -3.4e+38 -3.4e+38 1.39568001031876e-05 1.41357995744329e-05 1.43625002237968e-05 1.47063001350034e-05 1.50664000102552e-05 1.54435001604725e-05 1.60582003445597e-05 1.67951002367772e-05 1.7589400158613e-05 1.84458003786858e-05 1.84828004421433e-05 1.85198005056009e-05 1.84093005373143e-05 1.83488991751801e-05 1.85270000656601e-05 1.87071000254946e-05 1.88892990991008e-05 1.92858005902963e-05 1.97714998648735e-05 2.02624996745726e-05 2.10212001547916e-05 2.14488991332473e-05 2.1735999325756e-05 2.19651992665604e-05 2.21928003156791e-05 1.97987992578419e-05 1.68992992257699e-05 1.44802997965598e-05 1.32551003844128e-05 1.2296999557293e-05 1.20991999210673e-05 1.17743002192583e-05 1.1861399798363e-05 1.25940996440477e-05 1.36389999170206e-05 1.53320997924311e-05 1.55699999595527e-05 1.52869997691596e-05 1.50294999912148e-05 1.47923001350136e-05 1.36034996103263e-05 1.24282996694092e-05 -3.4e+38
-3.4e+38 -3.4e+38 -3.4e+38 -3.4e+38 -3.4e+38 1.46351003422751e-05 1.45684998642537e-05 1.45040003189933e-05 1.44381001518923e-05 1.43693996506045e-05 1.40711999847554e-05 1.37790002554539e-05 1.34928995976225e-05 1.3415899957181e-05 -3.4e+38 1.38313998832018e-05 1.40816000566701e-05 1.43185998240369e-05 1.4598300367652e-05 1.48758999785059e-05 1.51731001096778e-05 1.5689000065322e-05 1.63065997185186e-05 1.69625000125961e-05 1.76592002389953e-05 1.77356996573508e-05 1.77129004441667e-05 1.76902995008277e-05 1.7640799342189e-05 1.75123004737543e-05 1.73866992554395e-05 1.72638992808061e-05 1.7652000678936e-05 1.86190991371404e-05 1.92384995898465e-05 1.98033994820435e-05 2.03441995836329e-05 2.07878001674544e-05 2.12752001971239e-05 2.17692995647667e-05 1.86202996701468e-05 -3.4e+38 -3.4e+38 -3.4e+38 1.23689997053589e-05 1.24203997984296e-05 1.32899003801867e-05 1.36648995976429e-05 1.47152995850774e-05 1.57272006617859e-05 1.69094000739278e-05 1.61536008818075e-05 1.49370998769882e-05 1.40052998176543e-05 1.28014999063453e-05 1.28764004330151e-05 -3.4e+38 -3.4e+38
1.45694002640084e-05 1.47631999425357e-05 1.48598001032951e-05 1.48803001138731e-05 1.48758999785059e-05 1.48271001307876e-05 1.48035996971885e-05 1.47958999150433e-05 1.47883001773153e-05 1.47807995745097e-05 1.44373998409719e-05 1.39266003316152e-05 1.35710997710703e-05 -3.4e+38 -3.4e+38 1.37044999064528e-05 1.39922003654647e-05 1.4271899999585e-05 1.44749001265154e-05 1.46864003909286e-05 1.49069001054158e-05 1.5330300811911e-05 1.5839199477341e-05 1.63718996191164e-05 1.67678008438088e-05 1.68472997756908e-05 1.69277991517447e-05 1.700930079096e-05 1.69701997947413e-05 1.65795008797431e-05 1.62081996677443e-05 1.58554994413862e-05 1.61267998919357e-05 1.70940002135467e-05 1.81870000233175e-05 1.88442008948186e-05 1.94554995687213e-05 2.00768990907818e-05 2.07088996830862e-05 2.13512994378107e-05 1.75677996594459e-05 1.45542999234749e-05 1.25602000480285e-05 1.1801400432887e-05 1.24442003652803e-05 1.37192000693176e-05 1.53253004100407e-05 1.66685003932798e-05 1.73533007910009e-05 1.808620072552e-05 1.88709000212839e-05 1.68496007972863e-05 1.46270003824611e-05 1.30509997688932e-05 1.23324998639873e-05 1.26899003589642e-05 -3.4e+38 -3.4e+38
1.51042995639727e-05 1.51793001350597e-05 1.53153996507172e-05 1.5417899703607e-05 1.54480003402568e-05 1.54698991536861e-05 1.57171998580452e-05 1.60563995450502e-05 1.64157008839538e-05 1.67959005921148e-05 1.61026000569109e-05 1.5473400708288e-05 1.48780000017723e-05 1.4384499991138e-05 1.43600000228616e-05 1.43354000101681e-05 1.43106999530573e-05 1.44673003887874e-05 1.46958000186714e-05 1.48999997691135e-05 1.51072999869939e-05 1.53345008584438e-05 1.55695997818839e-05 1.58017992362147e-05 1.58633993123658e-05 1.61132993525825e-05 1.63728000188712e-05 1.66422996699112e-05 1.68728001881391e-05 1.69602008099901e-05 1.70485000126064e-05 1.71377996593947e-05 1.74528995557921e-05 1.80197002919158e-05 1.84107993845828e-05 1.87012992682867e-05 1.90652008313918e-05 1.94543008547043e-05 1.97618992388016e-05 1.98693996935617e-05 1.74884007719811e-05 1.54793997353408e-05 1.41504997372977e-05 1.30005000755773e-05 1.41866003104951e-05 1.47983000715612e-05 1.60187992150895e-05 1.69550003192853e-05 1.77022993739229e-05 1.85007993422914e-05 1.93544001376722e-05 1.82082003448159e-05 1.66111003636615e-05 1.55598991113948e-05 1.41324999276549e-05 1.45516996781225e-05 1.45037001857418e-05 1.44412997542531e-05
1.56408004841069e-05 1.56539008457912e-05 1.57296999532264e-05 1.58638995344518e-05 1.6001100448193e-05 1.61414991453057e-05 1.6729100025259e-05 1.7537500752951e-05 1.84365999302827e-05 1.90019000001485e-05 1.81925006472738e-05 1.70981002156623e-05 1.61353000294184e-05 1.54299996211194e-05 1.51494996316615e-05 1.49384995893342e-05 1.46344000313547e-05 1.46190996019868e-05 1.48931003423058e-05 1.50678997670184e-05 1.53066994244e-05 1.53399996634107e-05 1.53177006723126e-05 1.51997001012205e-05 1.5062500096974e-05 1.54466997628333e-05 1.5855899619055e-05 1.62919004651485e-05 1.67762991623022e-05 1.73589996848023e-05 1.79859998752363e-05 1.84154996532016e-05 1.85700992005877e-05 1.85662993317237e-05 1.85625995072769e-05 1.85588996828301e-05 1.86886991286883e-05 1.85162007255713e-05 1.8216400349047e-05 1.79483995452756e-05 1.74105007317849e-05 1.6905700249481e-05 1.63734002853744e-05 1.60280997079099e-05 1.62793003255501e-05 1.65443998412229e-05 -3.4e+38 -3.4e+38 1.80651004484389e-05 -3.4e+38 -3.4e+38 1.96905002667336e-05 1.91811996046454e-05 1.8714399629971e-05 1.81643008545507e-05 1.85358003363945e-05 1.84964992513414e-05 1.83968004421331e-05
1.74532997334609e-05 1.72701002156828e-05 1.73011994775152e-05 1.75486002262915e-05 1.7797900000005e-05 1.79843991645612e-05 1.86872002814198e-05 1.94198000826873e-05 1.98548004846089e-05 2.02612991415663e-05 1.94051008293172e-05 1.88784997590119e-05 1.78928003151668e-05 1.70269995578565e-05 1.64661996677751e-05 1.59366009029327e-05 1.52202001117985e-05 1.50349997056765e-05 1.51601998368278e-05 1.53758992382791e-05 1.55612997332355e-05 1.55802008521277e-05 1.55506004375638e-05 1.55201996676624e-05 1.54242006829008e-05 1.58657003339613e-05 1.62656997417798e-05 1.66905992955435e-05 1.71409992617555e-05 1.76171997736674e-05 1.81231007445604e-05 1.83480005944148e-05 1.84397995326435e-05 1.83919000846799e-05 1.83441006811336e-05 1.82964995474322e-05 1.84365999302827e-05 1.81636005436303e-05 1.78922000486637e-05 1.76564008143032e-05 1.77129004441667e-05 1.77698002516991e-05 1.7827000192483e-05 1.77887995960191e-05 -3.4e+38 -3.4e+38 -3.4e+38 -3.4e+38 -3.4e+38 -3.4e+38 -3.4e+38 -3.4e+38 -3.4e+38 2.02900992007926e-05 2.06156000785995e-05 2.12989998544799e-05 2.1553400074481e-05 2.1810999896843e-05
-3.4e+38 1.99238002096536e-05 1.98570996872149e-05 1.98772995645413e-05 1.98975994862849e-05 1.99178994080285e-05 2.01712991838576e-05 2.05844007723499e-05 2.09963000088464e-05 2.09874997381121e-05 2.04329007829074e-05 1.99259993678425e-05 1.96995006263023e-05 1.94226995517965e-05 1.83602005563444e-05 1.71874999068677e-05 1.61586995091056e-05 1.56926998897688e-05 1.56918995344313e-05 1.56899004650768e-05 1.56868009071331e-05 1.59962000907399e-05 1.64360008056974e-05 1.69069007824874e-05 1.74111992237158e-05 1.7593200027477e-05 1.77808997250395e-05 1.79743001353927e-05 1.80418992385967e-05 1.77221008925699e-05 1.74110991792986e-05 1.71086994669167e-05 1.71225001395214e-05 1.74568995134905e-05 1.77727997652255e-05 1.79208000190556e-05 1.8299500879948e-05 1.85179997060914e-05 1.86707002285402e-05 1.8828899555956e-05 1.84412001544842e-05 1.80667993845418e-05 1.77052006620215e-05 1.73510998138227e-05 1.69928007380804e-05 1.66426998475799e-05 1.63006006914657e-05 -3.4e+38 -3.4e+38 -3.4e+38 -3.4e+38 -3.4e+38 -3.4e+38 -3.4e+38 -3.4e+38 -3.4e+38 -3.4e+38 -3.4e+38
-3.4e+38 2.34809995163232e-05 2.33287992159603e-05 2.3022899767966e-05 2.2723199435859e-05 2.24294999497943e-05 2.23824008571682e-05 2.24488994717831e-05 2.24577997869346e-05 2.17379001696827e-05 2.1810499674757e-05 2.18832992686657e-05 2.18573004531208e-05 2.12803006434115e-05 1.97964000108186e-05 1.86512006621342e-05 1.70957991940668e-05 1.63237000379013e-05 1.61467996804276e-05 1.59706996782916e-05 1.57955000759102e-05 1.64238008437678e-05 1.74303004314424e-05 1.84953005373245e-05 1.90638002095511e-05 1.89416005014209e-05 1.88200992852217e-05 1.86994002433494e-05 1.84489999810467e-05 1.78288992174203e-05 1.67383004736621e-05 1.57665999722667e-05 1.56082005560165e-05 -3.4e+38 1.6890000551939e-05 1.75548993865959e-05 1.81632003659615e-05 1.88818994502071e-05 -3.4e+38 2.01721995836124e-05 1.92367006093264e-05 1.8374199498794e-05 1.75786008185241e-05 1.69216000358574e-05 1.65212004503701e-05 1.61272000696044e-05 1.54671997734113e-05 1.49951001731097e-05 1.51044996528071e-05 -3.4e+38 -3.4e+38 -3.4e+38 -3.4e+38 -3.4e+38 -3.4e+38 -3.4e+38 -3.4e+38 -3.4e+38
2.08277997444384e-05 2.08459005079931e-05 2.10180005524307e-05 2.13503008126281e-05 2.1692199879908e-05 2.2043799617677e-05 2.22551007027505e-05 2.23776005441323e-05 2.25176008825656e-05 2.18293007492321e-05 2.19673001993215e-05 2.19880002987338e-05 2.18124005186837e-05 2.13849998544902e-05 2.02362007257761e-05 -3.4e+38 1.89535003300989e-05 1.80406004801625e-05 1.72894997376716e-05 1.65799992828397e-05 1.59095998242265e-05 1.60766994667938e-05 1.65413002832793e-05 1.70371004060144e-05 1.75664008565946e-05 1.7837899576989e-05 1.8040300346911e-05 1.81268005690072e-05 1.8043599993689e-05 1.72107993421378e-05 1.62100004672538e-05 1.53151995618828e-05 1.52518996401341e-05 1.60047002282226e-05 1.68397000379628e-05 1.76190005731769e-05 1.80500992428279e-05 1.8474500393495e-05 -3.4e+38 -3.4e+38 1.87781006388832e-05 1.8343300325796e-05 1.79265007318463e-05 1.72813997778576e-05 1.60337003762834e-05 1.48499002534663e-05 1.37087999974028e-05 1.3517999832402e-05 1.417119983671e-05 1.52860993694048e-05 1.63820004672743e-05 1.68108999787364e-05 1.70217008417239e-05 1.71780993696302e-05 -3.4e+38 -3.4e+38 -3.4e+38 -3.4e+38
1.86216002475703e-05 1.85574008355616e-05 1.89252004929585e-05 1.97300996660488e-05 2.06001004698919e-05 2.15406998904655e-05 2.20515994442394e-05 2.23236002057092e-05 2.25314997805981e-05 2.19210996874608e-05 2.21243008127203e-05 -3.4e+38 -3.4e+38 2.14767005672911e-05 -3.4e+38 -3.4e+38 -3.4e+38 1.93233008758398e-05 1.85011995199602e-05 1.72100008057896e-05 1.59502997121308e-05 1.56558999151457e-05 1.56460992002394e-05 1.56389996845974e-05 1.56310998136178e-05 1.61859006766463e-05 1.6778800272732e-05 1.74123997567222e-05 1.76432004082017e-05 1.66224999702536e-05 1.57064005179564e-05 1.48840999827371e-05 1.49082998177619e-05 1.5792100384715e-05 1.67893995239865e-05 1.76838002516888e-05 1.79383005161071e-05 1.8074499166687e-05 1.81993000296643e-05 -3.4e+38 -3.4e+38 1.83364008989884e-05 1.83393003680976e-05 1.76967005245388e-05 1.55116995301796e-05 -3.4e+38 -3.4e+38 1.22245000966359e-05 1.3737500012212e-05 1.53533001139294e-05 1.74672004504828e-05 1.75378008862026e-05 1.68866008607438e-05 1.62871001521125e-05 1.55868001456838e-05 1.62173000717303e-05 1.69274007930653e-05 -3.4e+38
1.77923993760487e-05 1.78427999344422e-05 1.82422008947469e-05 1.91292001545662e-05 2.00671001948649e-05 2.10915004572598e-05 2.1195399313001e-05 2.0976600353606e-05 2.07616994885029e-05 -3.4e+38 -3.4e+38 -3.4e+38 -3.4e+38 -3.4e+38 2.14733991015237e-05 2.12718005059287e-05 2.10771995625691e-05 2.02457995328587e-05 1.88975991477491e-05 1.8058799469145e-05 1.67125999723794e-05 1.62626001838362e-05 1.60894996952266e-05 1.59198007168015e-05 1.5753299521748e-05 1.62822998390766e-05 1.68393999047112e-05 1.74262004293269e-05 1.76210996869486e-05 1.67920006788336e-05 1.59993996931007e-05 1.52738994074753e-05 1.53062992467312e-05 1.61066000146093e-05 1.6988800780382e-05 1.7779400877771e-05 1.79602993739536e-05 1.80142997123767e-05 1.80562001332873e-05 1.80686001840513e-05 1.8020300558419e-05 1.79671005753335e-05 1.79092003236292e-05 1.72707004821859e-05 1.52880002133315e-05 1.35078998937388e-05 1.21475995911169e-05 -3.4e+38 -3.4e+38 -3.4e+38 1.75184995896416e-05 1.74305005202768e-05 1.66294994414784e-05 1.58894999913173e-05 1.51354997797171e-05 1.51475996972295e-05 1.51876001837081e-05 -3.4e+38
1.84549007826718e-05 1.85862991202157e-05 1.89310994755942e-05 1.95128995983396e-05 2.01301991182845e-05 2.07853991014417e-05 2.09034005820286e-05 2.08343008125667e-05 2.07656994462013e-05 -3.4e+38 -3.4e+38 -3.4e+38 -3.4e+38 2.20422007259913e-05 2.15675008803373e-05 2.11221995414235e-05 2.06675995286787e-05 2.00697995751398e-05 1.93657997442642e-05 1.87008008651901e-05 1.81673003680771e-05 1.80551996891154e-05 1.80365004780469e-05 1.80176994035719e-05 1.79989001480862e-05 1.80161005118862e-05 1.80292990989983e-05 1.80383995029842e-05 1.79590006155195e-05 1.76319008460268e-05 1.71938991115894e-05 1.66413992701564e-05 1.65834007930243e-05 1.70039002114208e-05 1.74316992342938e-05 1.78310001501814e-05 1.79354992724257e-05 1.79101007233839e-05 1.78203008545097e-05 1.77169004018651e-05 1.74130000232253e-05 1.71194005815778e-05 1.68356000358472e-05 1.63253007485764e-05 1.55856996570947e-05 1.49422003232758e-05 1.41836999318912e-05 1.41608998092124e-05 1.49278002936626e-05 1.55720008478966e-05 -3.4e+38 -3.4e+38 1.6238700482063e-05 1.60001000040211e-05 1.57624999701511e-05 1.54126992129022e-05 1.50712003232911e-05 1.47623995871982e-05
-3.4e+38 -3.4e+38 -3.4e+38 -3.4e+38 -3.4e+38 2.04871994355926e-05 2.06182994588744e-05 2.06937002076302e-05 -3.4e+38 -3.4e+38 -3.4e+38 -3.4e+38 -3.4e+38 -3.4e+38 -3.4e+38 2.03065992536722e-05 2.00233007490169e-05 1.98757006728556e-05 1.98584002646385e-05 1.98407997231698e-05 1.98229990928667e-05 1.99265996343456e-05 2.00724007299868e-05 2.02201008505654e-05 2.03698000404984e-05 1.98631005332572e-05 1.9373799659661e-05 1.89012007467682e-05 -3.4e+38 -3.4e+38 -3.4e+38 1.77811998582911e-05 1.77409001480555e-05 1.78287991730031e-05 1.78273003257345e-05 1.7483000192442e-05 1.73826992977411e-05 1.73818007169757e-05 -3.4e+38 1.73630996869178e-05 1.68222995853284e-05 1.63311997312121e-05 1.59052997332765e-05 1.5993500710465e-05 1.64617995324079e-05 1.66958998306654e-05 1.69392005773261e-05 1.64642005984206e-05 1.59107003128156e-05 1.54791996465065e-05 -3.4e+38 -3.4e+38 -3.4e+38 1.60950003191829e-05 1.63491004059324e-05 1.56298992806114e-05 1.49532997966162e-05 1.42612998388358e-05
-3.4e+38 -3.4e+38 -3.4e+38 -3.4e+38 -3.4e+38 -3.4e+38 2.03400995815173e-05 2.05418000405189e-05 -3.4e+38 -3.4e+38 -3.4e+38 -3.4e+38 -3.4e+38 -3.4e+38 -3.4e+38 -3.4e+38 -3.4e+38 -3.4e+38 -3.4e+38 1.9793300452875e-05 1.97455992747564e-05 1.98082998394966e-05 1.99086007341975e-05 2.0009900254081e-05 2.01121001737192e-05 2.02022001758451e-05 -3.4e+38 -3.4e+38 -3.4e+38 -3.4e+38 -3.4e+38 -3.4e+38 -3.4e+38 1.79582002601819e-05 1.77275996975368e-05 1.73765001818538e-05 1.71820993273286e-05 1.70349994732533e-05 1.6890000551939e-05 1.67469006555621e-05 1.63728000188712e-05 1.6016800145735e-05 1.56780006363988e-05 1.58125003508758e-05 1.5907100532786e-05 1.60038998728851e-05 1.62598007591441e-05 1.6278199836961e-05 1.60255003720522e-05 1.58017992362147e-05 -3.4e+38 -3.4e+38 -3.4e+38 -3.4e+38 1.81607992999488e-05 1.72158997884253e-05 1.63252007041592e-05 1.55003999680048e-05
-3.4e+38 -3.4e+38 -3.4e+38 -3.4e+38 -3.4e+38 -3.4e+38 -3.4e+38 -3.4e+38 -3.4e+38 -3.4e+38 -3.4e+38 -3.4e+38 -3.4e+38 -3.4e+38 -3.4e+38 -3.4e+38 -3.4e+38 -3.4e+38 -3.4e+38 -3.4e+38 -3.4e+38 -3.4e+38 -3.4e+38 -3.4e+38 -3.4e+38 -3.4e+38 -3.4e+38 -3.4e+38 -3.4e+38 -3.4e+38 -3.4e+38 1.7972399291466e-05 1.78873997356277e-05 1.76760004251264e-05 1.75642999238335e-05 1.74541000887984e-05 1.71572992258007e-05 1.683980008238e-05 1.65350993484026e-05 1.62427004397614e-05 1.59719002112979e-05 1.57083995873109e-05 1.55068992171437e-05 1.54278004629305e-05 1.55716006702278e-05 1.58295006258413e-05 1.60986000992125e-05 1.6214900824707e-05 1.61739008035511e-05 -3.4e+38 -3.4e+38 -3.4e+38 -3.4e+38 1.80884999281261e-05 1.89298007171601e-05 1.82821004273137e-05 1.73846001416678e-05 1.6506699466845e-05
-3.4e+38 -3.4e+38 -3.4e+38 -3.4e+38 -3.4e+38 -3.4e+38 -3.4e+38 -3.4e+38 -3.4e+38 -3.4e+38 -3.4e+38 -3.4e+38 -3.4e+38 -3.4e+38 -3.4e+38 -3.4e+38 -3.4e+38 -3.4e+38 -3.4e+38 -3.4e+38 -3.4e+38 -3.4e+38 -3.4e+38 -3.4e+38 -3.4e+38 -3.4e+38 -3.4e+38 -3.4e+38 -3.4e+38 -3.4e+38 -3.4e+38 1.74985998455668e-05 1.74852993950481e-05 1.74262004293269e-05 1.73678999999538e-05 1.73103999259183e-05 1.70833991433028e-05 1.67031994351419e-05 1.63409004017012e-05 1.60588006110629e-05 1.58137008838821e-05 1.55735997395823e-05 1.53383007273078e-05 1.51954000102705e-05 1.53686996782199e-05 1.55468005686998e-05 1.5730000086478e-05 1.58597995323362e-05 1.59334995259997e-05 -3.4e+38 -3.4e+38 -3.4e+38 -3.4e+38 1.82249004865298e-05 1.91683993762126e-05 1.89320999197662e-05 1.8717699276749e-05 1.82281000888906e-05
