results/Predictions/Median/Modern.asc
NCOLS 360 
NROWS 180 
XLLCORNER -180 
YLLCORNER -90 
CELLSIZE 1 
NODATA_value -3.4e+38 
[rows 100 to 119 of 180, columns 44 to 87 of 360]
0.000492889026645571 0.000491125974804163 0.000490585982333869 0.0004933419986628 0.00049461901653558 0.000495567976031452 0.000496310007292777 0.000497053028084338 0.000497798027936369 0.000497402972541749 0.000497010012622923 0.000496616994496435 0.000496164022479206 0.000494458014145494 0.000489494006615132 0.000484271004097536 0.000482664996525273 0.000479653012007475 0.000476420013001189 0.000468695012386888 0.0004607790033333 0.0004527659912128 0.0004455310117919 0.000440155010437593 0.000432652013842016 0.000420472002588212 0.000411282002460212 0.000398381991544738 0.00038736400892958 0.000378282013116404 0.00036986600025557 0.000362099992344156 0.000354257004801184 0.000343766994774342 0.000336339988280088 0.000328097987221554 0.000320232007652521 0.000314636999974027 0.000309802009724081 0.000306177011225373 0.000303348002489656 0.000300518004223704 0.000296365993563086 0.000295620993711054
0.000489053025376052 0.000488916004542261 0.000488725025206804 0.000488466990645975 0.000488475023303181 0.000491957005579025 0.000493834028020501 0.000494982989039272 0.000496136024594307 0.000496149994432926 0.000496165012009442 0.000496179971378297 0.000496109016239643 0.000495781016070396 0.000490272010210901 0.000486472999909893 0.000483687006635591 0.000481316004879773 0.000476855988381431 0.000471715989988297 0.000464271986857057 0.000458410999272019 0.00045039999531582 0.000441782001871616 0.000431577005656436 0.000419726013205945 0.000403721001930535 0.000391136010875925 0.000379381992388517 0.000370121008018032 0.000361518003046513 0.000352765986463055 0.000343271007295698 0.000336005992721766 0.000327657005982473 0.00031878799200058 0.000310567003907636 0.000304226006846875 0.000298402999760583 0.000295436999294907 0.000292254990199581 0.000289009010884911 0.000285865011392161 0.000283803994534537
0.000486220000311732 0.000485838012536988 0.000485525990370661 0.000486447010189295 0.00048590698861517 0.000486189994262531 0.000489076017402112 0.000492439023219049 0.000494479027111083 0.000494899984914809 0.000495321000926197 0.000495743995998055 0.00049605401000008 0.000496027991175652 0.000491051992867142 0.000488684978336096 0.000484710995806381 0.000482973991893232 0.000477944005979225 0.000473383988719434 0.000466589990537614 0.000461126997834072 0.000452643987955526 0.000441765994764864 0.000428555009420961 0.000413269008276984 0.000396152987377718 0.000385241000913084 0.000375058007193729 0.000361957994755358 0.000353115989128128 0.000343630003044382 0.000335110991727561 0.000324480992276222 0.000315829005558044 0.000307770009385422 0.000301814987324178 0.000296843005344272 0.00029024900868535 0.000285485992208123 0.000281373009784147 0.000277226994512603 0.000272283010417596 0.000268690986558795
0.000473932013846934 0.00047531200107187 0.000476837012683973 0.000479987007565796 0.000481969997053966 0.000480170012451708 0.000480513990623876 0.000485858006868511 0.000491064973175526 0.000493153987918049 0.000493953004479408 0.000494752021040767 0.000495408021379262 0.000495626009069383 0.00049081101315096 0.000487776007503271 0.000485049007693306 0.000483610987430438 0.000477296009194106 0.000472679996164516 0.000465419987449422 0.000463322008727118 0.000452539010439068 0.000437679991591722 0.000422693992732093 0.000406451988965273 0.00038995299837552 0.000376609998056665 0.000361640006303787 0.000354718009475619 0.000344480009516701 0.000331677991198376 0.000320160994306207 0.000310736999381334 0.00030329599394463 0.000296071986667812 0.000289046001853421 0.000281915010418743 0.000275128986686468 0.000269276002654806 0.000262685993220657 0.000256105995504186 0.000250125012826174 0.000245558010647073
0.000467420002678409 0.000467726989882067 0.000468448008177802 0.000472259009256959 0.000475695007480681 0.000477703986689448 0.000477921013953164 0.000479484006064013 0.00048499001422897 0.000489266007207334 0.000490684993565083 0.000493763014674187 0.000494761974550784 0.000495222979225218 0.000490569975227118 0.000486870005261153 0.000485388009110466 0.000482298986753449 0.000477299996418878 0.000471723004011437 0.000464915996417403 0.000460929004475474 0.00044991698814556 0.000433022010838613 0.000416057999245822 0.000399629003368318 0.000381054007448256 0.000369012996088713 0.000354854011675343 0.000346735992934555 0.00033474899828434 0.000323120009852573 0.000311821000650525 0.000301607011351734 0.000291375006781891 0.000282096007140353 0.000274586986051872 0.000265809008851647 0.000256008992437273 0.000249823002377525 0.000244035996729508 0.000238138003624044 0.000232883001444861 0.000230275996727869
0.000463878008304164 0.000465248012915254 0.000465285003883764 0.000466956000309438 0.000471854000352323 0.000475964014185593 0.000475771987112239 0.000479154987260699 0.000479251000797376 0.000482458010083064 0.000486600998556241 0.000490100996103138 0.000493916973937303 0.000492557010147721 0.000491082028020173 0.000485930999275297 0.000486103002913296 0.000483709009131417 0.000477669993415475 0.00047073801397346 0.000466103985672817 0.000458900001831353 0.000448161008534953 0.000429579988121986 0.000411879998864606 0.000392644986277446 0.000374738010577857 0.000363933009793982 0.000351474998751655 0.000336745986714959 0.000325939006870613 0.00031261399271898 0.000302128988550976 0.000292150012683123 0.000281693995930254 0.000272459001280367 0.000262315006693825 0.000252633995842189 0.0002436850045342 0.000237657994148321 0.00023141699784901 0.000226049000048079 0.000220761998207308 0.000217911001527682
0.000464034994365647 0.000466049008537084 0.00046628201380372 0.000469308986794204 0.000470008002594113 0.000472987012472004 0.000477825989946723 0.00047883199295029 0.000480291986605152 0.000479829002870247 0.000483671989059076 0.000485913013108075 0.000491040991619229 0.000493136991281062 0.000488960009533912 0.00048945500748232 0.000488243997097015 0.000483665004139766 0.000478870992083102 0.000472918996820226 0.000471189996460453 0.000457638001535088 0.000444931007223204 0.0004233029903844 0.000408747990150005 0.000387920008506626 0.000370093999663368 0.0003582609933801 0.000344722007866949 0.000333317992044613 0.000319468992529437 0.000305902998661622 0.000295740988804027 0.000284632988041267 0.000274507998256013 0.000262669986113906 0.000253064994467422 0.00024402400595136 0.000233055005082861 0.000227627999265678 0.000221452006371692 0.000215271997149102 0.000210180005524307 0.000205560005269945
0.000459439994301647 0.000463017000583932 0.000464642012957484 0.000466719007818028 0.000469068996608257 0.000470728002255782 0.000473730004159734 0.000478205009130761 0.000479699985589832 0.000480088987387717 0.000480476999655366 0.000487559998873621 0.00048861198592931 0.000491946004331112 0.000492344028316438 0.000492669001687318 0.000489738013129681 0.000482626986922696 0.000481680006487295 0.000480045011499897 0.000471815001219511 0.000456298992503434 0.000441782991401851 0.000417544011725113 0.000405483995564282 0.000383197999326512 0.000365935993613675 0.000351767987012863 0.0003398270055186 0.000328246009303257 0.000314153992803767 0.000300687010167167 0.000288985000224784 0.000277282000752166 0.00026751498808153 0.000255388004006818 0.000245061004534364 0.000234681996516883 0.000225494994083419 0.000218529996345751 0.000211751001188532 0.00020463700639084 0.000197351997485384 0.000191490995348431
0.00045418698573485 0.000455352012068033 0.000456673005828634 0.000459364004200324 0.000461666990304366 0.000466214987682179 0.000470495986519381 0.000473946012789384 0.000475173001177609 0.000475086999358609 0.000476685003377497 0.000479963986435905 0.00048613001126796 0.000485282012959942 0.000487865996547043 0.00049015402328223 0.000490323000121862 0.000488071003928781 0.000484220014186576 0.000480407994473353 0.000471512990770862 0.000455125991720706 0.000438857998233289 0.000424000987550244 0.000404538004659116 0.000385650986572728 0.000367480999557301 0.000350143993273377 0.000338668993208557 0.000328466994687915 0.000315146986395121 0.000301753985695541 0.000289249001070857 0.000277081999229267 0.000266107992501929 0.000255868013482541 0.00024407499586232 0.000233301994740032 0.000224360002903268 0.000214815998333506 0.000206395998247899 0.000198538997210562 0.000190720995306037 0.000186578996363096
0.00044884200906381 0.000450257008196786 0.000452325999503955 0.000451761996373534 0.000455250003142282 0.000460078998003155 0.00046268998994492 0.000462874013464898 0.000465219985926524 0.0004714019887615 0.000475553999422118 0.000474652013508603 0.00047715101391077 0.000480869988678023 0.000479058013297617 0.000482097006170079 0.000488576013594866 0.000485603988636285 0.000480768998386338 0.00047743201139383 0.000470436993055046 0.000453955988632515 0.000435207999544218 0.000421567994635552 0.000401667988626286 0.000382425001589581 0.000365713989594951 0.000350451999111101 0.000337081990437582 0.000329161994159222 0.000313980010105297 0.000301708991173655 0.000288896990241483 0.000276064994977787 0.000264794012764469 0.000255599006777629 0.000243582995608449 0.000232753998716362 0.000222585993469693 0.000211332997423597 0.000200565002160147 0.000192147999769077 0.000185879995115101 0.000180564995389432
0.000431077001849189 0.000433076987974346 0.000435805006418377 0.000438802991993725 0.000441793992649764 0.000444148987298831 0.000446532008936629 0.000450132007244974 0.000451861007604748 0.000459670991403982 0.000463508011307567 0.000467267003841698 0.00046799099072814 0.000466402008896694 0.000468690996058285 0.000473360007163137 0.00047790099051781 0.000477736000902951 0.000477097986731678 0.000475817010737956 0.000462439988041297 0.000446049001766369 0.000428998988354579 0.000414993002777919 0.000397319992771372 0.000379639997845516 0.00036245200317353 0.000349845999153331 0.000336906989105046 0.000327018002280965 0.000314961012918502 0.000301191001199186 0.000288406008621678 0.00027616901206784 0.000264681992121041 0.000255480001214892 0.000244138995185494 0.000232435995712876 0.000221366004552692 0.000209606005228125 0.000197768997168168 0.000189122001756914 0.000181930998223834 0.000176037006895058
0.000981586985290051 0.000414317008107901 0.00041745399357751 0.000419165007770061 0.000422420998802409 0.000426517013693228 0.000429462001193315 0.00043173399171792 0.000432783999713138 0.00043495898717083 0.000442149001173675 0.000447958009317517 0.000450785999419168 0.000449782004579902 0.000450705992989242 0.000454535998869687 0.000458297989098355 0.000459705013781786 0.000461513991467655 0.000457954010926187 0.000444314995547757 0.000430173997301608 0.000414623995311558 0.000404455990064889 0.000389629014534876 0.000377835996914655 0.000360156991519034 0.000347063993103802 0.000334345997544006 0.000324201013427228 0.000311384006636217 0.000299161009024829 0.000286692986264825 0.000276419013971463 0.00026478900690563 0.000253275997238234 0.00024531499366276 0.000233484999625944 0.000221805996261537 0.000209421006729826 0.000198192996322177 0.000186990000656806 0.000178048998350278 0.000172614003531635
0.000390873989090323 0.000391959008993581 0.000394044007407501 0.000396599993109703 0.00040026698843576 0.000401274010073394 0.000403693004045635 0.000407643994549289 0.000414231995819137 0.000417025992646813 0.000419793010223657 0.000422418001107872 0.000428370985900983 0.000435086985817179 0.000439019000623375 0.000439778988948092 0.000442115007899702 0.000437803013483062 0.000433203007560223 0.000429642997914925 0.000421492994064465 0.00041364599019289 0.00040184598765336 0.000392357993405312 0.000380757992388681 0.00037049301317893 0.000355989002855495 0.000345659995218739 0.000331980001647025 0.000322562002111226 0.000309007009491324 0.00029808099498041 0.000284331996226683 0.000273699988611042 0.00026263200561516 0.000253251986578107 0.000243143003899604 0.000231231999350712 0.000220621004700661 0.00020895799389109 0.00019638599769678 0.000184881995664909 0.000176283007021993 0.000168807993759401
0.00107503996696323 0.010058700107038 0.00035090500023216 0.000356631993781775 0.000362452992703766 0.000432945002103224 0.000369587010936812 0.000371761998394504 0.000373893009964377 0.000376877986127511 0.000379862991394475 0.000383192003937438 0.000386553001590073 0.000390980014344677 0.000394130998756737 0.000396218005334958 0.000396405986975878 0.000393589987652376 0.000389147986425087 0.000392315007047728 0.000388218992156908 0.00037815299583599 0.000369480985682458 0.00036062000435777 0.000356192991603166 0.000344706000760198 0.000333395990310237 0.000326475012116134 0.000317111000185832 0.000308541988488287 0.000297763996059075 0.000285018002614379 0.000273382989689708 0.000262746994849294 0.00025592400925234 0.000248199008638039 0.000236021005548537 0.00022667899611406 0.000214052997762337 0.000203895993763581 0.00019139600044582 0.000179797993041575 0.000170416999026202 0.000161764997756109
0.000291961012408137 0.000294892000965774 0.000298194005154073 0.000305210996884853 0.000308980001136661 0.000319204002153128 0.000318770995363593 0.00280184997245669 0.000327337998896837 0.000330250011757016 0.000332569004967809 0.000335530989104882 0.000339524005539715 0.000341562001267448 0.000341503997333348 0.000346434011589736 0.000348119996488094 0.000347227993188426 0.000348591012880206 0.000350207003066316 0.000347941007930785 0.000342763989465311 0.000339721998898312 0.000335205986630172 0.000328486989019439 0.000321258994517848 0.000315457989927381 0.000308149988995865 0.000298255996312946 0.000289679999696091 0.000279178988421336 0.000271458993665874 0.000261542008956894 0.000254426995525137 0.000247471005422994 0.000235960003919899 0.000228974997298792 0.000272364006377757 0.000251916993875057 0.000193368992768228 0.000185508994036354 0.000174593995325267 0.000164112003403716 0.000153881002916023
0.000247232994297519 0.000250321987550706 0.000254481012234464 0.000259369990089908 0.000265623006271198 0.000269539013970643 0.000272511999355629 0.000276759004918858 0.000279909989330918 0.000283500994555652 0.000286697992123663 0.000289599993266165 0.000292609998723492 0.000296028010779992 0.000299506995361298 0.000302442989777774 0.000304548011627048 0.000304946006508544 0.000306131987599656 0.000305099005345255 0.000306092988466844 0.000304474000586197 0.000303475011605769 0.000299876992357895 0.000295762991299853 0.000291706994175911 0.000287706992821768 0.000282007007626817 0.000273578014457598 0.000265434995526448 0.000259878986980766 0.000253979000262916 0.00024763701367192 0.000238792999880388 0.00022855399583932 0.000444070989033207 0.000325067987432703 0.00247853994369507 0.000194762003957294 0.00018281300435774 0.00017404300160706 0.000164398006745614 0.000155068002641201 0.000145262005389668
0.000198726993403398 0.000203543997486122 0.000208237994229421 0.000213314997381531 0.000218169006984681 0.000222649992792867 0.000227101001655683 0.000231678001000546 0.000235714993323199 0.000238780994550325 0.000241886998992413 0.000244663009652868 0.000247788004344329 0.00024871199275367 0.000251905992627144 0.000256400002399459 0.000259380991337821 0.000259925000136718 0.000261373992543668 0.000261764012975618 0.000262095010839403 0.000262204004684463 0.000261111999861896 0.000262373010627925 0.000258779997238889 0.000336531986249611 0.000251308985752985 0.000247510994086042 0.000291808013571426 0.000238466003793292 0.000382861006073654 0.000225718002184294 0.000218084998778068 0.000211107995710336 0.000205787000595592 0.000345890992321074 0.000257979001617059 0.000185771001270041 0.000179192997165956 0.000170315004652366 0.000159780000103638 0.000150352992932312 0.000141077005537227 0.000131841996335424
0.000157393995323218 0.000160038995090872 0.000163692006026395 0.000167794001754373 0.000171020001289435 0.000175098000909202 0.000178123998921365 0.000182796997250989 0.000187593002920039 0.00019151100423187 0.000195315005839802 0.000199294998310506 0.000202757000806741 0.000205421994905919 0.000207473000045866 0.00020993800717406 0.000212608007132076 0.000214561994653195 0.000216985994484276 0.000220493006054312 0.000221088994294405 0.000223434006329626 0.000223573006223887 0.00022318800620269 0.000221855996642262 0.000220550005906262 0.0117113003507257 0.000217936001718044 0.000213717998121865 0.000209149002330378 0.000206103999516927 0.000201051007024944 0.000196455002878793 0.000191141996765509 0.000187255995115265 0.000182428993866779 0.00017707800725475 0.000172503001522273 0.000165577002917416 0.00015581600018777 0.000146691003465094 0.000137638999149203 0.000129539999761619 0.000120987002446782
0.000125363992992789 0.000128148996736854 0.000131188004161231 0.000133128996822052 0.000135509995743632 0.000139864001539536 0.00014297099551186 0.000145903002703562 0.000148894992889836 0.000151754997204989 0.000154733003000729 0.000157714996021241 0.000160476993187331 0.000162436001119204 0.000164929006132297 0.000167687001521699 0.000169172999449074 0.000171463994774967 0.000173120002727956 0.000174725006218068 0.000175538007169962 0.000176622997969389 0.000179258000571281 0.000180508999619633 0.000181504001375288 0.000181198003701866 0.00018024499877356 0.000178948001121171 0.00017680499877315 0.000174571992829442 0.000172870000824332 0.000169937004102394 0.000166251993505284 0.000162033000378869 0.000157923001097515 0.000153294997289777 0.000147562997881323 0.000142802004120313 0.000137848997837864 0.0001317639980698 0.000124640995636582 0.000118404001113959 0.000112278998130932 0.000105156002973672
9.70926994341426e-05 9.87387029454112e-05 0.00010071699944092 0.000102564998087473 0.000104368002212141 0.000106836996565107 0.000109004002297297 0.000111214001663029 0.000113469002826605 0.000115836999611929 0.000118875002954155 0.000121816003229469 0.000124044992844574 0.000125862003187649 0.000127703999169171 0.000129573993035592 0.000132079992908984 0.000133709007059224 0.000135466994834132 0.00013768499775324 0.000139009993290529 0.000140539006679319 0.000141841999720782 0.000142994002089836 0.00014237999857869 0.000143486002343707 0.000143855999340303 0.000145148995216005 0.000143462006235495 0.000142370001412928 0.000141438998980448 0.000139185998705216 0.000136406000819989 0.000133516994537786 0.000130726999486797 0.000127418999909423 0.00012360600521788 0.000119556003483012 0.000115597998956218 0.000110726999992039 0.000106061997939833 0.000100947996543255 9.54986971919425e-05 9.04159023775719e-05
