results/Predictions/Median/Modern.asc
NCOLS 360 
NROWS 180 
XLLCORNER -180 
YLLCORNER -90 
CELLSIZE 1 
NODATA_value -3.4e+38 
[rows 120 to 139 of 180, columns 132 to 175 of 360]
0.00864998996257782 0.000143466997542419 0.000145222002174705 0.000148584993439727 0.000153625005623326 0.000159204995725304 0.00016486800450366 0.000157767994096503 0.000146913997014053 0.000137750001158565 0.000129666994325817 0.0002421920071356 0.00123131996951997 0.000190710998140275 0.000157112997840159 0.000120090997370426 0.00011953100329265 0.000118659001600463 0.000117821000458207 0.000116985000204295 0.000116290997539181 0.000118058997031767 0.000117185998533387 0.000117864001367707 0.000117360999865923 0.000116859999252483 0.000116169998364057 0.000114522001240402 0.000113866000901908 0.000112068002636079 0.000109350003185682 0.000106697996670846 0.000104111000837293 0.000101197001640685 9.7616299171932e-05 9.41620965022594e-05 9.08302026800811e-05 8.68908973643556e-05 8.28074989840388e-05 7.85352967795916e-05 7.48789025237784e-05 7.05639977240935e-05 6.64519975543953e-05 6.29147034487687e-05
0.000112971996713895 0.000117827999929432 0.000122743003885262 0.000126076993183233 0.000130344997160137 0.000134746005642228 0.000139228999614716 0.000131747001432814 0.000122008001198992 0.000113838999823201 0.00010433400166221 0.00010515000030864 0.000156851994688623 0.000165788005688228 0.000137718001496978 9.37501026783139e-05 9.18562000151724e-05 9.13144031073898e-05 9.14331976673566e-05 9.08483998500742e-05 9.08326983335428e-05 9.08469010028057e-05 9.04097978491336e-05 8.99606020539068e-05 8.95876000868157e-05 8.94507029443048e-05 8.83895991137251e-05 8.74020988703705e-05 8.69454015628435e-05 8.61427033669315e-05 8.44971000333317e-05 8.28828997327946e-05 8.13693986856379e-05 7.93318031355739e-05 7.68952013459057e-05 7.45700017432682e-05 7.2484603151679e-05 6.9310401158873e-05 6.60142977721989e-05 6.28747002338059e-05 6.00286984990817e-05 5.68502982787322e-05 5.42591005796567e-05 5.17000989930239e-05
9.27200017031282e-05 9.85551014309749e-05 0.00010259300324833 0.000107221996586304 0.000109886001155246 0.000112734000140335 0.000115656002890319 0.000109469998278655 0.000100869998277631 9.1184898337815e-05 8.35266982903704e-05 8.09608973213471e-05 7.81264025135897e-05 7.45138968341053e-05 7.26737998775207e-05 9.75251023191959e-05 7.20190000720322e-05 7.15636997483671e-05 7.09228988853283e-05 7.02215984347276e-05 6.98927979101427e-05 6.93377005518414e-05 6.9129302573856e-05 6.82808968122117e-05 6.80610028211959e-05 6.75480987410992e-05 6.75018964102492e-05 6.64563995087519e-05 6.59014986013062e-05 6.51583977742121e-05 6.4544401539024e-05 6.41871010884643e-05 6.30138019914739e-05 6.151099660201e-05 6.01216015638784e-05 5.86766982451081e-05 5.71550990571268e-05 5.50176009710412e-05 5.25563991686795e-05 5.0334299885435e-05 4.84697993670125e-05 4.64783988718409e-05 4.44276993221138e-05 4.20428987126797e-05
7.09852974978276e-05 7.78121029725298e-05 8.41786022647284e-05 8.69384020916186e-05 8.86237030499615e-05 9.01128005352803e-05 9.10454982658848e-05 8.62079032231122e-05 7.90381018305197e-05 7.32568005332723e-05 6.69188011670485e-05 6.50346992188133e-05 6.31782022537664e-05 6.11029026913457e-05 5.91481984884012e-05 5.85041998419911e-05 5.76667007408105e-05 5.68413997825701e-05 5.60738990316167e-05 5.53624013264198e-05 5.46531991858501e-05 5.39003995072562e-05 5.30575998709537e-05 5.23462003911845e-05 5.15362989972346e-05 5.1669998356374e-05 5.11760990775656e-05 5.03148985444568e-05 4.97022010677028e-05 4.92489998578094e-05 4.82163995911833e-05 4.75642009405419e-05 4.67358004243579e-05 4.58012000308372e-05 4.4884298404213e-05 4.37046983279288e-05 4.25377984356601e-05 4.10136999562383e-05 3.95243005186785e-05 3.80888996005524e-05 3.67727989214472e-05 3.52925017068628e-05 3.37273013428785e-05 3.22995001624804e-05
5.48909010831267e-05 6.17808982497081e-05 6.79993027006276e-05 7.19277013558894e-05 7.13390036253259e-05 7.07552026142366e-05 7.02417964930646e-05 6.70476001687348e-05 6.32654991932213e-05 5.87899012316484e-05 5.44419999641832e-05 5.27332013007253e-05 5.08656994497869e-05 4.94751002406701e-05 4.7680801799288e-05 4.67220015707426e-05 4.6010798541829e-05 4.51441992481705e-05 4.41988995589782e-05 4.34235007560346e-05 4.2661700717872e-05 4.19468997279182e-05 4.14198984799441e-05 4.06231010856573e-05 3.98824995500036e-05 3.93554983020294e-05 3.85761995858047e-05 3.77920987375546e-05 3.74217997887172e-05 3.68629007425625e-05 3.61890015483368e-05 3.58848010364454e-05 3.53620998794213e-05 3.45521002600435e-05 3.37404017045628e-05 3.2871601433726e-05 3.21670013363473e-05 3.1074698199518e-05 2.99810999422334e-05 2.9030399673502e-05 2.81173997791484e-05 2.6971700208378e-05 2.58523996308213e-05 2.48958003794542e-05
4.38852985098492e-05 5.0094098696718e-05 5.52355013496708e-05 5.79322986595798e-05 5.7876699429471e-05 5.72181997995358e-05 5.61974993615877e-05 5.37974010512698e-05 5.10026984557044e-05 4.76727000204846e-05 4.48147002316546e-05 4.32453016401269e-05 4.14632013416849e-05 3.98796983063221e-05 3.87705986213405e-05 3.78711993107572e-05 3.69640001736116e-05 3.60869998985436e-05 3.55384981958196e-05 3.49850015481934e-05 3.42443017871119e-05 3.35746990458574e-05 3.28686001012102e-05 3.20877006743103e-05 3.13931013806723e-05 3.07137015624903e-05 3.00937008432811e-05 2.94864003080875e-05 2.88913997792406e-05 2.83323006442515e-05 2.78542993328301e-05 2.72808993031504e-05 2.68068997684168e-05 2.62032008322421e-05 2.54819005931495e-05 2.48517008003546e-05 2.42774003709201e-05 2.35427996813087e-05 2.27071996050654e-05 2.1901199943386e-05 2.10812995646847e-05 2.03812996915076e-05 1.96668006537948e-05 1.89272996067302e-05
3.74896007997449e-05 4.17631017626263e-05 4.60033006675076e-05 4.70558006782085e-05 4.61003000964411e-05 4.55193985544611e-05 4.49491017207038e-05 4.32107990491204e-05 4.11338987760246e-05 3.88957014365587e-05 3.68664987036027e-05 3.53983996319585e-05 3.39522994181607e-05 3.25832006637938e-05 3.13491982524283e-05 3.05060002574464e-05 2.96853995678248e-05 2.8859700250905e-05 2.80468993878458e-05 2.75065995083423e-05 2.69376996584469e-05 2.6419700589031e-05 2.58131003647577e-05 2.51848996413173e-05 2.45720002567396e-05 2.39740002143662e-05 2.33897008001804e-05 2.28197004616959e-05 2.22275994019583e-05 2.1498899513972e-05 2.08924993785331e-05 2.02624996745726e-05 1.96514993149322e-05 1.9137200069963e-05 1.86570996447699e-05 1.81848990905564e-05 1.77247002284275e-05 1.71968003996881e-05 1.6800300727482e-05 1.6281499483739e-05 1.57672002387699e-05 1.52086995512946e-05 1.46627999129123e-05 1.41675000122632e-05
3.18853017233778e-05 3.44483996741474e-05 3.77032010874245e-05 3.90241002605762e-05 3.7985901144566e-05 3.72432004951406e-05 3.618999835453e-05 3.47376990248449e-05 3.31010996887926e-05 3.15416982630268e-05 2.99129005725263e-05 2.8626900530071e-05 2.74680005531991e-05 2.63898000412155e-05 2.54584992944729e-05 2.4824499632814e-05 2.41787001868943e-05 2.33856007980648e-05 2.26374995691003e-05 2.19436005863827e-05 2.12710001505911e-05 2.06748991331551e-05 2.009630043176e-05 1.94422991626197e-05 1.88745998457307e-05 1.83212996489601e-05 1.78006994246971e-05 1.72776999534108e-05 1.67610996868461e-05 1.62735996127594e-05 1.5839199477341e-05 1.5303399777622e-05 1.50052001117729e-05 1.46192996908212e-05 1.42204999065143e-05 0.000297418999252841 1.33555004140362e-05 1.28674000734463e-05 1.23771997095901e-05 1.19058004202088e-05 1.15439997898648e-05 1.11346998892259e-05 1.07870000647381e-05 1.04543996712891e-05
1.90536993613932e-05 2.11604001378873e-05 2.31758003792493e-05 2.43133999902057e-05 2.43154008785496e-05 2.43554004555335e-05 2.41873003687942e-05 2.34545004786924e-05 2.25733001570916e-05 2.17251999856671e-05 2.09088993869955e-05 2.03284998860909e-05 1.9764200260397e-05 1.92156003322452e-05 1.8753200492938e-05 1.84101008926518e-05 1.80733004526701e-05 1.77313995664008e-05 1.72395994013641e-05 1.67127000167966e-05 1.63075001182733e-05 1.59120991156669e-05 1.55030993482796e-05 1.49720999615965e-05 1.43883999044192e-05 1.38579998747446e-05 1.33675002871314e-05 1.29291001940146e-05 1.24364996736404e-05 1.20196000352735e-05 1.16308001452126e-05 1.12524003270664e-05 1.08928998088231e-05 1.05533999885665e-05 1.02314998002839e-05 9.90141961665358e-06 9.5631603471702e-06 9.21917035157094e-06 8.86737961991457e-06 8.51662025525002e-06 8.19968954601791e-06 7.92339960753452e-06 7.66912035032874e-06 7.42301017453428e-06
1.09963002614677e-05 1.26400000226567e-05 1.44409996210015e-05 1.55229008669266e-05 1.55436991917668e-05 1.58959992404561e-05 1.61132993525825e-05 1.59425999299856e-05 1.56539008457912e-05 1.53178007167298e-05 1.4936499610485e-05 1.46555003084359e-05 1.43778997880872e-05 1.41338996400009e-05 1.39286003104644e-05 1.37580000227899e-05 1.35586997203063e-05 1.33284002004075e-05 1.30172002172912e-05 1.26513996292488e-05 1.23445997814997e-05 1.20452996270615e-05 1.16155997602618e-05 1.11953995656222e-05 1.07325004137238e-05 1.02772000900586e-05 9.84688995231409e-06 9.47843000176363e-06 9.1010097094113e-06 8.76147987582954e-06 8.40314987726742e-06 8.07121978141367e-06 7.77235982241109e-06 7.49932996768621e-06 7.26010011931066e-06 7.02380020811688e-06 6.77050002195756e-06 6.51881009616773e-06 6.26842984274845e-06 6.0276602198428e-06 5.79614015805419e-06 0.000218668996240012 2.6613699446898e-05 5.23655990036787e-06
6.25605980530963e-06 7.43599002817064e-06 8.54383961268468e-06 9.43458962865407e-06 9.77610034169629e-06 1.0056500286737e-05 1.04506998468423e-05 1.0409999958938e-05 1.02677004178986e-05 1.01323003036669e-05 9.96140988718253e-06 9.89054024103098e-06 9.85989026958123e-06 9.82933033810696e-06 9.7707697932492e-06 9.69185020949226e-06 9.61358000495238e-06 9.53595008468255e-06 9.41006965149427e-06 9.19654030440142e-06 9.00068971532164e-06 8.80168954608962e-06 8.47827959660208e-06 8.15204020909732e-06 7.83658015279798e-06 7.50654999137623e-06 7.19997979103937e-06 6.89171019985224e-06 6.59422994431225e-06 6.30393014944275e-06 6.05357990934863e-06 5.80978985453839e-06 5.57584007765399e-06 5.36708012077725e-06 5.18280012329342e-06 5.00181022289325e-06 4.82717996419524e-06 4.67326981379301e-06 4.8877200242714e-06 4.32152000939823e-06 4.16823013438261e-06 4.0281797737407e-06 3.89285014534835e-06 3.76206003238622e-06
3.68600990441337e-06 4.31421995017445e-06 5.06089008922572e-06 5.53135987502174e-06 5.82839993512607e-06 6.09205017099157e-06 6.29046007816214e-06 6.4063001445902e-06 6.47974002276896e-06 6.45099999019294e-06 6.41554015601287e-06 6.45316004010965e-06 6.48303011985263e-06 6.49742014502408e-06 6.52328981232131e-06 6.557219876413e-06 6.57737018627813e-06 6.59016995996353e-06 6.54851010040147e-06 6.45377986074891e-06 6.3512297856505e-06 6.24783979219501e-06 6.0488200688269e-06 5.798890015285e-06 5.56210989088868e-06 5.36182005816954e-06 5.14078010382946e-06 4.91863011120586e-06 4.69394990432193e-06 4.48560012955568e-06 4.31528997069108e-06 4.16411012338358e-06 4.01469014832401e-06 3.87045020033838e-06 3.74141995962418e-06 3.61670004167536e-06 3.49613992511877e-06 3.36510993292904e-06 3.23499989463016e-06 3.1082599889487e-06 2.99335010822688e-06 2.89373997475195e-06 2.79503001365811e-06 2.69932002083806e-06
2.19104003917892e-06 2.60162005361053e-06 2.98797999676026e-06 3.30676994053647e-06 3.48271009897871e-06 3.7058000543766e-06 3.8538901208085e-06 3.97459007217549e-06 4.0537997847423e-06 4.13183988712262e-06 4.14680016547209e-06 4.19424986830563e-06 4.25879989052191e-06 4.32433989772107e-06 4.38282995673944e-06 4.42796999777784e-06 4.48626997240353e-06 4.55379995401017e-06 4.57294981970335e-06 4.53122993349098e-06 4.48768014393863e-06 4.43636008640169e-06 4.31407988799037e-06 4.15809017795254e-06 4.02098021368147e-06 3.88239004678326e-06 3.70513998859678e-06 3.5354501051188e-06 3.37112010129204e-06 3.22014989251329e-06 3.0986000183475e-06 2.98231998385745e-06 2.85757005258347e-06 2.76169998869591e-06 2.67747009274899e-06 2.59021999227116e-06 2.50582002081501e-06 2.41520001509343e-06 2.32484990192461e-06 2.23669007937133e-06 2.15105001188931e-06 2.0743800632772e-06 2.00043996301247e-06 1.93079995369771e-06
1.66058998729568e-06 1.86160002613178e-06 2.0540499008348e-06 2.207639909102e-06 2.34636991081061e-06 2.47385992224736e-06 2.56220005212526e-06 2.66239999291429e-06 2.73133991868235e-06 2.76279001809598e-06 2.79428991234454e-06 2.84555994767288e-06 2.88217006527702e-06 2.93378002425015e-06 2.98987993119226e-06 3.03781007460202e-06 3.08222001876857e-06 3.1272800242732e-06 3.13720988742716e-06 3.11165990751761e-06 3.08632002088416e-06 3.06304991681827e-06 2.98656004815712e-06 2.89061995317752e-06 2.79779010270431e-06 2.70995997198042e-06 2.58531008512364e-06 2.47698994826351e-06 2.36668006436958e-06 2.26452993956627e-06 2.17529009205464e-06 2.08855999517255e-06 2.00518002202443e-06 1.9326000710862e-06 1.87181001365389e-06 1.81583004632557e-06 1.76154003383999e-06 1.70333998994465e-06 1.64521998158307e-06 1.58259001636907e-06 1.52381005591451e-06 1.47630998981185e-06 1.4329699524751e-06 1.38733003041125e-06
1.20540994430485e-06 1.29391003156343e-06 1.40499003009609e-06 1.49892002809793e-06 1.57074998696771e-06 1.63576999057113e-06 1.71374995261431e-06 1.77643005372374e-06 1.83112001650443e-06 1.85409999176045e-06 1.87231000836618e-06 1.90732998817111e-06 1.94301992451074e-06 1.97937993107189e-06 2.01545003619685e-06 2.04925004254619e-06 2.08361007025815e-06 2.11854990084248e-06 2.13138991966844e-06 2.12289000955934e-06 2.1200598894211e-06 2.12649001696263e-06 2.08548999580671e-06 2.02834007723141e-06 1.96720998246747e-06 1.90737000593799e-06 1.82461997155769e-06 1.74536000940861e-06 1.66902998444129e-06 1.5975399492163e-06 1.53560995386215e-06 1.47199000366527e-06 1.41296004585456e-06 1.36369999381714e-06 1.32544005282398e-06 1.28978001612268e-06 1.25696999475622e-06 1.21765003768814e-06 1.1752599675674e-06 1.13767998755065e-06 1.10178996237664e-06 1.07123003090237e-06 1.04199000361405e-06 1.0113900543729e-06
8.93116009592632e-07 9.50321975778934e-07 1.01500995697279e-06 1.07084997580387e-06 1.11982001271826e-06 1.17164995572239e-06 1.21823995868908e-06 1.25333997402777e-06 1.27120995330188e-06 1.28933004361897e-06 1.30772002648882e-06 1.33697994897375e-06 1.36690005092532e-06 1.3972900205772e-06 1.42483997933596e-06 1.45131002682319e-06 1.47827995533589e-06 1.50574999224773e-06 1.5177199657046e-06 1.51381004798168e-06 1.50991002101364e-06 1.51004996951087e-06 1.4771600262975e-06 1.43619001846673e-06 1.3967400036563e-06 1.35455002236995e-06 1.29729005493573e-06 1.24584005334327e-06 1.19644005280861e-06 1.14965996544925e-06 1.10660994323553e-06 1.06522998066794e-06 1.02536000667897e-06 9.92299987956358e-07 9.63804041020921e-07 9.35915011268662e-07 9.08856975456729e-07 8.8092900796255e-07 8.53329993333318e-07 8.26600000891631e-07 8.0071197317011e-07 7.79623974267452e-07 7.59094973545871e-07 7.39108998004667e-07
7.09611981619673e-07 7.44448982459289e-07 7.85901022481994e-07 8.16670024050836e-07 8.45523004500137e-07 8.65859021814686e-07 8.87503006197221e-07 9.03349018699373e-07 9.17338979888882e-07 9.32625027871836e-07 9.49963009588828e-07 9.70985979620309e-07 9.9247301932337e-07 1.01444004485529e-06 1.03681998098182e-06 1.05823994545062e-06 1.07709001895273e-06 1.09627001165791e-06 1.10477003545384e-06 1.1023199704141e-06 1.09988002350292e-06 1.0974399629049e-06 1.0758500366137e-06 1.04849004856078e-06 1.0211000471827e-06 9.91225988400402e-07 9.53629012201418e-07 9.18076011657831e-07 8.83068025814282e-07 8.45509021019097e-07 8.12602991118183e-07 7.80984976245236e-07 7.50605011035077e-07 7.24392975826049e-07 7.01990984453005e-07 6.80284983900492e-07 6.57671989756636e-07 6.36764980299631e-07 6.16919976437202e-07 7.27757992535771e-07 7.77041975652537e-07 5.6265599823746e-07 5.46704995940672e-07 5.31209025211865e-07
5.48437014913361e-07 5.68870007100486e-07 5.88548004998302e-07 6.0670197399304e-07 6.22996992660774e-07 6.3874398392727e-07 6.54831978863513e-07 6.68445977680676e-07 6.8130998442939e-07 6.9329200869106e-07 7.05381012267026e-07 7.18071987648727e-07 7.30050999209197e-07 7.4222998591722e-07 7.54894983856502e-07 7.68631991832081e-07 7.82620020345348e-07 7.96864981111867e-07 8.03669991000788e-07 8.02842976099782e-07 8.02016984380316e-07 8.01565022356954e-07 7.87428007242852e-07 7.67770984566596e-07 7.47037972814724e-07 7.2828498787203e-07 6.99464010267548e-07 6.71790019168839e-07 6.45217994588165e-07 6.19065986029455e-07 5.92023013723519e-07 5.66163009807497e-07 5.41434019396547e-07 5.19750017247134e-07 5.00825990457088e-07 4.82593009110133e-07 4.65025010498721e-07 4.50226991688396e-07 6.00159978603187e-07 2.43693989432359e-06 4.10544998885598e-07 3.98845003246606e-07 3.87477996355301e-07 3.76435991711332e-07
4.10321007393577e-07 4.26432990252579e-07 4.43344987388627e-07 4.60613989616832e-07 4.75786009701551e-07 4.89379999635275e-07 5.02536011026677e-07 5.14262978867919e-07 5.25620976077334e-07 5.37187986537901e-07 5.4896798928894e-07 5.59636021080223e-07 5.7046901247304e-07 5.81467986648931e-07 5.92396986576205e-07 6.032669830347e-07 6.13035979313281e-07 6.22351024048839e-07 6.25926020347833e-07 6.23660980636487e-07 6.21404012690618e-07 6.19155002823391e-07 6.06635978783743e-07 5.89460000810504e-07 5.7268300679425e-07 5.56384009087196e-07 5.31927980773617e-07 5.08547998379072e-07 4.86198018734285e-07 4.64680994127775e-07 4.43689998519403e-07 4.23648003788912e-07 4.04512007889934e-07 3.87514006661149e-07 3.72452007013635e-07 3.58177999260079e-07 3.44714010225289e-07 3.33938004359879e-07 3.24159998399409e-07 3.14669989620597e-07 3.05460986282924e-07 2.97996990639149e-07 2.90716997142226e-07 2.83616998331127e-07
3.0774799597566e-07 3.20746011084339e-07 3.3613599725868e-07 3.48931990856727e-07 3.60234992058395e-07 3.71906992313598e-07 3.83958990823885e-07 3.93732989323325e-07 4.02848996827743e-07 4.12177996622631e-07 4.21724990928851e-07 4.30086998903789e-07 4.3861601284334e-07 4.47316011786825e-07 4.55447008107512e-07 4.61467010381966e-07 4.67862008690645e-07 4.74536989258922e-07 4.76449002917434e-07 4.73537994594153e-07 4.70646000394481e-07 4.67771002377049e-07 4.56831998008056e-07 4.43580006503907e-07 4.31306006021259e-07 4.19371986026817e-07 4.01518008175117e-07 3.84782993023691e-07 3.68850010090682e-07 3.53354010940166e-07 3.37861990828969e-07 3.23054990758465e-07 3.08902997403493e-07 2.96334007998666e-07 2.85204009742301e-07 2.74314004400367e-07 2.63329013705516e-07 2.5418700033697e-07 2.45816011101851e-07 2.37720996665303e-07 2.29893998948683e-07 2.24144997673648e-07 2.18539000229612e-07 2.1307499764589e-07
