results/Predictions/Median/Modern.asc
NCOLS 360 
NROWS 180 
XLLCORNER -180 
YLLCORNER -90 
CELLSIZE 1 
NODATA_value -3.4e+38 
[rows 60 to 79 of 180, columns 88 to 131 of 360]
0.21500900387764 0.254570990800858 0.318165004253387 0.338425010442734 0.345120996236801 0.356362998485565 0.363992989063263 0.371026992797852 0.374475002288818 0.379359006881714 0.390383005142212 0.391970008611679 0.114777997136116 0.000578764011152089 0.000571104988921434 0.000413222005590796 0.000385547988116741 0.000393797003198415 0.000385319988708943 0.000376823998522013 0.000367022992577404 0.00036154399276711 0.000353092007571831 0.000345615000696853 0.00033978300052695 0.000332019990310073 0.000321703002555296 0.00031321999267675 0.000303973007248715 0.000298764003673568 0.000292593991616741 0.000285240996163338 0.000279967993265018 0.000276954990113154 0.000272970995865762 0.000268775009317324 0.000266741000814363 0.000266181014012545 0.000265793991275132 0.00026540900580585 0.00026547399465926 0.000266107002971694 0.000265807000687346 0.000263708003330976
0.303833991289139 0.317303001880646 0.320892006158829 0.10079800337553 0.000440665986388922 0.123438000679016 0.358758985996246 0.370323985815048 0.378006011247635 0.377918004989624 0.406181007623672 0.425033986568451 0.41609799861908 0.000637961027678102 0.000499239016789943 0.000417113013099879 0.000423088989919052 0.000429623003583401 0.000425280013587326 0.000420416996348649 0.000412674009567127 0.000408268999308348 0.000402078992919996 0.000396374991396442 0.000389649998396635 0.000375692994566634 0.000362385006155819 0.00035115799983032 0.000342851999448612 0.000333086005412042 0.000321658997563645 0.000313022988848388 0.000305035995552316 0.000301155989291146 0.000298188999295235 0.000296154001262039 0.000294944999041036 0.000294531986583024 0.000294297991786152 0.000295292993541807 0.000296276994049549 0.000297599995974451 0.000296771991997957 0.000295428006211296
0.302388995885849 0.124159000813961 0.00270361010916531 0.000235660001635551 0.000239803004660644 0.000254543003393337 0.062474898993969 0.376551985740662 0.386474996805191 0.382743000984192 0.42823401093483 0.460198998451233 0.476916998624802 0.481164991855621 0.478453010320663 0.000443611992523074 0.000442621996626258 0.000445356010459363 0.000445384008344263 0.000446627003839239 0.000447224010713398 0.000447781989350915 0.000445551995653659 0.000443817989435047 0.000438215007307008 0.000429751991759986 0.000412558001698926 0.000399540003854781 0.000384012993890792 0.000369162007700652 0.000359121011570096 0.000344047992257401 0.000335168006131425 0.000332964991685003 0.000330799986841157 0.000327912013744935 0.000328080001054332 0.000328132999129593 0.000330779992509633 0.000332169991452247 0.000328775000525638 0.00032973600900732 0.000327204004861414 0.00032321599428542
0.000257500010775402 0.000268528005108237 0.000280354986898601 0.000291792006464675 0.000307712994981557 0.000325928995152935 0.000336675002472475 0.440149992704391 0.459823995828629 0.477869004011154 0.486016988754272 0.504458010196686 0.511256992816925 0.512228012084961 0.524309992790222 0.164480000734329 0.00045800898806192 0.000459694012533873 0.000459614006103948 0.000458961992990226 0.000461141986306757 0.000462700991192833 0.000463617994682863 0.000463222007965669 0.00046501899487339 0.000461880990769714 0.000457117013866082 0.00044952699681744 0.000436331989476457 0.000420667987782508 0.000402600009692833 0.000381029996788129 0.000373412010958418 0.000371341011486948 0.000368264998542145 0.000364721985533834 0.000364464009180665 0.000363889994332567 0.000363812985597178 0.000363722996553406 0.000361371989129111 0.000357679993612692 0.000354263989720494 0.000347742985468358
0.000346513988915831 0.000344225991284475 0.000350407004589215 0.000364468985935673 0.000376746989786625 0.000386733998311684 0.000401385012082756 0.4738529920578 0.4964419901371 0.508530974388123 0.513352990150452 0.529586970806122 0.536153018474579 0.538881003856659 0.528033018112183 0.510281026363373 0.000473052990855649 0.000472818996058777 0.000472834013635293 0.000472457002615556 0.000472276005893946 0.000472846004413441 0.000473786989459768 0.000475509004900232 0.000476446002721786 0.000474622007459402 0.000473202002467588 0.000470744009362534 0.00046639601350762 0.0004610950127244 0.000443694996647537 0.00042289900011383 0.000409975007642061 0.000405698985559866 0.000401116005377844 0.000397191004594788 0.000395314011257142 0.000394081987906247 0.000393160997191444 0.000392293994082138 0.000387497013434768 0.000382580998120829 0.000378642987925559 0.000372848007827997
0.000417797011323273 0.000409514992497861 0.000411893997807056 0.0896947011351585 0.0240244995802641 0.000492575985845178 0.000443886005086824 0.306946009397507 0.514285027980804 0.53191602230072 0.521459996700287 0.532555997371674 0.533164978027344 0.525005996227264 0.528679013252258 0.539255976676941 0.51086699962616 0.00371312000788748 0.000485716009279713 0.000484874995891005 0.00048543099546805 0.000486289995023981 0.000485492986626923 0.000484726013382897 0.000485104013932869 0.000484310992760584 0.000482837000163272 0.000482211005873978 0.000479418988106772 0.000474714004667476 0.000471631996333599 0.000459606002550572 0.000448089005658403 0.000444250996224582 0.000439872994320467 0.000434029003372416 0.000431675987783819 0.000428600993473083 0.000427457998739555 0.000426457991125062 0.000418098992668092 0.000410681997891515 0.000405267986934632 0.00039791499148123
0.000458635011455044 0.0405066013336182 0.206300005316734 0.520829975605011 0.506816029548645 0.0372406989336014 0.000520410016179085 0.000470283004688099 0.000779498019255698 0.513222992420197 0.531686007976532 0.525201976299286 0.519677996635437 0.520371973514557 0.525002002716064 0.534370005130768 0.544933021068573 0.478071004152298 0.000503302027937025 0.000503777002450079 0.000505985983181745 0.000502482987940311 0.0004980230005458 0.000493313011247665 0.000489059020765126 0.00048936199164018 0.000488294987007976 0.000487796001834795 0.000488955003675073 0.000484207004774362 0.00047935001202859 0.000473749998491257 0.000470352009870112 0.000470380997285247 0.000469535007141531 0.00046656301128678 0.000464214012026787 0.00046302200644277 0.000461409013951197 0.000459803006378934 0.000451025000074878 0.000441837008111179 0.000431558000855148 0.000420928001403809
0.296829998493195 0.530646026134491 0.536134004592896 0.53565901517868 0.532402992248535 0.509634017944336 0.000529849028680474 0.515309989452362 0.530119001865387 0.542541980743408 0.530566990375519 0.510834991931915 0.52898097038269 0.531302988529205 0.52563202381134 0.531409978866577 0.546393990516663 0.556199014186859 0.543326020240784 0.162007004022598 0.000533499987795949 0.000521026027854532 0.00051129498751834 0.000498501001857221 0.000489745987579226 0.000491102982778102 0.000491822022013366 0.000492444029077888 0.000493548985105008 0.000489574973471463 0.000487493991386145 0.000480810005683452 0.000478516012663022 0.000477966998005286 0.000477844994748011 0.000478014000691473 0.000476560991955921 0.000475462002214044 0.000473188993055373 0.000470717990538105 0.000466522993519902 0.000460837007267401 0.00045537599362433 0.000446427002316341
0.519236981868744 0.518894016742706 0.519600987434387 0.526660025119781 0.532512009143829 0.521326005458832 0.000583077024202794 0.53982800245285 0.538954973220825 0.540641009807587 0.530503988265991 0.282759994268417 0.527431011199951 0.527662992477417 0.526166021823883 0.522751986980438 0.515699982643127 0.000583214976359159 0.529655992984772 0.532853007316589 0.514128983020782 0.0346948988735676 0.000478692003525794 0.000483398005599156 0.000490396982058883 0.00049052300164476 0.00049065297935158 0.000491268991027027 0.000490889011416584 0.000487610988784581 0.000487309996969998 0.000483917014207691 0.000481588998809457 0.000480505987070501 0.000478361005662009 0.000477414985653013 0.000474686996312812 0.000472793995868415 0.000471859995741397 0.000468926999019459 0.000466244004201144 0.000462536991108209 0.000457804009784013 0.000451973988674581
0.511762976646423 0.496270000934601 0.499861001968384 0.515733003616333 0.514891982078552 0.517976999282837 0.000474069995107129 0.000471787003334612 0.000472904008347541 0.000473469990538433 0.000472657004138455 0.00245365011505783 0.000469385995529592 0.524635970592499 0.526525974273682 0.519742012023926 0.521764993667603 0.504085004329681 0.221121996641159 0.502417027950287 0.114207997918129 0.263392001390457 0.490684986114502 0.0198762007057667 0.000493247993290424 0.000491747981868684 0.000490390986669809 0.000489205995108932 0.00048790400614962 0.000488246005261317 0.000486623990582302 0.000486565986648202 0.000483762007206678 0.000482500006910414 0.000481241004308686 0.000479044014355168 0.000477144989417866 0.000473905995022506 0.00046969301183708 0.000466194003820419 0.00046251600724645 0.000459448987385258 0.000457145011750981 0.000451817002613097
-3.4e+38 -3.4e+38 -3.4e+38 0.510948002338409 0.519174993038177 0.00107857002876699 0.000472971994895488 0.000470561004476622 0.000467242003651336 0.000464945012936369 0.498526006937027 0.000650248024612665 0.00171896000392735 0.0182284992188215 0.525011003017426 0.300078988075256 0.0531124994158745 0.000789696990977973 0.520861029624939 0.527235984802246 0.52216500043869 0.522687017917633 0.526489973068237 0.39937698841095 0.000489890982862562 0.000489201978780329 0.000488805992063135 0.000488229998154566 0.000488234014483169 0.000488676014356315 0.000489121011923999 0.000488699006382376 0.000486642005853355 0.000485094991745427 0.000483479001559317 0.000480941002024338 0.000478392001241446 0.000474102998850867 0.000469544989755377 0.000465143006294966 0.000460870011011139 0.000455650995718315 0.000452303007477894 0.00044787599472329
-3.4e+38 -3.4e+38 -3.4e+38 0.527606010437012 0.515087008476257 0.000523971975781024 0.000481108989333734 0.387621998786926 0.432606995105743 0.000522089016158134 0.00046147799002938 0.000464279000880197 0.000470975006464869 0.529043972492218 0.533271014690399 0.521282970905304 0.0414211004972458 0.515219986438751 0.527263998985291 0.52276599407196 0.130533993244171 0.52131199836731 0.532949984073639 0.533504009246826 0.522055983543396 0.288275003433228 0.344146996736526 0.433964014053345 0.364387989044189 0.0891254022717476 0.000486684002680704 0.000486414995975792 0.000485205004224554 0.000483076000818983 0.000482100993394852 0.000481133989524096 0.00047687700134702 0.000471968989586458 0.000467856996692717 0.000463762989966199 0.00045785799738951 0.00045238999882713 0.000448220991529524 0.000443338009063154
-3.4e+38 -3.4e+38 -3.4e+38 -3.4e+38 0.499253004789352 0.00049217400373891 0.000488537014462054 0.000608848000410944 0.0970377027988434 0.000725910009350628 0.00276815006509423 0.0250749997794628 0.00076084298780188 0.524604022502899 0.525457978248596 0.532594978809357 0.22197699546814 0.00106326001696289 0.000590368988923728 0.000483543000882491 0.528807997703552 0.000869231997057796 0.000959793978836387 0.000945636013057083 0.535996973514557 0.536670029163361 0.516813993453979 0.132969006896019 0.541921019554138 0.541539013385773 0.252905011177063 0.000484070013044402 0.000481544993817806 0.000479871989227831 0.000476846995297819 0.000474130007205531 0.000470972008770332 0.000468552985694259 0.000466160010546446 0.000461913004983217 0.000455202010925859 0.000449502986157313 0.000444331002654508 0.00044040399370715
-3.4e+38 -3.4e+38 -3.4e+38 -3.4e+38 0.525263011455536 0.495570987462997 0.501739978790283 0.512498021125793 0.519991993904114 0.512924015522003 0.504822015762329 0.520313024520874 0.50237101316452 0.521923005580902 0.0474250987172127 0.000602626008912921 0.000473369989776984 0.000468067009933293 0.000471231003757566 0.000475001987069845 0.000479353009723127 0.000479284004541114 0.000477068009786308 0.000476093002362177 0.000475122011266649 0.000477321009384468 0.000479879003250971 0.000481961003970355 0.000612900999840349 0.175332993268967 0.536737978458405 0.0559512004256248 0.00047667499165982 0.000475089997053146 0.000473513995530084 0.000471948995254934 0.000469605001853779 0.000467087986180559 0.000463067990494892 0.000458216993138194 0.000453902990557253 0.000450085004558787 0.000444922014139593 0.000439661991549656
-3.4e+38 -3.4e+38 -3.4e+38 -3.4e+38 -3.4e+38 -3.4e+38 0.52852600812912 0.529770016670227 0.527029991149902 0.524984002113342 0.522734999656677 0.520685017108917 0.519055008888245 0.194598004221916 0.000484110991237685 0.000452300009783357 0.000458119000541046 0.000461924995761365 0.000464640994323418 0.000467220990685746 0.000470339989988133 0.00047262100270018 0.000474428990855813 0.000476844987133518 0.00047979099326767 0.00047987699508667 0.000480218004668131 0.000480669987155125 0.175494000315666 0.000486205011839047 0.527476012706757 0.00068213400663808 0.000472910993266851 0.000472721003461629 0.000472531013656408 0.000471205014036968 0.000468915008241311 0.000466038996819407 0.00046187499538064 0.000457398011349142 0.00045406399294734 0.000449726008810103 0.000444508012151346 0.000439377006841823
0.518182992935181 -3.4e+38 -3.4e+38 -3.4e+38 -3.4e+38 -3.4e+38 0.530943989753723 0.530629992485046 0.520964026451111 0.52335798740387 0.51046097278595 0.00338293006643653 0.000440328993136063 0.000452718988526613 0.000530897988937795 0.000444386008894071 0.000453699001809582 0.000459028990007937 0.000462530995719135 0.000465794990304857 0.000471069011837244 0.000474102998850867 0.000476676010293886 0.000479884998640046 0.000481555995065719 0.000481468014186248 0.000481071998365223 0.0004806779907085 0.000825605005957186 0.000503469025716186 0.53566300868988 0.503502011299133 0.000476240005809814 0.000468704005470499 0.000468251993879676 0.000469538004836068 0.000467008008854464 0.000462897995021194 0.000459753995528445 0.000456339999800548 0.0004513309977483 0.000447366997832432 0.000442021002527326 0.000436614995123819
0.516001999378204 0.514769971370697 0.521309971809387 0.521723985671997 -3.4e+38 -3.4e+38 -3.4e+38 0.514537990093231 0.523567020893097 0.520559012889862 0.498261004686356 0.00368758011609316 0.00101895001716912 0.00053419399773702 0.000440013012848794 0.000442149990703911 0.000449684011982754 0.000458692986285314 0.000465046992758289 0.000474200991448015 0.000482025003293529 0.000542316993232816 0.000482025003293529 0.000481069990200922 0.000479562004329637 0.000480487011373043 0.000481592986034229 0.000482228002510965 0.00475161010399461 0.000592436001170427 0.514461994171143 0.216722995042801 0.486703008413315 0.000462308002170175 0.000463261007098481 0.000465479999547824 0.00046338199172169 0.000460765993921086 0.000456092006061226 0.000450711988378316 0.000446337013272569 0.000442146003479138 0.000438732007751241 0.000435207010013983
0.000441821001004428 0.000444136006990448 0.501504004001617 0.510354995727539 0.524116992950439 0.515631020069122 -3.4e+38 0.519726991653442 0.522643029689789 0.516333997249603 0.0136764002963901 0.000443786004325375 0.000439995987107977 0.000439724011812359 0.000439702009316534 0.000441920012235641 0.000446099991677329 0.00045910500921309 0.000474959990242496 0.518225014209747 0.527473986148834 0.53351902961731 0.522608995437622 0.489621996879578 0.0187772996723652 0.0304381009191275 0.000590808980632573 0.00136154994834214 0.0256846006959677 0.000472732004709542 0.519733011722565 0.00121073995251209 0.00150144996587187 0.000455097993835807 0.000460687006125227 0.000464713986730203 0.000462535012047738 0.000457649002783 0.000454866007203236 0.00044976599747315 0.000444569013779983 0.000440987991169095 0.000437904003774747 0.000434919988038018
0.000441773008788005 0.000442633987404406 0.000441656011389568 0.000442060001660138 0.497931003570557 0.513006985187531 0.511615991592407 0.519730985164642 0.524074018001556 0.499096006155014 0.000492942985147238 0.000442268006736413 0.000442374002886936 0.000441806012531742 0.000440386997070163 0.000440386997070163 0.0642125979065895 0.495222985744476 0.500743985176086 0.451187014579773 0.506434977054596 0.425273001194 0.51529198884964 0.509288012981415 0.0326852016150951 0.478796005249023 0.490601986646652 0.507942020893097 0.50927197933197 0.495095014572144 0.519810020923615 0.498822003602982 0.000485852011479437 0.000458057009382173 0.000454241002444178 0.000457390997326002 0.000456000008853152 0.000453145010396838 0.00045081099960953 0.000448047008831054 0.000445445999503136 0.000441540993051603 0.000439680006820709 0.000436759990407154
0.000441534008132294 0.000441865995526314 0.000441995012806728 0.000442288990598172 0.000445782992755994 0.500961005687714 0.517369985580444 0.523595988750458 0.527001976966858 0.49796399474144 0.000455192988738418 0.000449699000455439 0.000449757004389539 0.000450355990324169 0.000446132005890831 0.217432007193565 0.516223013401031 0.516206026077271 0.517987012863159 0.414088994264603 0.435337990522385 0.458324998617172 0.507544994354248 0.518602013587952 0.509140014648438 0.488346993923187 0.516677021980286 0.507233023643494 0.517015993595123 0.517664015293121 0.51875501871109 0.519860982894897 0.201142996549606 0.000450354011263698 0.000450283987447619 0.00044901599176228 0.000447839993285015 0.000448228005552664 0.000448865990620106 0.000449504004791379 0.000448509003035724 0.000442663993453607 0.000439247000031173 0.000439096009358764
