results/Predictions/Median/Modern.asc
NCOLS 360 
NROWS 180 
XLLCORNER -180 
YLLCORNER -90 
CELLSIZE 1 
NODATA_value -3.4e+38 
[rows 0 to 19 of 180, columns 88 to 131 of 360]
3.14438999282629e-08 3.14344994478688e-08 3.14236991982852e-08 3.14113002275462e-08 3.13990007327902e-08 3.1534000299871e-08 3.15781001347659e-08 3.14798000999872e-08 3.14034984683076e-08 3.14106998189345e-08 3.1441199865867e-08 3.14716999127995e-08 3.1502199959732e-08 3.15291011077079e-08 3.15447010734715e-08 3.15604005152181e-08 3.15760999569648e-08 3.1582999326929e-08 3.15813011297905e-08 3.15794999039554e-08 3.15778017068169e-08 3.15484989243942e-08 3.15100017189707e-08 3.14715009608335e-08 3.14330996786794e-08 3.14315009575239e-08 3.14297992076717e-08 3.14282004865163e-08 3.14345989238518e-08 3.14648005428353e-08 3.14949986091051e-08 3.15252002280886e-08 3.15455004340492e-08 3.15558992269871e-08 3.15663015726386e-08 3.15767003655765e-08 3.15672004091994e-08 3.1551000034824e-08 3.15347996604487e-08 3.15186987620564e-08 3.14967998349402e-08 3.14749009078241e-08 3.14529984279943e-08 3.14334016593421e-08
3.14832000469778e-08 3.1461098615182e-08 3.14329007267133e-08 3.13984998001615e-08 3.13640988736097e-08 3.13297014997715e-08 3.13367998217018e-08 3.13577004362742e-08 3.13786010508466e-08 3.13995016654189e-08 3.14872004025801e-08 3.15749986157243e-08 3.2334700250658e-08 3.25503997089527e-08 3.20430011413464e-08 3.19379012125864e-08 3.2005100791821e-08 3.20268007669711e-08 3.20032000900028e-08 3.19794999370515e-08 3.19558992600832e-08 3.17925987758372e-08 3.16247010800907e-08 3.15028998443267e-08 3.15989012733553e-08 3.17108010960965e-08 3.21227986432859e-08 3.23137001601026e-08 3.20861985869669e-08 3.25760005637221e-08 3.21239994605094e-08 3.16382013920702e-08 3.17000008465129e-08 3.17447010900196e-08 3.18010009436875e-08 3.18574997493215e-08 3.18185016112693e-08 3.17477990563475e-08 3.1692401591954e-08 3.16499004782145e-08 3.15935011485635e-08 3.15370982661989e-08 3.14809014412276e-08 3.14321013661356e-08
3.15225996416757e-08 3.14877013352088e-08 3.14420987024278e-08 3.13855998967938e-08 3.13991996847562e-08 3.14635997256119e-08 3.12846992756022e-08 3.1319199678137e-08 3.13537995566548e-08 3.13882999591897e-08 3.15331014633102e-08 3.1705098990642e-08 3.19495008227477e-08 3.21618003340518e-08 3.22730002721983e-08 3.23846016669904e-08 3.2461201726619e-08 3.24592015488179e-08 3.24681010965833e-08 3.24482982705376e-08 3.35429994891001e-08 3.3675199517802e-08 3.4077899613294e-08 3.36204983852895e-08 3.29220988248835e-08 3.29377982666301e-08 3.30371001666663e-08 3.3135499677428e-08 3.31266996056456e-08 3.34032002058393e-08 3.38974004421289e-08 3.44405002294934e-08 3.50303004381658e-08 3.54685987247194e-08 3.54543985281452e-08 3.5012700294601e-08 3.35060015288491e-08 3.30900000733436e-08 3.29359011175256e-08 3.18282999955954e-08 3.16904014141528e-08 3.1599501681967e-08 3.15088009017472e-08 3.14308010729292e-08
3.16547001943945e-08 3.17119983606062e-08 3.17484989409422e-08 3.17640989067058e-08 3.17796988724695e-08 3.17952988382331e-08 3.18664987730699e-08 3.1956499668695e-08 3.20683000154531e-08 3.22222994952881e-08 3.22519007056599e-08 3.22816013920146e-08 3.23112985256557e-08 3.23563007498251e-08 3.24474989099599e-08 3.25388995747744e-08 3.26051008414652e-08 3.25990008320787e-08 3.25828004577033e-08 3.25204005946489e-08 3.24581996835605e-08 3.21752011700482e-08 3.18219015582599e-08 3.15747996637583e-08 3.13645998062384e-08 3.13199990387147e-08 3.27118989673636e-08 3.50484015143593e-08 3.93246004648518e-08 5.05696000629996e-08 6.71825972631268e-08 1.59180004288828e-07 2.48654004053606e-07 3.1924599852573e-07 3.21925000434931e-07 3.1116999821279e-07 3.10056009311666e-07 3.77156993636163e-07 3.38301987312661e-07 6.1918797200633e-08 3.46940005613305e-08 3.22065005775585e-08 3.2054000342896e-08 3.18966009160704e-08
3.17874011557251e-08 3.19378017366034e-08 3.20578017465323e-08 3.21469002528829e-08 3.22363007398963e-08 3.23259001788756e-08 3.24911013649398e-08 3.26059996780259e-08 3.27539986244574e-08 3.29026015322142e-08 3.27698010949007e-08 3.26810010164991e-08 3.38730998805659e-08 3.3736100135684e-08 3.37639995962036e-08 3.49748994210586e-08 3.74521000878758e-08 3.95774009120942e-08 4.45100987178648e-08 6.15064976727808e-08 1.91275006500291e-07 2.42790008542215e-07 2.50424989189924e-07 3.79011993345557e-07 7.52212997667812e-07 2.10755001717189e-06 2.36440996559395e-06 2.52281006396515e-06 2.77423009720223e-06 3.07402001453738e-06 3.24123993777903e-06 3.40982001034718e-06 3.5566099541029e-06 3.66638005289133e-06 3.8070900245657e-06 4.45197019871557e-06 4.96923985338071e-06 4.27002987635205e-06 8.09323978501197e-07 2.45161999146148e-07 3.50649997926666e-08 3.4216601108028e-08 3.23523998702058e-08 3.23763984511061e-08
3.23586988315583e-08 3.2432399876825e-08 3.26114992788007e-08 3.27713998160561e-08 3.29320002379063e-08 3.30934000203342e-08 3.32900995658747e-08 3.34994005868339e-08 3.37097993963198e-08 3.38961001489224e-08 3.30321014985202e-08 3.35247989369236e-08 3.35200986967266e-08 3.33087015746969e-08 3.40131016685064e-08 3.8405701729971e-08 3.94719990026715e-08 4.82850985861205e-08 1.09390998659364e-06 2.94842993753264e-06 9.33400042413268e-06 4.36357004218735e-06 3.1519000458502e-06 5.50659979126067e-06 4.92740991830942e-06 2.45238993556995e-06 1.45922001593135e-06 4.36626010014152e-07 1.36940997208512e-07 5.18129006366053e-08 5.52273000664627e-08 6.16458990521096e-08 3.35354002345412e-07 6.23729022208863e-07 1.17268996291386e-06 2.1801199636684e-06 3.89513979826006e-06 7.04956983099692e-06 8.82636959431693e-06 8.36953040561639e-06 6.72603982820874e-06 7.74725958763156e-06 6.07441006650333e-06 3.04838999909407e-06
3.34861987028034e-08 3.36262004907439e-08 4.64418015155843e-08 1.8328800024392e-06 3.87025011150399e-06 1.0548799764365e-05 1.06659999801195e-05 1.36114003908006e-05 1.41478003570228e-05 1.40503998409258e-05 2.32127003982896e-05 4.08097985200584e-05 4.68621001346037e-05 6.07379988650791e-05 6.5207299485337e-05 6.56310003250837e-05 6.57701966702007e-05 6.57523996778764e-05 6.31341972621158e-05 6.65453990222886e-05 6.6462300310377e-05 7.00025993864983e-05 7.52987034502439e-05 7.81146009103395e-05 3.84531012969092e-05 2.90057996608084e-05 7.4214898631908e-05 7.60979964979924e-05 7.49492974136956e-05 7.27680017007515e-05 7.33808992663398e-05 5.99777995375916e-05 5.44528011232615e-05 5.6482898799004e-05 5.81601016165223e-05 4.859819819103e-05 3.16420009767171e-05 1.67074995260919e-05 1.52479997268529e-05 1.47764003486373e-05 1.68724000104703e-05 1.83854008355411e-05 1.97818008018658e-05 3.53348004864529e-05
2.74441008514259e-05 4.388239904074e-05 7.75279986555688e-05 8.02538997959346e-05 8.08194017736241e-05 8.14529994386248e-05 8.18972985143773e-05 8.23875016067177e-05 8.28780030133203e-05 8.34751990623772e-05 7.86372984293848e-05 -3.4e+38 -3.4e+38 -3.4e+38 -3.4e+38 -3.4e+38 -3.4e+38 -3.4e+38 -3.4e+38 -3.4e+38 -3.4e+38 -3.4e+38 -3.4e+38 -3.4e+38 -3.4e+38 -3.4e+38 8.69182986207306e-05 8.54660975164734e-05 8.45995018607937e-05 8.44952010083944e-05 8.47674964461476e-05 7.93470971984789e-05 7.76930974097922e-05 8.60294021549635e-05 8.62418964970857e-05 8.6145599198062e-05 8.58885032357648e-05 8.55023972690105e-05 8.55660982779227e-05 8.58377970871516e-05 8.53993988130242e-05 8.51512013468891e-05 8.53339006425813e-05 8.5794301412534e-05
7.85434021963738e-05 7.61857008910738e-05 7.73747015045956e-05 4.98008994327392e-05 5.72669014218263e-05 6.27097033429891e-05 6.51161026326008e-05 6.66751002427191e-05 6.76897034281865e-05 6.76807030686177e-05 5.59574000362772e-05 -3.4e+38 -3.4e+38 -3.4e+38 -3.4e+38 -3.4e+38 -3.4e+38 -3.4e+38 -3.4e+38 -3.4e+38 -3.4e+38 -3.4e+38 -3.4e+38 -3.4e+38 -3.4e+38 -3.4e+38 6.82715035509318e-05 6.22496008872986e-05 6.65279003442265e-05 8.1765501818154e-05 8.11755016911775e-05 7.79718975536525e-05 7.65606018831022e-05 7.17513976269402e-05 7.40079995011911e-05 7.71324994275346e-05 7.43729033274576e-05 7.71979975979775e-05 7.46528021409176e-05 7.64131982577965e-05 7.26127982488833e-05 7.71143022575416e-05 7.71811028243974e-05 7.1190697781276e-05
4.68854013888631e-05 5.10071986354887e-05 5.25077994097956e-05 5.72458011447452e-05 5.32906997250393e-05 6.76463969284669e-05 6.55137991998345e-05 6.70021981932223e-05 5.82016982662026e-05 -3.4e+38 -3.4e+38 -3.4e+38 -3.4e+38 -3.4e+38 -3.4e+38 -3.4e+38 -3.4e+38 -3.4e+38 -3.4e+38 -3.4e+38 -3.4e+38 -3.4e+38 -3.4e+38 -3.4e+38 -3.4e+38 -3.4e+38 -3.4e+38 -3.4e+38 6.6902102844324e-05 8.16719984868541e-05 7.1932801802177e-05 6.92527974024415e-05 6.41282967990264e-05 6.42376980977133e-05 -3.4e+38 -3.4e+38 -3.4e+38 -3.4e+38 6.54011018923484e-05 6.67413987684995e-05 6.36382028460503e-05 -3.4e+38 -3.4e+38 -3.4e+38
4.89601006847806e-05 5.22681002621539e-05 -3.4e+38 -3.4e+38 -3.4e+38 -3.4e+38 -3.4e+38 -3.4e+38 -3.4e+38 -3.4e+38 -3.4e+38 -3.4e+38 -3.4e+38 -3.4e+38 -3.4e+38 -3.4e+38 -3.4e+38 4.77770990983117e-05 4.95298991154414e-05 5.30799006810412e-05 7.96772001194768e-05 -3.4e+38 -3.4e+38 -3.4e+38 -3.4e+38 -3.4e+38 -3.4e+38 -3.4e+38 -3.4e+38 -3.4e+38 -3.4e+38 -3.4e+38 -3.4e+38 -3.4e+38 -3.4e+38 -3.4e+38 -3.4e+38 -3.4e+38 -3.4e+38 -3.4e+38 -3.4e+38 -3.4e+38 -3.4e+38 -3.4e+38
5.81917011004407e-05 5.37275991518982e-05 -3.4e+38 -3.4e+38 -3.4e+38 -3.4e+38 -3.4e+38 -3.4e+38 -3.4e+38 -3.4e+38 -3.4e+38 -3.4e+38 -3.4e+38 -3.4e+38 -3.4e+38 6.05761997576337e-05 7.34276982257143e-05 7.88282995927148e-05 6.68173015583307e-05 7.52068008296192e-05 8.89548973646015e-05 9.47619992075488e-05 9.71901026787236e-05 -3.4e+38 -3.4e+38 -3.4e+38 -3.4e+38 -3.4e+38 -3.4e+38 -3.4e+38 -3.4e+38 -3.4e+38 -3.4e+38 -3.4e+38 -3.4e+38 -3.4e+38 -3.4e+38 -3.4e+38 -3.4e+38 -3.4e+38 -3.4e+38 -3.4e+38 -3.4e+38 -3.4e+38
7.64228025218472e-05 8.14365994301625e-05 -3.4e+38 -3.4e+38 -3.4e+38 -3.4e+38 -3.4e+38 -3.4e+38 -3.4e+38 -3.4e+38 -3.4e+38 -3.4e+38 -3.4e+38 6.21508006588556e-05 6.92749017616734e-05 7.13530971552245e-05 2.62800003838493e-05 1.90916998690227e-05 7.48109014239162e-05 8.78721984918229e-05 6.87193969497457e-05 9.35986026888713e-05 9.80768018052913e-05 6.38975980109535e-05 8.87952992343344e-05 6.81054007145576e-05 -3.4e+38 -3.4e+38 -3.4e+38 -3.4e+38 -3.4e+38 -3.4e+38 -3.4e+38 -3.4e+38 -3.4e+38 -3.4e+38 -3.4e+38 -3.4e+38 -3.4e+38 -3.4e+38 -3.4e+38 -3.4e+38 -3.4e+38 -3.4e+38
5.98605001869146e-05 5.64408001082484e-05 -3.4e+38 -3.4e+38 -3.4e+38 -3.4e+38 -3.4e+38 -3.4e+38 -3.4e+38 -3.4e+38 -3.4e+38 -3.4e+38 -3.4e+38 4.96237007610034e-05 7.40488976589404e-05 7.13206027285196e-05 6.16550969425589e-05 9.2389000201365e-06 8.39236017782241e-05 8.86310008354485e-05 2.23734004975995e-05 0.000100391000160016 6.30452996119857e-05 9.75358998402953e-05 0.000105366998468526 9.90534972515889e-05 0.000102393998531625 0.000100208002550062 9.87728999461979e-05 0.000103484002465848 0.000108694002847187 0.000112970003101509 -3.4e+38 -3.4e+38 -3.4e+38 -3.4e+38 -3.4e+38 -3.4e+38 -3.4e+38 -3.4e+38 -3.4e+38 -3.4e+38 -3.4e+38 -3.4e+38
6.20427017565817e-05 5.89787996432278e-05 -3.4e+38 -3.4e+38 -3.4e+38 -3.4e+38 -3.4e+38 -3.4e+38 -3.4e+38 -3.4e+38 -3.4e+38 7.15970963938162e-05 7.9928599006962e-05 7.89417972555384e-05 7.09800006006844e-05 3.52725983248092e-05 1.11049002953223e-05 7.62015997679555e-06 7.28906979929889e-06 8.39253971207654e-06 7.44543012842769e-06 4.13478983318782e-06 6.04760998612619e-06 6.50918009341694e-05 9.67430023592897e-05 0.000105389997770544 7.45633005863056e-05 9.44253988564014e-05 0.000105940998764709 0.000107553998532239 0.000116536997666117 0.000122476994874887 0.000129755993839353 0.000114214002678636 -3.4e+38 -3.4e+38 -3.4e+38 -3.4e+38 -3.4e+38 -3.4e+38 -3.4e+38 -3.4e+38 -3.4e+38 -3.4e+38
-3.4e+38 -3.4e+38 -3.4e+38 -3.4e+38 -3.4e+38 -3.4e+38 -3.4e+38 -3.4e+38 -3.4e+38 -3.4e+38 -3.4e+38 7.48223028494976e-05 7.94384031905793e-05 1.09186003101058e-05 1.27807998069329e-05 9.44990006246371e-06 3.46100000570004e-06 1.13180999505857e-06 3.27231987284904e-07 7.45816990388448e-08 5.66899984733027e-08 5.2126299721067e-08 4.04053999147891e-08 3.90691994311965e-08 3.98754984587413e-08 6.65286989942615e-08 5.35297021997394e-06 2.58191994362278e-05 6.0183898312971e-05 5.40992987225763e-05 4.9050299821829e-06 1.8666099776965e-06 6.82331010466442e-05 0.000129966007079929 9.2747803137172e-05 9.77472009253688e-05 -3.4e+38 -3.4e+38 -3.4e+38 -3.4e+38 -3.4e+38 -3.4e+38 -3.4e+38 -3.4e+38
-3.4e+38 -3.4e+38 -3.4e+38 -3.4e+38 -3.4e+38 -3.4e+38 -3.4e+38 -3.4e+38 -3.4e+38 -3.4e+38 -3.4e+38 -3.4e+38 -3.4e+38 7.92686987551861e-05 8.00823981990106e-05 8.00885973148979e-05 5.87844988331199e-05 6.88526000658385e-08 6.00954024321254e-08 5.46727001449199e-08 4.17394012686145e-08 3.6877601417018e-08 3.50679982830115e-08 3.63834011807285e-08 3.76995004103264e-08 3.96986017392464e-08 4.15512992901768e-08 3.46278000051825e-07 2.20926995098125e-06 7.10260019332054e-06 1.09898001028341e-05 1.82629992195871e-05 0.000111806999484543 0.000117985997349024 0.000120632998005021 0.000120076001621783 7.97769971541129e-05 -3.4e+38 -3.4e+38 -3.4e+38 -3.4e+38 -3.4e+38 -3.4e+38 -3.4e+38
-3.4e+38 -3.4e+38 -3.4e+38 -3.4e+38 -3.4e+38 -3.4e+38 -3.4e+38 -3.4e+38 -3.4e+38 -3.4e+38 -3.4e+38 -3.4e+38 -3.4e+38 -3.4e+38 -3.4e+38 8.22236979729496e-05 8.362560038222e-05 8.11830032034777e-05 7.59788017603569e-05 1.55906000145478e-05 6.51319993494326e-08 3.31139986542439e-08 3.27613989270503e-08 3.37628982549631e-08 3.52168996187174e-08 3.78193014682893e-08 4.03963014150577e-08 4.27511999134822e-08 4.49777992628242e-08 5.26580983262193e-08 1.65975995969347e-06 1.33813000502414e-05 2.65374001173768e-05 0.00011451099999249 0.000117928997497074 0.000133574998471886 8.74043034855276e-05 0.000120283999422099 0.00011166199692525 -3.4e+38 -3.4e+38 -3.4e+38 -3.4e+38 -3.4e+38
-3.4e+38 -3.4e+38 -3.4e+38 -3.4e+38 -3.4e+38 -3.4e+38 -3.4e+38 -3.4e+38 -3.4e+38 -3.4e+38 -3.4e+38 -3.4e+38 -3.4e+38 -3.4e+38 -3.4e+38 6.60896985209547e-05 5.07840995851438e-05 8.21599969640374e-05 8.20147979538888e-05 8.01806017989293e-05 7.75817970861681e-05 7.69835969549604e-05 7.29684034013189e-05 2.45559003815288e-05 2.86512999991828e-06 3.80266982347166e-08 3.85273004610553e-08 4.00991986282406e-08 4.18542001057176e-08 4.36122000735395e-08 4.70502001803652e-08 2.02701994567178e-06 1.56893001985736e-05 3.32654999510851e-05 7.93411018094048e-05 0.000120718003017828 8.50469004944898e-05 0.00012599999899976 0.000121684002806433 -3.4e+38 -3.4e+38 -3.4e+38 -3.4e+38 -3.4e+38
-3.4e+38 -3.4e+38 -3.4e+38 -3.4e+38 -3.4e+38 -3.4e+38 -3.4e+38 -3.4e+38 -3.4e+38 -3.4e+38 -3.4e+38 -3.4e+38 -3.4e+38 -3.4e+38 -3.4e+38 -3.4e+38 -3.4e+38 5.32910016772803e-05 7.68140016589314e-05 7.90869016782381e-05 5.81817002967e-05 7.98256005509757e-05 8.39640997583047e-05 8.72792006703094e-05 8.94998011062853e-05 8.30693970783614e-05 1.45802996485145e-05 3.9827199316278e-08 3.79136011474657e-08 4.04629005856805e-08 5.63717001966779e-08 3.02944999930332e-06 1.60192994371755e-05 2.22951002797345e-05 4.59682996734045e-05 0.000120841003081296 0.000127877006889321 9.06104978639632e-05 8.28074989840388e-05 -3.4e+38 -3.4e+38 -3.4e+38 -3.4e+38 -3.4e+38
