results/Predictions/Median/Norian.asc
NCOLS 360 
NROWS 180 
XLLCORNER -180 
YLLCORNER -90 
CELLSIZE 1 
NODATA_value -3.4e+38 
[rows 140 to 159 of 180, columns 45 to 89 of 360]
1.95052007256891e-06 1.86598003892868e-06 1.78511004378379e-06 1.69715997344611e-06 1.70864996107412e-06 1.75388004208799e-06 1.80030997398717e-06 1.84607995379338e-06 1.96584005607292e-06 2.09537006412575e-06 2.24885002353403e-06 2.4081300580292e-06 2.60200999946392e-06 2.81159009318799e-06 3.03811998492165e-06 3.22292999044294e-06 3.33541993313702e-06 3.44910995409009e-06 3.56669988832437e-06 3.58181000592595e-06 3.56202008333639e-06 3.54233998223208e-06 3.52275992554496e-06 3.43694000548567e-06 3.35321010425105e-06 3.27152997670055e-06 3.18236993734899e-06 3.06820993500878e-06 2.93724997391109e-06 2.81853999695159e-06 2.72016995950253e-06 2.6270199668943e-06 2.53704001806909e-06 2.44916009251028e-06 2.39460996454e-06 2.35129004977352e-06 2.30488990382582e-06 2.25937992581748e-06 2.21829009205976e-06 2.17794990930997e-06 2.13816997529648e-06 2.09965992326033e-06 2.06581989914412e-06 2.03640001927852e-06 2.00685008167056e-06
1.51295000705431e-06 1.45663000239438e-06 1.38921996040153e-06 1.33426999582298e-06 1.34844003696344e-06 1.38560994855652e-06 1.42373005473928e-06 1.45527997119643e-06 1.55171994720149e-06 1.6460099914184e-06 1.75398997726006e-06 1.8695900507737e-06 1.98589009414718e-06 2.11607994060614e-06 2.26545989789884e-06 2.38553002418485e-06 2.47043999479502e-06 2.55836994256242e-06 2.64889990830852e-06 2.65771996055264e-06 2.63914989773184e-06 2.62069011114363e-06 2.60236993199214e-06 2.53065991273616e-06 2.46644003709662e-06 2.41020006797044e-06 2.34969002121943e-06 2.27011992137705e-06 2.19046000893286e-06 2.11359997592808e-06 2.04358002520166e-06 1.98185989574995e-06 1.92199991033704e-06 1.86279999070393e-06 1.82726000730327e-06 1.79962000856904e-06 1.77240997345507e-06 1.74915999195946e-06 1.73170997186389e-06 1.71331998899404e-06 1.69447002917877e-06 1.67808002515812e-06 1.66851998528728e-06 1.65379003647104e-06 1.63899994731764e-06
1.15554996682476e-06 1.11655003820488e-06 1.07888001821266e-06 1.03476997992402e-06 1.04741002360242e-06 1.07958999251423e-06 1.11903000288294e-06 1.15712998649542e-06 1.22486994769133e-06 1.30280000121274e-06 1.38689995310415e-06 1.46005004353356e-06 1.54331996782275e-06 1.63133995556564e-06 1.72438001300179e-06 1.78769005287904e-06 1.82528003733751e-06 1.87184002697904e-06 1.92541006072133e-06 1.93109008250758e-06 1.92053994396701e-06 1.91005005945044e-06 1.89961997421051e-06 1.85674002750602e-06 1.81482005245925e-06 1.77386004907021e-06 1.73135003933567e-06 1.68685994594853e-06 1.65102994742483e-06 1.61128002673649e-06 1.56836995302001e-06 1.52805000652734e-06 1.49279003380798e-06 1.46034994941147e-06 1.44265004564659e-06 1.42983003570407e-06 1.41519001317647e-06 1.40066003950778e-06 1.388580017192e-06 1.37661004373513e-06 1.36474000100861e-06 1.3549199593399e-06 1.35101004161697e-06 1.34710001020721e-06 1.34320998768089e-06
9.01728014923719e-07 8.74277020557201e-07 8.47662022351869e-07 8.15821010746731e-07 8.2196800121892e-07 8.40948018776544e-07 8.59685997056658e-07 8.78990022101789e-07 9.32500995531882e-07 9.88549004432571e-07 1.04173000181618e-06 1.10446001144737e-06 1.161449972642e-06 1.22139999803039e-06 1.28446004055149e-06 1.33471996832668e-06 1.3704400316783e-06 1.40480995014514e-06 1.43610998293298e-06 1.43991996992554e-06 1.43443003253196e-06 1.42860994856164e-06 1.4193600463841e-06 1.39101996410318e-06 1.36325002131343e-06 1.33602998175775e-06 1.30756995986303e-06 1.27447003706038e-06 1.24292000691639e-06 1.21415996545693e-06 1.1884500281667e-06 1.16562000584963e-06 1.14322995159455e-06 1.12108000394073e-06 1.11195004137699e-06 1.10712005607638e-06 1.10214000414999e-06 1.09714994778187e-06 1.09983000129432e-06 1.10265000330401e-06 1.10647999918001e-06 1.1110799960079e-06 1.11796998680802e-06 1.12489999537502e-06 1.13188002615061e-06
6.98817984812194e-07 6.79085985666461e-07 6.59914007883344e-07 6.41286987956846e-07 6.44647002445708e-07 6.5537801674509e-07 6.65221989493148e-07 6.76787976772175e-07 7.1237798238144e-07 7.51392974507326e-07 7.90565991337644e-07 8.26985001367575e-07 8.58968007833028e-07 8.96172025477426e-07 9.34966010390781e-07 9.66796051216079e-07 9.9076601145498e-07 1.01514001471514e-06 1.04010996437864e-06 1.04232003650395e-06 1.03683998986526e-06 1.03139996099344e-06 1.0259800546919e-06 1.01057003121241e-06 9.9539204256871e-07 9.80444042397721e-07 9.65050958257052e-07 9.47923012972751e-07 9.3109497356636e-07 9.14562008347275e-07 9.00649979485024e-07 8.8924701913129e-07 8.77984973612911e-07 8.66862023940485e-07 8.65435993091523e-07 8.67198025389371e-07 8.6893999196036e-07 8.7066399601099e-07 8.82565984738903e-07 8.94615993729531e-07 9.06816978840652e-07 9.1933401336064e-07 9.32519981233781e-07 9.45895976656175e-07 9.59463022809359e-07
5.45407999652525e-07 5.32785008999781e-07 5.20846015206189e-07 5.09174981289107e-07 5.09996993969253e-07 5.14971020493249e-07 5.19993989200884e-07 5.24281006164529e-07 5.47836975783866e-07 5.73596992126113e-07 6.01147974066407e-07 6.26139978976425e-07 6.49319986223418e-07 6.73119984639925e-07 6.98148028277501e-07 7.19285026207217e-07 7.34509001176775e-07 7.5005499411418e-07 7.65928973578411e-07 7.68170991705119e-07 7.65806987601536e-07 7.63449008900352e-07 7.60958982937154e-07 7.53243000417569e-07 7.45603983887122e-07 7.38041990189231e-07 7.30339024812565e-07 7.22070012670883e-07 7.13895019543997e-07 7.05810975887289e-07 6.99239990353817e-07 6.94138975632086e-07 6.89070020598592e-07 6.84035001086158e-07 6.87393992393481e-07 6.93577987931349e-07 6.99800011716434e-07 7.06060006905318e-07 7.22306026545994e-07 7.38909022857115e-07 7.55389976347942e-07 7.71514976349863e-07 7.87899011811533e-07 8.04196019998926e-07 8.20419984393084e-07
4.28806998797882e-07 4.21104999759336e-07 4.13533001619726e-07 4.0609000961922e-07 4.0486699504072e-07 4.05690997240526e-07 4.06514999440333e-07 4.0729901229497e-07 4.23110009251104e-07 4.41386987404258e-07 4.60286997849835e-07 4.77145988497796e-07 4.93809977797355e-07 5.11055020524509e-07 5.29769977219985e-07 5.44205988717295e-07 5.52547987808794e-07 5.60016019335308e-07 5.67586027955258e-07 5.6953297189466e-07 5.69586006804457e-07 5.69638018532714e-07 5.69690996599093e-07 5.67693007269554e-07 5.65702976018656e-07 5.63719993351697e-07 5.61725016723358e-07 5.59685020107281e-07 5.57650992050185e-07 5.55624978915148e-07 5.53871984720899e-07 5.5238899676624e-07 5.50909987850901e-07 5.494350148183e-07 5.55514986899652e-07 5.64587992357701e-07 5.73583008645073e-07 5.82587006192625e-07 6.00860971644579e-07 6.20276011886745e-07 6.39385973499884e-07 6.57369014334108e-07 6.73355998515035e-07 6.89501007400395e-07 7.05661022948334e-07
3.38060004878571e-07 3.34470001916998e-07 3.30910012280583e-07 3.27377989606248e-07 3.25067986750582e-07 3.23188999118429e-07 3.21321010687825e-07 3.19462998277231e-07 3.28402990135146e-07 3.368660088654e-07 3.46998007216825e-07 3.58298990477124e-07 3.72419009408986e-07 3.86896005011295e-07 4.01887007228652e-07 4.11640996844653e-07 4.1610800849412e-07 4.20751007368381e-07 4.25447012730729e-07 4.28253002837664e-07 4.29852008210219e-07 4.31433988978824e-07 4.33021000389999e-07 4.34266013371598e-07 4.35515005392517e-07 4.36750013932397e-07 4.3813798811243e-07 4.39708003341366e-07 4.41283987129282e-07 4.42865996319597e-07 4.43922004933484e-07 4.44449000269742e-07 4.44976990365831e-07 4.45505008883629e-07 4.53128990329787e-07 4.63313995169301e-07 4.73652988830509e-07 4.8437601662954e-07 5.01653971696214e-07 5.19547995736502e-07 5.3917398190606e-07 5.57095972908428e-07 5.71107023006334e-07 5.86619989917381e-07 6.03077012328868e-07
2.76837994306334e-07 2.74384007070694e-07 2.71944998075924e-07 2.69520995743733e-07 2.68434007466567e-07 2.6787500928549e-07 2.67318000624073e-07 2.66760991962656e-07 2.71889007308346e-07 2.78037987300195e-07 2.84315007093028e-07 2.91405001462408e-07 3.00744005699016e-07 3.10381011559002e-07 3.19456006536711e-07 3.25741012829894e-07 3.29200986470823e-07 3.32892994947542e-07 3.37030996888643e-07 3.39472990162903e-07 3.41347003995907e-07 3.4323099384892e-07 3.45126011325192e-07 3.4762999234772e-07 3.50152987493857e-07 3.52694996763603e-07 3.55525997974837e-07 3.59284001660853e-07 3.63068011210999e-07 3.66768006188067e-07 3.70261005855355e-07 3.74129001556867e-07 3.78038009785087e-07 3.82502008733354e-07 3.92841002394562e-07 4.04922985808298e-07 4.16460011365416e-07 4.29175003091586e-07 4.44829993284657e-07 4.60247008504666e-07 4.76013013894772e-07 4.90825982524257e-07 5.01997021729039e-07 5.13733027673879e-07 5.25057998856937e-07
2.28548998393308e-07 2.27255000595505e-07 2.25969003508908e-07 2.24689003403e-07 2.24421000893926e-07 2.24488005073908e-07 2.24554995043036e-07 2.24622993982848e-07 2.27759997528665e-07 2.3094099788068e-07 2.34167004009578e-07 2.37855005025267e-07 2.42877007394782e-07 2.48943990754924e-07 2.55205009125348e-07 2.60190006429184e-07 2.63818009216266e-07 2.67497000550065e-07 2.71226014092463e-07 2.737490092386e-07 2.75855001063974e-07 2.77943996707108e-07 2.80020003629033e-07 2.83072012052799e-07 2.86154005380013e-07 2.89263994091016e-07 2.92283004910132e-07 2.95706996666922e-07 2.99166003969731e-07 3.03061000295202e-07 3.08675993210272e-07 3.14912995236227e-07 3.21277013881627e-07 3.27768987062882e-07 3.38935990384925e-07 3.52065995912199e-07 3.66165011200792e-07 3.79880987111392e-07 3.93490012129405e-07 4.07409999070296e-07 4.21109007220366e-07 4.33439993230422e-07 4.41534012907141e-07 4.49779008704354e-07 4.58177993323261e-07
1.90592999160799e-07 1.90074999295575e-07 1.89559997920696e-07 1.89044996545817e-07 1.89277002959898e-07 1.89759006730128e-07 1.90242005260188e-07 1.90725998550079e-07 1.92708995427893e-07 1.94712995948976e-07 1.96738000113328e-07 1.99202006001542e-07 2.02969005158593e-07 2.06809005476316e-07 2.10720997984026e-07 2.14292995792675e-07 2.17503000499164e-07 2.20884999180271e-07 2.2494499773984e-07 2.27677006137128e-07 2.29969003839869e-07 2.3228399470554e-07 2.34574997648451e-07 2.37604993458262e-07 2.40661989892033e-07 2.43734007199237e-07 2.47363004746148e-07 2.52640006692673e-07 2.58010999232283e-07 2.634859868067e-07 2.70165003257716e-07 2.77279013971565e-07 2.8450500622057e-07 2.92256004286173e-07 3.03175994531557e-07 3.15172002274267e-07 3.27645011566347e-07 3.40232986673072e-07 3.51492985828372e-07 3.62766002126591e-07 3.73772991224541e-07 3.83217013677495e-07 3.8871201013535e-07 3.94284995763883e-07 3.99939011686001e-07
1.59726994297671e-07 1.59958005951921e-07 1.60189003395317e-07 1.60420995598543e-07 1.61038997248397e-07 1.61789003527701e-07 1.62541994086496e-07 1.6329799734649e-07 1.64685005188403e-07 1.66084006991696e-07 1.67493993785683e-07 1.69388997051101e-07 1.72746993598594e-07 1.76170999566239e-07 1.79663999233526e-07 1.83298993761127e-07 1.87080999580758e-07 1.90940994571065e-07 1.94882005644104e-07 1.974100030111e-07 1.99468004780101e-07 2.01763995733018e-07 2.04347998078447e-07 2.06948001846285e-07 2.09560994335334e-07 2.12195999438336e-07 2.15784993429224e-07 2.22300002405973e-07 2.29007994789754e-07 2.35908999002277e-07 2.44183013364818e-07 2.54018004852696e-07 2.63922999010902e-07 2.73275986728549e-07 2.81501002064033e-07 2.90590008944491e-07 3.00392002827721e-07 3.09884995886023e-07 3.15699992370355e-07 3.21623986110353e-07 3.28184000863985e-07 3.35059013423233e-07 3.39217990585894e-07 3.43428013138691e-07 3.47428994018628e-07
1.33304993710226e-07 1.34127006390372e-07 1.34954007080523e-07 1.3578599578068e-07 1.36731003408386e-07 1.37718004111775e-07 1.38711996555685e-07 1.39712994950969e-07 1.40718995567113e-07 1.41689994848093e-07 1.4262400327425e-07 1.44065992913056e-07 1.47052006127524e-07 1.50101001850089e-07 1.53212994291607e-07 1.56815005425415e-07 1.60938995463766e-07 1.65173005939323e-07 1.69518003190205e-07 1.72279996490943e-07 1.74514994455421e-07 1.76778996774374e-07 1.7907299820763e-07 1.8103000343217e-07 1.83007998089124e-07 1.85008005360032e-07 1.88187996741362e-07 1.95549006321016e-07 2.03195000381129e-07 2.1112199988238e-07 2.20637005554636e-07 2.31930997074414e-07 2.43801991928194e-07 2.55335010024282e-07 2.62901011183203e-07 2.69043994194362e-07 2.75419012041311e-07 2.82272992535582e-07 2.85220011164711e-07 2.88198009457119e-07 2.91204003133316e-07 2.93698008135834e-07 2.94599004746487e-07 2.95500996116971e-07 2.96406000188654e-07
1.13029003045995e-07 1.13699002213252e-07 1.14371999870855e-07 1.1504800312423e-07 1.16271998251705e-07 1.17691996592839e-07 1.1912899822164e-07 1.20584005003366e-07 1.21721996038104e-07 1.22868996754733e-07 1.2402699667291e-07 1.25574999287892e-07 1.28297998003291e-07 1.31077001697122e-07 1.33914994648876e-07 1.37984002890335e-07 1.43155006071538e-07 1.48520996390289e-07 1.54090997739331e-07 1.57447004767164e-07 1.60059997256212e-07 1.62716006002483e-07 1.65417006314783e-07 1.68187995086555e-07 1.71004998605895e-07 1.73871001152293e-07 1.78036998477182e-07 1.86609000252247e-07 1.95582998685495e-07 2.04955995286582e-07 2.14444995094709e-07 2.23750006966839e-07 2.32823992973863e-07 2.42266992245277e-07 2.4660599251547e-07 2.49188985890214e-07 2.51798013550797e-07 2.54435008173459e-07 2.54690007750469e-07 2.54944012567648e-07 2.55199012144658e-07 2.5539199555169e-07 2.5540998649376e-07 2.55428005857539e-07 2.55248011171716e-07
9.58416990215483e-08 9.63854986935075e-08 9.69320979038457e-08 9.74817027099562e-08 9.88783028788021e-08 1.00581999618043e-07 1.02314999139708e-07 1.04077997775676e-07 1.05291000807028e-07 1.06519003395533e-07 1.07760996570505e-07 1.09261996783516e-07 1.11531001323328e-07 1.13844997429169e-07 1.1620500117715e-07 1.20479995757705e-07 1.26878006767583e-07 1.33558998527405e-07 1.40075997023814e-07 1.43899001159298e-07 1.46809000511894e-07 1.49778998093097e-07 1.52807999143079e-07 1.56262004225027e-07 1.59794993237483e-07 1.6340800357284e-07 1.68412995549261e-07 1.78047997678732e-07 1.88209995144462e-07 1.98950999674707e-07 2.0769499542439e-07 2.14834997791513e-07 2.22745001110525e-07 2.32220997986587e-07 2.33311993724783e-07 2.31688005669639e-07 2.3007500260519e-07 2.2933799925795e-07 2.27425999810293e-07 2.25527998054531e-07 2.23645997721178e-07 2.22083002654472e-07 2.21437005620828e-07 2.20792998106845e-07 2.20149004803716e-07
8.37831990452287e-08 8.43573033648681e-08 8.49352019827165e-08 8.55168025282182e-08 8.70318004331239e-08 8.88910989260694e-08 9.07901025470892e-08 9.272959999862e-08 9.41420026379092e-08 9.55757002429891e-08 9.70311972992022e-08 9.86753008191954e-08 1.00857000973065e-07 1.03086001956854e-07 1.05361003477356e-07 1.10047999157814e-07 1.17463997639788e-07 1.25377994208975e-07 1.33564995508095e-07 1.37588997972671e-07 1.4030099748652e-07 1.43066998248287e-07 1.46375001008892e-07 1.50759007055967e-07 1.55275998281468e-07 1.60298000650982e-07 1.66652995403638e-07 1.75319996742473e-07 1.84352998644499e-07 1.93635003142845e-07 2.00871994593399e-07 2.04630993039245e-07 2.08458004635759e-07 2.12326995097101e-07 2.11423994755933e-07 2.08944996415994e-07 2.05673003961238e-07 2.02310999952715e-07 1.99864999217425e-07 1.97559998582619e-07 1.95279000081428e-07 1.93421996641518e-07 1.9276700413684e-07 1.92114001151822e-07 1.91461992926634e-07
7.55075006964034e-08 7.62219016792187e-08 7.69427970226388e-08 7.76703998894845e-08 7.92858969589361e-08 8.12370970493248e-08 8.32363014069415e-08 8.52845971621718e-08 8.70025971266841e-08 8.87552005224279e-08 9.05432031572673e-08 9.24936998103476e-08 9.48745011442043e-08 9.73131975001706e-08 9.9811998666155e-08 1.05234001068766e-07 1.14046997623518e-07 1.23595995660253e-07 1.3357899319999e-07 1.37623004548004e-07 1.3969699352856e-07 1.41802004804958e-07 1.44763006915127e-07 1.51153997762776e-07 1.57829006752763e-07 1.65081999625727e-07 1.72483993310379e-07 1.78183000798526e-07 1.84038000838882e-07 1.9178000343345e-07 1.95045004147687e-07 1.92531004472585e-07 1.8970500548221e-07 1.85876999125867e-07 1.82136005832945e-07 1.79590003313024e-07 1.77096993070336e-07 1.74378996575797e-07 1.72870002757008e-07 1.71186997022232e-07 1.69488004075902e-07 1.68144993040187e-07 1.67839004916459e-07 1.67523992899987e-07 1.6720299811368e-07
6.80503973171653e-08 6.88720973585077e-08 6.97035034136206e-08 7.05448002236153e-08 7.22302999633939e-08 7.42429975275627e-08 7.63117000701641e-08 7.84380986829092e-08 8.04053996716902e-08 8.24220975914614e-08 8.44894003648733e-08 8.66996003878739e-08 8.92472016289503e-08 9.18640026270623e-08 9.45546005937103e-08 1.00629002020014e-07 1.10728997526621e-07 1.21837999245145e-07 1.33593999862569e-07 1.37658005883168e-07 1.39156000500407e-07 1.41100002792882e-07 1.43004996289164e-07 1.51435003203915e-07 1.60000993787435e-07 1.69870006061501e-07 1.78570005004985e-07 1.81085994199748e-07 1.88312000659607e-07 1.96208006286724e-07 1.96135999885882e-07 1.83386006824549e-07 1.72840998402535e-07 1.63604994440902e-07 1.58960006046982e-07 1.55796001877206e-07 1.52576006939853e-07 1.49429993712147e-07 1.48433997537722e-07 1.47443003584158e-07 1.46458006611283e-07 1.45784994742826e-07 1.45832999010054e-07 1.45881998037112e-07 1.4593000230434e-07
7.11764016614325e-08 7.14870012075153e-08 7.17980981335131e-08 7.21096995448534e-08 7.36938972067946e-08 7.5750698158572e-08 7.78643993726291e-08 8.00332031758444e-08 8.27927024715791e-08 8.56465973697595e-08 8.85987034848768e-08 9.15404001489151e-08 9.42306002116311e-08 9.69939009110021e-08 9.98333007373731e-08 1.06785002174092e-07 1.18701002804755e-07 1.31598994812521e-07 1.46003998224842e-07 1.56511006821347e-07 1.64957995707482e-07 1.78055003630107e-07 1.9338899903687e-07 1.88385001820279e-07 1.83145004939433e-07 1.77806995793617e-07 1.73523005742027e-07 1.70563993151518e-07 1.67495997516198e-07 1.64485001619141e-07 1.59766003093864e-07 1.53711994244077e-07 1.4788899704854e-07 1.42287007065534e-07 1.39082004579905e-07 1.36668006689433e-07 1.34984006194827e-07 1.3344499905088e-07 1.32831004862055e-07 1.3221999495272e-07 1.31611002984755e-07 1.31204004105712e-07 1.31391999502739e-07 1.31579994899766e-07 1.31768999267479e-07
7.44460990631524e-08 7.42014023558113e-08 7.39556966777855e-08 7.37087972879635e-08 7.51867972326181e-08 7.72890018652106e-08 7.94445966789681e-08 8.16542993220537e-08 8.52471018220058e-08 8.89936018211301e-08 9.29043011410613e-08 9.66344018138443e-08 9.94782993757326e-08 1.02397997636672e-07 1.05391002591659e-07 1.13307002891361e-07 1.27193999333031e-07 1.41949001886132e-07 1.60420995598543e-07 1.74441993294749e-07 1.97738998508612e-07 2.20095998315628e-07 2.23387999653823e-07 2.16909000982923e-07 2.04783006552134e-07 1.90414993994636e-07 1.71140996485519e-07 1.59934003818307e-07 1.49461996556965e-07 1.38431005325401e-07 1.3234100038062e-07 1.29287002437195e-07 1.2695599593826e-07 1.2488500544805e-07 1.23457994050113e-07 1.22250000345048e-07 1.21053005841532e-07 1.19868005299395e-07 1.18995998832361e-07 1.1846599790033e-07 1.17938000698814e-07 1.17628999873887e-07 1.17973002033978e-07 1.18316997088641e-07 1.18662001113989e-07
