results/Predictions/Median/Norian.asc
NCOLS 360 
NROWS 180 
XLLCORNER -180 
YLLCORNER -90 
CELLSIZE 1 
NODATA_value -3.4e+38 
[rows 60 to 79 of 180, columns 180 to 224 of 360]
-3.4e+38 -3.4e+38 -3.4e+38 -3.4e+38 -3.4e+38 -3.4e+38 0.436192989349365 0.44310799241066 0.437967985868454 0.529249012470245 0.548092007637024 0.553214013576508 0.552325010299683 0.551813006401062 0.533100008964539 0.00286105996929109 0.000500691006891429 0.000493768020533025 0.000489322002977133 0.00048716101446189 0.000485497992485762 0.000482339994050562 0.000481274997582659 0.000480376009363681 0.000479670998174697 0.00047880900092423 0.000478964007925242 0.000481647992273793 0.000484010000946 0.00048478099051863 0.000485760014271364 0.000485635013319552 0.000485352007672191 0.000484949006931856 0.000484691001474857 0.000484482006868348 0.000484271993627772 0.00048461600090377 0.000808860990218818 0.534184992313385 0.00102077994961292 0.000485391006805003 0.00048571900697425 0.000486047007143497 0.000486375007312745
-3.4e+38 -3.4e+38 -3.4e+38 -3.4e+38 -3.4e+38 -3.4e+38 -3.4e+38 0.368229001760483 0.430725008249283 0.466412007808685 0.498876988887787 0.56412798166275 0.557925999164581 0.554633021354675 0.549534976482391 0.542092978954315 0.00136900995858014 0.000496172986458987 0.000491953978780657 0.000488184014102444 0.000484911986859515 0.000482323986943811 0.000480883987620473 0.000480185990454629 0.000479490990983322 0.000479123991681263 0.000479025999084115 0.000479268986964598 0.000479712995002046 0.000481218012282625 0.000481674011098221 0.000481075985589996 0.000480291986605152 0.000479959999211133 0.000479996000649408 0.000480037007946521 0.000480076996609569 0.0274186991155148 0.537276029586792 0.000601967971306294 0.00048049699398689 0.000480940012494102 0.000481436989502981 0.000481719005620107 0.000482000003103167
-3.4e+38 -3.4e+38 -3.4e+38 -3.4e+38 -3.4e+38 -3.4e+38 -3.4e+38 -3.4e+38 0.478392004966736 -3.4e+38 0.504657983779907 0.512777984142303 0.56522798538208 0.556370973587036 0.551744997501373 0.545890986919403 0.541745007038116 0.467099010944366 0.000523856026120484 0.000488299992866814 0.000485914992168546 0.000483159994473681 0.000481302005937323 0.000480237998999655 0.000479584996355698 0.000479456008179113 0.000478472007671371 0.000479056994663551 0.000478944013593718 0.000479223992442712 0.000479337002616376 0.000479067995911464 0.000478220987133682 0.000477374996989965 0.000477124995086342 0.00047707199701108 0.00247066002339125 0.488362014293671 0.000550498021766543 0.000477154011605307 0.000477922993013635 0.000477994995890185 0.00047846999950707 0.000478945992654189 0.000479421985801309
-3.4e+38 -3.4e+38 -3.4e+38 -3.4e+38 -3.4e+38 -3.4e+38 -3.4e+38 -3.4e+38 -3.4e+38 -3.4e+38 -3.4e+38 -3.4e+38 0.507219970226288 0.554992973804474 0.551415026187897 0.549055993556976 0.545585989952087 0.542335987091064 0.536291003227234 0.30187800526619 0.000486248987726867 0.000484182004584 0.000481485010823235 0.000480654998682439 0.000479200010886416 0.000478322006529197 0.000477044988656417 0.000475854001706466 0.000474839005619287 0.000473994994536042 0.000473288993816823 0.000472752988571301 0.000472213985631242 0.000471523992018774 0.000471350009320304 0.000471081002615392 0.000470811995910481 0.000470544007839635 0.000470096012577415 0.000469807011540979 0.000469516991870478 0.000469329010229558 0.000469441991299391 0.000469554011942819 0.000469535007141531
-3.4e+38 -3.4e+38 0.514436006546021 0.525074005126953 -3.4e+38 -3.4e+38 -3.4e+38 0.525192975997925 0.529166996479034 0.537105023860931 0.54757297039032 0.554458975791931 0.554638028144836 0.551338016986847 0.550411999225616 0.549835979938507 0.548448979854584 0.546986997127533 0.545253992080688 0.540094971656799 0.000488326011691242 0.000484621006762609 0.000482091010781005 0.000479226000607014 0.0004765730118379 0.000473791995318606 0.000470945989945903 0.000470041006337851 0.000468346988782287 0.000467055011540651 0.00046613099402748 0.000465568999061361 0.000465009012259543 0.00046444998588413 0.000464373006252572 0.000464296987047419 0.000464457989437506 0.000464927987195551 0.000464888988062739 0.000464848999399692 0.00046481000026688 0.000464692013338208 0.000464339012978598 0.000463887001387775 0.00046363499131985
0.523980021476746 0.522903025150299 0.524263978004456 0.539727985858917 0.484566003084183 0.48030099272728 0.532189011573792 0.525613009929657 0.531213998794556 0.536948025226593 0.54365998506546 0.549205005168915 0.548868000507355 0.548852026462555 0.549948990345001 0.550227999687195 0.547408998012543 0.544565975666046 0.541079998016357 0.259597986936569 0.000489418976940215 0.000485547992866486 0.000479384005302563 0.000474800006486475 0.000470360013423488 0.000467739009764045 0.000466400990262628 0.000464871991425753 0.000464118988020346 0.00046336799277924 0.000461582996649668 0.000461537012597546 0.000461490999441594 0.000461444986285642 0.000461896997876465 0.000461999006802216 0.000461401999928057 0.000460846989881247 0.000460806011687964 0.000460765004390851 0.000460682000266388 0.000460040988400578 0.000459425995359197 0.000458811991848052 0.000458199996501207
0.517692029476166 0.521606028079987 0.535619020462036 0.548663020133972 0.551760971546173 0.549310982227325 0.547604978084564 0.541311025619507 0.543201982975006 0.546815991401672 0.551499009132385 0.554013013839722 0.528887987136841 0.519559979438782 0.5346360206604 0.54634702205658 0.543588995933533 0.531879007816315 0.0381594002246857 0.000496188993565738 0.000490030972287059 0.000482665986055508 0.000477844005217776 0.000471176987048239 0.000467000994831324 0.000464532990008593 0.000463247008156031 0.000462094991235062 0.00046105298679322 0.000460015988210216 0.000459512986708432 0.000459539005532861 0.000459566013887525 0.000458519993117079 0.000457882008049637 0.000457085989182815 0.000457287998870015 0.0004576189967338 0.00045745400711894 0.000457290007034317 0.00045644398778677 0.000455878995126113 0.000455072993645445 0.000454277003882453 0.000453685002867132
-3.4e+38 -3.4e+38 0.54697597026825 0.562376976013184 0.564495027065277 0.564036011695862 0.563843011856079 0.561617970466614 0.56166398525238 0.559911012649536 0.56131899356842 0.555442988872528 0.414701998233795 0.255928993225098 0.00104040000587702 0.00165841996204108 0.0010859799804166 0.000660176970995963 0.000504892028402537 0.000496366003062576 0.000490644015371799 0.000483751005958766 0.000475345004815608 0.000471584004117176 0.000465063989395276 0.00046297800145112 0.000460754992673174 0.000459116999991238 0.000458508991869166 0.000457521004136652 0.000456262001534924 0.000454919005278498 0.000455230998340994 0.000455706001957878 0.000456926005426794 0.000456161011243239 0.000456468987977132 0.000456726003903896 0.000456189998658374 0.000455656001577154 0.000455122994026169 0.000454535998869687 0.00045327001134865 0.000453129003290087 0.000452987995231524
-3.4e+38 -3.4e+38 -3.4e+38 -3.4e+38 0.562352001667023 0.564507007598877 0.56488698720932 0.564401984214783 0.562039971351624 0.561110019683838 0.561312973499298 0.560990989208221 0.555190980434418 0.504630982875824 0.068467803299427 0.0107394997030497 0.000518860993906856 0.000510416983161122 0.000505120027810335 0.000499270972795784 0.00049217400373891 0.000484635995235294 0.000477052992209792 0.000470656988909468 0.000464470009319484 0.000462599011370912 0.000460328999906778 0.000458110007457435 0.000457335001556203 0.000455801986390725 0.00045441699330695 0.000454853987321258 0.000455291999969631 0.000455731002148241 0.000456168985692784 0.000456270994618535 0.000456312001915649 0.000455878005595878 0.00045523198787123 0.000454586988780648 0.000453943997854367 0.00045363898971118 0.000453095010016114 0.000452757987659425 0.000452478008810431
-3.4e+38 -3.4e+38 -3.4e+38 -3.4e+38 -3.4e+38 -3.4e+38 0.569014012813568 0.569557011127472 0.566220998764038 0.564440011978149 0.563215017318726 0.562485992908478 0.560418009757996 0.555486977100372 0.553116023540497 0.548636972904205 0.00129913003183901 0.000511972000822425 0.000506001990288496 0.000499496003612876 0.000491925980895758 0.000482861010823399 0.000475064007332548 0.000469357008114457 0.000464054988697171 0.000461513991467655 0.000457785004982725 0.000457140005892143 0.000454771012300625 0.000454090011771768 0.000453887012554333 0.000453873013611883 0.000453857996035367 0.000453840009868145 0.000453760003438219 0.000453645014204085 0.00045438899542205 0.000454699009424075 0.00045414300984703 0.000453588989330456 0.000453037006082013 0.00045242698979564 0.000451833999250084 0.000451322994194925 0.000450366991572082
-3.4e+38 -3.4e+38 -3.4e+38 -3.4e+38 -3.4e+38 -3.4e+38 -3.4e+38 0.57479602098465 0.566092014312744 0.56343400478363 0.562188982963562 0.561511993408203 0.561093986034393 0.557732999324799 0.554445028305054 0.550861001014709 0.00695342011749744 0.000510656973347068 0.000508197990711778 0.000500187976285815 0.000491530983708799 0.000483754003653303 0.000477622001199052 0.000470550992758945 0.000464660988654941 0.000461829011328518 0.000459272996522486 0.000456015986856073 0.000454875000286847 0.000454430002719164 0.000453670014394447 0.000453554006526247 0.000454224005807191 0.000454141991212964 0.00045402700197883 0.000453915010439232 0.00045366698759608 0.000453352986369282 0.000452684995252639 0.000452270993264392 0.00045221799518913 0.00045242698979564 0.000453243992524222 0.000452843989478424 0.000453293992904946
-3.4e+38 -3.4e+38 -3.4e+38 -3.4e+38 -3.4e+38 0.512073993682861 -3.4e+38 -3.4e+38 0.567314982414246 0.559101998806 0.56053501367569 0.561342000961304 0.561456978321075 0.560144007205963 0.55665397644043 0.552228987216949 0.190789997577667 0.000514523999299854 0.000509955978486687 0.000502296024933457 0.000493498984724283 0.000486709992401302 0.000481388007756323 0.000474650994874537 0.000470077007776126 0.00046581300557591 0.000461468007415533 0.000458871014416218 0.000456843001302332 0.000456112989922985 0.000455005996627733 0.000454850000096485 0.000455117988167331 0.000454761000582948 0.000454788998467848 0.00045489298645407 0.00045522500295192 0.000455847999546677 0.000455595989478752 0.000455341010820121 0.000455092987976968 0.000455558008980006 0.000454758992418647 0.000456014997325838 0.000457327987533063
-3.4e+38 -3.4e+38 -3.4e+38 -3.4e+38 -3.4e+38 0.510812997817993 0.513431012630463 0.517400979995728 0.569661021232605 0.558817028999329 0.558789014816284 0.561973989009857 0.561676025390625 0.561528980731964 0.559152007102966 0.556334972381592 0.543304026126862 0.000524065981153399 0.000517616979777813 0.000508046010509133 0.000498657987918705 0.000488166988361627 0.000483515002997592 0.000478388014016673 0.000471626000944525 0.000469119986519217 0.000467111996840686 0.000464815006125718 0.000462166994111612 0.000459533999674022 0.000458722992334515 0.000458343012724072 0.000458474009064957 0.000458507012808695 0.000458944996353239 0.000460234005004168 0.000461552001070231 0.000461427989648655 0.000458558992249891 0.000457257992820814 0.000456417008535936 0.000454772991361097 0.000452856998890638 0.000452136009698734 0.000449646002380177
-3.4e+38 -3.4e+38 -3.4e+38 -3.4e+38 -3.4e+38 0.574446022510529 0.573454976081848 0.571954011917114 0.571246981620789 0.56520402431488 0.561950027942657 0.562776029109955 0.562300026416779 0.563413023948669 0.5623499751091 0.560025990009308 0.553121984004974 0.175667002797127 0.000521051988471299 0.000511925027240068 0.000502876006066799 0.000495949992910028 0.000489210011437535 0.000487488985527307 0.000484988995594904 0.000480824994156137 0.000477894995128736 0.000477118010167032 0.00047384700155817 0.000470800005132332 0.00046866899356246 0.000467278005089611 0.000465605990029871 0.000464148004539311 0.000463497010059655 0.000463625008706003 0.000463564007077366 0.000462294003227726 0.000460457988083363 0.000455800996860489 0.000451425992650911 0.000449187005870044 0.000448668986791745 0.000447872007498518 0.000446632009698078
0.562273025512695 0.570165991783142 0.577740013599396 0.588007986545563 0.590040028095245 0.586233973503113 0.580043017864227 0.575549006462097 0.573841989040375 0.570583999156952 0.566184997558594 0.565015017986298 0.562879979610443 0.563284993171692 0.563646018505096 0.562173008918762 0.558192014694214 0.55128800868988 0.0176339000463486 0.000521717010997236 0.000512950005941093 0.000507328019011766 0.000502460985444486 0.000497961009386927 0.000497072993312031 0.000496712978929281 0.000496080028824508 0.000495281012263149 0.000493325991556048 0.000490204023662955 0.00048633199185133 0.000481071008834988 0.000478055997518823 0.000476131011964753 0.000473394000437111 0.000472512008855119 0.00046473101247102 0.000456100999144837 0.00045204401249066 0.000448584003606811 0.000446569989435375 0.000445310986833647 0.000444962992332876 0.000444834993686527 0.000444708013674244
0.568018972873688 0.572264015674591 0.576788008213043 0.579959988594055 0.58379602432251 0.585359990596771 0.586727023124695 0.588003993034363 0.581327974796295 0.57482898235321 0.56802898645401 0.564682006835938 0.562442004680634 0.562335014343262 0.564508020877838 0.565562009811401 0.562416970729828 0.55696302652359 0.547639012336731 0.000657364027574658 0.000523947994224727 0.000519331020768732 0.000513912993483245 0.000511771009769291 0.000511138001456857 0.000516458007041365 0.000518653017934412 0.000521764974109828 0.000518070010002702 0.000512751983478665 0.000507201999425888 0.000501142989378422 0.000496379972901195 0.00049297499936074 0.000482161995023489 0.000469955004518852 0.000457213987829164 0.000452170002972707 0.000449384009698406 0.000446443998953328 0.000445246987510473 0.000444092991529033 0.000443125987658277 0.000443496013758704 0.000443866010755301
0.578225016593933 0.574355006217957 0.570092976093292 0.566865026950836 0.570249974727631 0.578742980957031 0.588527023792267 0.598752975463867 0.590489983558655 0.582810997962952 0.57091099023819 0.562505006790161 0.560621976852417 0.560599029064178 0.56268298625946 0.566177010536194 0.566128015518188 0.561173975467682 0.556586980819702 0.541288018226624 0.000536405015736818 0.000529539014678448 0.000527562981005758 0.000525310984812677 0.00053115002810955 0.000543619971722364 0.000552768993657082 0.000550667988136411 0.000545494025573134 0.000539619999472052 0.000537292973604053 0.000528200995177031 0.00050650502089411 0.000487734010675922 0.000479535985505208 0.000470611004857346 0.000460156006738544 0.000453921005828306 0.000450705992989242 0.000442454009316862 0.000442259013652802 0.000442057003965601 0.00044183200225234 0.000442955002654344 0.000445011013653129
0.591076016426086 -3.4e+38 -3.4e+38 -3.4e+38 -3.4e+38 -3.4e+38 0.545617997646332 0.610210001468658 0.601818978786469 0.587844014167786 0.57695597410202 0.563080012798309 0.559535980224609 0.560503005981445 0.563692986965179 0.567147970199585 0.568453013896942 0.566835999488831 0.566654026508331 0.562174022197723 0.000562875007744879 0.000544534996151924 0.000539881992153823 0.000542650988791138 0.000552517012692988 0.000568900024518371 0.000576645019464195 0.000572553020901978 0.000569587980862707 0.000565348018426448 0.000546526978723705 0.00051933602662757 0.00050653301877901 0.00049974798457697 0.000487565994262695 0.00047735299449414 0.000468865007860586 0.000461326009826735 0.000449802988441661 0.000446257006842643 0.000441537005826831 0.000441504002083093 0.000441470008809119 0.000441435986431316 0.000441401993157342
-3.4e+38 -3.4e+38 -3.4e+38 -3.4e+38 -3.4e+38 -3.4e+38 -3.4e+38 -3.4e+38 0.583099007606506 0.573060989379883 0.562716007232666 0.552869021892548 0.552523016929626 0.556370973587036 0.563664972782135 0.568250000476837 0.571268975734711 0.571859002113342 0.567296981811523 0.563202023506165 0.157790005207062 0.000555362028535455 0.000560318992938846 0.000566608970984817 0.000585010973736644 0.000590056006330997 0.000586091016884893 0.000574065023101866 0.000557940977159888 0.000534036022145301 0.000525142007973045 0.000514453975483775 0.00051003898261115 0.000501041009556502 0.00049236899940297 0.00048426998546347 0.000475476001156494 0.000467362988274544 0.000454850000096485 0.000447414990048856 0.000440772011643276 0.000440695992438123 0.000440917996456847 0.000441393000073731 0.000441868993220851
-3.4e+38 -3.4e+38 -3.4e+38 -3.4e+38 -3.4e+38 -3.4e+38 -3.4e+38 -3.4e+38 -3.4e+38 0.562277972698212 0.551720976829529 0.538201987743378 0.544128000736237 0.552312016487122 0.565270006656647 0.571152985095978 0.572021007537842 0.575232028961182 0.575788021087646 0.571720004081726 0.561749994754791 0.00336926011368632 0.000577947997953743 0.000588438997510821 0.000580182007979602 0.000566763977985829 0.00056005798978731 0.000552213983610272 0.000544447975698858 0.00053642998682335 0.00052861898439005 0.000520698027685285 0.000515758991241455 0.000510087993461639 0.000501826987601817 0.000493259984068573 0.000484654010506347 0.000477578985737637 0.000461938005173579 0.000448803999461234 0.000442807009676471 0.000443914002971724 0.000444475008407608 0.000445039011538029 0.000445606012362987
