results/Predictions/Median/Norian.asc
NCOLS 360 
NROWS 180 
XLLCORNER -180 
YLLCORNER -90 
CELLSIZE 1 
NODATA_value -3.4e+38 
[rows 40 to 59 of 180, columns 90 to 134 of 360]
0.000506057986058295 1.43469997055945e-05 1.41313003041432e-05 1.3916500392952e-05 1.32602999656228e-05 1.25112001114758e-05 1.17974996101111e-05 1.11248000393971e-05 1.0492100045667e-05 9.86546001513489e-06 9.21452010516077e-06 8.67674043547595e-06 8.17504042061046e-06 7.68934023653856e-06 7.23268021829426e-06 6.87842020852258e-06 6.6138300098828e-06 6.32677983958274e-06 6.07808988206671e-06 5.99856002736487e-06 5.98588985667448e-06 5.97325015405659e-06 5.9606400100165e-06 5.88126022194047e-06 5.80293999519199e-06 5.7349197959411e-06 5.65875006941496e-06 5.49983997188974e-06 5.3452299653145e-06 5.19479999638861e-06 5.0506700972619e-06 4.94442019771668e-06 0.00289569003507495 0.00755794020369649 0.0104371998459101 0.0117594003677368 0.0127445003017783 0.0138892000541091 -3.4e+38 -3.4e+38 -3.4e+38 -3.4e+38 -3.4e+38 -3.4e+38 -3.4e+38
1.99010992218973e-05 1.93879004655173e-05 1.88879002962494e-05 1.84008003998315e-05 1.74208998942049e-05 1.63552995218197e-05 1.53551991388667e-05 1.44165996971424e-05 1.3403499906417e-05 1.24620000860887e-05 1.15870998342871e-05 1.08070998976473e-05 1.01047999123693e-05 9.43318991630804e-06 8.89522016223054e-06 8.45516024128301e-06 8.07254036772065e-06 7.7073200372979e-06 7.34100012778072e-06 7.18814999345341e-06 7.11221991878119e-06 7.03709019944654e-06 6.96274992151302e-06 6.89911985318759e-06 6.8360800469236e-06 6.77361003909027e-06 6.66085998091148e-06 6.41599990558461e-06 6.19712000116124e-06 5.95905021327781e-06 5.8610899031919e-06 5.82440998186939e-06 1.03736001619836e-05 0.00754474010318518 0.0121425995603204 0.0132178999483585 0.0134869003668427 -3.4e+38 -3.4e+38 -3.4e+38 -3.4e+38 -3.4e+38 -3.4e+38 -3.4e+38 -3.4e+38
2.73929999821121e-05 2.63861002167687e-05 2.52744994213572e-05 2.43731992668472e-05 2.29436991503462e-05 2.14491992664989e-05 2.00204995053355e-05 1.87178993655834e-05 1.71446008607745e-05 1.56992991833249e-05 1.43859997479012e-05 1.32674003907596e-05 1.2468400200305e-05 1.17208001029212e-05 1.10183000288089e-05 1.03356996987714e-05 9.67092000792036e-06 9.15621967578772e-06 8.6702502812841e-06 8.44732039695373e-06 8.31997022032738e-06 8.2072801887989e-06 8.09611992735881e-06 8.04030969447922e-06 7.98489963926841e-06 7.92985974840121e-06 7.81635026214644e-06 7.52562982597738e-06 7.16435988579178e-06 6.8408799052122e-06 6.79574986861553e-06 6.67685981170507e-06 7.17351986168069e-06 0.0075937700457871 0.0157842002809048 0.0203595999628305 0.0244637001305819 -3.4e+38 -3.4e+38 -3.4e+38 -3.4e+38 -3.4e+38 -3.4e+38 -3.4e+38 -3.4e+38
3.76731986762024e-05 3.60580997949e-05 3.41509985446464e-05 3.22164996759966e-05 3.00748997688061e-05 2.78947991319001e-05 2.57138999586459e-05 2.38760003412608e-05 2.17393007915234e-05 1.99721998797031e-05 1.82371004484594e-05 1.66559002536815e-05 1.55458001245279e-05 1.45504000101937e-05 1.36114003908006e-05 1.27003995658015e-05 1.20169997899211e-05 1.13706000774982e-05 1.07436999314814e-05 1.03718002719688e-05 1.01351997727761e-05 9.90400985756423e-06 9.67813957686303e-06 9.53506969381124e-06 9.41215967031894e-06 9.29149973671883e-06 9.10186008695746e-06 8.69161976879695e-06 8.30616954772267e-06 7.96769018052146e-06 7.80511982156895e-06 7.64745982451132e-06 7.58539999878849e-06 0.0052054300904274 0.0172961000353098 0.0213952008634806 0.0253624003380537 -3.4e+38 -3.4e+38 -3.4e+38 -3.4e+38 -3.4e+38 -3.4e+38 -3.4e+38 -3.4e+38
5.08498997078277e-05 4.81454007967841e-05 4.58559989056084e-05 4.35719994129613e-05 4.01114994019736e-05 3.67942993761972e-05 3.35242002620362e-05 3.07857990264893e-05 2.78402003459632e-05 2.51263008976821e-05 2.27860000450164e-05 2.09587997233029e-05 1.95153006643523e-05 1.80011993506923e-05 1.67121997947106e-05 1.56968999363016e-05 1.47488999573397e-05 1.37974002427654e-05 1.29031996038975e-05 1.2508399777289e-05 1.22533001558622e-05 1.20034001156455e-05 1.17585996122216e-05 1.15229995572008e-05 1.12919997263816e-05 1.10658002085984e-05 1.0757799827843e-05 1.01488003565464e-05 9.66705010796431e-06 9.23054994927952e-06 9.04379976418568e-06 8.93119977263268e-06 8.73919998412021e-06 0.000889652001205832 0.0189191997051239 0.0229059997946024 0.0262030009180307 0.0215377006679773 -3.4e+38 -3.4e+38 -3.4e+38 -3.4e+38 -3.4e+38 -3.4e+38 -3.4e+38
6.8381501478143e-05 6.42825980321504e-05 5.99455997871701e-05 5.56939994567074e-05 5.11288999405224e-05 4.71849016321357e-05 4.31763983215205e-05 3.96661998820491e-05 3.57315002474934e-05 3.2184998417506e-05 2.8990400096518e-05 2.61371005763067e-05 2.41989000642207e-05 2.24512004933786e-05 2.07407993002562e-05 1.9417599105509e-05 1.81858995347284e-05 1.70327002706472e-05 1.59529990924057e-05 1.54300996655365e-05 1.50679998114356e-05 1.46835000123247e-05 1.42948001666809e-05 1.38470004458213e-05 1.34127003548201e-05 1.30191001517233e-05 1.26078002722352e-05 1.20194999908563e-05 1.14587001007749e-05 1.08842996269232e-05 1.06588004200603e-05 1.04246000773855e-05 1.01976002042647e-05 1.66788995556999e-05 0.0191479008644819 0.0258710999041796 0.0213268995285034 -3.4e+38 -3.4e+38 -3.4e+38 -3.4e+38 -3.4e+38 -3.4e+38 -3.4e+38 -3.4e+38
8.78864011610858e-05 8.12306025181897e-05 7.49863975215703e-05 7.01145982020535e-05 6.44827014184557e-05 5.89791998208966e-05 5.3948398999637e-05 4.93845982418861e-05 4.49088001914788e-05 4.09603999287356e-05 3.69467998098116e-05 3.36791017616633e-05 3.0972598324297e-05 2.83996996586211e-05 2.61332006630255e-05 2.42474998231046e-05 2.26441006816458e-05 2.12929007830098e-05 1.99388996406924e-05 1.92493007489247e-05 1.87735004146816e-05 1.82349995156983e-05 1.7692500478006e-05 1.70524999703048e-05 1.6435800716863e-05 1.58415004989365e-05 1.51637996168574e-05 1.42747003337718e-05 1.34890997287584e-05 1.27468001664965e-05 1.24819998745807e-05 1.22290002764203e-05 1.19438000183436e-05 1.14368003778509e-05 0.0151829002425075 0.0271754991263151 0.0279364008456469 -3.4e+38 -3.4e+38 -3.4e+38 -3.4e+38 -3.4e+38 -3.4e+38 -3.4e+38 0.0596809014678001
0.000114314003440086 0.000106626997876447 9.74689974100329e-05 9.00974991964176e-05 8.24782982817851e-05 7.45772995287552e-05 6.81230012560263e-05 6.22309016762301e-05 5.64949987165164e-05 5.10618010594044e-05 4.64853983430658e-05 4.24552999902517e-05 3.92262991226744e-05 3.62495011358988e-05 3.33870993927121e-05 3.09704009850975e-05 2.8767999538104e-05 2.67198993242346e-05 2.47618008870631e-05 2.38415996136609e-05 2.32422007684363e-05 2.25229996431153e-05 2.18240002141101e-05 2.09270001505502e-05 2.00672002392821e-05 1.92428997252136e-05 1.83688007382443e-05 1.71005995071027e-05 1.60136005433742e-05 1.50373998621944e-05 1.44878003993654e-05 1.46849997690879e-05 1.40363999889814e-05 1.33637004182674e-05 0.00015655999595765 0.0261307992041111 0.0253132991492748 -3.4e+38 -3.4e+38 -3.4e+38 -3.4e+38 -3.4e+38 -3.4e+38 0.0602982006967068 0.0720494017004967
0.000137277005705982 0.00012709699512925 0.000118556003144477 0.000110055996628944 0.000100582001323346 9.27196015254594e-05 8.48931013024412e-05 7.79874026193283e-05 7.09148007445037e-05 6.44992978777736e-05 5.88061011512764e-05 5.3391599067254e-05 4.96178981848061e-05 4.61821982753463e-05 4.25698017352261e-05 3.91749017580878e-05 3.7073201383464e-05 3.46927990904078e-05 3.24401989928447e-05 3.09821007249411e-05 2.98062004731037e-05 2.87225993815809e-05 2.76160008070292e-05 2.61296991084237e-05 2.47429998125881e-05 2.36446994676953e-05 2.24716004595393e-05 2.0843299353146e-05 1.93528994714143e-05 1.79434991878225e-05 1.72789004864171e-05 1.72829004441155e-05 1.67573998623993e-05 1.62153992278036e-05 1.56408004841069e-05 0.0168405994772911 0.0291850008070469 0.0248252991586924 0.0214901007711887 -3.4e+38 0.0209574997425079 -3.4e+38 -3.4e+38 0.0604261010885239 -3.4e+38
0.000168500002473593 0.000155583999003284 0.000144603996886872 0.000133448003907688 0.000123125995742157 0.000113811001938302 0.000105206003354397 9.72546986304224e-05 8.8928296463564e-05 8.13192964415066e-05 7.43654964026064e-05 6.82268000673503e-05 6.26449982519262e-05 5.78360013605561e-05 5.36203006049618e-05 5.01348986290395e-05 4.71958992420696e-05 4.44219986093231e-05 4.1812101699179e-05 3.97112016798928e-05 3.81844984076452e-05 3.64877014362719e-05 3.44945001415908e-05 3.27999005094171e-05 3.12068004859611e-05 2.93524008156965e-05 2.74374997388804e-05 2.52006993832765e-05 2.3264799892786e-05 2.15322997973999e-05 2.06178992812056e-05 2.05287997232517e-05 2.00561007659417e-05 1.95404008991318e-05 1.86585002666106e-05 0.00351003999821842 0.0336923003196716 0.0311670992523432 0.0244337003678083 0.0231532007455826 0.0218446999788284 -3.4e+38 -3.4e+38 -3.4e+38 -3.4e+38
0.000195532993529923 0.000183319003554061 0.000172383995959535 0.000160790004883893 0.000149494997458532 0.000138536997837946 0.000127660998259671 0.000118392003059853 0.000108660999103449 9.97339011519216e-05 9.12296964088455e-05 8.33597005112097e-05 7.69662001403049e-05 7.14043999323621e-05 6.6021500970237e-05 6.19909988017753e-05 5.83143992116675e-05 5.51404009456746e-05 5.23289018019568e-05 4.99216985190287e-05 4.71591010864358e-05 4.46244994236622e-05 4.25598009314854e-05 3.99275995732751e-05 3.77637006749865e-05 3.57926983269863e-05 3.32538002112415e-05 3.01403997582383e-05 2.73664991254918e-05 2.50148004852235e-05 2.36444993788609e-05 2.33349001064198e-05 2.26747997658094e-05 2.20104993786663e-05 2.57051997323288e-05 0.0171748995780945 0.0365724004805088 0.0337518006563187 -3.4e+38 -3.4e+38 -3.4e+38 -3.4e+38 -3.4e+38 -3.4e+38 -3.4e+38
0.00022235099459067 0.000209053992875852 0.000196597000467591 0.000184956996235996 0.000174278000486083 0.000163528005941771 0.00015166899538599 0.000140132993692532 0.000128397994558327 0.000118185002065729 0.000109590000647586 0.000101507997896988 9.35877978918143e-05 8.63763998495415e-05 8.01540008978918e-05 7.5049203587696e-05 7.09157975506969e-05 6.69833025312982e-05 6.32689989288338e-05 6.00722996750847e-05 5.73352990613785e-05 5.47169001947623e-05 5.22078989888541e-05 4.86727985844482e-05 4.48926984972786e-05 4.21984004788101e-05 3.87086984119378e-05 3.46734013874084e-05 3.1279898394132e-05 2.81183001789032e-05 2.60801007243572e-05 2.50105003942735e-05 2.55345003097318e-05 0.000675626972224563 0.0300219003111124 0.0404824987053871 0.0376833006739616 -3.4e+38 -3.4e+38 -3.4e+38 -3.4e+38 -3.4e+38 -3.4e+38 -3.4e+38 -3.4e+38
0.000252227007877082 0.000239094995777123 0.000224604998948053 0.000210986996535212 0.000197710003703833 0.000185540993697941 0.000172985994140618 0.000163970005814917 0.000152897002408281 0.000140352000016719 0.000129816995467991 0.000120167002023663 0.000111483001091983 0.000103343001683243 9.58372984314337e-05 8.98748985491693e-05 8.52809971547686e-05 8.08370969025418e-05 7.68190002418123e-05 7.30367974028923e-05 6.93331967340782e-05 6.57495984341949e-05 6.226100231288e-05 5.79320003453176e-05 5.36711995664518e-05 4.96944994665682e-05 4.5303600927582e-05 4.00595017708838e-05 3.5818200558424e-05 3.16072982968763e-05 2.894660065067e-05 0.00720987981185317 0.0357111990451813 0.0444310009479523 0.0534363985061646 0.062406700104475 -3.4e+38 -3.4e+38 -3.4e+38 -3.4e+38 -3.4e+38 -3.4e+38 -3.4e+38 -3.4e+38 -3.4e+38
0.000273995014140382 0.000259400985669345 0.000244338996708393 0.000230609002755955 0.000214963001781143 0.000203614006750286 0.000191208993783221 0.000178689006133936 0.000166037993039936 0.000156758003868163 0.000145391997648403 0.000135064998175949 0.000126184997498058 0.000117903997306712 0.000109672000689898 0.000103104001027532 9.74327995209023e-05 9.22089020605199e-05 8.70821022544987e-05 8.23848968138918e-05 7.80080008553341e-05 7.3670300480444e-05 6.98646981618367e-05 6.52058006380685e-05 6.19308993918821e-05 5.76333004573826e-05 5.35264989593998e-05 4.78912006656174e-05 4.24919999204576e-05 3.79748016712256e-05 0.0137192998081446 0.0510926991701126 0.0648311972618103 0.0635529980063438 0.0657107979059219 0.0697479024529457 -3.4e+38 -3.4e+38 -3.4e+38 -3.4e+38 -3.4e+38 -3.4e+38 -3.4e+38 -3.4e+38 -3.4e+38
0.000299528997857124 0.000284014997305349 0.000269029987975955 0.000253264995990321 0.000239308996242471 0.000226147007197142 0.000210783997317776 0.000196658002096228 0.000185708995559253 0.000173109001480043 0.000161021001986228 0.000152285007061437 0.000143672004924156 0.000134019006509334 0.000125723003293388 0.000117909999971744 0.000110510998638347 0.000103714999568183 9.7080301202368e-05 9.19283993425779e-05 8.66885966388509e-05 8.15250023151748e-05 7.70443002693355e-05 7.31401014490984e-05 7.01263998053037e-05 6.66937994537875e-05 6.24970998615026e-05 5.71074997424148e-05 5.17845001013484e-05 0.0007324040052481 0.0578131005167961 0.0799873024225235 0.080826498568058 0.0789790004491806 0.0768800973892212 0.0761753022670746 -3.4e+38 -3.4e+38 -3.4e+38 -3.4e+38 -3.4e+38 -3.4e+38 -3.4e+38 -3.4e+38 -3.4e+38
0.000322825013427064 0.000307236012304202 0.00029350200202316 0.000280322012258694 0.000265976996161044 0.000249028991675004 0.000232739999773912 0.000218184999539517 0.000203522999072447 0.000189886006410234 0.000176802001078613 0.000166459998581558 0.000156950001837686 0.000147030994412489 0.000137146998895332 0.000129270993056707 0.000122287005069666 0.000115148999611847 0.000107337997178547 0.000100600002042484 9.45486972341314e-05 8.83226020960137e-05 8.17515974631533e-05 7.76212982600555e-05 7.42832999094389e-05 7.02070028637536e-05 6.60044024698436e-05 6.15660028415732e-05 0.000331649003783241 0.0764233022928238 0.0963611975312233 0.0959819033741951 0.0939067006111145 0.0907772034406662 0.10741999745369 0.136960998177528 0.182800993323326 -3.4e+38 -3.4e+38 -3.4e+38 -3.4e+38 -3.4e+38 -3.4e+38 -3.4e+38 -3.4e+38
0.000340819009579718 0.000327207002555951 0.000311556999804452 0.000299264007480815 0.000283672998193651 0.000268619012786075 0.000253940001130104 0.000240264998865314 0.000224215997150168 0.000208412006031722 0.000193233994650654 0.000181641997187398 0.00017140299314633 0.000161653995746747 0.000150307998410426 0.000140110001666471 0.000130889995489269 0.000122141995234415 0.000115212998935021 0.000107519001176115 9.88070023595355e-05 9.13022013264708e-05 8.32412988529541e-05 7.81261987867765e-05 7.35962967155501e-05 6.82695026625879e-05 6.64624967612326e-05 0.113946996629238 0.118046998977661 0.115543998777866 0.11259900033474 0.108842000365257 0.10419499874115 0.0999953970313072 0.113126002252102 0.140318006277084 0.183739006519318 0.242635995149612 -3.4e+38 -3.4e+38 -3.4e+38 -3.4e+38 -3.4e+38 -3.4e+38 -3.4e+38
0.000365659012459219 0.000347077992046252 0.000331001996528357 0.000316935998853296 0.000301863008644432 0.000287909992039204 0.000273743993602693 0.000259591994108632 0.000243375994614325 0.000224781993892975 0.000211181002669036 0.000198281995835714 0.000187048994121142 0.000174882006831467 0.000166505997185595 0.000156338996021077 0.00014401700173039 0.000131998996948823 0.000123106001410633 0.000114488997496665 0.000103858998045325 9.45346982916817e-05 8.49744028528221e-05 7.91697966633365e-05 7.23292978364043e-05 6.5783598984126e-05 0.129884004592896 0.133111000061035 0.132755994796753 0.133627995848656 0.129741996526718 0.123116999864578 0.116135999560356 0.109755001962185 0.120994001626968 0.143380999565125 0.187462002038956 0.25703901052475 -3.4e+38 -3.4e+38 -3.4e+38 -3.4e+38 -3.4e+38 -3.4e+38 -3.4e+38
0.000387626991141587 0.000367060012649745 0.000347994006006047 0.000332578987581655 0.000316716992529109 0.000300693995086476 0.000286260998109356 0.000272529985522851 0.000254573009442538 0.000242342997808009 0.000229233002755791 0.000212004000786692 0.000200477006728761 0.000188980993698351 0.000176443994860165 0.000166533005540259 0.000155810994328931 0.000142231001518667 0.000130144995637238 0.000120008000521921 0.000109391003206838 0.000100206998467911 9.30008973227814e-05 8.66725022206083e-05 8.24062008177862e-05 7.69022008171305e-05 7.18844021321274e-05 0.132662996649742 -3.4e+38 -3.4e+38 0.112717002630234 0.140805006027222 0.142073005437851 0.144574001431465 0.156984999775887 0.180915996432304 0.214568004012108 0.26359298825264 0.265778005123138 -3.4e+38 -3.4e+38 -3.4e+38 -3.4e+38 -3.4e+38 -3.4e+38
0.000408182997489348 0.000388941989513114 0.000369215005775914 0.000350629998138174 0.000333512987708673 0.000317402998916805 0.000302375003229827 0.000287491013295949 0.000271127006271854 0.000255343009484932 0.000240480992943048 0.000226460993872024 0.000213185005122796 0.000201221002498642 0.00018850399646908 0.000174120999872684 0.000162245996762067 0.000150388004840352 0.000137587994686328 0.000126105005620047 0.000117242001579143 0.000109777996840421 0.000101539000752382 9.82667988864705e-05 9.41148027777672e-05 8.96362034836784e-05 8.42138033476658e-05 7.79718029662035e-05 0.143759995698929 -3.4e+38 -3.4e+38 0.141198992729187 0.188149005174637 0.205290004611015 0.216512992978096 0.229335993528366 0.245343998074532 0.267468988895416 0.267527997493744 -3.4e+38 -3.4e+38 -3.4e+38 -3.4e+38 -3.4e+38 -3.4e+38
