results/Predictions/Median/Norian.asc
NCOLS 360 
NROWS 180 
XLLCORNER -180 
YLLCORNER -90 
CELLSIZE 1 
NODATA_value -3.4e+38 
[rows 140 to 159 of 180, columns 0 to 44 of 360]
1.46894001318287e-06 1.4373999874806e-06 1.40001998261141e-06 1.36271000883426e-06 1.34930996864568e-06 1.34368997350975e-06 1.33808998725726e-06 1.33252001432993e-06 1.33828996240482e-06 1.3440900374917e-06 1.34576998789271e-06 1.34735000756336e-06 1.35565005621174e-06 1.36400001338188e-06 1.37239999276062e-06 1.38671998684003e-06 1.40713996188424e-06 1.42785995649319e-06 1.44740999985515e-06 1.47579999065783e-06 1.50867003867461e-06 1.54225995174784e-06 1.57652004872944e-06 1.63804998010164e-06 1.70198995874671e-06 1.77083995822613e-06 1.83289000688092e-06 1.8489199646865e-06 1.86509998911788e-06 1.88140995760477e-06 1.9217900444346e-06 1.99175997295242e-06 2.07991001843766e-06 2.1621499399771e-06 2.27128998631088e-06 2.38085999626492e-06 2.49337995228416e-06 2.63471997641318e-06 2.60329011325666e-06 2.57223996413813e-06 2.53961002272263e-06 2.47218008553318e-06 2.3328100269282e-06 2.19434991777234e-06 2.0518600649666e-06
9.13900976229343e-07 8.96432993613416e-07 8.79299989264837e-07 8.62497017806163e-07 8.58363023326092e-07 8.58385021729191e-07 8.58405996950751e-07 8.5842799535385e-07 8.62669992329756e-07 8.66931998189102e-07 8.71214979270007e-07 8.76594981491507e-07 8.85262977590173e-07 8.94018000963115e-07 9.02858971585374e-07 9.16765998226765e-07 9.3596901251658e-07 9.55576979322359e-07 9.75598027253e-07 1.00148997717042e-06 1.02994999906514e-06 1.06142999811709e-06 1.09582003915421e-06 1.15166994874016e-06 1.20342997433909e-06 1.25385997762351e-06 1.3028800367465e-06 1.3292800531417e-06 1.35621996832924e-06 1.38371001412452e-06 1.42867997965368e-06 1.48217998230393e-06 1.52207996961806e-06 1.57481997575815e-06 1.64563005000673e-06 1.73158002780838e-06 1.82133999260259e-06 1.91575009012013e-06 1.90673995348334e-06 1.89775994385855e-06 1.88878004792059e-06 1.85045996659028e-06 1.74952003817452e-06 1.65496999215975e-06 1.57604995365546e-06
5.7952900078817e-07 5.7220898952437e-07 5.64839979233511e-07 5.57171972559445e-07 5.56342001800658e-07 5.58138026462984e-07 5.59940019684291e-07 5.61747015126457e-07 5.64950994430546e-07 5.68174016279954e-07 5.71413977468183e-07 5.75537001168414e-07 5.82708992169501e-07 5.89968976782984e-07 5.97320990891603e-07 6.09740993695596e-07 6.27542021902627e-07 6.45861973680439e-07 6.64716992559988e-07 6.86044018038956e-07 7.10972983597458e-07 7.36808999590721e-07 7.63586001539807e-07 7.98799021595187e-07 8.40747986785573e-07 8.86273028299911e-07 9.24753010167478e-07 9.49608988776163e-07 9.75133048086718e-07 1.00129000202287e-06 1.03496995507157e-06 1.07689004380518e-06 1.12046996036952e-06 1.16577996323031e-06 1.22371000088606e-06 1.28665999454824e-06 1.35285995384038e-06 1.42248995871341e-06 1.41869998060429e-06 1.41492000693688e-06 1.4111500377112e-06 1.3913600014348e-06 1.32554998799606e-06 1.26285999613174e-06 1.2031599680995e-06
4.24270012899797e-07 4.19744992541382e-07 4.15268004871905e-07 4.10838993047946e-07 4.11885991979943e-07 4.14764997458406e-07 4.17665006580137e-07 4.20584996163598e-07 4.23264992832628e-07 4.25963008865438e-07 4.28677992658777e-07 4.32456005228232e-07 4.3863599330507e-07 4.44903008656183e-07 4.51260007139354e-07 4.61649989347279e-07 4.76346997402288e-07 4.91512025746488e-07 5.07159995777329e-07 5.25257974004489e-07 5.44676993285975e-07 5.64815024972631e-07 5.83669987008761e-07 6.08187008310779e-07 6.37043001461279e-07 6.62989975808159e-07 6.87790986830805e-07 7.06691992036212e-07 7.26114990357019e-07 7.4661801363618e-07 7.76396007040603e-07 8.14537997939624e-07 8.50236972382845e-07 8.86111990894278e-07 9.25437973364751e-07 9.67193955148105e-07 1.01308000921563e-06 1.06327001958562e-06 1.06233005681133e-06 1.06134996258334e-06 1.06105994746031e-06 1.04913999621203e-06 1.00643001132994e-06 9.66897005127976e-07 9.32509010453941e-07
3.16141012035587e-07 3.13410993157959e-07 3.10703001105139e-07 3.08014989514049e-07 3.1020098845147e-07 3.14043006710563e-07 3.17927998594314e-07 3.21854003004773e-07 3.2485701240148e-07 3.27887988760267e-07 3.3098800145126e-07 3.34351994979443e-07 3.38341010319709e-07 3.42378001505494e-07 3.46463991718338e-07 3.5348901405996e-07 3.63624991450706e-07 3.7404399222396e-07 3.84754002880072e-07 3.96751005382612e-07 4.10684009466422e-07 4.25107003820813e-07 4.40222009956415e-07 4.58717011042609e-07 4.77989999581041e-07 4.980719836567e-07 5.16580996645644e-07 5.30277986854344e-07 5.44337979135889e-07 5.58866020128335e-07 5.81582014547166e-07 6.10914980825328e-07 6.39081008557696e-07 6.68553013838391e-07 6.99695988259919e-07 7.33725016743847e-07 7.68785980653774e-07 8.05123022473708e-07 8.04309991053742e-07 8.03465013632376e-07 8.02590989223972e-07 7.95005973941443e-07 7.69114990362141e-07 7.44894975923671e-07 7.19922013558971e-07
2.40334998125036e-07 2.38799998442119e-07 2.37272004710576e-07 2.35751002719553e-07 2.37993006635406e-07 2.41495001773728e-07 2.45042997448763e-07 2.48636013111536e-07 2.5148901272587e-07 2.54373986763312e-07 2.57289997307453e-07 2.60404988239316e-07 2.64060986410186e-07 2.67768996309314e-07 2.71528989514991e-07 2.77465005638078e-07 2.85713014136491e-07 2.94200987127624e-07 3.02935006857297e-07 3.12746010422416e-07 3.22698014088019e-07 3.32963992377699e-07 3.43560003557286e-07 3.54202001062731e-07 3.66329999224035e-07 3.80046998316175e-07 3.93579000501632e-07 4.04822003474692e-07 4.16961995597376e-07 4.30238003445993e-07 4.47160999783591e-07 4.69004987735389e-07 4.92151002617902e-07 5.17484977535787e-07 5.40032999651885e-07 5.65815014397231e-07 5.93119011682575e-07 6.19717980043788e-07 6.17616024101153e-07 6.15522026237159e-07 6.13435020113684e-07 6.08072980412544e-07 5.92085996231617e-07 5.75928993384878e-07 5.6021298178166e-07
1.78445006326911e-07 1.77882000684804e-07 1.77321993533042e-07 1.76762995351964e-07 1.78641997194973e-07 1.81369998131231e-07 1.84138997383343e-07 1.86950998681823e-07 1.89920996263027e-07 1.92938998111458e-07 1.96003995256433e-07 1.99423993763048e-07 2.03840002654943e-07 2.08274997248736e-07 2.12063000049056e-07 2.17343995245756e-07 2.24226994305354e-07 2.31325003596794e-07 2.38646009620425e-07 2.47178007839466e-07 2.56150997302029e-07 2.64990006826338e-07 2.74137988753864e-07 2.83056010630389e-07 2.92267003487723e-07 3.01781000189294e-07 3.11290989429835e-07 3.20187012903261e-07 3.30797007563888e-07 3.4175999985564e-07 3.56003994284038e-07 3.73902992123476e-07 3.92661007708739e-07 4.12432996199641e-07 4.29497987397554e-07 4.46007987875419e-07 4.63155004126747e-07 4.80727010199189e-07 4.77897003747785e-07 4.7508399347862e-07 4.72287013053574e-07 4.67571993567617e-07 4.57374000006894e-07 4.47367000333543e-07 4.37546987086535e-07
1.3172599722111e-07 1.31766000777134e-07 1.31806004333157e-07 1.31844998918496e-07 1.3320699565611e-07 1.3503000673154e-07 1.3687800048956e-07 1.38752000111708e-07 1.4114900181994e-07 1.43587001844026e-07 1.46066994943794e-07 1.48957994383636e-07 1.53038996586474e-07 1.57230999775493e-07 1.61537997200867e-07 1.66895006259438e-07 1.73398007063952e-07 1.80155993234621e-07 1.87175999144529e-07 1.95170997585592e-07 2.0305799353082e-07 2.10954993917767e-07 2.18823004161095e-07 2.26283006554695e-07 2.33999998044965e-07 2.41982007764818e-07 2.50037004434489e-07 2.57737013953374e-07 2.6567599320515e-07 2.73860990773755e-07 2.84046990373099e-07 2.97941994631401e-07 3.13295998921603e-07 3.29443992086453e-07 3.41286011007469e-07 3.51855987901217e-07 3.61697004791495e-07 3.73494003724772e-07 3.69967011693006e-07 3.66498994708309e-07 3.63852990403757e-07 3.59940003136217e-07 3.53789005202998e-07 3.48175007047757e-07 3.42620012361294e-07
1.04491000740836e-07 1.04846002102477e-07 1.05203000089205e-07 1.0556099994119e-07 1.07063002019459e-07 1.08976003332373e-07 1.10923998875023e-07 1.12906000993007e-07 1.15173996562135e-07 1.17486997908145e-07 1.19847001656126e-07 1.22527993084987e-07 1.2611100430604e-07 1.29799005321729e-07 1.33594994622399e-07 1.3834200274232e-07 1.44132002333208e-07 1.50163998569042e-07 1.56449004862225e-07 1.63248003559602e-07 1.70429999002408e-07 1.77567997639017e-07 1.84195997121606e-07 1.89700003261351e-07 1.95368997424339e-07 2.0120900501297e-07 2.07325001611025e-07 2.13936004911375e-07 2.20760000502196e-07 2.27803994334863e-07 2.36147002397047e-07 2.45917988195288e-07 2.56096996054112e-07 2.67291000000114e-07 2.75594004506274e-07 2.82580998600679e-07 2.89745997861246e-07 2.97093009749005e-07 2.95357011736996e-07 2.93596997380519e-07 2.9184698746576e-07 2.89700011535388e-07 2.86348011968585e-07 2.83020000324541e-07 2.79715010265136e-07
8.28866006941098e-08 8.34264000104668e-08 8.3969602826528e-08 8.45164009888322e-08 8.60511022438004e-08 8.79501982353759e-08 8.98913015134895e-08 9.18753002565609e-08 9.39797004662069e-08 9.61322967896194e-08 9.83341976734664e-08 1.00786998302738e-07 1.03921998118039e-07 1.07154001227627e-07 1.10487000881676e-07 1.14674996609665e-07 1.19804994369588e-07 1.25165996678334e-07 1.30985000623696e-07 1.3686799604784e-07 1.4286399618868e-07 1.48810002542632e-07 1.54142000496904e-07 1.59066999572133e-07 1.63154993515491e-07 1.67348005675194e-07 1.71953999483776e-07 1.77624997377279e-07 1.83484004878665e-07 1.89537999517597e-07 1.96372994309968e-07 2.04059006136958e-07 2.12049002357162e-07 2.20353996382983e-07 2.25267001496832e-07 2.29036004384398e-07 2.32868998750746e-07 2.36766993566562e-07 2.36180994761526e-07 2.35596999687004e-07 2.35013999372313e-07 2.34216003036636e-07 2.3277100069663e-07 2.31336002798344e-07 2.29909005611262e-07
6.71913014116399e-08 6.76806024557663e-08 6.81735983221188e-08 6.86700971641585e-08 7.00853988178096e-08 7.18438002422772e-08 7.36463974249091e-08 7.549419933639e-08 7.7513099938642e-08 7.95861012647947e-08 8.17143970266443e-08 8.40527007994751e-08 8.70952021614357e-08 9.04140975421797e-08 9.38116002657807e-08 9.79296999048529e-08 1.0280199802537e-07 1.07916001468311e-07 1.13284997382834e-07 1.18205001342631e-07 1.2245099867414e-07 1.26431004332517e-07 1.30542005649659e-07 1.33794998191661e-07 1.37130001576224e-07 1.40547996352325e-07 1.44354004305569e-07 1.49198996268751e-07 1.54077000047437e-07 1.58866001243041e-07 1.64124998036641e-07 1.69889005974255e-07 1.75858005491136e-07 1.82037993567974e-07 1.85575999012144e-07 1.88219999586181e-07 1.90901999985726e-07 1.9362299497061e-07 1.93513997714945e-07 1.93405000459279e-07 1.93296003203614e-07 1.93055996078328e-07 1.92423996736579e-07 1.91793006365515e-07 1.91165000273941e-07
5.56623014347224e-08 5.59801982547015e-08 5.62999993292124e-08 5.66214986008617e-08 5.78431986753003e-08 5.94002997900134e-08 6.09992980571405e-08 6.26413978466189e-08 6.46215028154984e-08 6.66877966182255e-08 6.91663970542322e-08 7.18624022510994e-08 7.50344995026353e-08 7.83468010467914e-08 8.18051972828471e-08 8.56389021919313e-08 8.9694403015983e-08 9.3867598138786e-08 9.81874990202414e-08 1.01852997147489e-07 1.0494500202185e-07 1.08131999354555e-07 1.11414998116288e-07 1.14047999488776e-07 1.16743997580215e-07 1.19502999496035e-07 1.22466005336719e-07 1.25927996919017e-07 1.29788006120179e-07 1.34138005591922e-07 1.37864006433119e-07 1.41895995398045e-07 1.4591400088193e-07 1.50367000628648e-07 1.53075006892323e-07 1.55254994638199e-07 1.57467994199578e-07 1.59711007086116e-07 1.59826996082302e-07 1.59942004529512e-07 1.60056998765867e-07 1.6010800152344e-07 1.59966006663126e-07 1.59823997591957e-07 1.59682002731643e-07
4.61117011241186e-08 4.63026985642045e-08 4.6494498917582e-08 4.66872016602338e-08 4.77397001930058e-08 4.91122982282377e-08 5.05242994108812e-08 5.19770004814291e-08 5.39569988688982e-08 5.63500002215278e-08 5.89912012571858e-08 6.17750970377529e-08 6.46284021854626e-08 6.76141027611266e-08 7.07382028508619e-08 7.39705967589543e-08 7.73127979414312e-08 8.08066005220098e-08 8.44588967652271e-08 8.74757972724183e-08 8.99444003721328e-08 9.2482800084781e-08 9.50930001408778e-08 9.72183968883655e-08 9.93913005231661e-08 1.01612997127631e-07 1.04043998305769e-07 1.07193997678223e-07 1.10438996614448e-07 1.13283000757747e-07 1.15830999902755e-07 1.18568003415476e-07 1.21371002137494e-07 1.24240003174236e-07 1.26299994462897e-07 1.28099003404714e-07 1.29924003999804e-07 1.31774996248168e-07 1.31990006480009e-07 1.31818993054367e-07 1.3174799562421e-07 1.32015003373454e-07 1.32267004460118e-07 1.32519005546783e-07 1.32769997662763e-07
3.87388006117817e-08 3.9140701346696e-08 3.9546698360482e-08 3.99138997408954e-08 4.0647599064414e-08 4.16049985574318e-08 4.274469844745e-08 4.39154987930124e-08 4.54621016388046e-08 4.72931986905678e-08 4.92586984535137e-08 5.13902982390846e-08 5.36537996254083e-08 5.59742012740116e-08 5.83954005151099e-08 6.09737966783541e-08 6.37207975273668e-08 6.65920012465904e-08 6.95931987593212e-08 7.22279978049301e-08 7.47900017472602e-08 7.73961019717717e-08 8.00775978859747e-08 8.19815966224269e-08 8.38680023207417e-08 8.57977013879463e-08 8.77467982718372e-08 8.96633025604388e-08 9.18784976988718e-08 9.43461984093119e-08 9.64414965665128e-08 9.81369012720279e-08 9.98621985104364e-08 1.01787001938192e-07 1.03384998340061e-07 1.04824998459208e-07 1.06286002221623e-07 1.07765998791365e-07 1.0850099840809e-07 1.09239998380417e-07 1.10122996943574e-07 1.1070800098878e-07 1.11258998458652e-07 1.11832001437051e-07 1.12407001040538e-07
3.22430011578945e-08 3.27652998066696e-08 3.32961000992782e-08 3.38355015117031e-08 3.46439996690151e-08 3.55546987407251e-08 3.64900998306439e-08 3.73781006146601e-08 3.83314002760926e-08 3.96922992251802e-08 4.11320009163774e-08 4.27388009427432e-08 4.45494983125627e-08 4.63453986299101e-08 4.82140016799804e-08 5.02686994252599e-08 5.25267012108088e-08 5.48865983773794e-08 5.73529987946131e-08 5.95081992571522e-08 6.15993016594985e-08 6.3764197477667e-08 6.59490027032916e-08 6.80260967556023e-08 7.01689018001161e-08 7.23794002510658e-08 7.41074970278532e-08 7.56396971723916e-08 7.72037012097826e-08 7.88000988904969e-08 8.02678030709103e-08 8.15983014490484e-08 8.29509971822517e-08 8.43259968519305e-08 8.54644994774389e-08 8.65310028075328e-08 8.76107009162297e-08 8.8703998812889e-08 8.97305980629426e-08 9.07690989038201e-08 9.21207998771933e-08 9.3363901498833e-08 9.35914030719687e-08 9.43784002060966e-08 9.51716998542906e-08
2.87659993603029e-08 2.92312005711892e-08 2.96974995706023e-08 3.01462996787905e-08 3.07153982248565e-08 3.13653991668161e-08 3.20705986212033e-08 3.27917994979998e-08 3.37318013521326e-08 3.47213990892214e-08 3.56581999483296e-08 3.65185996997752e-08 3.77328994716208e-08 3.90008985107215e-08 4.03115016922584e-08 4.19530010731251e-08 4.40006004964744e-08 4.60648017508447e-08 4.81140993713325e-08 4.98669017190423e-08 5.16091986924039e-08 5.34125987883272e-08 5.52792016605963e-08 5.70708991176616e-08 5.89149991014892e-08 6.08189978379414e-08 6.26432026251678e-08 6.40869970425229e-08 6.55643006552964e-08 6.70758026899421e-08 6.8386903251394e-08 6.94846988835707e-08 7.06002012407225e-08 7.17081007906017e-08 7.26955988739064e-08 7.36664986789037e-08 7.46504014159655e-08 7.56474989316303e-08 7.67512986499241e-08 7.78711992666103e-08 7.90073997336549e-08 8.01978998765662e-08 8.10621969549175e-08 8.20278032165334e-08 8.30047000022205e-08
2.72922004995735e-08 2.76051999037463e-08 2.79196008534655e-08 2.82113994387601e-08 2.85933001720196e-08 2.90098007837969e-08 2.94323001526209e-08 2.9881000784826e-08 3.06229992474982e-08 3.13835002430096e-08 3.21630011512752e-08 3.298140072161e-08 3.38807986111078e-08 3.47036994696737e-08 3.56109985943931e-08 3.67009000967755e-08 3.7949899223122e-08 3.92413994632079e-08 4.05810993697742e-08 4.22672989941475e-08 4.39823999442979e-08 4.55160993340087e-08 4.71035015436883e-08 4.86129998478191e-08 5.01710992750759e-08 5.17791995946482e-08 5.330050001362e-08 5.44409992642159e-08 5.56058985523578e-08 5.67959013153541e-08 5.79507002385071e-08 5.9066998403523e-08 6.0204996543689e-08 6.13649007163986e-08 6.27072012093777e-08 6.41121005173773e-08 6.55485976608361e-08 6.68384032564973e-08 6.78979006352165e-08 6.89741028736535e-08 7.00673012943298e-08 7.11742984549346e-08 7.22889978987951e-08 7.34211980102373e-08 7.45710977412273e-08
2.58939003572323e-08 2.60698005405402e-08 2.62465995604089e-08 2.64007997685667e-08 2.66183004526965e-08 2.68583999485372e-08 2.70997002616014e-08 2.73421996155321e-08 2.78760001748424e-08 2.84200005751245e-08 2.8982700683855e-08 2.95943998196435e-08 3.02266016660724e-08 3.0872300271767e-08 3.15319006460868e-08 3.23114015543524e-08 3.31617009408092e-08 3.40861987524477e-08 3.50389015579822e-08 3.61644012514262e-08 3.73764983407909e-08 3.86291993947907e-08 3.99954984686701e-08 4.14047995889177e-08 4.27195985253093e-08 4.40705001381048e-08 4.53330990524137e-08 4.62296014802632e-08 4.71437999749469e-08 4.8076199021807e-08 4.90848997003468e-08 5.01738988134548e-08 5.12870990121428e-08 5.24252001810055e-08 5.38001998506843e-08 5.52840013767764e-08 5.68089006947048e-08 5.83569992329558e-08 5.96589018186933e-08 6.09702013321112e-08 6.21392004518384e-08 6.32379979492725e-08 6.44664979176923e-08 6.57188010677601e-08 6.69954971499465e-08
2.57729002584028e-08 2.59990997619752e-08 2.62271999673658e-08 2.6441599132454e-08 2.66589008646179e-08 2.68794000390926e-08 2.71010005548078e-08 2.73238001113896e-08 2.79529999147599e-08 2.85967001190102e-08 2.92862001316507e-08 2.99514013590851e-08 3.04605016765436e-08 3.09782990370877e-08 3.15049000221279e-08 3.2278599348956e-08 3.3391799547644e-08 3.45433015525032e-08 3.57345015800092e-08 3.69798982546854e-08 3.82732991965895e-08 3.9611901314629e-08 4.09972997772456e-08 4.25098001244351e-08 4.40781988686467e-08 4.59824995857616e-08 4.75180996772906e-08 4.82375988042349e-08 4.89149982740855e-08 4.9582698835593e-08 5.01643988570777e-08 5.07723001419436e-08 5.14699998177548e-08 5.21771994499431e-08 5.36446016496939e-08 5.57528991862455e-08 5.78653001070961e-08 6.00500982272933e-08 6.15274018400669e-08 6.30411989277491e-08 6.41139976664817e-08 6.52996021699437e-08 6.68865993702639e-08 6.85108005882284e-08 7.01744014008909e-08
2.56525005681851e-08 2.59286991877161e-08 2.62076991219828e-08 2.64824997486812e-08 2.66994000241993e-08 2.68998991970193e-08 2.71015991870627e-08 2.73042992660066e-08 2.80288006138107e-08 2.8780000604911e-08 2.95927993221312e-08 3.03127016820781e-08 3.06961993601362e-08 3.10756007593227e-08 3.14587005334488e-08 3.22993010115624e-08 3.36256000821322e-08 3.50064013332485e-08 3.64433994093361e-08 3.77999995748723e-08 3.91612005046227e-08 4.05716988893801e-08 4.20332000317103e-08 4.3960099560536e-08 4.59756002157974e-08 4.80575010897155e-08 4.98095005241339e-08 5.03537016527389e-08 5.09038002860507e-08 5.1459899452766e-08 5.18979987873536e-08 5.21940997089132e-08 5.24873016161109e-08 5.27822017204471e-08 5.45241007898767e-08 5.6827900607459e-08 5.91927005189063e-08 6.17835027583169e-08 6.34075973948711e-08 6.50825029424595e-08 6.61496031284514e-08 6.74260007826888e-08 6.93960018338657e-08 7.14213967967225e-08 7.39234025104452e-08
