results/Predictions/Median/Oxfordian.asc
NCOLS 360 
NROWS 180 
XLLCORNER -180 
YLLCORNER -90 
CELLSIZE 1 
NODATA_value -3.4e+38 
[rows 100 to 119 of 180, columns 88 to 131 of 360]
0.000423076999140903 0.000422657001763582 0.000422374985646456 0.000422142999013886 0.000422746990807354 0.000422178010921925 0.000422595010604709 0.000421753007685766 0.000421612989157438 0.00042085099266842 0.000420594995375723 0.000420550000853837 0.000421395990997553 0.00042097398545593 0.000420341006247327 0.000419594987761229 0.000418849987909198 0.000418417010223493 0.000418293988332152 0.000418414012528956 0.000418643990997225 0.000419035000959411 0.00041948098805733 0.00041992700425908 0.0004203749995213 0.000422198994783685 0.000422773009631783 0.000423213001340628 0.000424274010583758 0.000425069010816514 0.000424931000452489 0.000425362988607958 0.000426526006776839 0.000428413011832163 0.000428619998274371 0.000429106003139168 0.000433998007792979 0.000435966008808464 0.000440915988292545 0.000444150005932897 0.000446699006715789 0.000452178996056318 0.000456000008853152 0.00045995699474588
0.000423171004513279 0.000422551995143294 0.000422061013523489 0.000421609001932666 0.000420941010816023 0.000420964992372319 0.000419746007537469 0.000420428987126797 0.000420519994804636 0.000419977004639804 0.00041962499381043 0.000418998009990901 0.000417881004977971 0.00041734499973245 0.000417211005697027 0.00041766298818402 0.000416945986216888 0.000417033006669953 0.000417336996179074 0.00041746799251996 0.00041754700941965 0.000417873990954831 0.000418051989981905 0.000418696989072487 0.000419110001530498 0.000420069001847878 0.000420038006268442 0.000419671006966382 0.000419947988120839 0.000422984012402594 0.000423746008891612 0.000423379999119788 0.000422937999246642 0.000424739002482966 0.000425954000093043 0.000424987985752523 0.000426690996391699 0.000430952990427613 0.000431949010817334 0.000439980998635292 0.00044388699461706 0.000448636012151837 0.000453699991339818 0.000459425995359197
0.000422727986006066 0.000422078999690711 0.00042147099156864 0.000420853000832722 0.000420241005485877 0.000419632997363806 0.000419021002016962 0.000418409996200353 0.000418051989981905 0.000418212992371991 0.000418051989981905 0.000417008996009827 0.000417264003772289 0.000416363007389009 0.000416204013163224 0.000415751012042165 0.000415198010159656 0.000415012997109443 0.000415176997194067 0.000415690010413527 0.000416202994529158 0.000416603987105191 0.000416966999182478 0.000417364004533738 0.000417803006712347 0.000418406998505816 0.000418526993598789 0.000418820010963827 0.000420403986936435 0.000421698001446202 0.000422073993831873 0.000421972014009953 0.000421308010118082 0.000421169999754056 0.000420856988057494 0.000421934004407376 0.000423154997406527 0.000424316007411107 0.000426559010520577 0.000431760010542348 0.000438886985648423 0.000446491001639515 0.00045366698759608 0.000466299010440707
0.000423084013164043 0.00042259698966518 0.000422120006987825 0.000421658012783155 0.000421211996581405 0.000419538002461195 0.000418475014157593 0.000418768991949037 0.000418351002736017 0.000418051989981905 0.00041767000220716 0.000417181989178061 0.000416058988776058 0.000415415008319542 0.000414610985899344 0.000412861991208047 0.000412530993344262 0.000412427994888276 0.000412308989325538 0.000412213004892692 0.000412324006902054 0.000412572990171611 0.000412641005823389 0.000412733992561698 0.000412724009947851 0.000413831003243104 0.000414348003687337 0.000415223999880254 0.000415126996813342 0.000415287009673193 0.000416394002968445 0.000416550989029929 0.000416563008911908 0.000415930000599474 0.000417380011640489 0.000417267990997061 0.000418495008489117 0.000419569987570867 0.000421375996666029 0.000422792014433071 0.000426662998506799 0.000432266999268904 0.000439755007391796 0.000442085991380736
0.000424670986831188 0.000423980003688484 0.000423285993747413 0.000422590004745871 0.000421898002969101 0.000421144999563694 0.000419337011408061 0.000418773997807875 0.000418348994571716 0.000417990988353267 0.000417422997998074 0.000416489987401292 0.000415732007240877 0.000414389010984451 0.00041290299850516 0.000412713008699939 0.000412522989790887 0.000411512010032311 0.000411159999202937 0.000410586013458669 0.000410012988140807 0.000409658008720726 0.000409374013543129 0.000408694002544507 0.000407804996939376 0.000408094987506047 0.000408385007176548 0.000408674997743219 0.000408986990805715 0.000409442989621311 0.000410309003200382 0.000411073997383937 0.00041093400795944 0.000411651009926572 0.000412066990975291 0.000412474997574463 0.000412669003708288 0.000414320995332673 0.000416146998759359 0.000417470000684261 0.000419607007643208 0.000421848992118612 0.000423863006290048 0.0004247679898981
0.000427988008596003 0.000426307000452653 0.000424635014496744 0.000423854013206437 0.000423098012106493 0.000422432000050321 0.00042144299368374 0.000420847005443648 0.00042064901208505 0.000419071991927922 0.000418501993408427 0.000418051989981905 0.00041697098640725 0.000415218994021416 0.00041372500709258 0.00041292401147075 0.000412572000641376 0.000412007007980719 0.000411390996305272 0.000410725013352931 0.000409964995924383 0.000409216008847579 0.000407215004088357 0.000405898987082765 0.000405455997679383 0.000405302009312436 0.000404632999561727 0.00040449301013723 0.000403854006435722 0.000404397986130789 0.000404943013563752 0.000405488011892885 0.000405722996219993 0.000405692990170792 0.000405663013225421 0.000405633996706456 0.00040756500675343 0.000409150001360103 0.000411062996136025 0.000413056986872107 0.000413856992963701 0.00041643000440672 0.000418051989981905 0.000417620001826435
0.000437126000178978 0.000435176014434546 0.000433293986134231 0.000432703993283212 0.000432433997048065 0.000430791988037527 0.00043061698670499 0.000429039006121457 0.000427185994340107 0.000425414997152984 0.000423607998527586 0.000423196004703641 0.000420083990320563 0.000418620009440929 0.00041757698636502 0.000415468006394804 0.000413936009863392 0.000413308007409796 0.000412646011682227 0.000411757995607331 0.000410620996262878 0.00040972899296321 0.000407699990319088 0.000405669998144731 0.000403898011427373 0.000403095007641241 0.000402428006054834 0.00040054100099951 0.000398698000935838 0.00039763399399817 0.000396524992538616 0.000395321985706687 0.000394937989767641 0.000395359995309263 0.000396073010051623 0.000396868999814615 0.000399638985982165 0.000400854012696072 0.000404977996367961 0.000408593012252823 0.000410045002354309 0.00041404299554415 0.000417995994212106 0.000418331008404493
0.000445893005235121 0.000445159006631002 0.000444712000899017 0.000443319004261866 0.000443513999925926 0.000442958989879116 0.00044284199248068 0.000442716991528869 0.000442390999523923 0.000440256990259513 0.000440252013504505 0.000436313013778999 0.000434979010606185 0.000431972002843395 0.000428761006332934 0.000426018988946453 0.000424511003075168 0.000420989003032446 0.000419085990870371 0.000417573988670483 0.000415312009863555 0.000413339002989233 0.000411399989388883 0.000410159991588444 0.000408196996431798 0.000405383994802833 0.000402087986003608 0.000399137992644683 0.000395534007111564 0.000391478009987622 0.000387170002795756 0.000382909987820312 0.000380824989406392 0.000380746991140768 0.000380387005861849 0.000380086014047265 0.000382967991754413 0.000387023988878354 0.000390608009183779 0.000397402007365599 0.000406856008339673 0.000416105991462246 0.000423057994339615 0.000426802987931296
0.000460167997516692 0.000459294009488076 0.000459052011137828 0.000457476999145001 0.000456965994089842 0.000454491004347801 0.000453346001449972 0.000452242995379493 0.000451555009931326 0.000450057006673887 0.000448628008598462 0.000447166006779298 0.000445271987700835 0.00044245898607187 0.000440623000031337 0.000439524999819696 0.000437100999988616 0.000435165013186634 0.000431235996074975 0.000427196995588019 0.000424202007707208 0.000421747012296692 0.000420294003561139 0.000419919000705704 0.00041740300366655 0.000416811992181465 0.000411560002248734 0.000407884013839066 0.00040355499368161 0.00039729499258101 0.000390641012927517 0.00038446398684755 0.00037839901051484 0.000374239985831082 0.000371786998584867 0.000368473993148655 0.000367650995030999 0.00036967100459151 0.000370182009646669 0.000372045993572101 0.000381785008357838 0.000389885011827573 0.000399112002924085 0.000407065002946183
0.000473699008580297 0.000473496998893097 0.000473527004942298 0.000472373008960858 0.000471214996650815 0.000470066006528214 0.000469505990622565 0.000469055987196043 0.000468607002403587 0.000468157988507301 0.000466774014057592 0.000464946002466604 0.000463345000753179 0.00046127600944601 0.000459205999504775 0.000456069014035165 0.000450646009994671 0.000447024998720735 0.000444648001575842 0.000443355005700141 0.000441300013335422 0.000438137009041384 0.000435761001426727 0.000431925989687443 0.000428122992161661 0.000425433012424037 0.000422153010731563 0.000418632989749312 0.000414381996961311 0.000407546001952142 0.000396994990296662 0.000389282999094576 0.000381026009563357 0.000372579990653321 0.000367149012163281 0.00036083601298742 0.000356817006831989 0.000352854985976592 0.000354663003236055 0.000353960989741609 0.000355647993274033 0.000358138000592589 0.000366685999324545 0.000368760986020789
0.000491495011374354 0.00048999598948285 0.0004886329988949 0.000487221986986697 0.000487065000925213 0.000487353012431413 0.000487148994579911 0.000486372009618208 0.000485107011627406 0.000485066993860528 0.000484666001284495 0.000484265998238698 0.000480010989122093 0.00047823999193497 0.000476824003271759 0.000475417007692158 0.000474019005196169 0.000472641986561939 0.000471284001832828 0.000469221005914733 0.000464676006231457 0.000460204988485202 0.000457224989077076 0.000453554006526247 0.000447039987193421 0.000444729987066239 0.000441107986262068 0.000436859001638368 0.000432553992141038 0.000425709004048258 0.000415382994106039 0.000400741992052644 0.00038888500421308 0.000380796001991257 0.000373710005078465 0.000364898995030671 0.000358638993930072 0.00035295300767757 0.000347530993167311 0.000341259001288563 0.000341142003890127 0.000340494007105008 0.000339212012477219 0.000336897006491199
0.000504984986037016 0.000503395975101739 0.0005020119715482 0.00050139200175181 0.000501423026435077 0.000501454982440919 0.000501471979077905 0.00050148501759395 0.000501498987432569 0.000501513015478849 0.0005006929859519 0.000499885994940996 0.00049748900346458 0.000496759021189064 0.000495819025672972 0.00049269397277385 0.00048950599739328 0.000486081000417471 0.000482697010738775 0.000477272988064215 0.000474970991490409 0.000472602987429127 0.000468648009700701 0.000466741999844089 0.00046484699123539 0.000462947005871683 0.000459000002592802 0.000451266008894891 0.000447709986474365 0.000440551986685023 0.000432828004704788 0.000419613003032282 0.000407748011639342 0.000397508993046358 0.000389546999940649 0.000378525000996888 0.000369691988453269 0.000357423996319994 0.000350968010025099 0.00034216299536638 0.00033536899718456 0.000330059003317729 0.000320769991958514 0.000314892997266725
0.000525347015354782 0.000525126990396529 0.000524316972587258 0.000523446011357009 0.000522575981449336 0.000521707988809794 0.000520756002515554 0.000519777997396886 0.000518803019076586 0.000517830019816756 0.000516699976287782 0.000515574007295072 0.00051445298595354 0.000513949024025351 0.000513841980136931 0.000513735983986408 0.000512389000505209 0.000509986013639718 0.000507416028995067 0.000506790995132178 0.00050600100075826 0.000502266979310662 0.000500464986544102 0.000497996981721371 0.000493874016683549 0.000491831975523382 0.000486656004795805 0.000482059986097738 0.00047858600737527 0.00047512399032712 0.000468131009256467 0.00045373899047263 0.00043751098564826 0.000415432004956529 0.000404746009735391 0.000393989001167938 0.000378488010028377 0.000363380007911474 0.000350006012013182 0.000339215010171756 0.000331129995174706 0.000318256992613897 0.000305497989756986 0.00029537599766627
0.000527251977473497 0.00052592798601836 0.000524685019627213 0.000523524999152869 0.000522472022566944 0.00052167201647535 0.000520844012498856 0.000520274974405766 0.000520572008099407 0.000520869973115623 0.000521162990480661 0.0005214560078457 0.000521749025210738 0.000521973008289933 0.000521989015396684 0.000522005022503436 0.000522022019140422 0.000521931971888989 0.000521735986694694 0.000520752975717187 0.000518822984304279 0.000516535015776753 0.00051078200340271 0.000510410987772048 0.000508736004121602 0.000503633986227214 0.000498583016451448 0.000494109990540892 0.00048869097372517 0.000483996991533786 0.000479328999063 0.000467453995952383 0.000452229985967278 0.000435738998930901 0.000416266004322097 0.000402011006372049 0.000389094988349825 0.000372357986634597 0.000356322008883581 0.000346609012922272 0.000335135002387688 0.000326957000652328 0.000315990997478366 0.000303403008729219
0.000534477003384382 0.00053465599194169 0.000533515005372465 0.000532358011696488 0.000531208992470056 0.000530066026840359 0.000528895994648337 0.000528736971318722 0.000529067998286337 0.000529399025253952 0.000529581971932203 0.000529766024556011 0.000529950018972158 0.000530123012140393 0.000530266028363258 0.000530407996848226 0.00053055101307109 0.000530094024725258 0.000528417993336916 0.000526753021404147 0.000524442992173135 0.000520949019119143 0.000517543987371027 0.00051560701103881 0.000511455989908427 0.000504855997860432 0.000499513989780098 0.000494227977469563 0.00048909499309957 0.000484502001199871 0.000479084003018215 0.000473916996270418 0.000464253011159599 0.000446471007307991 0.000432492990512401 0.000413027999456972 0.00039707901305519 0.000381190999178216 0.00037190699367784 0.000356614007614553 0.000343530991813168 0.00033265000092797 0.000323724001646042 0.000314125994918868
0.000535483995918185 0.000535950995981693 0.000536245002876967 0.000536365027073771 0.000536484993062913 0.000536606006789953 0.000535999017301947 0.000536291976459324 0.000536584993824363 0.000536611012648791 0.000535234983544797 0.000533865997567773 0.000532425998244435 0.0005309620173648 0.00052964297356084 0.00052833097288385 0.000527027994394302 0.000525576004292816 0.000523977971170098 0.000523096008691937 0.000523202994372696 0.000522876973263919 0.000517815991770476 0.000512388010974973 0.000511012971401215 0.000510203011799604 0.000503854011185467 0.000501971982885152 0.000489818979986012 0.000486678996821865 0.000479664013255388 0.000471653009299189 0.000464107986772433 0.000444367993623018 0.000427455001045018 0.000415629998315126 0.00039941500290297 0.000385291001293808 0.000372454000171274 0.000359675992513075 0.000349895999534056 0.000335776014253497 0.000324652995914221 0.000316173012834042
0.00053195800865069 0.000531881989445537 0.000531537982169539 0.000531627971213311 0.000531836994923651 0.000532046018633991 0.000532281002961099 0.000532524019945413 0.000532768026459962 0.00053301197476685 0.000532741018105298 0.000532470003236085 0.000532198988366872 0.000532029021997005 0.000530546996742487 0.000528722011949867 0.000526910007465631 0.000525268027558923 0.000525470008142292 0.000524793984368443 0.000520793022587895 0.000519023975357413 0.000517169013619423 0.000515329011250287 0.000513506005518138 0.000511639984324574 0.000506008975207806 0.000500250025652349 0.000491272017825395 0.000487136014271528 0.000476338987937197 0.000462069001514465 0.000455284985946491 0.000442674005171284 0.000428973988164216 0.000410698994528502 0.000395257986383513 0.000381435005692765 0.000369132991181687 0.000354079995304346 0.000342579005518928 0.000328828988131136 0.000321902014547959 0.000309233000734821
0.000525716983247548 0.000526232004631311 0.000526671996340156 0.000526932009961456 0.000527227995917201 0.000527523981872946 0.000527843018062413 0.000528168980963528 0.000528494012542069 0.000528821023181081 0.000528468983247876 0.00052820798009634 0.000528211996424943 0.000528167991433293 0.000527981028426439 0.00052812701324001 0.000527704018168151 0.000527665019035339 0.000527963973581791 0.000527339987456799 0.000525967974681407 0.000524366972967982 0.000522700021974742 0.00051798002095893 0.000512396974954754 0.000507090007886291 0.000501537986565381 0.000494759995490313 0.000489487021695822 0.000480377988424152 0.000470836996100843 0.000458641006844118 0.000446630001533777 0.000432096014264971 0.000422682001953945 0.000404238991905004 0.000389769993489608 0.000373004993889481 0.000358782999683172 0.000348266999935731 0.000332699011778459 0.000320499995723367 0.000309786002617329 0.000295061006909236
0.000517092004884034 0.000518962973728776 0.000520279980264604 0.000520798028446734 0.00052178802434355 0.000522556016221642 0.00052279100054875 0.000522851012647152 0.000522908987477422 0.000522967020515352 0.00052247999701649 0.000521992973517627 0.000521792971994728 0.000521099020261317 0.000520937028340995 0.000520773988682777 0.000520611996762455 0.00052039697766304 0.000519955006893724 0.000519483990501612 0.000518228975124657 0.00051566498586908 0.000510309007950127 0.000505095988046378 0.00050309399375692 0.000494062027428299 0.000488162011606619 0.000481822004076093 0.000473152991617098 0.000463330012280494 0.000451845000497997 0.000437649985542521 0.000426451995735988 0.000411235989304259 0.000396426999941468 0.000379334000172094 0.000360052014002576 0.000347742985468358 0.000337033008690923 0.000327613000990823 0.000316163990646601 0.000305583991575986 0.00029514599009417 0.000285557995084673
0.000507203978486359 0.000508846016600728 0.000510027981363237 0.000510747020598501 0.00051146699115634 0.00051218899898231 0.000512185972183943 0.000511942023877054 0.000511699006892741 0.000511455989908427 0.000510219018906355 0.000509562029037625 0.000509687000885606 0.000509732984937727 0.000509541016072035 0.000509348988998681 0.000508114986587316 0.000506557989865541 0.000504854018799961 0.000503690971527249 0.000503408024087548 0.000502372975461185 0.000497333996463567 0.000492811028379947 0.000487406010506675 0.000478884001495317 0.000473407009849325 0.000468173006083816 0.000459828006569296 0.000446052988991141 0.000429664010880515 0.000410565990023315 0.000399084994569421 0.000379584991605952 0.00036381499376148 0.000352342001860961 0.000338103011017665 0.00032658499549143 0.000315682002110407 0.000306531990645453 0.000300965009955689 0.000293908000458032 0.000285771995550022 0.000277212006039917
