results/Predictions/Median/Oxfordian.asc
NCOLS 360 
NROWS 180 
XLLCORNER -180 
YLLCORNER -90 
CELLSIZE 1 
NODATA_value -3.4e+38 
[rows 60 to 79 of 180, columns 220 to 263 of 360]
0.381740003824234 0.365945994853973 0.0111900996416807 0.000484663993120193 0.000483651994727552 0.000481905008200556 0.000479749985970557 0.00047844200162217 0.000476318993605673 0.000472256011562422 0.000469830993097275 0.000468462996650487 0.000465235003503039 0.000465174001874402 0.000465113989776 0.000465052988147363 0.000466083001811057 0.000469394988613203 0.000470803002826869 0.000472537009045482 0.000474194996058941 0.000476238987175748 0.000477933994261548 0.000483251991681755 0.000483534997329116 0.000483275012811646 0.000483984011225402 0.000483479001559317 0.000486136006657034 0.000571892014704645 0.000483008014271036 0.000484473013784736 0.000483623996842653 0.000550323980860412 0.000532674021087587 0.000479762005852535 0.0004792129911948 0.000478252011816949 0.000476137996884063 0.000474822008982301 0.00047382598859258 0.000472735002404079 0.000471055012894794 0.000471094012027606
0.461275994777679 0.388624012470245 0.000517349981237203 0.000489911006297916 0.000489427999127656 0.00048844498815015 0.000486898003146052 0.000486033008201048 0.00048563300515525 0.000485060998471454 0.000484282005345449 0.000482617993839085 0.000481021008454263 0.000483435986097902 0.000484541989862919 0.00048461600090377 0.000485558004584163 0.000485138996737078 0.000487281009554863 0.000486945995362476 0.000486826989799738 0.000487204000819474 0.000487740995595232 0.000489822996314615 0.000489572994410992 0.000490282021928579 0.000489863974507898 0.000488458026666194 0.000487026991322637 0.000486208009533584 0.000485591997858137 0.000483926007291302 0.000646492990199476 0.000529641984030604 0.000481183000374585 0.000480215006973594 0.000479023990919814 0.000478069996461272 0.000477001012768596 0.000476237008115277 0.000475573993753642 0.000474912987556309 0.000473569991299883 0.000472229992737994
0.521260976791382 0.373695999383926 0.000492554972879589 0.000492696010041982 0.000492836988996714 0.000492631981614977 0.00049208098789677 0.000491529994178563 0.00049091101391241 0.000490161997731775 0.000489566009491682 0.000488968973513693 0.000488367979414761 0.000488071003928781 0.000489633996039629 0.000490122998598963 0.000489862984977663 0.000489826023112983 0.000489984988234937 0.000490009027998894 0.000490072998218238 0.000490176025778055 0.000490278995130211 0.000490382022690028 0.00049025600310415 0.000489379977807403 0.000488237012177706 0.000487287994474173 0.000486962002469227 0.000485244003357366 0.000483371986774728 0.000655181996989995 0.000485561991808936 0.000480432994663715 0.000479876005556434 0.000478858011774719 0.000477668014355004 0.000476410990813747 0.000474611995741725 0.000473735999548808 0.000472968997200951 0.00047220301348716 0.00047143900883384 0.000470867991680279
0.543344020843506 0.0684487000107765 0.000493454979732633 0.000493446015752852 0.000493829022161663 0.000494703999720514 0.000494088977575302 0.000493402010761201 0.000492715975269675 0.000492111023049802 0.000491533020976931 0.000491008977405727 0.000490656995680183 0.000490734993945807 0.000490583013743162 0.000490351987536997 0.000489770027343184 0.000489104015287012 0.000488994002807885 0.000488469027914107 0.000488271994981915 0.00048824300756678 0.00048821500968188 0.000487848010379821 0.000487684010295197 0.000487474986584857 0.000487231998704374 0.00048592800158076 0.000484188989503309 0.000482331990497187 0.000593330012634397 0.000483960990095511 0.000479648995678872 0.000478876987472177 0.000478105997899547 0.000478114001452923 0.000476073008030653 0.000474976986879483 0.00047388399252668 0.000473207008326426 0.000472670013550669 0.00047134401393123 0.000471180013846606 0.000471348990686238
0.000816877989564091 0.000496212975122035 0.000495881016831845 0.000495548010803759 0.000495215994305909 0.000494782987516373 0.000493771978653967 0.000492697989102453 0.000491533020976931 0.000490882026497275 0.000490521022584289 0.000490115024149418 0.000489212980028242 0.000488493999000639 0.000488716992549598 0.000487935001729056 0.000487963989144191 0.000488001009216532 0.000488038989715278 0.000488076009787619 0.000487932004034519 0.000487362005515024 0.000486786011606455 0.000486206001369283 0.000485686992760748 0.000485297990962863 0.00048436998622492 0.000482925999676809 0.000481999013572931 0.000481230992591009 0.000480866001453251 0.000480256014270708 0.000479509006254375 0.000478761998238042 0.000478016998386011 0.000477102003060281 0.000476020009955391 0.000474939995910972 0.000473863008664921 0.000473126012366265 0.000472990010166541 0.000473266991320997 0.000472154002636671 0.000472643005196005
0.00049189297715202 0.000491808983497322 0.000491735991090536 0.000491662998683751 0.000490249018184841 0.000488800986204296 0.000487374985823408 0.000487076991703361 0.000486723001813516 0.000486450007883832 0.000486829987494275 0.000487454992253333 0.000487946002976969 0.000487117009470239 0.000486289995023981 0.000486255012219772 0.000486767996335402 0.000487061013700441 0.000487165991216898 0.000487259996589273 0.000486992998048663 0.000486364006064832 0.00048591400263831 0.000485108001157641 0.000484102987684309 0.000482939998619258 0.000482117000501603 0.000481282011605799 0.000480932998470962 0.000480582995805889 0.000480210001114756 0.000479634996736422 0.000479053007438779 0.000478597008623183 0.000477947003673762 0.000477254012366757 0.000476495013572276 0.000474961998406798 0.000473744992632419 0.00047466199612245 0.000474464992294088 0.000474250002298504 0.000474072003271431 0.000473858992336318
0.000491079990752041 0.000489546975586563 0.000488645979203284 0.000487187004182488 0.00048680801410228 0.000485730997752398 0.000484880991280079 0.00048468800378032 0.000484518997836858 0.000484797987155616 0.000485225988086313 0.000485803000628948 0.000486233999254182 0.000486069009639323 0.0004858490137849 0.000485386000946164 0.00048576999688521 0.000485741009470075 0.000485713011585176 0.000485685013700277 0.000485527998534963 0.000485038995975628 0.000484246993437409 0.000483456999063492 0.000483020005049184 0.00048240800970234 0.000481516995932907 0.00048062700079754 0.000480176997371018 0.000479818001622334 0.00047945900587365 0.000479081994853914 0.000478359987027943 0.000476877990877256 0.0004762570024468 0.000475745997391641 0.000475392007501796 0.000475028005894274 0.000474672997370362 0.000474447995657101 0.000474266009405255 0.000473989988677204 0.000473886000690982 0.000473908992717043
0.000488384976051748 0.000487420009449124 0.000487012002849951 0.000486495991935953 0.000485266005853191 0.000484491989482194 0.000484683987451717 0.000484876014525071 0.000485068012494594 0.000485767988720909 0.000486066011944786 0.000486083998112008 0.000486023986013606 0.000485902011860162 0.000485780008602887 0.000485658005345613 0.000485492986626923 0.000485197990201414 0.00048490401240997 0.000484610005514696 0.000484096002765 0.000483362993691117 0.000482631992781535 0.000481902010506019 0.000481032999232411 0.000480279995827004 0.000480038987006992 0.000479796988656744 0.000479428999824449 0.000479061010992154 0.000477722991490737 0.000476157001685351 0.000474595988634974 0.000473207008326426 0.000472968997200951 0.000473174004582688 0.000473421008791775 0.000473288993816823 0.000473040010547265 0.000472935993457213 0.00047336399438791 0.000473363004857674 0.000473872991278768 0.510460019111633
0.000485844997456297 0.00048368499847129 0.000482114992337301 0.000481622002553195 0.000481129012769088 0.000480769987916574 0.000480543007142842 0.000480316986795515 0.000480090006021783 0.000480054004583508 0.000480081012938172 0.000480107992189005 0.000480135000543669 0.000480092014186084 0.000480048009194434 0.000480004004202783 0.000479953014291823 0.000479895010357723 0.000479642010759562 0.000479373993584886 0.000478894013212994 0.000478202011436224 0.000477661989862099 0.000477275985758752 0.000476543995318934 0.000475698005175218 0.000474853004561737 0.000474422995466739 0.000474613014375791 0.000474803993711248 0.000474217988085002 0.000473582011181861 0.000473746011266485 0.000472062994958833 0.000471587001811713 0.000471639999886975 0.000471720995847136 0.000471801002277061 0.000471881998237222 0.000472032988909632 0.00047207999159582 0.505491018295288 0.529070973396301 0.534920990467072
0.0708348006010056 0.000480871007312089 0.00047906200052239 0.000477258989121765 0.00047546299174428 0.000474047003081068 0.000473399995826185 0.00047350098611787 0.000473600986879319 0.00047384700155817 0.000474141997983679 0.000474436994409189 0.000474731990834698 0.000474653992569074 0.000474575004773214 0.000474495987873524 0.000474414991913363 0.000474497996037826 0.000474483997095376 0.451139986515045 0.532796025276184 0.538928985595703 0.529712021350861 0.518727004528046 0.000846171984449029 0.000474074011435732 0.000473087013233453 0.000472854007966816 0.000472279003588483 0.000471804989501834 0.000471946987090632 0.000472746003651991 0.000473177002277225 0.00047196401283145 0.000471995997941121 0.000472037005238235 0.000472087995149195 0.000472139014163986 0.000472190004074946 0.464226007461548 0.529955983161926 -3.4e+38 0.534554004669189 0.512507975101471
0.000473599007818848 0.0018696200568229 0.0422687008976936 0.000472720013931394 0.000471637002192438 0.000469952006824315 0.000469997990876436 0.000470205006422475 0.000470411992864683 0.0457527004182339 0.5261510014534 0.53498899936676 0.530291020870209 0.526221990585327 0.498189985752106 0.000470745988423005 0.000470769999083132 0.000470834987936541 0.000470900005893782 0.502924025058746 0.528801023960114 0.535089015960693 0.538664996623993 -3.4e+38 0.534712016582489 0.52359002828598 0.0915903970599174 0.000948656990658492 0.000580360007006675 0.000536956998985261 0.000475020002340898 0.000474405998829752 0.00047446700045839 0.000474528991617262 0.000475128996185958 0.000475853012176231 0.000476448010886088 0.000476574001368135 0.0004765730118379 0.509909987449646 0.539865970611572 0.53609699010849 0.513729989528656 0.000476045999675989
0.000474442000268027 0.000473496998893097 0.000476227985927835 0.000472310988698155 0.000471720995847136 0.000485392985865474 0.0182262007147074 0.386052995920181 0.515531003475189 0.525824010372162 0.531433999538422 0.530321002006531 0.526350975036621 0.525137007236481 0.522460997104645 0.0783748030662537 0.000470733008114621 0.000471489998744801 0.000472146988613531 0.000472855987027287 0.000473013002192602 0.000473182008136064 0.00047334999544546 0.00973690021783113 0.513139009475708 0.537158012390137 -3.4e+38 -3.4e+38 0.541360020637512 0.536184012889862 0.525776028633118 0.510776996612549 0.000560520973522216 0.000479237001854926 0.000479423993965611 0.000479579990496859 0.000479706010082737 0.000479831011034548 0.000480860995594412 0.00048180200974457 0.00113556999713182 0.000764518976211548 0.000483384996186942 0.00048345499089919
0.000474911008495837 0.000472968997200951 0.000471645005745813 0.000471736013423651 0.000715933972969651 0.525608003139496 0.53423398733139 0.535739004611969 0.534173011779785 0.528303027153015 0.526822984218597 0.526916980743408 0.526524007320404 0.529636979103088 0.531828999519348 0.53329598903656 0.52115398645401 0.000476193003123626 0.00047771300887689 0.000478244008263573 0.00047858600737527 0.000480793998576701 0.000480902992421761 0.000481010996736586 0.000481102004414424 0.000529432028997689 0.517120003700256 0.519473016262054 0.521117985248566 0.523056983947754 0.539547979831696 0.543802976608276 0.530692994594574 0.529489994049072 0.52927702665329 0.520833015441895 0.000812522019259632 0.000486395991174504 0.000486637989524752 0.000487101002363488 0.000487364013679326 0.000487571000121534 0.00048752999282442 0.00048712600255385
0.000479003007058054 0.000478289002785459 0.000478245987324044 0.000478052999824286 0.00053003802895546 0.434321999549866 0.525671005249023 0.524964988231659 0.533640027046204 0.534820973873138 0.530166983604431 0.528849005699158 0.534174978733063 0.538275003433228 0.53100597858429 0.520461022853851 0.0657190978527069 0.000484374002553523 0.000484482006868348 0.000485019001644105 0.000486878998344764 0.000487309996969998 0.000487204000819474 0.000488196004880592 0.000487043987959623 0.000487006996991113 0.000486970006022602 0.000486932985950261 0.000487182987853885 0.00048743499792181 0.000490133999846876 0.000491470971610397 0.000724482990335673 0.515402019023895 0.543579995632172 0.550749003887177 -3.4e+38 0.544992983341217 0.000522734015248716 0.000507641991134733 0.000508347002323717 0.000509358011186123 0.000509840028826147 0.000509926001541317
0.000483518000692129 0.000485024007502943 0.000483715004520491 0.000483512005303055 0.000483089010231197 0.000484143005451187 0.000512344995513558 0.0297614000737667 0.5399249792099 0.544438004493713 0.541893005371094 0.541640996932983 0.543869018554688 0.534698009490967 0.0934237986803055 0.000492957013193518 0.000494187988806516 0.000494703010190278 0.000495219021104276 0.000494777981657535 0.000496528984513134 0.000500971975270659 0.000505834992509335 0.000505184987559915 0.000505087024066597 0.000505928997881711 0.000506773998495191 0.000506902986671776 0.000508346012793481 0.000509073026478291 0.000509800971485674 0.000510486017446965 0.000511038000695407 0.000511590973474085 0.000512144004460424 0.000512578990310431 0.000753274012822658 0.0023842800874263 0.000513635983224958 0.000514306011609733 0.000516208994667977 0.000517255975864828 0.000518402026500553 0.000520285975653678
0.000492804974783212 0.000491886981762946 0.000491850019898266 0.000491711020004004 0.000494231993798167 0.000495283980853856 0.000495671993121505 0.000497093016747385 0.00455417018383741 0.522436022758484 0.534250974655151 0.532895028591156 0.304585009813309 0.000663174025248736 0.000511797028593719 0.000512913975398988 0.00051752501167357 0.00051378202624619 0.000518071989063174 0.000518345972523093 0.000518623972311616 0.00051871599862352 0.000517880020197481 0.000517475011292845 0.000517448992468417 0.000517897016834468 0.000517878972459584 0.000517799984663725 0.000518344982992858 0.000518891029059887 0.000519437016919255 0.00052007200429216 0.000520819972734898 0.000521268986631185 0.000522348971571773 0.000522546004503965 0.000522696005646139 0.000523001013789326 0.000524014991242439 0.000525738985743374 0.000527706986758858 0.000529681972693652 0.000531664991285652 0.000533438986167312
0.000508189026731998 0.000507625984027982 0.000507741002365947 0.000513184000737965 0.000517108011990786 0.00051839102525264 0.000516063999384642 0.00051868602167815 0.000521321024280041 0.00052317202789709 0.000524763017892838 0.000527400989085436 0.000530105025973171 0.00053223199211061 0.000531963014509529 0.000531069992575794 0.00053215300431475 0.000532747013494372 0.000533343001734465 0.000533938989974558 0.000534162973053753 0.000534015009179711 0.00053333502728492 0.00053264998132363 0.000532422971446067 0.000532147998455912 0.000531874014995992 0.000531599973328412 0.000532114005181938 0.000532627978827804 0.000533143000211567 0.000533739977981895 0.000534628983587027 0.00053557101637125 0.00053656700765714 0.000537695013917983 0.000538957014214247 0.000540220993570983 0.000541488989256322 0.000543010013643652 0.000545779999811202 0.000548064010217786 0.000550357974134386 0.000552391982637346
0.102984003722668 0.000514107989147305 0.000517198990564793 0.000520622008480132 0.000521544017829001 0.000524659000802785 0.000527410011272877 0.000530175981111825 0.000532955978997052 0.000535171013325453 0.00053720100549981 0.000539195025339723 0.000540614011697471 0.000541683984920382 0.00054385099792853 0.000546123017556965 0.00054807000560686 0.00054901500698179 0.000549506978131831 0.000549731019418687 0.000549851974938065 0.000549870019312948 0.000549888995010406 0.000549908028915524 0.000550101976841688 0.000550355005543679 0.000550609023775905 0.000550861994270235 0.000552229001186788 0.000552908983081579 0.000552790006622672 0.000552891986444592 0.000553651014342904 0.000554412021301687 0.000555174017790705 0.000556294980924577 0.000557777006179094 0.000559262989554554 0.000559845007956028 0.000560592976398766 0.000561739027034491 0.000562692992389202 0.000563455978408456 0.000563986017368734
0.539359986782074 0.000830637000035495 0.000525756971910596 0.000528349017258734 0.000531686993781477 0.000534577993676066 0.000537014973815531 0.000539462023880333 0.000543027999810874 0.000547292991541326 0.000550533994100988 0.000552161014638841 0.000553793972358108 0.000554682977963239 0.000555574020836502 0.00055646599503234 0.000557265011593699 0.00055777799570933 0.000558473984710872 0.000559567008167505 0.000560563988983631 0.000561465974897146 0.000562369008548558 0.000562534027267247 0.000560708984266967 0.000559185980819166 0.000557666993699968 0.000556625018361956 0.000556555984076113 0.000556487997528166 0.000556419021449983 0.000556560989934951 0.000557331019081175 0.000558103027287871 0.000558876025024801 0.000560005020815879 0.000561491993721575 0.000562983972486109 0.00056447897804901 0.000566046976018697 0.000567642971873283 0.000569243973586708 0.000570848991628736 0.000571431999560446
0.553716003894806 0.53378301858902 0.00053456099703908 0.000537974992766976 0.000541799003258348 0.000546351016964763 0.000549588003195822 0.000552846991922706 0.00055612699361518 0.000557968975044787 0.000559351989068091 0.000561330991331488 0.000561137974727899 0.000560411019250751 0.000559028005227447 0.000557647028472275 0.000556799001060426 0.000557197025045753 0.000557595980353653 0.000557995983399451 0.000558371015358716 0.000556899001821876 0.000554303987883031 0.000551721022929996 0.000550516007933766 0.000550121010746807 0.000549727003090084 0.000549332005903125 0.0005494260112755 0.000549520016647875 0.000549614022020251 0.000549886026419699 0.000550694006960839 0.000551502977032214 0.000552312994841486 0.000553168007172644 0.000554068014025688 0.000554970989469439 0.000556210987269878 0.00055743899429217 0.00055866502225399 0.000559895008336753 0.000561126973479986 0.000561601016670465
