results/Predictions/Median/Oxfordian.asc
NCOLS 360 
NROWS 180 
XLLCORNER -180 
YLLCORNER -90 
CELLSIZE 1 
NODATA_value -3.4e+38 
[rows 120 to 139 of 180, columns 44 to 87 of 360]
0.000423821009462699 0.000425172009272501 0.000426145998062566 0.0004283880116418 0.0004300530126784 0.000431874010246247 0.000432372005889192 0.000433136010542512 0.000434120011050254 0.000435129011748359 0.000435513007687405 0.000436106987763196 0.000436433998402208 0.000437420007074252 0.000438407005276531 0.000439397990703583 0.000441576994489878 0.000444737001089379 0.000447620986960828 0.000448940001660958 0.000452523003332317 0.000458291993709281 0.000463564996607602 0.000466350000351667 0.000471762003144249 0.000473674008389935 0.000476471992442384 0.000478258007206023 0.000480274989968166 0.000482505012769252 0.00048478099051863 0.000486553995870054 0.000487816985696554 0.000489084981381893 0.000490217003971338 0.000492474995553493 0.000492335995659232 0.000492196995764971 0.000498363981023431 0.000498733017593622 0.000499101995956153 0.000501037982758135 0.000502054987009615 0.0005024159909226
0.00040332498610951 0.00040476699359715 0.000407504994655028 0.000410665001254529 0.000412097986554727 0.000413402012782171 0.000414664013078436 0.000415930990129709 0.000418143987189978 0.000420836004195735 0.000422526994952932 0.000423774996306747 0.000426018988946453 0.000427401013439521 0.000429640989750624 0.000431585009209812 0.000431883003329858 0.000432114000432193 0.00043293900671415 0.000434420013334602 0.00043782900320366 0.000437818991485983 0.000441228999989107 0.000446788995759562 0.000451108993729576 0.000453690998256207 0.000457918009487912 0.000462733005406335 0.000466063997009769 0.000466964993393049 0.000468426995212212 0.000470509985461831 0.000472307991003618 0.000473508989671245 0.000474817992653698 0.000476443994557485 0.000476630986668169 0.000478522008052096 0.000482395989820361 0.00048394501209259 0.000486406002892181 0.000489539001137018 0.000491199025418609 0.000491605023853481
0.000381682009901851 0.000382389989681542 0.000388563988963142 0.00038969999877736 0.000390831002732739 0.000392093003029004 0.000398033007513732 0.000399835989810526 0.000401591998524964 0.00040175998583436 0.000404310994781554 0.000405267986934632 0.000406450999435037 0.000409408006817102 0.000412246998166665 0.000415176007663831 0.000417503004427999 0.000419218005845323 0.000420941010816023 0.000422671000706032 0.000424196012318134 0.000427107996074483 0.000428021012339741 0.000428269995609298 0.000429945008363575 0.000435421010479331 0.000438138988101855 0.000442230986664072 0.000445334007963538 0.000446941005066037 0.000449154991656542 0.000453912012744695 0.000455459987279028 0.000456665002275258 0.000458503986010328 0.000460687995655462 0.0004620119871106 0.000461801013443619 0.000461590010672808 0.000462347001302987 0.000464651006041095 0.000466966012027115 0.000469332007924095 0.000471653009299189
0.000355824013240635 0.000360134989023209 0.000364926003385335 0.00036973599344492 0.000372595997760072 0.000373246002709493 0.000373893009964377 0.000375072006136179 0.000381565012503415 0.000384518993087113 0.000386761996196583 0.000389016990084201 0.00039124398608692 0.000393280992284417 0.000395328010199592 0.000396568997530267 0.000397561001591384 0.000398280011722818 0.000398837000830099 0.00039939398993738 0.000401421013521031 0.000403787009418011 0.000405528000555933 0.000407596991863102 0.000410756008932367 0.000413939007557929 0.000418342999182642 0.00042165198829025 0.000423037010477856 0.000424625992309302 0.000426891987444833 0.0004282720037736 0.000430263986345381 0.000430529995355755 0.000430457992479205 0.000430304004112259 0.000431386986747384 0.000433484005043283 0.000437109993072227 0.000438688002759591 0.000439233990618959 0.000442368997028098 0.000445626996224746 0.000446127989562228
0.000332647003233433 0.000334999989718199 0.000337812001816928 0.000342168001225218 0.000346326996805146 0.000347368011716753 0.000352014991221949 0.000356764998286963 0.00036157900467515 0.000364665989764035 0.000367175001883879 0.000369604997104034 0.00037175600300543 0.000373393995687366 0.000375039991922677 0.000376693991711363 0.000378183991415426 0.00037958100438118 0.000380904006306082 0.000381919002393261 0.00038393700378947 0.000385121995350346 0.000386311003239825 0.000387503008823842 0.000389163993531838 0.000390831002732739 0.000392505986383185 0.000395059993024915 0.000396755989640951 0.000399756012484431 0.000402601988753304 0.000404741003876552 0.000404288002755493 0.000403835991164669 0.000403384998207912 0.000404899998102337 0.000407120009185746 0.000409350992413238 0.000411596003687009 0.000412507011787966 0.000411715998779982 0.0004109269939363 0.000409969012252986 0.000408504012739286
0.000292501004878432 0.000298050988931209 0.000305824010865763 0.000310945993987843 0.000315170007525012 0.000320352002745494 0.000323524989653379 0.00032789001124911 0.000329695001710206 0.000330851005855948 0.00033370399614796 0.000336809986038134 0.000339777005137876 0.000342259998433292 0.000346829008776695 0.000352314993506297 0.000356678996467963 0.000357727985829115 0.000358174002030864 0.000358621007762849 0.000359305995516479 0.000360070989700034 0.000360839010681957 0.000361607992090285 0.000362888007657602 0.00036516401451081 0.000368137989426032 0.000370180991012603 0.000371197995264083 0.000371942995116115 0.00037291701301001 0.00037346500903368 0.000373585004126653 0.000373704999219626 0.000374680006643757 0.000375070987502113 0.000375017989426851 0.000376654003048316 0.000375828996766359 0.000374675000784919 0.000374436989659443 0.00037420098669827 0.000373835006030276 0.000373082992155105
0.000241754998569377 0.000246168987359852 0.000250335986493155 0.000256103987339884 0.000263213994912803 0.000270791992079467 0.000276283011771739 0.000282449007499963 0.000286018010228872 0.000294033990940079 0.000299103005090728 0.000304093991871923 0.000309068011119962 0.00031381900771521 0.000316749996272847 0.000319087004754692 0.000320819002809003 0.000322092993883416 0.000323168991599232 0.000323935004416853 0.00032457199995406 0.000325166998663917 0.00032576298690401 0.000326359993778169 0.000326751003740355 0.000327479996485636 0.000329097994836047 0.000330515002133325 0.000331754010403529 0.000333261006744578 0.000334774988004938 0.000335977994836867 0.000336867000441998 0.000337759003741667 0.000338652986101806 0.000339412014000118 0.000340127007802948 0.00034084400977008 0.000341486011166126 0.000340800994308665 0.000338873011060059 0.000337968987878412 0.000336722005158663 0.000334448006469756
0.000191808998351917 0.000195293992874213 0.000201410002773628 0.000208187993848696 0.000213892999454401 0.000219716006540693 0.00022555400209967 0.000230222998652607 0.000234990002354607 0.000240153996855952 0.00024543100153096 0.000250824989052489 0.000256069994065911 0.000260228989645839 0.000263196998275816 0.000266166985966265 0.00026868301210925 0.000270641990937293 0.00027261400828138 0.000274852005532011 0.000278608000371605 0.0002823940012604 0.00028579801437445 0.000288145005470142 0.00028971501160413 0.00029129401082173 0.000292881013592705 0.000294241006486118 0.000294894998660311 0.000295550998998806 0.000296207988867536 0.000296367012197152 0.000296028010779992 0.000295687990728766 0.000295348989311606 0.000294380995910615 0.000293207995127887 0.000292748009087518 0.000293994991807267 0.00029322798945941 0.000292464013909921 0.000291701988317072 0.000290753989247605 0.00028628998552449
0.000150317006045952 0.000153083994518965 0.000158940994879231 0.000166408994118683 0.00017179999849759 0.000175742999999784 0.00017903400294017 0.000182288000360131 0.000185601995326579 0.000189198006410152 0.000191137005458586 0.000196865003090352 0.000200919006601907 0.000206202996196225 0.000211606005905196 0.000215413005207665 0.000219958994421177 0.000223561000893824 0.000227223004912958 0.000230944002396427 0.000234188002650626 0.00023729499662295 0.000240442997892387 0.000243464004597627 0.000245362985879183 0.000247243995545432 0.000247693009441718 0.000248083000769839 0.000248299009399489 0.000248514988925308 0.000248730008024722 0.000248411000939086 0.000247560004936531 0.000248046999331564 0.000248750991886482 0.000249403994530439 0.000250042008701712 0.000250026001594961 0.00024907398619689 0.000248775002546608 0.000247332995058969 0.000245676987105981 0.000243650996708311 0.000240509005379863
0.000122219003969803 0.000124126992886886 0.000126484999782406 0.000128886997117661 0.000132835004478693 0.000137623006594367 0.000141808006446809 0.000145162994158454 0.00014859699876979 0.000152431995957159 0.00015636500029359 0.000160399999003857 0.000163474003784359 0.000166436002473347 0.000169450999237597 0.00017252100224141 0.000175088993273675 0.000177363996044733 0.000181005001650192 0.000182036004844122 0.0001847160019679 0.000187543002539314 0.000190321006812155 0.000192758001503535 0.000193505999050103 0.000194252002984285 0.000195757005712949 0.000197086003026925 0.000197857996681705 0.000198634006665088 0.000199411995708942 0.000200027992832474 0.000200479000341147 0.000200932001462206 0.000201386006665416 0.000201400995138101 0.000201269998797216 0.00020113900245633 0.000200779002625495 0.000199557995074429 0.000198032998014241 0.000196519002201967 0.000194677006220445 0.000192099993000738
9.53388007474132e-05 9.70629989751615e-05 9.93951980490237e-05 0.000101350997283589 0.000102856996818446 0.000105972998426296 0.00010887099779211 0.000111849003587849 0.000114907998067793 0.000118215997645166 0.000121618999401107 0.000125120001030155 0.000128796993521973 0.000132810004288331 0.000136717993882485 0.000139519004733302 0.000141936005093157 0.000143962999572977 0.000146018996019848 0.000147970000398345 0.000150045001646504 0.000151952001033351 0.000153882996528409 0.000155839006765746 0.00015685599646531 0.000157878996105865 0.000158909999299794 0.00015977599832695 0.000160131996381097 0.000160488998517394 0.000160997005878016 0.0001614140055608 0.000161592994118109 0.000161542004207149 0.000161196003318764 0.000160844007041305 0.000160491006681696 0.000160138995852321 0.000159788003657013 0.00015896100376267 0.00015813899517525 0.000157321002916433 0.000156173002324067 0.000154210007167421
7.70042024669237e-05 7.82818970037624e-05 7.97941029304639e-05 8.07870019343682e-05 8.1792299170047e-05 8.45992981339805e-05 8.64429021021351e-05 8.82391977938823e-05 9.00728991837241e-05 9.22043982427567e-05 9.39832025323994e-05 9.55005016294308e-05 9.73134010564536e-05 0.000100019002275076 0.000102897000033408 0.000105234998045489 0.000107526997453533 0.000109941000118852 0.00011209199874429 0.000113734997285064 0.000115344002551865 0.000116955998237245 0.00011858999641845 0.000120245997095481 0.000121154000225943 0.000122042001748923 0.000122583995107561 0.000123449994134717 0.000124005004181527 0.000124561993288808 0.000125121005112305 0.00012515700655058 0.000124737998703495 0.000124320999020711 0.000123905003420077 0.000123468998936005 0.000123402001918294 0.000122921002912335 0.00012334699567873 0.00012349100143183 0.000123514997540042 0.000123188001452945 0.000122288998682052 0.000120752003567759
5.98594997427426e-05 6.0650800151052e-05 6.13492011325434e-05 6.18561025476083e-05 6.23672967776656e-05 6.40396028757095e-05 6.58877979731187e-05 6.69762011966668e-05 6.79716977174394e-05 6.91637033014558e-05 7.07422004779801e-05 7.21108008292504e-05 7.35388966859318e-05 7.50960025470704e-05 7.66861994634382e-05 7.8310098615475e-05 7.99119006842375e-05 8.10257988632657e-05 8.24778035166673e-05 8.45241011120379e-05 8.57092963997275e-05 8.68970018927939e-05 8.86831985553727e-05 9.07811991055496e-05 9.18829973670654e-05 9.29040033952333e-05 9.38951998250559e-05 9.45374995353632e-05 9.48497036006302e-05 9.51628971961327e-05 9.54771021497436e-05 9.51089023146778e-05 9.4544499006588e-05 9.46625004871748e-05 9.48654997046106e-05 9.45900028455071e-05 9.41003017942421e-05 9.36130963964388e-05 9.31284012040123e-05 9.30872993194498e-05 9.34225972741842e-05 9.3759001174476e-05 9.35536008910276e-05 9.27447981666774e-05
4.5395499910228e-05 4.60199989902321e-05 4.68924008600879e-05 4.7214900405379e-05 4.77907997264992e-05 4.85251985082868e-05 4.96038010169286e-05 5.05161988257896e-05 5.18332999490667e-05 5.32662015757523e-05 5.46847004443407e-05 5.55738988623489e-05 5.64947004022542e-05 5.74836012674496e-05 5.84898989473004e-05 5.95138008065987e-05 6.05923014518339e-05 6.17198020336218e-05 6.26109977019951e-05 6.35152027825825e-05 6.43859966658056e-05 6.52531016385183e-05 6.60040968796238e-05 6.76437994115986e-05 6.84604019625112e-05 6.90141023369506e-05 6.97649011272006e-05 7.02273973729461e-05 7.04257981851697e-05 7.06628998159431e-05 7.10355016053654e-05 7.09025989635848e-05 7.08591978764161e-05 7.08160005160607e-05 7.07727012922987e-05 7.05498023307882e-05 7.0139896706678e-05 6.9732399424538e-05 6.93273977958597e-05 6.87659994582646e-05 6.83098987792619e-05 6.80591983837076e-05 6.76928975735791e-05 6.74472976243123e-05
3.5375098377699e-05 3.56136988557409e-05 3.58891993528232e-05 3.6378300137585e-05 3.69662993762176e-05 3.72772010450717e-05 3.79617013095412e-05 3.86819010600448e-05 3.94156013499014e-05 4.04374004574493e-05 4.1485698602628e-05 4.22326993430033e-05 4.28525017923675e-05 4.3472300603753e-05 4.41010015492793e-05 4.4759701268049e-05 4.55053996120114e-05 4.63557007606141e-05 4.69129008706659e-05 4.74469015898649e-05 4.86067001475021e-05 4.92645995109342e-05 4.9986698286375e-05 5.06834003317636e-05 5.10778991156258e-05 5.14933999511413e-05 5.19718996656593e-05 5.23851012985688e-05 5.25914983882103e-05 5.27154006704222e-05 5.25789000676014e-05 5.24649003637023e-05 5.22904010722414e-05 5.2229701395845e-05 5.23484995937906e-05 5.24280985700898e-05 5.23386006534565e-05 5.22492991876788e-05 5.19962013640907e-05 5.16377003805246e-05 5.1281698688399e-05 5.09281999256928e-05 5.05817988596391e-05 5.02514012623578e-05
2.78018997050822e-05 2.8228900191607e-05 2.84225006907945e-05 2.86173999484163e-05 2.88135997834615e-05 2.9069200536469e-05 2.93463999696542e-05 2.98002996714786e-05 3.03204997180728e-05 3.1099101761356e-05 3.14063981932122e-05 3.21660008921754e-05 3.2670701330062e-05 3.31605988321826e-05 3.36578013957478e-05 3.41623999702279e-05 3.4806700568879e-05 3.53471004927997e-05 3.58824981958605e-05 3.64531006198376e-05 3.69314002455212e-05 3.7307501770556e-05 3.76874013454653e-05 3.80712990590837e-05 3.83541992050596e-05 3.86608990083914e-05 3.89209017157555e-05 3.91752982977778e-05 3.93463997170329e-05 3.95472998206969e-05 3.97490985051263e-05 3.98332995246165e-05 3.97992989746854e-05 3.97434996557422e-05 3.96126015402842e-05 3.94542003050447e-05 3.93927984987386e-05 3.923039912479e-05 3.91085013689008e-05 3.90845016227104e-05 3.88826993003022e-05 3.86817991966382e-05 3.84927989216521e-05 3.83740007237066e-05
2.17799006350106e-05 2.20400997932302e-05 2.2418500520871e-05 2.2573500245926e-05 2.27256005018717e-05 2.29023007705109e-05 2.31241992878495e-05 2.33859991567442e-05 2.36627001868328e-05 2.43099002545932e-05 2.4907600163715e-05 2.52998997893883e-05 2.5547500626999e-05 2.57872998190578e-05 2.6028799766209e-05 2.62737994489726e-05 2.6568899556878e-05 2.7039299311582e-05 2.74970007012598e-05 2.77349008683814e-05 2.80242002190789e-05 2.82920991594438e-05 2.85308997263201e-05 2.87716993625509e-05 2.89563995465869e-05 2.91639007627964e-05 2.95246009045513e-05 2.98316008411348e-05 2.99782004731242e-05 2.99611001537414e-05 2.98544000543188e-05 2.97696005873149e-05 2.97827991744271e-05 2.97959995805286e-05 2.98091999866301e-05 2.98341001325753e-05 2.98629001918016e-05 2.98917002510279e-05 2.99205003102543e-05 2.98130998999113e-05 2.96908001473639e-05 2.95690006169025e-05 2.94579003821127e-05 2.93781995424069e-05
1.71236006281106e-05 1.72179006767692e-05 1.73315002029995e-05 1.74459000845673e-05 1.75707991729723e-05 1.78109003172722e-05 1.80735005415045e-05 1.83398005901836e-05 1.8537299183663e-05 1.89063994184835e-05 1.91264007298741e-05 1.93423002201598e-05 1.95426000573207e-05 1.96204000530997e-05 1.97691006178502e-05 1.99583992070984e-05 2.0160599888186e-05 2.04099997063167e-05 2.06957993214019e-05 2.09111003641738e-05 2.11317001230782e-05 2.13717994483886e-05 2.16147000173805e-05 2.18602999666473e-05 2.21148002310656e-05 2.22543003474129e-05 2.23105998884421e-05 2.23772003664635e-05 2.25500007218216e-05 2.27240998356137e-05 2.27347009058576e-05 2.27019991143607e-05 2.26520005526254e-05 2.26021002163179e-05 2.25521998800104e-05 2.24917002924485e-05 2.2430900571635e-05 2.25029998546233e-05 2.25753992708633e-05 2.26065003516851e-05 2.26375996135175e-05 2.25938001676695e-05 2.2522299332195e-05 2.24761006393237e-05
1.3609599591291e-05 1.36632997964625e-05 1.37404003908159e-05 1.38922996484325e-05 1.39539997690008e-05 1.40231004479574e-05 1.41299997267197e-05 1.42231001518667e-05 1.43166998896049e-05 1.44735004141694e-05 1.46319998748368e-05 1.47922000905965e-05 1.49511997733498e-05 1.51026997627923e-05 1.52557995534153e-05 1.54104000102961e-05 1.55960005940869e-05 1.57399008458015e-05 1.58370003191521e-05 1.59914998221211e-05 1.62466003530426e-05 1.63914992299397e-05 1.64499997481471e-05 1.65467008628184e-05 1.67097005032701e-05 1.68422993738204e-05 1.69760005519493e-05 1.70951007021358e-05 1.71675001183758e-05 1.72333002410596e-05 1.72263007698348e-05 1.72099007613724e-05 1.71841002156725e-05 1.71583997143898e-05 1.71326992131071e-05 1.70986004377482e-05 1.70625007740455e-05 1.70338007592363e-05 1.70051007444272e-05 1.69674003700493e-05 1.69296999956714e-05 1.68921997101279e-05 1.68623992067296e-05 1.68556998687563e-05
1.02923995655146e-05 1.03148004200193e-05 1.03520997072337e-05 1.04003001979436e-05 1.04578002719791e-05 1.04787995951483e-05 1.05278995761182e-05 1.05994004115928e-05 1.06714996945811e-05 1.07822997961193e-05 1.09002003227943e-05 1.10401997517329e-05 1.11885001388146e-05 1.13297001007595e-05 1.15013999675284e-05 1.1644299775071e-05 1.1763099792006e-05 1.19690002975403e-05 1.21269004011992e-05 1.22299998110975e-05 1.23766003525816e-05 1.24814996524947e-05 1.2581500413944e-05 1.26729000839987e-05 1.27639996208018e-05 1.28382998809684e-05 1.29067002490046e-05 1.29663003463065e-05 1.29820000438485e-05 1.29909003590001e-05 1.30014996102545e-05 1.30394000734668e-05 1.30726002680603e-05 1.31058995975764e-05 1.31392998810043e-05 1.3145900084055e-05 1.31463002617238e-05 1.31433998831199e-05 1.31405004140106e-05 1.31122997117927e-05 1.30841999634868e-05 1.30561002151808e-05 1.30379003167036e-05 1.30488997456268e-05
