results/Predictions/Median/Oxfordian.asc
NCOLS 360 
NROWS 180 
XLLCORNER -180 
YLLCORNER -90 
CELLSIZE 1 
NODATA_value -3.4e+38 
[rows 160 to 179 of 180, columns 132 to 175 of 360]
1.1536200190676e-06 1.16350997814152e-06 1.17347997274919e-06 1.17754996153963e-06 1.17566003154934e-06 1.17376998787222e-06 1.17215995487641e-06 1.16980004349898e-06 1.16767000690743e-06 1.1655499747576e-06 1.16342005185288e-06 1.18369996471301e-06 1.20433003303333e-06 1.22297001325933e-06 1.23465997603489e-06 1.24340999718697e-06 1.25204996948014e-06 1.25981000564934e-06 1.19697995160095e-06 1.0814000006576e-06 1.01121997886366e-06 9.14538020424516e-07 7.72600003529078e-07 6.07849983680353e-07 0.00106279994361103 0.000959013006649911 -3.4e+38 -3.4e+38 -3.4e+38 -3.4e+38 -3.4e+38 0.000123182995594107 0.000122201003250666 0.000120188000437338 0.000117397998110391 0.000113802001578733 0.00010724500316428 0.000110626002424397 0.000117563999083359 0.000128896994283423 0.000145294994581491 0.000158353999722749 0.000171690000570379 0.000191874001757242
1.07631001355912e-06 1.07918003777741e-06 1.08289998479449e-06 1.08655001440638e-06 1.08442998225655e-06 1.08091001038702e-06 1.0764699709398e-06 1.07156995454716e-06 1.06091999896307e-06 1.05984997844644e-06 1.05876995348808e-06 1.0866799584619e-06 1.11078998088487e-06 1.12795999029913e-06 1.1413600304877e-06 1.14285001018288e-06 1.14428996766947e-06 1.14511999527167e-06 1.08270000964694e-06 9.98905989035848e-07 9.09624986888957e-07 8.21660989913653e-07 7.05678985468694e-07 9.88565943771391e-07 0.00110195996239781 0.000948000000789762 -3.4e+38 -3.4e+38 -3.4e+38 -3.4e+38 -3.4e+38 -3.4e+38 -3.4e+38 0.000121687997307163 0.000115593997179531 0.000103710000985302 9.32269977056421e-05 9.87207022262737e-05 0.000110186003439594 0.000123486999655142 0.000138183997478336 0.000151407002704218 0.00016625999705866 0.000179841998033226
1.00448005468934e-06 1.00660997759405e-06 1.00875001862732e-06 1.0073599696625e-06 1.00207000741648e-06 9.95445020635088e-07 9.88866986517678e-07 9.82342044153484e-07 9.73420014815929e-07 9.68953031588171e-07 9.61562022894213e-07 9.91703018371481e-07 1.01681996511616e-06 1.04030004877131e-06 1.05509002423787e-06 1.0504500096431e-06 1.04572995951457e-06 1.04090997865569e-06 9.93573053165164e-07 9.06493994534685e-07 8.14543000160484e-07 7.38274025025021e-07 6.41588997041254e-07 9.07522974102903e-07 0.00104578002355993 0.000912200019229203 -3.4e+38 -3.4e+38 -3.4e+38 -3.4e+38 -3.4e+38 -3.4e+38 -3.4e+38 -3.4e+38 -3.4e+38 8.30104982014745e-05 8.30104982014745e-05 9.13395997486077e-05 0.000104368002212141 0.000119049997010734 0.000133203997393139 0.000140935997478664 0.000141329001053236 0.000144578996696509
9.19305989555141e-07 9.24179005323822e-07 9.29076975353382e-07 9.30763974338333e-07 9.29223006096436e-07 9.27683004192659e-07 9.26146981328202e-07 9.25710025967419e-07 9.25638971693843e-07 9.25568997445225e-07 9.23088975923747e-07 9.46655006828223e-07 9.70523046817107e-07 9.94721972347179e-07 1.01264004115365e-06 1.0094599929289e-06 1.00627994470415e-06 1.00229999588919e-06 9.34064985358418e-07 8.06950993137434e-07 7.10188999164529e-07 6.22778998149442e-07 5.29970009210956e-07 4.34536985949308e-07 0.000701532990206033 0.000672486028634012 0.000679045973811299 -3.4e+38 -3.4e+38 -3.4e+38 -3.4e+38 -3.4e+38 -3.4e+38 -3.4e+38 -3.4e+38 -3.4e+38 -3.4e+38 -3.4e+38 -3.4e+38 0.000125145001220517 0.000131046006572433 0.000133602996356785 0.000136507005663589 0.000141808006446809
8.37263996800175e-07 8.46061993797775e-07 8.56070016652666e-07 8.62744002461113e-07 8.66003972532781e-07 8.69275993409246e-07 8.72560974585213e-07 8.75638022534986e-07 8.80206016518059e-07 8.84127985045779e-07 8.85640986325598e-07 9.03704005850159e-07 9.26210020679719e-07 9.50572996316623e-07 9.68497943176772e-07 9.65747972259123e-07 9.58253053795488e-07 9.5186402404579e-07 8.72023008469114e-07 7.34022989945515e-07 6.24158019491006e-07 5.28028010648995e-07 4.31118991173207e-07 3.50193005260735e-07 2.80060987734032e-07 0.000396490999264643 0.000544639013241976 0.00058175902813673 -3.4e+38 -3.4e+38 -3.4e+38 -3.4e+38 -3.4e+38 -3.4e+38 -3.4e+38 -3.4e+38 -3.4e+38 -3.4e+38 -3.4e+38 -3.4e+38 0.00011929700121982 0.000123985999380238 0.000129926993395202 0.000138229996082373
7.98617975306115e-07 8.08769016202859e-07 8.19050001155119e-07 8.26530026643013e-07 8.31129000289366e-07 8.35754008221556e-07 8.38866014873929e-07 8.46330010517704e-07 8.54172981235024e-07 8.61457976952806e-07 8.68806012022105e-07 8.81042012679245e-07 8.92538025709655e-07 9.04185014860559e-07 9.13042015326937e-07 9.11144979909295e-07 9.05791011973633e-07 9.00468990039371e-07 8.24426024337299e-07 6.93258016326581e-07 5.85817986120674e-07 4.95812003009632e-07 4.03005998350636e-07 3.2414598649666e-07 2.59269000935092e-07 1.97728994066892e-07 2.26756995402866e-07 0.000148188002640381 0.000417394010582939 0.000398709991713986 -3.4e+38 -3.4e+38 -3.4e+38 -3.4e+38 -3.4e+38 -3.4e+38 -3.4e+38 -3.4e+38 0.00018829399778042 0.000154897003085352 0.000127576000522822 0.000128273997688666 0.000129591004224494 -3.4e+38
8.00917973720061e-07 8.07273011105281e-07 8.13678980193799e-07 8.18403009361646e-07 8.21417984298023e-07 8.24443020519539e-07 8.27479993859015e-07 8.34967011087429e-07 8.44170983782533e-07 8.55861003401515e-07 8.66570019297797e-07 8.62480021623924e-07 8.58024009176006e-07 8.51664992751466e-07 8.48491026772535e-07 8.5130602656136e-07 8.5547401340591e-07 8.57321026614954e-07 7.97077973402338e-07 6.81897006415966e-07 5.92692003920092e-07 5.18468993959686e-07 4.2885199036391e-07 3.48139991501739e-07 2.8034401111654e-07 2.22807997829477e-07 2.15816001514213e-07 2.03260995590426e-07 1.82950998350861e-07 1.72018999933243e-07 1.91631002621762e-07 2.86485999367869e-07 3.08020003103593e-06 8.96356959856348e-06 9.67529012996238e-06 1.70436996995704e-05 1.34164001792669e-05 1.08235999505268e-05 8.68211009219522e-06 4.6381199354073e-05 0.000139556999783963 0.000143511002534069 0.000143515004310757 0.000137451002956368
8.03223997536406e-07 8.04897013040318e-07 8.06459979685314e-07 8.08588993095327e-07 8.11307018011576e-07 8.13286021639215e-07 8.14754002931295e-07 8.24735025162227e-07 8.37731022329535e-07 8.50930973683717e-07 8.64339995132468e-07 8.42686006308213e-07 8.20193974959693e-07 7.98960002157401e-07 7.84738972470223e-07 7.95966002442583e-07 8.0435199834028e-07 8.13575013580703e-07 7.69906989717128e-07 6.83584971739037e-07 6.06991989116068e-07 5.4284799944071e-07 4.62927005173697e-07 3.74111010614797e-07 3.06018989704171e-07 2.36739992942603e-07 2.24754998612298e-07 2.0646200482588e-07 1.91525003856441e-07 1.77437996740082e-07 1.61580999247235e-07 1.48102003549866e-07 1.38865999588234e-07 1.32237005345814e-07 1.25761005165259e-07 1.16668999794456e-07 1.05899999880421e-07 9.96232998318192e-08 9.49031004893186e-08 9.02102001987259e-08 8.67005027771484e-08 7.43622976528968e-08 6.83727989780891e-08 6.72758986297595e-08
5.59531997623708e-07 5.67956021768623e-07 5.76508000449394e-07 5.85792975016375e-07 5.95841015638143e-07 6.06331013841555e-07 6.17939974745241e-07 6.34452021586185e-07 6.53017025342706e-07 6.72128976475506e-07 6.91802995334001e-07 6.94200991802063e-07 6.96608026373724e-07 6.99023019024025e-07 7.01811984527012e-07 7.05714001014712e-07 7.09636992723972e-07 7.13581982836331e-07 6.82228971982113e-07 6.20171022092109e-07 5.64013987514045e-07 5.1422398428258e-07 4.5551399807664e-07 3.86911011673874e-07 3.35040994059455e-07 2.90570000061052e-07 2.73230995162521e-07 2.52332000627575e-07 2.25985004931317e-07 2.0635299335936e-07 1.81605997795486e-07 1.63497006155922e-07 1.47213995660422e-07 1.32843993583265e-07 1.1999300397747e-07 1.06610997363532e-07 9.3632202435856e-08 8.63281002239091e-08 8.08933009466273e-08 7.64049019608137e-08 7.26731030908923e-08 6.97830984108805e-08 6.58692016486384e-08 5.98694001041622e-08
3.97856013023556e-07 4.08922005590284e-07 4.1979700426964e-07 4.3274201289023e-07 4.4792798803428e-07 4.63909998416057e-07 4.80896005683462e-07 4.99961004152283e-07 5.20287983363232e-07 5.41071983661823e-07 5.60764021884097e-07 5.75773015043524e-07 5.91999992138881e-07 6.10784979926393e-07 6.25362019945896e-07 6.25747020421841e-07 6.26130997716245e-07 6.2651599819219e-07 6.04587000907486e-07 5.62671004900039e-07 5.23676987995714e-07 4.87399006487976e-07 4.48219992676968e-07 4.03922996383699e-07 3.66814987273756e-07 3.33889005332821e-07 3.08755005562489e-07 2.85514005327059e-07 2.622469992275e-07 2.3459000431103e-07 1.95000993130634e-07 1.67915004567476e-07 1.46274999224261e-07 1.28167997104356e-07 1.12164997290165e-07 9.60486019607742e-08 8.22500965114159e-08 7.45924992884284e-08 7.1836502968381e-08 6.84051997268398e-08 6.57982965890369e-08 6.38920027995482e-08 6.08786976386e-08 5.78494017133835e-08
2.67032987721905e-07 2.76993006309567e-07 2.87319011249565e-07 2.9894900421823e-07 3.11402004626871e-07 3.24372990689881e-07 3.3979699765041e-07 3.56133995182972e-07 3.71932003417896e-07 3.8775098687438e-07 4.02523994580406e-07 4.15596986158562e-07 4.29098008680739e-07 4.4303999402473e-07 4.53118985888068e-07 4.50430007958857e-07 4.47756008270517e-07 4.45098010004585e-07 4.32717996545762e-07 4.11425986612812e-07 3.87817010505387e-07 3.67291988823126e-07 3.46024989994476e-07 3.25207992091237e-07 3.05642998910116e-07 2.87255005559928e-07 2.65505008201217e-07 2.44024988660385e-07 2.2530400656251e-07 2.03230001716292e-07 1.74001002051227e-07 1.48685998624387e-07 1.30846999013556e-07 1.15608997930394e-07 1.00313997108969e-07 8.69868017616682e-08 7.54318989493186e-08 6.8875500858212e-08 6.68434978479127e-08 6.31762020475435e-08 6.05635008810168e-08 5.92890998518669e-08 8.7858403219343e-08 6.53631013847189e-06
1.65417006314783e-07 1.71384002101149e-07 1.77565993908502e-07 1.84404001402072e-07 1.91953006378753e-07 2.0060400629518e-07 2.09703003406503e-07 2.16398007069074e-07 2.23260002485404e-07 2.31154999141836e-07 2.39325999018547e-07 2.44863002762941e-07 2.50525999945239e-07 2.56318998026472e-07 2.60203989910224e-07 2.58026005894862e-07 2.55866012821571e-07 2.53724010690348e-07 2.47528987529222e-07 2.37576998074474e-07 2.28024006787564e-07 2.18853998035229e-07 2.09478002943797e-07 2.00532994654168e-07 1.90855999449013e-07 1.81521997433265e-07 1.69540001593305e-07 1.58966997787502e-07 1.47807995176663e-07 1.36020005925275e-07 1.25203996503842e-07 1.14801999018255e-07 1.04503996567473e-07 9.52176009150207e-08 8.68358966954474e-08 7.91928016496968e-08 7.22230026894977e-08 6.79601015463049e-08 9.78698011522283e-08 1.59387002440781e-06 5.78768012928776e-05 0.000136778995511122 0.000134343004901893 0.000131028005853295
1.16983997600073e-07 1.02172997173966e-07 1.05929998994725e-07 1.09951002968955e-07 1.14256998529072e-07 1.18494000389546e-07 1.22396002666392e-07 1.25504996617565e-07 1.28378999875167e-07 1.31318998342067e-07 1.34326995748779e-07 1.35391999833701e-07 1.36465999389657e-07 1.37548994416647e-07 1.38122004500474e-07 1.37146997758464e-07 1.36178002207998e-07 1.35213994667538e-07 1.33357005438484e-07 1.3064300219412e-07 1.27983000197673e-07 1.253740009588e-07 1.21438006317476e-07 1.17165001256581e-07 1.13041998872632e-07 1.09063996944769e-07 1.04796001210161e-07 1.00695999094569e-07 9.67557980402489e-08 9.29067027755082e-08 8.90284965748833e-08 8.53123012234391e-08 8.17513026163397e-08 1.13920997080186e-07 1.33357002596313e-06 3.62323989975266e-05 0.000146791993756779 0.000150730003952049 0.000155326997628435 0.000159121002070606 0.000157702001160942 0.000157672999193892 -3.4e+38 -3.4e+38
5.46663977729622e-06 1.39860006242998e-07 9.20093015110979e-08 9.04068997442664e-08 9.2815596985929e-08 9.50493017626286e-08 9.73372991097676e-08 9.93342013089205e-08 1.01349002079587e-07 1.03844996601765e-07 1.06401998323236e-07 1.08011001032082e-07 1.09645000634373e-07 1.11303997130108e-07 1.12388001127783e-07 1.12199998625329e-07 1.1180100045749e-07 1.11380998646382e-07 1.10160996769082e-07 1.08169999180063e-07 1.06214997686038e-07 1.04294997527177e-07 1.01662998019947e-07 9.8856702379635e-08 9.61275006261531e-08 9.3473801143773e-08 9.05691024399857e-08 8.77548984590248e-08 8.50280983399898e-08 1.06077997941156e-07 2.02520004677353e-05 0.000125356993521564 0.000164330005645752 0.000166044002980925 0.000168480997672305 0.000168650003615767 0.000165525998454541 0.000162662006914616 -3.4e+38 -3.4e+38 -3.4e+38 -3.4e+38 -3.4e+38 -3.4e+38
7.46032014831144e-07 7.37329983735435e-08 6.51138023499698e-08 6.66253967551711e-08 6.83743976992446e-08 7.01693991800312e-08 7.20115025387713e-08 7.45245998245991e-08 7.74390969127126e-08 7.97781964934074e-08 8.21258012706494e-08 8.40767029330891e-08 8.6074003036174e-08 8.77722001746406e-08 8.83490969272316e-08 8.82777015931424e-08 8.91935982849645e-08 8.9744197850905e-08 8.9377600431817e-08 8.84533974954138e-08 8.75387016208151e-08 8.66334985971662e-08 8.51113028943473e-08 8.34116988812639e-08 8.17462009194969e-08 8.01138995143447e-08 7.82751001793258e-08 7.64785994533668e-08 5.18810011271853e-05 8.86854031705298e-05 0.000121582001156639 0.000164098993991502 0.000166858997545205 0.000168065002071671 0.00017019800725393 -3.4e+38 -3.4e+38 -3.4e+38 -3.4e+38 -3.4e+38 -3.4e+38 -3.4e+38 -3.4e+38 -3.4e+38
5.77004009016946e-08 5.5067800985853e-08 5.59775017450193e-08 5.70618006179302e-08 5.83303005896596e-08 5.96270979258406e-08 6.10774009146553e-08 6.25881000360096e-08 6.39719033301844e-08 6.55031016094654e-08 6.71064981361269e-08 6.85845975567645e-08 7.00952966781188e-08 7.16392989374981e-08 7.24893993719888e-08 7.32784997126146e-08 7.34799030510658e-08 7.36503977805114e-08 7.35876994895079e-08 7.31803027065325e-08 7.27750020246276e-08 7.23721029771696e-08 7.15491026426207e-08 7.05968972170012e-08 6.96575028769075e-08 6.87305004021255e-08 6.76675995237019e-08 9.72025020473666e-08 1.06653997136164e-05 6.13228985457681e-05 9.13979965844192e-05 0.000145341997267678 0.000148045000969432 0.000147037993883714 0.000144610996358097 -3.4e+38 -3.4e+38 -3.4e+38 -3.4e+38 -3.4e+38 -3.4e+38 -3.4e+38 -3.4e+38 -3.4e+38
5.6002800619126e-08 5.64596014385188e-08 5.69202001088343e-08 5.74639997807935e-08 5.80935015648265e-08 5.8729799690127e-08 5.93731002140885e-08 6.00756990820628e-08 6.08042967087385e-08 6.1098297976514e-08 6.1330098333201e-08 6.14947026633672e-08 6.16597972680211e-08 6.18252968820343e-08 6.19400992718511e-08 6.19015025904446e-08 6.18628988036107e-08 6.18244015981873e-08 6.16446982348862e-08 6.13251032177686e-08 6.10285013635803e-08 6.08023995596341e-08 6.03971983537122e-08 5.99353029429039e-08 5.9476999325625e-08 6.25555003352929e-08 8.9036298334122e-08 8.08161985332845e-07 1.20343001981382e-05 3.90665009035729e-05 6.13372030784376e-05 0.000122383993584663 0.000129830004880205 0.000131995999254286 0.000131205000798218 0.000130858999909833 0.00012931099627167 0.00012941200111527 -3.4e+38 -3.4e+38 -3.4e+38 -3.4e+38 -3.4e+38 -3.4e+38
5.29011998651185e-08 5.29244985614241e-08 5.29479002864264e-08 5.29541992477789e-08 5.2943601502875e-08 5.29330002052575e-08 5.29223989076399e-08 5.28788994813567e-08 5.28245003295069e-08 5.27702006536401e-08 5.27159009777733e-08 5.26238004283641e-08 5.25318988309209e-08 5.24401002621744e-08 5.23411998187839e-08 5.22206988762264e-08 5.21004999143315e-08 5.19805993803857e-08 5.1850399529485e-08 5.17099998376125e-08 5.15700016023857e-08 5.14302982423942e-08 5.1281300983419e-08 5.62217010724453e-08 8.76186021514513e-08 6.10769973263814e-07 4.8358301683038e-06 1.81476007128367e-05 3.90536006307229e-05 5.22804002685007e-05 7.6137097494211e-05 0.00011185400217073 0.000117001000035089 0.000120611999591347 0.000121680001029745 0.000122654993901961 0.000126482002087869 0.000130643005832098 0.000132100001792423 -3.4e+38 -3.4e+38 -3.4e+38 -3.4e+38 -3.4e+38
5.29705985741202e-08 5.30055004333008e-08 5.30403987397676e-08 5.30545989363418e-08 5.30480015470403e-08 5.3041400605025e-08 5.30347001870268e-08 5.29932009385448e-08 5.29399990512047e-08 5.28869001925614e-08 5.2833801333918e-08 5.27409014239311e-08 5.26481009899271e-08 5.25554995078892e-08 5.2455700227938e-08 5.2333700040208e-08 5.22121013091237e-08 5.9582198730368e-08 8.00894000008157e-08 4.43984987441581e-07 1.58202999500645e-06 5.88153989156126e-06 1.28564997794456e-05 1.99395999516128e-05 4.64170007035136e-05 7.0317997597158e-05 9.18527002795599e-05 0.000101621000794694 0.000110941000457387 0.000113003996375483 0.000118017000204418 0.000121910001325887 0.000123826001072302 0.000124639002024196 0.000124851998407394 0.000125065998872742 0.00012762300320901 0.000131602006149478 0.000132817003759556 -3.4e+38 -3.4e+38 -3.4e+38 -3.4e+38 -3.4e+38
3.79283992515411e-05 8.5876599769108e-05 7.42539996281266e-05 0.000114538997877389 0.00011558899859665 0.000116265000542626 0.000116752999019809 0.000116745002742391 0.00011671499669319 0.000116684997919947 0.00011824700050056 0.000118329997349065 0.000118912998004816 0.000119096002890728 0.000120582997624297 0.00012062799942214 0.000120673001219984 0.000121329001558479 0.000122170997201465 0.000122890996863134 0.000122577999718487 0.00012539500312414 0.000125348000437953 0.000126134997117333 0.000127460996736772 0.000127937004435807 0.000129387000924908 0.000129209001897834 0.000130672997329384 0.000131477994727902 0.000131548993522301 0.000131351000163704 0.000130718006403185 0.000130001004436053 0.000129845997435041 0.000130458996864036 0.000131207998492755 -3.4e+38 -3.4e+38 -3.4e+38 -3.4e+38 -3.4e+38 -3.4e+38 -3.4e+38
