results/Predictions/Median/Piacenzian.asc
NCOLS 360 
NROWS 180 
XLLCORNER -180 
YLLCORNER -90 
CELLSIZE 1 
NODATA_value -3.4e+38 
[rows 140 to 159 of 180, columns 264 to 307 of 360]
2.22525000026508e-06 2.32370007324789e-06 2.41178008764109e-06 2.45744990934327e-06 2.50396010414988e-06 2.55134000326507e-06 2.59714988715132e-06 2.61772993326304e-06 2.64546997641446e-06 2.67892005467729e-06 2.70422992798558e-06 2.72460010819486e-06 2.73804994321836e-06 2.75156003226584e-06 2.7618000331131e-06 2.77208005172724e-06 2.78240008810826e-06 2.78309994428128e-06 2.76642003882444e-06 2.76936998488964e-06 2.77354001809726e-06 2.77467006526422e-06 2.76909008789517e-06 2.76257992481987e-06 2.75812999461778e-06 2.76963010037434e-06 2.78661991615081e-06 2.80371000371815e-06 2.81876009466941e-06 2.84349994217337e-06 2.8684501103271e-06 2.89361992145132e-06 2.92098002319108e-06 2.95458994514775e-06 2.98858003588975e-06 3.02347007163917e-06 3.0544599667337e-06 3.08022003991937e-06 3.10620998789091e-06 3.13235000248824e-06 3.17338003696932e-06 3.22145001518948e-06 3.2702600947232e-06 3.31980004375509e-06
1.5200999996523e-06 1.58864997956698e-06 1.65105996074999e-06 1.69375005043548e-06 1.72889997429593e-06 1.76297999132657e-06 1.79040000602981e-06 1.81874997906561e-06 1.85075998615503e-06 1.88334001904877e-06 1.91201002053276e-06 1.93380992641323e-06 1.95585994333669e-06 1.97910003407742e-06 1.9971998881374e-06 2.01641000785457e-06 2.03580998459074e-06 2.05567994271405e-06 2.0641200535465e-06 2.06134996005858e-06 2.05979995371308e-06 2.0750699150085e-06 2.08790993383445e-06 2.10101006814511e-06 2.11447991205205e-06 2.13681005334365e-06 2.16170997191512e-06 2.18690001929644e-06 2.21237996811396e-06 2.24067002818629e-06 2.2686999727739e-06 2.29709007726342e-06 2.32738989325298e-06 2.36282994592329e-06 2.39881001107278e-06 2.43532008425973e-06 2.46889999289124e-06 2.49938989327347e-06 2.53040002462512e-06 2.56179009738844e-06 2.60026990872575e-06 2.63558990809543e-06 2.67063001047063e-06 2.70613008979126e-06
1.04720004401315e-06 1.09681002413708e-06 1.14387000849092e-06 1.17777995001234e-06 1.21268999464519e-06 1.24782002330903e-06 1.27497003177268e-06 1.29575994378683e-06 1.31689000681945e-06 1.33836999793857e-06 1.35944003432087e-06 1.38892005452362e-06 1.41988004997984e-06 1.4472600469162e-06 1.46465004036145e-06 1.48232004448801e-06 1.49890001921449e-06 1.51490996813664e-06 1.53932001012436e-06 1.56504995629803e-06 1.5912099797788e-06 1.61423997724341e-06 1.63305003297864e-06 1.65207995905803e-06 1.67132998285524e-06 1.69208999523107e-06 1.71353997302504e-06 1.73525995705859e-06 1.75725995177345e-06 1.77828997038887e-06 1.80079996425775e-06 1.82564997430745e-06 1.85142005193484e-06 1.8793000435835e-06 1.90760010809754e-06 1.93632990885817e-06 1.96399992091756e-06 1.99289002011938e-06 2.02219007405802e-06 2.05214996640279e-06 2.08710002880252e-06 2.12417990042013e-06 2.16193006963294e-06 2.20034007725189e-06
7.97837003574386e-07 8.31226998343482e-07 8.60827981341572e-07 8.86841007741168e-07 9.13829012461065e-07 9.41638006679568e-07 9.65931008067855e-07 9.85837004918722e-07 1.00581996775873e-06 1.02620003872289e-06 1.04523996924399e-06 1.0640400205375e-06 1.08316999103408e-06 1.10225994376378e-06 1.11868996555131e-06 1.13534997581155e-06 1.15226998786966e-06 1.16952003281767e-06 1.18723005471111e-06 1.20520996915729e-06 1.22347000797163e-06 1.24204996154731e-06 1.25435997233581e-06 1.2716000128421e-06 1.29463001030672e-06 1.31894000787725e-06 1.34390995754075e-06 1.36691994612193e-06 1.39031999424333e-06 1.41410998821812e-06 1.43830004617485e-06 1.462919954065e-06 1.48773995078955e-06 1.51230995015794e-06 1.53729001795e-06 1.56106000304135e-06 1.58086004375946e-06 1.60920001235354e-06 1.63204003911233e-06 1.65519998063246e-06 1.68169003700314e-06 1.70962005086039e-06 1.73801004166307e-06 1.76688001829461e-06
6.02391025950055e-07 6.25239977125602e-07 6.4753902506709e-07 6.66248013203585e-07 6.85500026520458e-07 7.05308025317208e-07 7.2313901000598e-07 7.40682992272923e-07 7.56779002131225e-07 7.71683971834136e-07 7.86092016369366e-07 8.01638009306771e-07 8.17491979887564e-07 8.33660010357562e-07 8.48912975470739e-07 8.64444984927104e-07 8.80262007285637e-07 8.96611993539409e-07 9.14010001906718e-07 9.31583997498819e-07 9.47906983128632e-07 9.62318949859764e-07 9.77801960289071e-07 9.94029051071266e-07 1.01349996839417e-06 1.03417005448136e-06 1.05143999462598e-06 1.0676400279408e-06 1.08409994936665e-06 1.10230996597238e-06 1.12623001768952e-06 1.1512399851199e-06 1.17622994366684e-06 1.20001004688675e-06 1.22427002224867e-06 1.2490299923229e-06 1.27224996049335e-06 1.29381999158795e-06 1.31576996409422e-06 1.33807998281554e-06 1.35970003611874e-06 1.37820995860238e-06 1.39697999657074e-06 1.41600003189524e-06
4.98655992942076e-07 5.12298015564738e-07 5.25849998211925e-07 5.3821497658646e-07 5.5089202533054e-07 5.63937987863028e-07 5.75837020733161e-07 5.86504995681025e-07 5.97594976170512e-07 6.10309996318392e-07 6.22248990111984e-07 6.34064974747162e-07 6.46106002477609e-07 6.58377018680767e-07 6.70223016641103e-07 6.8228399641157e-07 6.94560981173709e-07 7.05334002759628e-07 7.16675003786804e-07 7.28196027921513e-07 7.39902020541194e-07 7.52658024794073e-07 7.67770984566596e-07 7.83187999786605e-07 7.98914982169663e-07 8.15642010820739e-07 8.32952025575651e-07 8.50629987780849e-07 8.6868300286369e-07 8.88357988060307e-07 9.08479023564723e-07 9.29057023313362e-07 9.49463014876528e-07 9.68398012446414e-07 9.87948965303076e-07 1.00280999504321e-06 1.0167700565944e-06 1.03399997897213e-06 1.05269998584845e-06 1.07174003005639e-06 1.0906600209637e-06 1.1097499736934e-06 1.12917996375472e-06 1.14894999114767e-06
4.40721009908884e-07 4.48862010671292e-07 4.57205004522621e-07 4.65856999198877e-07 4.74672987138547e-07 4.83658027405909e-07 4.92054027745326e-07 5.00425016980444e-07 5.09125015923928e-07 5.17457976911828e-07 5.25090001701756e-07 5.32611011294648e-07 5.40240023383376e-07 5.4797800430606e-07 5.55462975171395e-07 5.63674007025838e-07 5.72676981391851e-07 5.82050006414647e-07 5.9226499615761e-07 6.02660009008105e-07 6.12410019584786e-07 6.21988021975994e-07 6.32409012268909e-07 6.43005023448495e-07 6.53779011372535e-07 6.65426000523439e-07 6.77516993619065e-07 6.90470983499836e-07 7.04955027686083e-07 7.20246021046478e-07 7.3586897997302e-07 7.51831976231188e-07 7.67706978876959e-07 7.8258398161779e-07 7.97749976300111e-07 8.13210021988198e-07 8.28109023132129e-07 8.42404972445365e-07 8.5694802010039e-07 8.71742997787806e-07 8.86743976025173e-07 9.01986027201929e-07 9.17490979190916e-07 9.3326201522359e-07
3.88938985906861e-07 3.92906002844029e-07 3.97463992385383e-07 4.03370989943141e-07 4.09227993714012e-07 4.15170006817789e-07 4.20948992996273e-07 4.26554009891333e-07 4.32234998015701e-07 4.37991985791086e-07 4.43393986415686e-07 4.48717997869608e-07 4.54107009772997e-07 4.59559998944314e-07 4.64857009774278e-07 4.70374004635232e-07 4.7654100399086e-07 4.82998018469516e-07 4.90175978029583e-07 4.97461996928905e-07 5.0418799446561e-07 5.11557004756469e-07 5.2033999509149e-07 5.30046975200094e-07 5.38371978109353e-07 5.47726983768371e-07 5.57591022243287e-07 5.67632980619237e-07 5.77855985284259e-07 5.88228999731655e-07 5.98788972183684e-07 6.09534026807523e-07 6.20781975158025e-07 6.32483022400265e-07 6.44405986349739e-07 6.56553993394482e-07 6.68480993226694e-07 6.80166976962937e-07 6.92057994911011e-07 7.04157002928696e-07 7.16070985617989e-07 7.28053009879659e-07 7.40235009288881e-07 7.52621019728394e-07
3.56828991243674e-07 3.60364992957329e-07 3.64046996992329e-07 3.6865500874228e-07 3.733219955393e-07 3.78047985805097e-07 3.82710993562796e-07 3.87305988169828e-07 3.91957001966148e-07 3.96664006530045e-07 4.00890996843373e-07 4.04981989277076e-07 4.09116012178856e-07 4.13292013945465e-07 4.1759699342947e-07 4.21945998141382e-07 4.26342012360692e-07 4.30871011758427e-07 4.35712991020409e-07 4.40971007265034e-07 4.46715006319209e-07 4.53240005526823e-07 4.60578007732693e-07 4.67782001578598e-07 4.74995999866223e-07 4.83049973354355e-07 4.90550974063808e-07 4.98169981710817e-07 5.0590597311384e-07 5.14272016971518e-07 5.22776986144891e-07 5.31422017502337e-07 5.40002986326726e-07 5.48087996321556e-07 5.5629499229326e-07 5.6462397424184e-07 5.72971998735738e-07 5.81335996230337e-07 5.8982197970181e-07 5.98431995513238e-07 6.0644600807791e-07 6.14323028003128e-07 6.23145012923487e-07 6.32424985269608e-07
3.27186995718876e-07 3.30185002894723e-07 3.33337993652094e-07 3.36939990575047e-07 3.40579987323508e-07 3.44260001838848e-07 3.47961986335577e-07 3.51685997657114e-07 3.5544999832382e-07 3.59253988335695e-07 3.62480989224423e-07 3.65528990187158e-07 3.68602002254192e-07 3.71701986523476e-07 3.75163011767654e-07 3.78656011434941e-07 3.82182008706877e-07 3.85757005005871e-07 3.89417010637771e-07 3.93112998153811e-07 3.96843006456038e-07 4.01260990656738e-07 4.06389006002428e-07 4.12243991831929e-07 4.17886013792668e-07 4.24062989168306e-07 4.303200000777e-07 4.3667100158018e-07 4.43114998915917e-07 4.5036799178888e-07 4.56936987802692e-07 4.63602987110789e-07 4.70168004085281e-07 4.76225011425413e-07 4.82360974274343e-07 4.88574983137369e-07 4.94998971589666e-07 5.01639988215175e-07 5.08370021634619e-07 5.15189981342701e-07 5.21369997841248e-07 5.27378972492443e-07 5.33455988716014e-07 5.39604002369742e-07
2.96617997719295e-07 2.98915011853751e-07 3.01142989656e-07 3.03777994759002e-07 3.06434998265104e-07 3.09115989693964e-07 3.11750994796967e-07 3.14338990392571e-07 3.16947989631444e-07 3.19578987273417e-07 3.21778003353757e-07 3.23839998372932e-07 3.25916005294857e-07 3.28005000937992e-07 3.30450006913452e-07 3.32913003830981e-07 3.3539498645041e-07 3.37934011440666e-07 3.40605993187637e-07 3.43299006999587e-07 3.46013990792926e-07 3.4934399195663e-07 3.53306006672938e-07 3.57287007091145e-07 3.61199994358685e-07 3.65217005082741e-07 3.69297993074724e-07 3.73841004375208e-07 3.78338995687955e-07 3.83268002224213e-07 3.89029992220458e-07 3.94896005673218e-07 4.00738002781509e-07 4.06325000312791e-07 4.11989987014749e-07 4.17735009250464e-07 4.23361996126914e-07 4.28865007506829e-07 4.33832013868596e-07 4.38758007703655e-07 4.43935988414523e-07 4.49242008926376e-07 4.54612006706157e-07 4.60046010175574e-07
2.65889013917331e-07 2.66949001570538e-07 2.68261999281094e-07 2.70171994998236e-07 2.71926012374024e-07 2.73691995289482e-07 2.75238988933779e-07 2.76562985845885e-07 2.7789400292022e-07 2.79232011735076e-07 2.80449995671006e-07 2.81630008203138e-07 2.82815989294249e-07 2.840060062681e-07 2.85384999187954e-07 2.86771012270037e-07 2.88162993911101e-07 2.89680997411779e-07 2.91561008225472e-07 2.93454007760374e-07 2.95359996016487e-07 2.97772004387298e-07 3.00609002579222e-07 3.03435996329426e-07 3.0628999070359e-07 3.09755989746918e-07 3.13451010924837e-07 3.17190000487244e-07 3.2097298685585e-07 3.24489008107776e-07 3.28043995523331e-07 3.31638005945933e-07 3.35805992790483e-07 3.4077700661328e-07 3.45806000723314e-07 3.50231005086243e-07 3.53927987362113e-07 3.56870998530212e-07 3.59838992380901e-07 3.62831997335888e-07 3.6744799558619e-07 3.72701009609955e-07 3.78809005496805e-07 3.85016988957432e-07
2.38257996443281e-07 2.3827900008655e-07 2.38635010418875e-07 2.39965999071501e-07 2.41295992964297e-07 2.42343986656124e-07 2.43020991774756e-07 2.43348011963462e-07 2.43675003730459e-07 2.44001995497456e-07 2.44452991182698e-07 2.44945994154477e-07 2.45440986645917e-07 2.45936007559067e-07 2.46494010980314e-07 2.47053009161391e-07 2.47613002102298e-07 2.48347987508168e-07 2.49610991431837e-07 2.50879992336195e-07 2.52154990221243e-07 2.53698999586049e-07 2.55691986694728e-07 2.57701003647526e-07 2.59724998841193e-07 2.62711012055661e-07 2.66048004959885e-07 2.69422002929787e-07 2.72838008186227e-07 2.75422991080632e-07 2.78030995559675e-07 2.80665005902847e-07 2.83573996284758e-07 2.87276009203197e-07 2.91026992726984e-07 2.94826008939708e-07 2.97519989089778e-07 2.99075992415965e-07 3.00945004028108e-07 3.02912013694367e-07 3.07826013568047e-07 3.13818986796832e-07 3.19143993010584e-07 3.2439399433315e-07
1.99854000015875e-07 1.98704000808902e-07 1.97852997985137e-07 1.97882997099441e-07 1.97912001453915e-07 1.97939996837704e-07 1.97831994341868e-07 1.97589997696923e-07 1.97348001051978e-07 1.97106004407033e-07 1.96740998603673e-07 1.96330006474454e-07 1.95913003153692e-07 1.95496994592759e-07 1.94905993566863e-07 2.25340002657504e-07 1.44950001867983e-06 3.78047985805097e-07 1.9301700149299e-07 1.92800001741489e-07 1.92583001989988e-07 1.93236004975006e-07 1.94764993466379e-07 1.96372994309968e-07 1.98197000145228e-07 2.00624995727594e-07 2.03281004473865e-07 2.05972000344445e-07 2.08661006695365e-07 2.11037004760328e-07 2.1344000344925e-07 2.15870002762131e-07 2.19189999484115e-07 2.25204999537709e-07 2.31377995874027e-07 2.37712995954098e-07 2.40785993810277e-07 2.4047000124483e-07 2.40153013919553e-07 2.39835003412736e-07 2.42732994593098e-07 2.46334991516051e-07 2.49990989686921e-07 2.5370098910571e-07
1.66774000831538e-07 1.64343006758827e-07 1.62329001796024e-07 1.61523004749142e-07 1.60761004508458e-07 1.60000993787435e-07 1.59345006522926e-07 1.58782995640649e-07 1.58134000116661e-07 1.57583002646788e-07 1.56609999635293e-07 2.13511000879407e-07 5.44309987162706e-05 0.000360998994437978 0.000358055985998362 0.000356186996214092 0.000357535987859592 0.000354746996890754 0.000352230999851599 3.67229995390517e-06 1.44823999903565e-07 1.45306998433625e-07 1.47164996633364e-07 1.48899005125713e-07 1.5081100457337e-07 1.52807999143079e-07 1.54852003220185e-07 1.5692400268108e-07 1.59023002765935e-07 1.61209996463185e-07 1.63427003485594e-07 1.65673995411453e-07 1.68854995763468e-07 1.74728995716578e-07 1.80924004666849e-07 1.88121006772235e-07 1.91015999462252e-07 1.89415999329867e-07 1.87823005148857e-07 1.86235993737682e-07 1.88041994420018e-07 1.91018003192767e-07 1.94039003531543e-07 1.97106999166863e-07
1.60510992941454e-07 1.58366006530741e-07 1.71482000155265e-07 2.04192005526238e-07 2.41336010731175e-07 6.21809988388122e-07 5.85617999604438e-06 5.12846017954871e-05 0.000305096007650718 0.000336310011334717 0.000338637008098885 0.000331827002810314 0.000333019997924566 0.000332027004333213 0.000333542993757874 0.000328914989950135 0.00032903699320741 -3.4e+38 -3.4e+38 0.000317050988087431 0.000300674990285188 0.000295361009193584 0.000234014994930476 0.000141530006658286 4.56062007287983e-05 1.43146999107557e-05 5.44879985682201e-05 2.09162008104613e-05 7.12517021383974e-07 1.61405005201232e-05 1.40336996992119e-05 3.1264301014744e-06 3.12312999994901e-06 9.06164018488198e-07 3.50953001770904e-07 2.09079999535788e-07 1.83026003242048e-07 1.72236994444575e-07 1.75398994883835e-07 2.16087002513632e-07 1.35932998546195e-06 6.78996002534404e-05 0.000234695005929098 9.53729977481999e-05
0.000380254990886897 0.000377821997972205 -3.4e+38 -3.4e+38 -3.4e+38 -3.4e+38 0.000361904996680096 0.000359786004992202 0.000358930003130808 -3.4e+38 -3.4e+38 -3.4e+38 -3.4e+38 -3.4e+38 -3.4e+38 -3.4e+38 -3.4e+38 -3.4e+38 -3.4e+38 -3.4e+38 -3.4e+38 -3.4e+38 -3.4e+38 -3.4e+38 -3.4e+38 -3.4e+38 -3.4e+38 -3.4e+38 -3.4e+38 -3.4e+38 -3.4e+38 -3.4e+38 0.00037550600245595 0.000392648013075814 0.000404388993047178 0.000421328993979841 0.000428909988841042 0.000423398014390841 0.000419666001107544 0.000418112002080306 0.000422799988882616 0.000430968008004129 0.000438947987277061 0.00044526401325129
-3.4e+38 -3.4e+38 -3.4e+38 -3.4e+38 -3.4e+38 -3.4e+38 -3.4e+38 -3.4e+38 -3.4e+38 -3.4e+38 -3.4e+38 -3.4e+38 -3.4e+38 -3.4e+38 -3.4e+38 -3.4e+38 -3.4e+38 -3.4e+38 -3.4e+38 -3.4e+38 -3.4e+38 -3.4e+38 -3.4e+38 -3.4e+38 -3.4e+38 -3.4e+38 -3.4e+38 -3.4e+38 -3.4e+38 -3.4e+38 -3.4e+38 -3.4e+38 -3.4e+38 -3.4e+38 -3.4e+38 -3.4e+38 -3.4e+38 -3.4e+38 -3.4e+38 -3.4e+38 -3.4e+38 -3.4e+38 -3.4e+38 -3.4e+38
-3.4e+38 -3.4e+38 -3.4e+38 -3.4e+38 -3.4e+38 -3.4e+38 -3.4e+38 -3.4e+38 -3.4e+38 -3.4e+38 -3.4e+38 -3.4e+38 -3.4e+38 -3.4e+38 -3.4e+38 -3.4e+38 -3.4e+38 -3.4e+38 -3.4e+38 -3.4e+38 -3.4e+38 -3.4e+38 -3.4e+38 -3.4e+38 -3.4e+38 -3.4e+38 -3.4e+38 -3.4e+38 -3.4e+38 -3.4e+38 -3.4e+38 -3.4e+38 -3.4e+38 -3.4e+38 -3.4e+38 -3.4e+38 -3.4e+38 -3.4e+38 -3.4e+38 -3.4e+38 -3.4e+38 -3.4e+38 -3.4e+38 -3.4e+38
-3.4e+38 -3.4e+38 -3.4e+38 -3.4e+38 -3.4e+38 -3.4e+38 -3.4e+38 -3.4e+38 -3.4e+38 -3.4e+38 -3.4e+38 -3.4e+38 -3.4e+38 -3.4e+38 -3.4e+38 -3.4e+38 -3.4e+38 -3.4e+38 -3.4e+38 -3.4e+38 -3.4e+38 -3.4e+38 -3.4e+38 -3.4e+38 -3.4e+38 -3.4e+38 -3.4e+38 -3.4e+38 -3.4e+38 -3.4e+38 -3.4e+38 -3.4e+38 -3.4e+38 -3.4e+38 -3.4e+38 -3.4e+38 -3.4e+38 -3.4e+38 -3.4e+38 -3.4e+38 -3.4e+38 -3.4e+38 -3.4e+38 -3.4e+38
