results/Predictions/Median/Piacenzian.asc
NCOLS 360 
NROWS 180 
XLLCORNER -180 
YLLCORNER -90 
CELLSIZE 1 
NODATA_value -3.4e+38 
[rows 0 to 19 of 180, columns 264 to 307 of 360]
3.00703000277736e-08 3.00693017152298e-08 3.00691986865331e-08 3.00721012536087e-08 3.00750002679706e-08 3.00777998063495e-08 3.00803009167794e-08 3.00969986710697e-08 3.02323996947962e-08 3.03684011271343e-08 3.04860989785993e-08 3.05979988013405e-08 3.07102006047444e-08 3.08228997880633e-08 3.09172989432227e-08 3.10119006030618e-08 3.11068006908499e-08 3.11992991441912e-08 3.12840988669905e-08 3.13692005704524e-08 3.14544017498974e-08 3.15381001314563e-08 3.16201997918597e-08 3.17024984042291e-08 3.17850989972612e-08 3.18688009315338e-08 3.19530997217043e-08 3.20376010165546e-08 3.21224007393539e-08 3.22104014571778e-08 3.22987006029507e-08 3.23871987006896e-08 3.2476599187703e-08 3.25682982804665e-08 3.26602993538927e-08 3.27312008607805e-08 3.27849996040186e-08 3.28391998039024e-08 3.28934000037862e-08 3.29476996796529e-08 3.29824985101368e-08 3.29817986255421e-08 3.29809992649643e-08 3.29801999043866e-08
3.00852995849255e-08 3.00773983497038e-08 3.007160032098e-08 3.00721012536087e-08 3.00725986335237e-08 3.00730995661525e-08 3.00707014844193e-08 3.00969986710697e-08 3.02323996947962e-08 3.03684011271343e-08 3.04860989785993e-08 3.05979988013405e-08 3.07102006047444e-08 3.08228997880633e-08 3.09172989432227e-08 3.10119006030618e-08 3.11068006908499e-08 3.11992991441912e-08 3.12840988669905e-08 3.13692005704524e-08 3.14544017498974e-08 3.15381001314563e-08 3.16201997918597e-08 3.17024984042291e-08 3.17850989972612e-08 3.18688009315338e-08 3.19530997217043e-08 3.20376010165546e-08 3.21224007393539e-08 3.22104014571778e-08 3.22987006029507e-08 3.23871987006896e-08 3.2476599187703e-08 3.25682982804665e-08 3.2615300682437e-08 3.26568994069021e-08 3.26819993290428e-08 3.26905009728762e-08 3.26990985399789e-08 3.27076001838122e-08 3.26940998718328e-08 3.26732987332434e-08 3.26525011473677e-08 3.26317000087784e-08
3.01003986180604e-08 3.00854985368915e-08 3.00739984027132e-08 3.00721012536087e-08 3.00702005517905e-08 3.00682998499724e-08 3.00610984993455e-08 3.00969986710697e-08 3.02323996947962e-08 3.03684011271343e-08 3.04860989785993e-08 3.05979988013405e-08 3.07102006047444e-08 3.08228997880633e-08 3.09172989432227e-08 3.10119006030618e-08 3.11068006908499e-08 3.11992991441912e-08 3.12840988669905e-08 3.13692005704524e-08 3.14544017498974e-08 3.15313002374751e-08 3.15739008271976e-08 3.16166008929031e-08 3.16594004345916e-08 3.1724898263974e-08 3.1798098376612e-08 3.18714015179467e-08 3.19449995345167e-08 3.20088986427436e-08 3.20729007796672e-08 3.21370983158431e-08 3.2200500044155e-08 3.22609992053913e-08 3.23217008713073e-08 3.23826014891893e-08 3.24160005504837e-08 3.24221005598702e-08 3.24282005692567e-08 3.24342011026602e-08 3.24039000076937e-08 3.23613988939542e-08 3.23191002848944e-08 3.22766986471379e-08
2.98090014894115e-08 2.99001996495463e-08 2.99835001271731e-08 3.00425000432369e-08 3.01015994352838e-08 3.01607983033136e-08 3.02158014164888e-08 3.0266601669382e-08 3.03173983695615e-08 3.03683016511513e-08 3.03674987378599e-08 3.03363982823157e-08 3.03055003314512e-08 3.027449935189e-08 3.02572011889879e-08 3.02398994733721e-08 3.02219014258753e-08 3.02020985998297e-08 3.01796987400849e-08 3.0157398356323e-08 3.01351015252749e-08 3.01291009918714e-08 3.01394003088262e-08 3.01496996257811e-08 3.01600984187189e-08 3.01801001967306e-08 3.02032994170531e-08 3.02264986373757e-08 3.0249800886395e-08 3.02708009769503e-08 3.02917015915227e-08 3.03127016820781e-08 3.03406011425977e-08 3.04473992684962e-08 3.05544993750573e-08 3.06620009382641e-08 3.07916998565361e-08 3.09440011392326e-08 3.10968992778271e-08 3.12506003297131e-08 3.13985992761445e-08 3.15451984533865e-08 3.1692501067937e-08 3.18404005383854e-08
3.05130996025582e-08 3.0352598656691e-08 3.02205016566859e-08 3.01713996009312e-08 3.01224005738732e-08 3.00734015468151e-08 3.00171016931472e-08 2.99535010128693e-08 2.99050988417093e-08 2.98684987853903e-08 2.9820398594893e-08 2.97686000294561e-08 2.97527993353697e-08 2.9815399926747e-08 2.98865003856008e-08 2.99577003204377e-08 3.00290992072405e-08 3.00975990796815e-08 3.0157099928374e-08 3.02167997290326e-08 3.02765990056741e-08 3.03184002348189e-08 3.03413010271925e-08 3.03449994021321e-08 3.03485983010887e-08 3.03659000167045e-08 3.03876994678376e-08 3.04025995490065e-08 3.04052001354194e-08 3.04207006252e-08 3.04363005909636e-08 3.04520000327102e-08 3.04763005942732e-08 3.05041005788098e-08 3.0510800996808e-08 3.05176008907893e-08 3.05191001359617e-08 3.05154017610221e-08 3.05116003573858e-08 3.05078984297324e-08 3.04859000266333e-08 3.04579010901307e-08 3.04300016296111e-08 3.04019991403948e-08
3.24872999613035e-08 3.22872999447554e-08 3.21292006333351e-08 3.20933999375939e-08 3.20574997658696e-08 3.20217985461113e-08 3.19665005577008e-08 3.18917017239073e-08 3.18170982893662e-08 3.17426014362354e-08 3.16180006620925e-08 3.14770005616083e-08 3.13524992634484e-08 3.12438004357318e-08 3.10228998046114e-08 3.08037009233431e-08 3.05858982585505e-08 3.04793985606011e-08 3.04366984948956e-08 3.03942009338698e-08 3.03516998201303e-08 3.03410985225128e-08 3.03624005937309e-08 3.03837985882183e-08 3.04051006594364e-08 3.04308009901888e-08 3.04579010901307e-08 3.04851006660556e-08 3.05123002419805e-08 3.04959009156391e-08 3.04795015892978e-08 3.04632017389395e-08 3.04361016389976e-08 3.0376998694237e-08 3.03180982541562e-08 3.02593008427721e-08 3.01903000377024e-08 3.01111988676439e-08 3.00323996782481e-08 2.99537994408183e-08 2.99821998339667e-08 3.00737994507472e-08 3.01657010481904e-08 3.02579010735826e-08
3.53570008826409e-08 3.51112987573288e-08 3.49293003409912e-08 3.49340005811882e-08 3.49387008213853e-08 3.49434010615823e-08 3.48935991212329e-08 3.47895010577304e-08 3.46857014221769e-08 3.45821007385894e-08 3.43933983515399e-08 3.41774999412792e-08 3.39628982715112e-08 3.37496004476634e-08 3.33083001180512e-08 3.28728013698765e-08 3.24429016984595e-08 3.20846993417945e-08 3.21313002871193e-08 3.21789990209709e-08 3.22283995046746e-08 3.2298000718356e-08 3.23902007437482e-08 3.24818998365117e-08 3.25739009099379e-08 3.26304991915549e-08 3.26753983870276e-08 3.2720400611197e-08 3.27653992826527e-08 3.26516982340763e-08 3.25383986421457e-08 3.24254010308778e-08 3.2305898400864e-08 3.21658006896541e-08 3.20270991949201e-08 3.18952011468809e-08 3.17888009249145e-08 3.16917017073592e-08 3.1594900917753e-08 3.14983985560957e-08 3.13889998437844e-08 3.12757002518538e-08 3.11674988040522e-08 3.1075398254643e-08
3.84801985831018e-08 3.81822999884207e-08 3.79734004241072e-08 3.80261013788186e-08 3.80788982567992e-08 3.81316986874936e-08 3.8088799669822e-08 3.79505991077167e-08 3.78128994782401e-08 3.76756013054091e-08 3.74919011392194e-08 3.73919988305715e-08 3.72923985025864e-08 3.70533008720031e-08 3.57909009096602e-08 3.50850015706783e-08 3.43930004476078e-08 3.39169012875118e-08 3.40606014503919e-08 3.42032997480146e-08 3.4346498978266e-08 3.45092985298834e-08 3.46919009075464e-08 3.48755015977531e-08 3.50600011245206e-08 3.51505988760437e-08 3.52096982680905e-08 3.5269000164817e-08 3.53282985088299e-08 3.51356987948748e-08 3.49441009461771e-08 3.47535014100231e-08 3.4560901696068e-08 3.43599992902455e-08 3.41603012543601e-08 3.39514016900466e-08 3.37910996961455e-08 3.36805996425937e-08 3.35705010456877e-08 3.34608003527137e-08 3.33433014532147e-08 3.32235003952519e-08 3.31042002699178e-08 3.29853016012294e-08
4.67028985440265e-05 4.67921017843764e-05 5.70527008676436e-05 9.26841967157088e-05 9.71554036368616e-05 9.52681002672762e-05 9.66783991316333e-05 6.71832021907903e-05 7.20433990863967e-06 2.23135994019685e-05 5.69707981412648e-06 1.02576997562664e-07 5.03723995848304e-08 3.83050995367284e-08 3.80983991021822e-08 3.7502800864786e-08 3.66568997378636e-08 3.64726986390451e-08 3.6848600615258e-08 3.72283004423934e-08 3.76119011491483e-08 3.78874993600675e-08 3.80525015941657e-08 3.8218299636128e-08 3.83848011153987e-08 3.82013993771579e-08 3.79031988018141e-08 3.76073003849342e-08 3.73138000497875e-08 3.73891992921926e-08 3.74648010392775e-08 3.75404987096317e-08 3.7600798918902e-08 3.76140008029324e-08 3.76272986102322e-08 3.76405004942626e-08 3.7568799626797e-08 3.74127004931779e-08 3.72570987394738e-08 3.71022998990611e-08 3.69367008090649e-08 3.676809967601e-08 3.66003014562466e-08 3.64332990443472e-08
-3.4e+38 -3.4e+38 -3.4e+38 -3.4e+38 -3.4e+38 -3.4e+38 -3.4e+38 -3.4e+38 -3.4e+38 -3.4e+38 -3.4e+38 -3.4e+38 -3.4e+38 9.35444986680523e-05 8.81455998751335e-05 3.72290014638565e-05 2.64171994786011e-05 6.14170971857675e-08 4.12492013879273e-08 4.05208986364869e-08 4.11877003614336e-08 4.15963015143461e-08 4.17387013840198e-08 4.2180499093547e-08 4.26378008455686e-08 4.15168983636249e-08 4.08026998854893e-08 4.01007014261268e-08 3.93367010076418e-08 3.95613994896848e-08 4.01673005967496e-08 4.05435010009114e-08 4.0884199137281e-08 4.11373015651861e-08 4.139189968555e-08 4.1648199555766e-08 4.16745997711132e-08 4.14707983509288e-08 4.12679987960018e-08 4.10661016303493e-08 4.08604989843298e-08 4.06543989583952e-08 4.04302014089808e-08 4.02058013548867e-08
-3.4e+38 -3.4e+38 -3.4e+38 -3.4e+38 -3.4e+38 -3.4e+38 -3.4e+38 -3.4e+38 -3.4e+38 -3.4e+38 -3.4e+38 -3.4e+38 -3.4e+38 -3.4e+38 -3.4e+38 -3.4e+38 -3.4e+38 0.000106261002656538 9.77731979219243e-05 4.91218015667982e-05 1.60955005412688e-05 8.49417028803146e-06 8.99253009833956e-08 4.46709016443947e-08 4.47608989873061e-08 4.42832011060545e-08 4.27211013231954e-08 4.19029007048266e-08 4.11003000522214e-08 4.17678016617629e-08 4.22547010714425e-08 4.31353015528657e-08 4.37758984617176e-08 4.42276011369813e-08 4.46838015477624e-08 4.51448016747236e-08 4.54822988160686e-08 4.5715200513996e-08 4.59493989524162e-08 4.61846987320769e-08 4.63510012593815e-08 4.64860008264623e-08 4.65803999816217e-08 4.66911984631224e-08
-3.4e+38 -3.4e+38 -3.4e+38 -3.4e+38 -3.4e+38 -3.4e+38 -3.4e+38 -3.4e+38 -3.4e+38 -3.4e+38 -3.4e+38 -3.4e+38 -3.4e+38 -3.4e+38 -3.4e+38 -3.4e+38 -3.4e+38 -3.4e+38 -3.4e+38 -3.4e+38 -3.4e+38 -3.4e+38 0.000116777002403978 0.000111553999886382 3.79533994419035e-05 9.40192990128708e-08 5.15757001551265e-08 3.44851002864743e-07 1.020639999183e-07 6.73023023978203e-08 4.4707100244068e-08 4.49250983081129e-08 4.58060007701988e-08 4.65126994697584e-08 4.7709900030668e-08 4.89229989852902e-08 5.02028001392318e-08 5.13443012550852e-08 5.25117016536569e-08 5.37056017435589e-08 5.45521992023623e-08 5.52860015545775e-08 5.60295987384052e-08 5.67832998399354e-08
-3.4e+38 -3.4e+38 -3.4e+38 -3.4e+38 -3.4e+38 -3.4e+38 -3.4e+38 -3.4e+38 -3.4e+38 -3.4e+38 -3.4e+38 -3.4e+38 -3.4e+38 -3.4e+38 -3.4e+38 -3.4e+38 -3.4e+38 -3.4e+38 -3.4e+38 -3.4e+38 -3.4e+38 -3.4e+38 -3.4e+38 -3.4e+38 -3.4e+38 -3.4e+38 -3.4e+38 -3.4e+38 0.000111660003312863 0.000112419002107345 0.000115306997031439 0.000117574003525078 0.000102694000815973 1.42708995554131e-05 2.67013001575833e-06 2.26192992158758e-06 1.3708399819734e-06 9.28412973166814e-08 1.27841005337359e-07 1.09112001211997e-07 1.16461002619417e-07 1.17858000692195e-07 1.55981993543719e-07 2.26566001515494e-07
-3.4e+38 -3.4e+38 -3.4e+38 -3.4e+38 -3.4e+38 -3.4e+38 -3.4e+38 -3.4e+38 -3.4e+38 -3.4e+38 -3.4e+38 -3.4e+38 -3.4e+38 -3.4e+38 -3.4e+38 -3.4e+38 -3.4e+38 -3.4e+38 -3.4e+38 -3.4e+38 -3.4e+38 -3.4e+38 -3.4e+38 -3.4e+38 -3.4e+38 -3.4e+38 -3.4e+38 -3.4e+38 -3.4e+38 -3.4e+38 0.000125241000205278 0.000128501997096464 0.000130697997519746 0.00013158300134819 0.000134877001983114 0.000134992995299399 0.000135744994622655 0.000148284001625143 0.000155137997353449 0.00016044000221882 0.00016311599756591 0.000164684999617748 0.0001689649943728 0.000173223001183942
-3.4e+38 -3.4e+38 -3.4e+38 -3.4e+38 -3.4e+38 -3.4e+38 -3.4e+38 -3.4e+38 -3.4e+38 -3.4e+38 -3.4e+38 -3.4e+38 -3.4e+38 -3.4e+38 -3.4e+38 -3.4e+38 -3.4e+38 -3.4e+38 -3.4e+38 -3.4e+38 -3.4e+38 -3.4e+38 -3.4e+38 -3.4e+38 -3.4e+38 -3.4e+38 -3.4e+38 -3.4e+38 -3.4e+38 -3.4e+38 -3.4e+38 0.000128568994114175 0.000132529996335506 0.000136873000883497 0.000141858006827533 0.000144264005939476 0.000144452002132311 0.000153802000568248 0.000162312993779778 0.000167421996593475 -3.4e+38 -3.4e+38 0.000172982996446081 0.000174082000739872
-3.4e+38 -3.4e+38 -3.4e+38 -3.4e+38 -3.4e+38 -3.4e+38 -3.4e+38 -3.4e+38 -3.4e+38 -3.4e+38 -3.4e+38 -3.4e+38 -3.4e+38 -3.4e+38 -3.4e+38 -3.4e+38 -3.4e+38 -3.4e+38 -3.4e+38 -3.4e+38 -3.4e+38 -3.4e+38 -3.4e+38 -3.4e+38 -3.4e+38 -3.4e+38 -3.4e+38 -3.4e+38 -3.4e+38 -3.4e+38 -3.4e+38 -3.4e+38 -3.4e+38 -3.4e+38 -3.4e+38 -3.4e+38 -3.4e+38 0.000160027993842959 0.000164986005984247 -3.4e+38 -3.4e+38 0.000172369997017086 0.000172957006725483 0.000170550993061624
-3.4e+38 -3.4e+38 -3.4e+38 -3.4e+38 -3.4e+38 -3.4e+38 -3.4e+38 -3.4e+38 -3.4e+38 -3.4e+38 -3.4e+38 -3.4e+38 -3.4e+38 -3.4e+38 -3.4e+38 -3.4e+38 -3.4e+38 -3.4e+38 -3.4e+38 -3.4e+38 -3.4e+38 -3.4e+38 -3.4e+38 -3.4e+38 -3.4e+38 -3.4e+38 -3.4e+38 -3.4e+38 -3.4e+38 -3.4e+38 -3.4e+38 -3.4e+38 -3.4e+38 -3.4e+38 -3.4e+38 -3.4e+38 -3.4e+38 -3.4e+38 -3.4e+38 -3.4e+38 -3.4e+38 -3.4e+38 -3.4e+38 0.00017422299424652
-3.4e+38 -3.4e+38 -3.4e+38 -3.4e+38 -3.4e+38 -3.4e+38 -3.4e+38 -3.4e+38 -3.4e+38 -3.4e+38 -3.4e+38 -3.4e+38 -3.4e+38 -3.4e+38 -3.4e+38 -3.4e+38 -3.4e+38 -3.4e+38 -3.4e+38 -3.4e+38 -3.4e+38 -3.4e+38 -3.4e+38 -3.4e+38 -3.4e+38 -3.4e+38 -3.4e+38 -3.4e+38 -3.4e+38 -3.4e+38 -3.4e+38 -3.4e+38 -3.4e+38 -3.4e+38 -3.4e+38 -3.4e+38 -3.4e+38 -3.4e+38 -3.4e+38 -3.4e+38 -3.4e+38 -3.4e+38 -3.4e+38 -3.4e+38
-3.4e+38 -3.4e+38 -3.4e+38 -3.4e+38 -3.4e+38 -3.4e+38 -3.4e+38 -3.4e+38 -3.4e+38 -3.4e+38 -3.4e+38 -3.4e+38 -3.4e+38 -3.4e+38 -3.4e+38 -3.4e+38 -3.4e+38 -3.4e+38 -3.4e+38 -3.4e+38 -3.4e+38 -3.4e+38 -3.4e+38 -3.4e+38 -3.4e+38 -3.4e+38 -3.4e+38 -3.4e+38 -3.4e+38 -3.4e+38 -3.4e+38 -3.4e+38 -3.4e+38 -3.4e+38 -3.4e+38 -3.4e+38 -3.4e+38 -3.4e+38 -3.4e+38 -3.4e+38 -3.4e+38 -3.4e+38 -3.4e+38 -3.4e+38
-3.4e+38 -3.4e+38 -3.4e+38 -3.4e+38 -3.4e+38 -3.4e+38 -3.4e+38 -3.4e+38 -3.4e+38 -3.4e+38 -3.4e+38 -3.4e+38 -3.4e+38 -3.4e+38 -3.4e+38 -3.4e+38 -3.4e+38 -3.4e+38 -3.4e+38 -3.4e+38 -3.4e+38 -3.4e+38 -3.4e+38 -3.4e+38 -3.4e+38 -3.4e+38 -3.4e+38 -3.4e+38 -3.4e+38 -3.4e+38 -3.4e+38 -3.4e+38 -3.4e+38 -3.4e+38 -3.4e+38 -3.4e+38 -3.4e+38 -3.4e+38 -3.4e+38 -3.4e+38 -3.4e+38 -3.4e+38 -3.4e+38 -3.4e+38
