results/Predictions/Median/Piacenzian.asc
NCOLS 360 
NROWS 180 
XLLCORNER -180 
YLLCORNER -90 
CELLSIZE 1 
NODATA_value -3.4e+38 
[rows 120 to 139 of 180, columns 308 to 351 of 360]
-3.4e+38 -3.4e+38 -3.4e+38 -3.4e+38 -3.4e+38 -3.4e+38 -3.4e+38 -3.4e+38 -3.4e+38 -3.4e+38 -3.4e+38 -3.4e+38 -3.4e+38 -3.4e+38 -3.4e+38 -3.4e+38 -3.4e+38 -3.4e+38 -3.4e+38 -3.4e+38 -3.4e+38 -3.4e+38 -3.4e+38 -3.4e+38 -3.4e+38 0.49398198723793 0.000408752996008843 0.000415691989473999 0.000422851997427642 0.000427380990004167 0.0607579983770847 0.155722007155418 0.00102127005811781 0.000395481998566538 0.0602462999522686 0.000406206003390253 0.000384909013519064 0.000383828009944409 0.000387173990020528 0.476182013750076 0.000396941002691165 0.000399924989324063 0.000401430996134877 0.000402223988203332
-3.4e+38 -3.4e+38 -3.4e+38 -3.4e+38 -3.4e+38 -3.4e+38 -3.4e+38 -3.4e+38 -3.4e+38 -3.4e+38 -3.4e+38 -3.4e+38 -3.4e+38 -3.4e+38 -3.4e+38 -3.4e+38 -3.4e+38 -3.4e+38 -3.4e+38 -3.4e+38 -3.4e+38 -3.4e+38 -3.4e+38 -3.4e+38 0.460088014602661 0.450702995061874 0.000364551990060136 0.000377985008526593 0.000390116998460144 0.000400154996896163 0.1995619982481 0.152421995997429 0.00101675000041723 0.000364676991011947 0.394504994153976 0.000357665005140007 0.000345673004630953 0.000343649997375906 0.000347724999301136 0.455419987440109 0.000354971998604015 0.000355558993760496 0.000356256001396105 0.000356953998561949
-3.4e+38 -3.4e+38 -3.4e+38 -3.4e+38 -3.4e+38 -3.4e+38 -3.4e+38 -3.4e+38 -3.4e+38 -3.4e+38 -3.4e+38 -3.4e+38 -3.4e+38 -3.4e+38 -3.4e+38 -3.4e+38 -3.4e+38 -3.4e+38 -3.4e+38 -3.4e+38 -3.4e+38 -3.4e+38 -3.4e+38 -3.4e+38 0.405775010585785 0.0602570995688438 0.000329033995512873 0.000341444014338776 0.000355780008248985 0.000366807013051584 0.418426007032394 0.114875003695488 0.00143296003807336 0.000331304996507242 0.342785000801086 0.000346329994499683 0.000312009011395276 0.000309349008603022 0.000309680006466806 0.41906800866127 0.000354204006725922 0.000311187992338091 0.000314533011987805 0.000318284990498796
0.234780997037888 0.2379370033741 0.243275001645088 -3.4e+38 -3.4e+38 -3.4e+38 -3.4e+38 -3.4e+38 -3.4e+38 -3.4e+38 -3.4e+38 -3.4e+38 -3.4e+38 -3.4e+38 -3.4e+38 -3.4e+38 -3.4e+38 -3.4e+38 -3.4e+38 -3.4e+38 -3.4e+38 -3.4e+38 -3.4e+38 -3.4e+38 0.392780005931854 0.00028199699590914 0.000296209007501602 0.000310475996229798 0.000323451997246593 0.000332855008309707 0.0901734009385109 0.175872996449471 0.000584564986638725 0.00030182400951162 0.00275669991970062 0.000496240973006934 0.00028157900669612 0.000277810991974548 0.00027904100716114 0.0493509992957115 0.000468073994852602 0.00028478101012297 0.000285337999230251 0.000287634000414982
0.233138993382454 0.238569006323814 0.245682001113892 0.250088006258011 0.245669007301331 -3.4e+38 -3.4e+38 -3.4e+38 -3.4e+38 -3.4e+38 -3.4e+38 -3.4e+38 -3.4e+38 -3.4e+38 -3.4e+38 -3.4e+38 -3.4e+38 -3.4e+38 -3.4e+38 -3.4e+38 -3.4e+38 -3.4e+38 -3.4e+38 0.376042008399963 0.108283996582031 0.000255507009569556 0.000266916991677135 0.000276330014457926 0.000288331008050591 0.000300610990962014 0.00183166994247586 0.000346810993505642 0.000275353988399729 0.000270977994659916 0.000263769004959613 0.0700348019599915 0.000252241996349767 0.000250473007326946 0.000250793993473053 0.000286382011836395 0.136396005749702 0.00025337201077491 0.000254118989687413 0.000254929007496685
0.22562700510025 0.230022996664047 0.234839007258415 0.231139004230499 0.207010000944138 0.191245004534721 -3.4e+38 -3.4e+38 -3.4e+38 -3.4e+38 -3.4e+38 -3.4e+38 -3.4e+38 -3.4e+38 -3.4e+38 -3.4e+38 -3.4e+38 -3.4e+38 -3.4e+38 -3.4e+38 -3.4e+38 -3.4e+38 -3.4e+38 0.244744002819061 0.000201952003408223 0.000215616993955337 0.000229825993301347 0.000244263006607071 0.000257817009696737 0.000265492009930313 0.000259743013884872 0.000251690013101324 0.000246176990913227 0.000240995999774896 0.000235030995099805 0.00330567010678351 0.000405310012865812 0.000219634996028617 0.000219512003241107 0.000218902001506649 0.000219642999581993 0.00022097300097812 0.000222529997699894 0.000231651996728033
0.000105204002466053 0.000135887996293604 0.198109999299049 0.202094003558159 0.189101994037628 0.177453994750977 0.171727001667023 -3.4e+38 -3.4e+38 -3.4e+38 -3.4e+38 -3.4e+38 -3.4e+38 -3.4e+38 -3.4e+38 -3.4e+38 -3.4e+38 -3.4e+38 -3.4e+38 -3.4e+38 -3.4e+38 -3.4e+38 0.29297199845314 0.000174343003891408 0.000177740002982318 0.000183372001629323 0.000195932007045485 0.000209150006412528 0.000222240996663459 0.000234079998335801 0.000226792006287724 0.00021930799994152 0.000212974002351984 0.000205518997972831 0.000200644004507922 0.000193840998690575 0.0667800977826118 0.000242766996962018 0.00018380100664217 0.000184293996426277 0.000184135002200492 0.000187326993909664 0.000194926993572153 0.000198356996406801
8.87174028321169e-05 8.81130035850219e-05 8.7507301941514e-05 0.000103963997389656 0.000118327996460721 0.163093999028206 0.170902997255325 0.17315399646759 0.177941992878914 0.179819002747536 0.181453004479408 0.170552998781204 -3.4e+38 -3.4e+38 -3.4e+38 -3.4e+38 -3.4e+38 -3.4e+38 -3.4e+38 -3.4e+38 -3.4e+38 -3.4e+38 0.0964006036520004 8.18305998109281e-05 0.000109448999864981 0.000144307996379212 0.000164405006216839 0.000177145993802696 0.000187918005394749 0.000199490998056717 0.000193233005120419 0.000186254997970536 0.00017949499306269 0.000172934000147507 0.000167146004969254 0.000162547003128566 0.000157022994244471 0.000297641003271565 0.000153895001858473 0.000153853994561359 0.000153931992826983 0.000158700000611134 0.000164297001902014 0.000170294995768927
6.86009007040411e-05 6.86722996761091e-05 6.87856008880772e-05 6.90115994075313e-05 6.97318027960137e-05 7.04827980371192e-05 7.41304029361345e-05 0.000131066000903957 0.0315108001232147 0.151949003338814 0.155329003930092 0.152445003390312 -3.4e+38 -3.4e+38 -3.4e+38 -3.4e+38 -3.4e+38 -3.4e+38 -3.4e+38 -3.4e+38 -3.4e+38 -3.4e+38 7.49415994505398e-05 7.42694028303958e-05 9.1132300440222e-05 0.000113011999928858 0.000126554994494654 0.000136532995384187 0.000146719001349993 0.000156851005158387 0.000150644002133049 0.000143918994581327 0.000137494003865868 0.000132922999910079 0.000127531006000936 0.000123630001326092 0.000120561999210622 0.000119215997983702 0.000117973002488725 0.000119851996714715 0.000120170996524394 0.000123334000818431 0.000128743995446712 0.000134401998366229
5.26918993273284e-05 5.31482000951655e-05 5.36082989128772e-05 5.45453985978384e-05 5.59926011192147e-05 5.72608987567946e-05 5.84465014981106e-05 6.02576983510517e-05 6.21861036051996e-05 6.49868015898392e-05 0.131869003176689 0.131429001688957 -3.4e+38 -3.4e+38 -3.4e+38 -3.4e+38 -3.4e+38 -3.4e+38 -3.4e+38 -3.4e+38 0.115666002035141 0.114455997943878 6.41209990135394e-05 6.93412002874538e-05 7.59198010200635e-05 8.31178986118175e-05 9.25557978916913e-05 0.000101650002761744 0.000110927001514938 0.000120126998808701 0.000115371003630571 0.000111223998828791 0.000105781997262966 0.000100575998658314 9.76306982920505e-05 9.47723019635305e-05 9.2214897449594e-05 9.16080971364863e-05 9.16856006369926e-05 9.43888007896021e-05 9.63709026109427e-05 0.000101480000012089 0.00011005000123987 0.000136642993311398
3.94343005609699e-05 4.00598983105738e-05 4.0541901398683e-05 4.12666995543987e-05 4.23800011049025e-05 4.37620001321193e-05 4.60158007626887e-05 4.76696986879688e-05 4.96333013870753e-05 5.15911997354124e-05 5.3423300414579e-05 0.0028205499984324 0.089514397084713 0.0817976966500282 -3.4e+38 -3.4e+38 -3.4e+38 -3.4e+38 0.0954992026090622 0.0990372970700264 0.100069999694824 5.55512015125714e-05 5.96204008616041e-05 6.01684005232528e-05 6.11680006841198e-05 6.18324993411079e-05 6.75655974191613e-05 7.5507203291636e-05 8.22329966467805e-05 8.94717013579793e-05 8.54317986522801e-05 8.15344028524123e-05 7.72720013628714e-05 7.36699003027752e-05 7.18048031558283e-05 7.02401011949405e-05 6.88672007527202e-05 6.90293963998556e-05 7.0426998718176e-05 7.40015966584906e-05 8.1947902799584e-05 0.000111389002995566 0.000160031006089412 0.000688806991092861
2.91257001663325e-05 2.95006993837887e-05 3.00315005006269e-05 3.06049987557344e-05 3.16352998197544e-05 3.24858992826194e-05 3.38011996063869e-05 3.50510999851394e-05 3.62659011443611e-05 3.75175986846443e-05 3.89064989576582e-05 3.79923003492877e-05 3.76444986613933e-05 0.0785531029105186 0.0733868032693863 0.0731749013066292 -3.4e+38 -3.4e+38 0.0927338004112244 0.0958677977323532 0.0884229987859726 4.61968993477058e-05 4.73299987788778e-05 4.6776098315604e-05 4.634619835997e-05 4.63372016383801e-05 4.88801015308127e-05 5.24694987689145e-05 5.68967989238445e-05 6.18095000390895e-05 5.90288982493803e-05 5.6906501413323e-05 5.48364987480454e-05 5.29095996171236e-05 5.24833012605086e-05 5.20604990015272e-05 5.16410982527304e-05 5.25303003087174e-05 5.47964991710614e-05 5.82128996029496e-05 7.53087006160058e-05 0.000141230993904173 0.000791621976532042 0.00339115993119776
2.21967002289603e-05 2.25782005145447e-05 2.29663000936853e-05 2.33728005696321e-05 2.40011995629175e-05 2.46465006057406e-05 2.53092002822086e-05 2.61436998698628e-05 2.71271001111018e-05 2.81630000245059e-05 2.93154007522389e-05 3.03199994959868e-05 3.12916999973822e-05 3.2528998417547e-05 0.0682530999183655 0.0627351999282837 -3.4e+38 0.0487193986773491 0.0454135984182358 -3.4e+38 0.0487661994993687 3.39114994858392e-05 3.72600006812718e-05 3.63668987120036e-05 3.54611984221265e-05 3.48952999047469e-05 3.62940991180949e-05 3.8195099477889e-05 4.03086996811908e-05 4.25393991463352e-05 4.12396002502646e-05 4.00229000661056e-05 3.88603002647869e-05 3.79213015548885e-05 3.81423997168895e-05 3.83648985007312e-05 3.85886996809859e-05 3.97348994738422e-05 4.18864001403563e-05 4.44567012891639e-05 5.83789005759172e-05 0.000264083995716646 0.00191759003791958 0.0116090998053551
1.69832001120085e-05 1.72236996149877e-05 1.74629003595328e-05 1.77770998561755e-05 1.82492003659718e-05 1.87337991519598e-05 1.92623992916197e-05 1.99969999812311e-05 2.0854500689893e-05 2.16499993257457e-05 2.23840997932712e-05 2.31646008614916e-05 2.39796991081676e-05 2.48235992330592e-05 2.56972998613492e-05 0.0500301010906696 0.0488197989761829 -3.4e+38 -3.4e+38 -3.4e+38 0.0518556013703346 2.65565995505312e-05 2.76077007583808e-05 2.72095003310824e-05 2.6846499167732e-05 2.64301997958682e-05 2.70946002274286e-05 2.82113996945554e-05 2.91959004243836e-05 3.02161006402457e-05 2.96458001685096e-05 2.90875996142859e-05 2.83668996416964e-05 2.81127995549468e-05 2.88864994217874e-05 2.95805002679117e-05 3.02461994579062e-05 3.14565004373435e-05 3.32757008436602e-05 3.52003989974037e-05 4.46962003479712e-05 0.00162891997024417 0.0200462006032467 0.0994013994932175
1.30334001369192e-05 1.32328996187425e-05 1.34434003484785e-05 1.36784001369961e-05 1.39819003379671e-05 1.42926000989974e-05 1.46309002957423e-05 1.50969999594963e-05 1.57025006046752e-05 1.63324002642184e-05 1.69616996572586e-05 1.7633199604461e-05 1.8323300537304e-05 1.91508006537333e-05 1.97823992493795e-05 1.97273002413567e-05 0.00657163979485631 -3.4e+38 -3.4e+38 -3.4e+38 0.0425667986273766 2.07213997782674e-05 2.08433993975632e-05 2.05642991204513e-05 2.02890005311929e-05 2.00173999473918e-05 2.01999991986668e-05 2.05383003049064e-05 2.08822002605302e-05 2.13245002669282e-05 2.10587004403351e-05 2.07961002161028e-05 2.05575997824781e-05 2.05849992198637e-05 2.15052004932659e-05 2.25212006625952e-05 2.35852003243053e-05 2.50829998549307e-05 2.69640004262328e-05 2.87355996988481e-05 0.000196262000827119 0.0724102035164833 -3.4e+38 -3.4e+38
1.00243996712379e-05 1.02017002063803e-05 1.03925003713812e-05 1.05978997453349e-05 1.0840900358744e-05 1.10894998215372e-05 1.13288997454219e-05 1.16500996227842e-05 1.20979002531385e-05 1.26111999634304e-05 1.30256003103568e-05 1.34417996378033e-05 1.39113999466645e-05 1.43991001095856e-05 1.49031002365518e-05 1.53494002006482e-05 1.57948998094071e-05 0.00611012009903789 0.0371459014713764 0.00139337999280542 1.6199899619096e-05 1.60148993018083e-05 1.58462007675553e-05 1.5653800801374e-05 1.54597000801004e-05 1.52818993228721e-05 1.53263008542126e-05 1.54695007950068e-05 1.55947000166634e-05 1.56901005539112e-05 1.56324003910413e-05 1.5575000361423e-05 1.5504800103372e-05 1.56240002979757e-05 1.63053991855122e-05 1.70469993463485e-05 1.78434002009453e-05 1.89622005564161e-05 2.0594299712684e-05 2.35566003539134e-05 -3.4e+38 -3.4e+38 -3.4e+38 -3.4e+38
7.86799955676543e-06 8.03052989795106e-06 8.19640990812331e-06 8.36675008031307e-06 8.54077006806619e-06 8.66452955960995e-06 8.84073961060494e-06 9.08176025404828e-06 9.38077027967665e-06 9.68966014625039e-06 9.97631013888167e-06 1.03125003079185e-05 1.06514999060892e-05 1.09956999949645e-05 1.13509995571803e-05 1.15817001642426e-05 1.1817100130429e-05 1.21092998597305e-05 1.23183999676257e-05 1.22300998555147e-05 1.2141100341978e-05 1.20971999422181e-05 1.20413997137803e-05 1.19738997454988e-05 1.19067999548861e-05 1.18401003419422e-05 1.18795996968402e-05 1.19549004011787e-05 1.20082004286814e-05 1.2056099876645e-05 1.20472996059107e-05 1.20386002890882e-05 1.20298000183539e-05 1.21187003969681e-05 1.25082997328718e-05 1.28872998175211e-05 1.32329996631597e-05 1.39259000206948e-05 1.53259006765438e-05 0.0360862016677856 -3.4e+38 -3.4e+38 -3.4e+38 -3.4e+38
6.23481992079178e-06 6.35520018477109e-06 6.477910119429e-06 6.60079012959613e-06 6.7287401179783e-06 6.8619101512013e-06 6.98062012816081e-06 7.11888014848228e-06 7.29786006559152e-06 7.48134016248514e-06 7.66942957852734e-06 7.89349996921374e-06 8.13485985418083e-06 8.38360028865281e-06 8.59451029100455e-06 8.66253958520247e-06 8.77868023962947e-06 8.90476985659916e-06 9.00420036487048e-06 9.01895964489086e-06 9.03736963664414e-06 9.06670993572334e-06 9.08647962205578e-06 9.09658956516068e-06 9.10669041331857e-06 9.11679035198176e-06 9.14670999918599e-06 9.18264959182125e-06 9.21784976526396e-06 9.25312997424044e-06 9.28969984670402e-06 9.32639977690997e-06 9.36322976485826e-06 9.42538008530391e-06 9.56435997068183e-06 9.68570020631887e-06 9.80682034423808e-06 1.03242000477621e-05 1.13057003545691e-05 0.000142908000270836 0.0309052001684904 0.0331108011305332 0.0296995993703604 0.0161726009100676
5.07646018377272e-06 5.17092985319323e-06 5.26715984960902e-06 5.36696006747661e-06 5.47409990758752e-06 5.58336978428997e-06 5.69482017453993e-06 5.81278982281219e-06 5.93758977629477e-06 6.06507001066348e-06 6.19984984950861e-06 6.35408014204586e-06 6.50670017421362e-06 6.65668994770385e-06 6.81106985211954e-06 6.88863019604469e-06 6.98396979714744e-06 7.06777018422144e-06 7.13703002475086e-06 7.1743697844795e-06 7.21464994057897e-06 7.25515019439626e-06 7.28921986592468e-06 7.31913996787625e-06 7.34881996322656e-06 7.37832988306764e-06 7.4090398811677e-06 7.44022008802858e-06 7.47151989344275e-06 7.50149001760292e-06 7.5326202022552e-06 7.56387998990249e-06 7.59524982640869e-06 7.62636000217753e-06 7.65635013522115e-06 7.68633981351741e-06 7.71633040130837e-06 7.92076025390998e-06 8.43256020743866e-06 1.27485000120942e-05 0.0220992006361485 0.0164051000028849 0.00454760994762182 0.0011219100560993
4.15040994994342e-06 4.22277980760555e-06 4.2964197746187e-06 4.37574999523349e-06 4.47007005277555e-06 4.56643010693369e-06 4.66486017103307e-06 4.76417017125641e-06 4.86432008983684e-06 4.96658003612538e-06 5.07099002788891e-06 5.17540001965244e-06 5.28122018295107e-06 5.38919994141906e-06 5.49939022675972e-06 5.56972008780576e-06 5.64094989385922e-06 5.71309010410914e-06 5.7763700169744e-06 5.81076983507955e-06 5.84537019676645e-06 5.88017019254039e-06 5.91616981182597e-06 5.95335995967616e-06 5.99079021412763e-06 6.02846012043301e-06 6.06347020948306e-06 6.09771996096242e-06 6.13035990681965e-06 6.16019997323747e-06 6.18517015027464e-06 6.21009985479759e-06 6.23936011834303e-06 6.25522989139426e-06 6.22857987764291e-06 6.20203991275048e-06 6.17560999671696e-06 6.21184017290943e-06 6.31184002486407e-06 8.90571027412079e-06 0.00610458012670279 0.00364426011219621 0.00104210001882166 0.000365460989996791
