results/Predictions/Median/Piacenzian.asc
NCOLS 360 
NROWS 180 
XLLCORNER -180 
YLLCORNER -90 
CELLSIZE 1 
NODATA_value -3.4e+38 
[rows 140 to 159 of 180, columns 176 to 219 of 360]
1.28586998471292e-06 1.28343003780174e-06 1.28098997720372e-06 1.27856003473426e-06 1.27247994896607e-06 1.26279996948142e-06 1.25320002553053e-06 1.24366999898484e-06 1.23917004657415e-06 1.23634004012274e-06 1.23352003811306e-06 1.23111999528192e-06 1.23460995382629e-06 1.23811003049923e-06 1.24161999792705e-06 1.24533005418925e-06 1.24966004477756e-06 1.25400003980758e-06 1.25772999126639e-06 1.26758004626026e-06 1.28394003695576e-06 1.3005000027988e-06 1.31728995711455e-06 1.35735001549619e-06 1.40595000175381e-06 1.45381000038469e-06 1.5016299812487e-06 1.57425995439553e-06 1.64291998316912e-06 1.71459998909995e-06 1.77766003162105e-06 1.80714005182381e-06 1.84656005330908e-06 1.87560999620473e-06 1.87987996014272e-06 1.85804003649537e-06 1.82241001311922e-06 1.78746995516121e-06 1.74975002664723e-06 1.71372994373087e-06 1.67905000125756e-06 1.64708001193503e-06 1.62723995345004e-06 1.60764000156632e-06
1.04186995031341e-06 1.04136995560111e-06 1.04086996088881e-06 1.04036996617651e-06 1.03752995528339e-06 1.03238005522144e-06 1.02725005035609e-06 1.02214005437418e-06 1.02101000720722e-06 1.02151000191952e-06 1.02208002772386e-06 1.02265994428308e-06 1.02744002106192e-06 1.03223999303736e-06 1.03706997833797e-06 1.04170999293274e-06 1.04574996839801e-06 1.04949003798538e-06 1.05285994322912e-06 1.06040999980905e-06 1.07224002476869e-06 1.08426002043416e-06 1.09744996734662e-06 1.12603004254197e-06 1.1606000498432e-06 1.19623996397422e-06 1.23298002563388e-06 1.28214003325411e-06 1.33012997594051e-06 1.3747700222666e-06 1.41379996421165e-06 1.43510999350838e-06 1.4615200143453e-06 1.48843002989452e-06 1.49324000631168e-06 1.47701996411342e-06 1.4609699974244e-06 1.44508999255777e-06 1.42348994813801e-06 1.39881001359754e-06 1.37389997689752e-06 1.34944002638804e-06 1.3352799896893e-06 1.32328000290727e-06
8.46399984766322e-07 8.47083981625474e-07 8.47765988964966e-07 8.48422985200159e-07 8.47855005758902e-07 8.46063983317435e-07 8.44275973577169e-07 8.42490976538102e-07 8.43209022605151e-07 8.4473299466481e-07 8.46257989906007e-07 8.47784008328745e-07 8.52429991482495e-07 8.57100985740544e-07 8.61614012137579e-07 8.65707988850772e-07 8.69348980359064e-07 8.72918008099077e-07 8.76309002251219e-07 8.82503002230806e-07 8.91559011506615e-07 9.00706993434142e-07 9.09950017558003e-07 9.2911000137974e-07 9.51771028212534e-07 9.75544026005082e-07 9.99626990960678e-07 1.03269996998279e-06 1.06686002254719e-06 1.10215000859171e-06 1.13378996502433e-06 1.15157001800981e-06 1.16963997243147e-06 1.18798004677956e-06 1.19352000638173e-06 1.18605998977728e-06 1.1786399909397e-06 1.17103002139629e-06 1.15805994482798e-06 1.14306999421387e-06 1.1282700143056e-06 1.11365000066144e-06 1.10528003460786e-06 1.09694997263432e-06
7.09268988430267e-07 7.09594019099313e-07 7.0992001610648e-07 7.10877998244541e-07 7.11783002316224e-07 7.12419023329858e-07 7.13056010681612e-07 7.13692998033366e-07 7.1653499844615e-07 7.19569982265966e-07 7.21663980129961e-07 7.24686003650277e-07 7.29635019069974e-07 7.34500986254716e-07 7.38283972623321e-07 7.4245400583095e-07 7.46584987609822e-07 7.50738024635211e-07 7.54914026401821e-07 7.60717000503064e-07 7.68184008848039e-07 7.7572400414283e-07 7.83338009568979e-07 7.97291022536228e-07 8.13629981166741e-07 8.29675002478325e-07 8.46558009470755e-07 8.69822997628944e-07 8.9292399252372e-07 9.16639976367151e-07 9.38009975470777e-07 9.50564981394564e-07 9.63288016464503e-07 9.76182036538376e-07 9.79586047833436e-07 9.74735030467855e-07 9.70853989201714e-07 9.66987954598153e-07 9.59351041274203e-07 9.50525986809225e-07 9.41783014241082e-07 9.33120020363276e-07 9.27912026327249e-07 9.22733022434841e-07
5.94120990626834e-07 5.94799985265126e-07 5.95478979903419e-07 5.96158997723251e-07 5.97594976170512e-07 5.99934992351336e-07 6.0228302345422e-07 6.04323986408417e-07 6.07074014169484e-07 6.10281006174773e-07 6.14063026205258e-07 6.17488979059999e-07 6.21546973889053e-07 6.25985990154732e-07 6.30457009265228e-07 6.34969012480724e-07 6.39410984604183e-07 6.43883026896219e-07 6.48387015189655e-07 6.53598988265003e-07 6.59537022329459e-07 6.65529000798415e-07 6.71576003696828e-07 6.81083008657879e-07 6.91882007686218e-07 7.03493014952983e-07 7.15298995146441e-07 7.29924977349583e-07 7.43911982681311e-07 7.56964993797737e-07 7.7012697374812e-07 7.78258993250347e-07 7.86477016845311e-07 7.94780987689592e-07 7.98291978298948e-07 7.96945016645623e-07 7.95599987668538e-07 7.94257005054533e-07 7.90580998000223e-07 7.86148007136944e-07 7.81740027377964e-07 7.77357001879864e-07 7.74731006458751e-07 7.72113992297818e-07
4.98589997732779e-07 4.99510974805162e-07 5.0051602329404e-07 5.01703993904812e-07 5.03836020016024e-07 5.06705021052767e-07 5.09591018271749e-07 5.12492988491431e-07 5.16616012191662e-07 5.21189008395595e-07 5.25802988704527e-07 5.30458009961876e-07 5.35345975549717e-07 5.40627979717101e-07 5.45419993613905e-07 5.50097013274353e-07 5.54214011572185e-07 5.58400984118634e-07 5.62620016353321e-07 5.66909989174746e-07 5.71379985103704e-07 5.75989986373315e-07 5.80638015890145e-07 5.86663020385458e-07 5.9396802498668e-07 6.01839985847619e-07 6.09816027008492e-07 6.18852027400862e-07 6.28022974069609e-07 6.37328980701568e-07 6.4584997971906e-07 6.51685013508541e-07 6.57386976854468e-07 6.62354977976065e-07 6.64841024899943e-07 6.64816013795644e-07 6.64791002691345e-07 6.64765991587046e-07 6.63181992877071e-07 6.61084015973756e-07 6.58992007629422e-07 6.56726001579955e-07 6.55680025829497e-07 6.54630980534421e-07
4.19929989448065e-07 4.22043996195498e-07 4.24777994112446e-07 4.27767986366234e-07 4.30532992368171e-07 4.33520995102299e-07 4.36774001855156e-07 4.4059100900995e-07 4.45350991640225e-07 4.49938994506738e-07 4.54574006880648e-07 4.59257989859907e-07 4.6431100031441e-07 4.69419006776661e-07 4.7458499352615e-07 4.79535003705678e-07 4.83711971810408e-07 4.87926001824235e-07 4.92176980060322e-07 4.96220025070215e-07 5.00047008245019e-07 5.04260015077307e-07 5.08691982759046e-07 5.1373501719354e-07 5.18593992637761e-07 5.23291987519769e-07 5.28031989688316e-07 5.32763010596682e-07 5.37535981948167e-07 5.4235198376773e-07 5.46704995940672e-07 5.49783976566687e-07 5.5311301139227e-07 5.56461998257873e-07 5.58111992177146e-07 5.58047986487509e-07 5.57983980797871e-07 5.57919975108234e-07 5.57144971935486e-07 5.56134011731046e-07 5.55124984202848e-07 5.54118003037729e-07 5.53886991383479e-07 5.53655979729228e-07
3.54929994728082e-07 3.57206005219268e-07 3.59495004431665e-07 3.61796992365271e-07 3.64936994401432e-07 3.68938003703079e-07 3.72980991869554e-07 3.77064992562737e-07 3.82064996529152e-07 3.86844988042867e-07 3.91933014043389e-07 3.97087006831498e-07 4.02729995130358e-07 4.07897999821216e-07 4.13115003539133e-07 4.1809698814177e-07 4.22222996121491e-07 4.2638899344638e-07 4.30596998057808e-07 4.34386009828813e-07 4.37745001136136e-07 4.41135995288278e-07 4.44610009253665e-07 4.47743985887428e-07 4.50777008609293e-07 4.53831006552718e-07 4.56905013379583e-07 4.59310996347995e-07 4.61729001699496e-07 4.64359999341468e-07 4.66853009584156e-07 4.68279012011408e-07 4.6970899347798e-07 4.71144005587121e-07 4.71968007786927e-07 4.72177987376199e-07 4.7238799538718e-07 4.72598998157991e-07 4.72842003773621e-07 4.73095013830971e-07 4.73348990226441e-07 4.7360299504362e-07 4.73983988058535e-07 4.74365009495159e-07
2.85912989284043e-07 2.88997000552627e-07 2.92111991484489e-07 2.9526000844271e-07 2.99016988947187e-07 3.03403993484608e-07 3.07855003711666e-07 3.12370985966481e-07 3.17271997118951e-07 3.22358005178103e-07 3.27524986687422e-07 3.32961008098209e-07 3.38011005851513e-07 3.43329986662866e-07 3.48731987287465e-07 3.53999013213979e-07 3.58671002231858e-07 3.63315990625779e-07 3.6768500422113e-07 3.71574003565911e-07 3.74968010419252e-07 3.78393991695702e-07 3.81851009478851e-07 3.84867007596768e-07 3.8774999211455e-07 3.90653013937481e-07 3.93579000501632e-07 3.95289987409342e-07 3.97007994479281e-07 3.98732993289741e-07 4.00328985961096e-07 4.01515990233747e-07 4.02706007207598e-07 4.0390000322077e-07 4.04702007017477e-07 4.0511099541618e-07 4.05518989055054e-07 4.05928005875467e-07 4.06503005478953e-07 4.07133001090187e-07 4.07763991461252e-07 4.08396005013856e-07 4.09247007837621e-07 4.10099005421216e-07
2.31496997571412e-07 2.34354004646775e-07 2.37270995739891e-07 2.40861993461294e-07 2.44908989088799e-07 2.49432986265674e-07 2.54040003255795e-07 2.58730011637454e-07 2.63591999782875e-07 2.68571994865852e-07 2.73647003723454e-07 2.78816997933973e-07 2.83627997532676e-07 2.88832012529383e-07 2.94214004270543e-07 2.98538992637987e-07 3.03071004736921e-07 3.07775991359449e-07 3.12553993353504e-07 3.16761003205102e-07 3.20370986628404e-07 3.24020987818585e-07 3.27712996295304e-07 3.30805988824068e-07 3.33575997046864e-07 3.36312012905182e-07 3.3907099350472e-07 3.40234009854612e-07 3.41401005243824e-07 3.42573002853896e-07 3.4371799984001e-07 3.44776992733387e-07 3.45839993087793e-07 3.46906006143399e-07 3.47702012959417e-07 3.48225995594476e-07 3.48751001411074e-07 3.49276007227672e-07 3.50187008280045e-07 3.51228010231353e-07 3.5227199646215e-07 3.53319990153977e-07 3.54654986267633e-07 3.55996007783688e-07
2.00759004087558e-07 2.03826999722878e-07 2.06942004865596e-07 2.10105994824517e-07 2.13489002476308e-07 2.17408995695223e-07 2.21929994381753e-07 2.26544997872224e-07 2.31214002610614e-07 2.35965998740539e-07 2.40813989194066e-07 2.45763004613764e-07 2.50130995027575e-07 2.54576008273943e-07 2.59173987160466e-07 2.64328008370285e-07 2.68404988901239e-07 2.72692005864883e-07 2.77325000297424e-07 2.81297985793572e-07 2.84578987930217e-07 2.87897989892372e-07 2.91255986439865e-07 2.94218011731573e-07 2.97063991183677e-07 2.99937994441279e-07 3.02838998322841e-07 3.03657998301787e-07 3.04478987800394e-07 3.053029900002e-07 3.06243009617901e-07 3.07528011944669e-07 3.08820006011956e-07 3.10116007540273e-07 3.10865004848893e-07 3.11061995716955e-07 3.11258986585017e-07 3.11455011114958e-07 3.12514004008335e-07 3.1386400678457e-07 3.15219011781664e-07 3.16580013759449e-07 3.1825601354285e-07 3.19860987474385e-07
1.83755005878083e-07 1.86977999305782e-07 1.90256997711913e-07 1.93594004826991e-07 1.96974994537413e-07 2.00898995217358e-07 2.0524700516944e-07 2.09689005714608e-07 2.14124000308402e-07 2.18617998370974e-07 2.23206995997316e-07 2.2789099318743e-07 2.31830995289783e-07 2.35840005302634e-07 2.40363988268655e-07 2.44425990558739e-07 2.48381013534527e-07 2.52755000929028e-07 2.57206011156086e-07 2.60880000269026e-07 2.63743004325079e-07 2.66636988044411e-07 2.69562008270441e-07 2.72493991815281e-07 2.75449991704591e-07 2.78436999678888e-07 2.81457005257835e-07 2.81972006632714e-07 2.82488997527253e-07 2.83005988421792e-07 2.83887004570715e-07 2.85865013438524e-07 2.87857005787373e-07 2.89861986857431e-07 2.90753007448075e-07 2.90516993572965e-07 2.90282002879394e-07 2.90044994244454e-07 2.91074996994212e-07 2.92531012746622e-07 2.93747007162892e-07 2.94866993044707e-07 2.96375986863495e-07 2.97892995604343e-07
1.68149995261047e-07 1.71452001040961e-07 1.74818993059489e-07 1.78253003468853e-07 1.81578997171528e-07 1.85613004077823e-07 1.89787002113917e-07 1.94055004953952e-07 1.9826400432521e-07 2.02511998281807e-07 2.0684400681148e-07 2.11257003002174e-07 2.14826002320478e-07 2.18728999357154e-07 2.22506002955924e-07 2.2591599702082e-07 2.30034004289337e-07 2.34227002238185e-07 2.38496994597881e-07 2.41896003672082e-07 2.4438500645374e-07 2.46899986677818e-07 2.49440006427903e-07 2.52331005867745e-07 2.55364994927731e-07 2.58435989053396e-07 2.61543988244739e-07 2.61792990841059e-07 2.62042988197209e-07 2.62293013975068e-07 2.63119005694534e-07 2.656869924067e-07 2.68278995463334e-07 2.70626998144508e-07 2.71559002840149e-07 2.71026010523201e-07 2.70491995024713e-07 2.69958007947935e-07 2.70702997795524e-07 2.71877013346966e-07 2.73056002697558e-07 2.7423899950918e-07 2.75831013141214e-07 2.77432008033429e-07
1.58586004772587e-07 1.62046006835226e-07 1.65581994338027e-07 1.69247996950617e-07 1.7357500325943e-07 1.77806001033787e-07 1.8213999908312e-07 1.86579995897773e-07 1.90812002642815e-07 1.95032001215623e-07 1.99346004592371e-07 2.03997004177836e-07 2.07265998142248e-07 2.10175002735014e-07 2.13459998121834e-07 2.16993996104975e-07 2.21194000005198e-07 2.25476000537128e-07 2.2984100667145e-07 2.33403000038379e-07 2.36120001773088e-07 2.38869006352616e-07 2.41650013776962e-07 2.44070008648123e-07 2.46382995783279e-07 2.4855299329829e-07 2.50694995429512e-07 2.50765992859669e-07 2.50835995529997e-07 2.50906992960154e-07 2.51367993087115e-07 2.53009005746208e-07 2.5465999442531e-07 2.56322010727672e-07 2.55983991337416e-07 2.53655997539681e-07 2.51349007385215e-07 2.48910993150275e-07 2.47217997184634e-07 2.45812003640822e-07 2.44295989659804e-07 2.42786001081186e-07 2.4219698957495e-07 2.41342007711864e-07
1.49569004292971e-07 1.53158993043689e-07 1.56835994857829e-07 1.61439999146751e-07 1.65931993478807e-07 1.70291002632439e-07 1.74765006022426e-07 1.79355993168429e-07 1.8360300657605e-07 1.87791002304039e-07 1.92485003935872e-07 1.96456994672189e-07 1.99300998815488e-07 2.0218600127464e-07 2.05112002049646e-07 2.08388001965432e-07 2.12659003295812e-07 2.17017998238589e-07 2.21467004735132e-07 2.25175000423405e-07 2.28101001198411e-07 2.30908995035861e-07 2.33663001836248e-07 2.3545000260583e-07 2.36917003348935e-07 2.38392004803245e-07 2.39875987517735e-07 2.39727000916901e-07 2.39577985894357e-07 2.39428004533693e-07 2.39577985894357e-07 2.40627002767724e-07 2.41680993440241e-07 2.42735012534467e-07 2.41289001223777e-07 2.37389002677446e-07 2.33552995609898e-07 2.29373995352944e-07 2.25435002221275e-07 2.21617000306651e-07 2.17858001860805e-07 2.14154994182536e-07 2.11260996252349e-07 2.08230005682708e-07
1.42822003112997e-07 1.46144003565496e-07 1.50247004171433e-07 1.54465993773556e-07 1.58426004759349e-07 1.62101002842974e-07 1.6586099604865e-07 1.69708002317748e-07 1.73293997818291e-07 1.76883006020034e-07 1.81001993837526e-07 1.8433199500123e-07 1.86663001500165e-07 1.8922300171198e-07 1.91815004768614e-07 1.94693996036222e-07 1.98400002204835e-07 2.02177005803605e-07 2.06026996352193e-07 2.09497002856551e-07 2.12565993251701e-07 2.15523996871525e-07 2.18387995687408e-07 2.20882000689926e-07 2.23266994225924e-07 2.2567799362605e-07 2.28109996669446e-07 2.25118000685143e-07 2.22159002305489e-07 2.19236000020828e-07 2.1638699365667e-07 2.14401993048341e-07 2.12434997592936e-07 2.10484998319771e-07 2.0439900083602e-07 1.94530002772808e-07 1.85131995067422e-07 1.76789995975923e-07 1.71441001839412e-07 1.66681004998281e-07 1.61383994168318e-07 1.56257002004168e-07 1.55356005393514e-07 1.54459996792866e-07
1.38538993610382e-07 1.41708994760847e-07 1.4495300604267e-07 1.48270004274309e-07 1.51093004774339e-07 1.53388995727255e-07 1.5572099698602e-07 1.58087004820118e-07 1.6046899986577e-07 1.62877995535382e-07 1.65323001510842e-07 1.67953999152815e-07 1.70472006288946e-07 1.72916998053552e-07 1.74914006834115e-07 1.77020993419319e-07 1.79585995851994e-07 1.82318004249282e-07 1.85090996751569e-07 1.88033993708814e-07 1.91151997341876e-07 1.94321003732512e-07 1.9754300240038e-07 2.01695996793205e-07 2.0621999397008e-07 2.10774004472114e-07 2.1538700423207e-07 2.0696600699921e-07 1.98869003043001e-07 1.90986995107778e-07 1.83596000624675e-07 1.77307001081317e-07 1.71802994941572e-07 1.66521004985043e-07 1.54560993337327e-07 1.38976005814584e-07 1.27410004324702e-07 1.16913000169916e-07 1.10346000781192e-07 1.05521003490594e-07 1.0090799662521e-07 9.649689758362e-08 9.7268298304698e-08 9.80294032615348e-08
1.34881005919851e-07 1.37309996262047e-07 1.39782997621296e-07 1.42299995786743e-07 1.4409999948839e-07 1.45146998420387e-07 1.46201003303759e-07 1.4726299468748e-07 1.48593997550961e-07 1.50023993228388e-07 1.51465997078049e-07 1.52921003859774e-07 1.54858000200875e-07 1.56804006223865e-07 1.59001004362835e-07 1.61241999308004e-07 1.63341994152688e-07 1.65060001222628e-07 1.6672599656431e-07 1.68963993019133e-07 1.71899003476028e-07 1.75083002318388e-07 1.78324995658841e-07 1.83653000362938e-07 1.89790000604262e-07 1.95987993834024e-07 2.02199004206705e-07 1.89497995961574e-07 1.77573994619706e-07 1.66633995490884e-07 1.56853005250923e-07 1.46703996506403e-07 1.38031992946708e-07 1.30119005348206e-07 1.188950022879e-07 1.02984998306965e-07 8.76858976539552e-08 7.46687973673943e-08 6.78031994993944e-08 6.24516971470257e-08 5.89576991671947e-08 5.43036016154019e-08 5.58268986594612e-08 5.73686982363597e-08
1.18770998369655e-07 1.20549003668202e-07 1.22353000620024e-07 1.24197001127868e-07 1.2574099628182e-07 1.26626005680919e-07 1.27516003090022e-07 1.28413006450501e-07 1.29515996150076e-07 1.30692001221178e-07 1.31874998032799e-07 1.33065000795796e-07 1.35112998123077e-07 1.37304994041187e-07 1.39533000265146e-07 1.41677006126883e-07 1.43486005299565e-07 1.4531900660586e-07 1.47175995834914e-07 1.49442996644211e-07 1.52016994547921e-07 1.54635003468684e-07 1.5729699498479e-07 1.61382999408488e-07 1.66318997685266e-07 1.71775994317613e-07 1.77336005435791e-07 1.72149995592008e-07 1.67055006272676e-07 1.62204003117949e-07 1.56626995817533e-07 1.47098006664237e-07 1.39235993401599e-07 1.33710003069609e-07 2.02901006218781e-07 0.000120671997137833 0.000212754996027797 -3.4e+38 0.000163817996508442 3.76003990822937e-05 2.06002005143091e-05 1.56522000906989e-05 8.82394015206955e-05 0.000140283998916857
1.04686996849068e-07 1.06572002778194e-07 1.0848999920654e-07 1.1040000202911e-07 1.11481000431013e-07 1.1204500083295e-07 1.12611999725232e-07 1.13181997107858e-07 1.13905997523034e-07 1.27619998124828e-07 1.16363999325131e-07 1.16248003223518e-07 1.1815799894066e-07 1.67615993973413e-07 4.16082002629992e-06 6.09885000812938e-06 7.13299016297242e-07 1.05713002085395e-06 4.05755008614506e-06 1.65245000971481e-05 8.11084987617505e-07 1.66722998073965e-07 1.36964004582296e-07 1.40932996828269e-07 1.450719935292e-07 1.48921998288642e-07 1.54711003119701e-07 1.5607000136697e-07 1.63620001103482e-07 2.31959006669058e-07 1.40043005103507e-06 8.35294997614255e-07 0.000307496986351907 0.000328499008901417 -3.4e+38 -3.4e+38 -3.4e+38 -3.4e+38 -3.4e+38 -3.4e+38 -3.4e+38 -3.4e+38 -3.4e+38 -3.4e+38
