results/Predictions/Median/Pliensbachian.asc
NCOLS 360 
NROWS 180 
XLLCORNER -180 
YLLCORNER -90 
CELLSIZE 1 
NODATA_value -3.4e+38 
[rows 160 to 179 of 180, columns 180 to 224 of 360]
3.45025000569876e-07 3.19784987823368e-07 2.97275988714318e-07 2.77216997801588e-07 2.53975997566158e-07 2.37140000081126e-07 2.21421998958249e-07 0.000144065998028964 -3.4e+38 -3.4e+38 -3.4e+38 -3.4e+38 0.00026894299662672 0.000217680993955582 5.4070300393505e-05 1.41689000088263e-07 8.06305990863621e-08 7.9321303303459e-08 7.80161997226969e-08 7.43171000294751e-08 6.93084984959569e-08 6.50776996735658e-08 1.18045001329392e-07 1.7471100363764e-05 0.000119967000500765 0.00012229400454089 -3.4e+38 -3.4e+38 -3.4e+38 -3.4e+38 -3.4e+38 -3.4e+38 -3.4e+38 -3.4e+38 -3.4e+38 -3.4e+38 -3.4e+38 -3.4e+38 -3.4e+38 -3.4e+38 -3.4e+38 -3.4e+38 -3.4e+38 -3.4e+38 -3.4e+38
3.16671986411166e-07 2.94186008886754e-07 2.73306994813538e-07 2.5196999331456e-07 2.31582006904318e-07 2.1196500199494e-07 1.96352004877554e-07 0.000114244998258073 0.000441737996879965 -3.4e+38 -3.4e+38 -3.4e+38 -3.4e+38 -3.4e+38 -3.4e+38 -3.4e+38 0.000190355000086129 0.000175294000655413 3.06840001940145e-06 7.8455698826474e-08 6.59036984984596e-08 5.98799019257967e-08 5.49038006170122e-08 5.29400985271877e-08 6.86572008135045e-08 1.4521399862133e-05 0.000111562003439758 0.000114317997940816 -3.4e+38 -3.4e+38 -3.4e+38 -3.4e+38 -3.4e+38 -3.4e+38 -3.4e+38 -3.4e+38 -3.4e+38 -3.4e+38 -3.4e+38 -3.4e+38 -3.4e+38 -3.4e+38 -3.4e+38 -3.4e+38 -3.4e+38
2.93424989195046e-07 2.70470991381444e-07 2.42970003228038e-07 2.23813003685791e-07 2.07186005241056e-07 1.91824000239649e-07 1.75774005128915e-07 2.56719999924826e-07 0.000207418997888453 0.000332994997734204 -3.4e+38 -3.4e+38 -3.4e+38 -3.4e+38 -3.4e+38 -3.4e+38 -3.4e+38 -3.4e+38 -3.4e+38 -3.4e+38 -3.4e+38 1.51636004375177e-05 7.02434022059606e-08 5.08522006725798e-08 5.0756998604129e-08 5.03280013219864e-08 5.75941996316942e-08 3.92045003536623e-05 0.000103801001387183 0.000108583000837825 0.000111282999569084 -3.4e+38 -3.4e+38 -3.4e+38 -3.4e+38 -3.4e+38 -3.4e+38 -3.4e+38 -3.4e+38 -3.4e+38 -3.4e+38 -3.4e+38 -3.4e+38 -3.4e+38 -3.4e+38
2.83795003497289e-07 2.63004011458179e-07 2.39369001064915e-07 2.23862002712849e-07 2.07251005690523e-07 1.91224998502548e-07 1.75691994286353e-07 1.60308999852532e-07 2.89967005073777e-07 0.000129384003230371 0.000304635002976283 -3.4e+38 -3.4e+38 -3.4e+38 -3.4e+38 -3.4e+38 -3.4e+38 -3.4e+38 -3.4e+38 -3.4e+38 -3.4e+38 -3.4e+38 0.000118112002382986 0.000115166003524791 8.45549002406187e-05 6.70752001497021e-07 9.34821002829267e-08 2.12227005249588e-05 5.03863011545036e-05 5.09794008394238e-05 7.58844034862705e-05 0.0001069819991244 -3.4e+38 -3.4e+38 -3.4e+38 -3.4e+38 -3.4e+38 -3.4e+38 -3.4e+38 -3.4e+38 -3.4e+38 -3.4e+38 -3.4e+38 -3.4e+38 -3.4e+38
2.7448299988464e-07 2.55743003663156e-07 2.36846005918778e-07 2.23908003249562e-07 2.07309000188616e-07 1.90614997563898e-07 1.75267999225071e-07 1.59780995545589e-07 1.48824000234526e-07 1.47812002637693e-07 1.20681997941574e-05 0.00027711401344277 0.000293852004688233 -3.4e+38 -3.4e+38 -3.4e+38 -3.4e+38 -3.4e+38 -3.4e+38 -3.4e+38 -3.4e+38 -3.4e+38 -3.4e+38 -3.4e+38 -3.4e+38 -3.4e+38 0.000119898999400903 0.000112752997665666 0.000106660001620185 9.3086899141781e-05 -3.4e+38 -3.4e+38 -3.4e+38 -3.4e+38 -3.4e+38 -3.4e+38 -3.4e+38 -3.4e+38 -3.4e+38 -3.4e+38 -3.4e+38 -3.4e+38 -3.4e+38 -3.4e+38 -3.4e+38
2.64134996541543e-07 2.4831399514369e-07 2.33820003359142e-07 2.23775003860283e-07 2.08808998536369e-07 1.93209004351047e-07 1.78777995074597e-07 1.64710996841677e-07 1.54503993599064e-07 1.45613000768208e-07 1.37770001629178e-07 1.51598001707498e-07 9.8545897344593e-06 0.000316972000291571 0.000359927013050765 0.000387668987968937 -3.4e+38 -3.4e+38 -3.4e+38 -3.4e+38 -3.4e+38 -3.4e+38 -3.4e+38 -3.4e+38 -3.4e+38 -3.4e+38 -3.4e+38 -3.4e+38 -3.4e+38 -3.4e+38 -3.4e+38 -3.4e+38 -3.4e+38 -3.4e+38 -3.4e+38 -3.4e+38 -3.4e+38 -3.4e+38 -3.4e+38 -3.4e+38 -3.4e+38 -3.4e+38 -3.4e+38 -3.4e+38 -3.4e+38
2.51772007686668e-07 2.40743986523739e-07 2.30311002269445e-07 2.23461000814495e-07 2.11778001357743e-07 1.99138000311905e-07 1.87254002526061e-07 1.75614999875506e-07 1.65809993291077e-07 1.57279998802551e-07 1.49965003970465e-07 1.45759003089552e-07 1.50052997582861e-07 1.53729999397001e-07 3.42078010362457e-07 5.09630008309614e-05 0.00038546699215658 0.000417787989135832 -3.4e+38 -3.4e+38 -3.4e+38 -3.4e+38 -3.4e+38 -3.4e+38 -3.4e+38 -3.4e+38 -3.4e+38 -3.4e+38 -3.4e+38 -3.4e+38 -3.4e+38 -3.4e+38 -3.4e+38 -3.4e+38 -3.4e+38 -3.4e+38 -3.4e+38 -3.4e+38 -3.4e+38 -3.4e+38 -3.4e+38 -3.4e+38 0.000115923001430929 0.000109116001112852 0.000108303000160959
2.38718001810412e-07 2.33405003768894e-07 2.28210993213906e-07 2.23141000788019e-07 2.14780001783765e-07 2.05237995487551e-07 1.96116005213298e-07 1.87246996574686e-07 1.77822997216026e-07 1.69876003042191e-07 1.62991000252077e-07 1.58206006517503e-07 1.58581002551728e-07 1.59512993036515e-07 1.61114996899414e-07 1.63620995863312e-07 1.68246003795502e-07 3.02160998444378e-07 1.1429599908297e-05 0.000212170998565853 0.000337956997100264 0.000401441007852554 0.000406837003538385 0.000407531013479456 -3.4e+38 -3.4e+38 -3.4e+38 -3.4e+38 -3.4e+38 -3.4e+38 -3.4e+38 -3.4e+38 -3.4e+38 -3.4e+38 -3.4e+38 -3.4e+38 0.00024760898668319 0.000222139002289623 0.000198181005544029 0.000163960998179391 0.000134015004732646 0.000109501997940242 0.000106116000097245 0.000102466001408175 0.000100921999546699
2.21712994630252e-07 2.19268997625477e-07 2.16852001244661e-07 2.14460001757288e-07 2.07799999429881e-07 1.99976994963436e-07 1.92447004110363e-07 1.85198004487575e-07 1.77217003738406e-07 1.69320998111289e-07 1.62998006203452e-07 1.58610006906201e-07 1.5902000427559e-07 1.58928997961993e-07 1.58800006033744e-07 1.60552005468162e-07 1.66288003811133e-07 1.70793001075253e-07 1.74961002130658e-07 1.75099998500627e-07 1.73879001863497e-07 1.72610995718969e-07 1.96602996993533e-07 6.41335986983904e-07 1.00528995972127e-05 5.03570008731913e-05 0.000164883997058496 0.000303962995531037 0.000330534996464849 0.000319359009154141 0.000310042989440262 0.000303314998745918 0.000289687013719231 0.000255293009104207 0.000232788996072486 0.000208771001780406 0.000186748002306558 0.000171673993463628 0.000145796002470888 0.000114494003355503 9.34888012125157e-05 7.43549026083201e-05 7.17939983587712e-05 7.99529007053934e-05 0.000105878003523685
2.09665003580994e-07 2.08477999308343e-07 2.07295002496721e-07 2.06115998935275e-07 2.01047001269217e-07 1.948520065298e-07 1.8884600194724e-07 1.83026003242048e-07 1.76580002175797e-07 1.69813006323238e-07 1.63275998943391e-07 1.58963004537327e-07 1.58836002128737e-07 1.58705006469972e-07 1.58302000841104e-07 1.59525995968579e-07 1.62244006673973e-07 1.67364007097603e-07 1.71215006616876e-07 1.71954994243606e-07 1.71820005334666e-07 1.71633004697469e-07 1.72420996591427e-07 1.68095994013129e-07 1.63878993930666e-07 1.59768006824379e-07 1.56358993308459e-07 1.54643004179889e-07 1.5044000178932e-07 1.49534997717637e-07 1.6158899995844e-07 2.0621899921025e-07 3.68065997236044e-07 1.38652001169248e-06 2.88288993033348e-06 5.50360982742859e-06 9.46891032072017e-06 1.37655997605179e-05 1.74271008290816e-05 2.30435998673784e-05 2.91388005280169e-05 3.62175996997394e-05 4.70388004032429e-05 6.44547981210053e-05 8.10694982646964e-05
1.98443004251203e-07 1.97855996475482e-07 1.97266999180101e-07 1.9667800188472e-07 1.92846997038032e-07 1.88040999660188e-07 1.8335499873956e-07 1.78608999590324e-07 1.72813003018746e-07 1.67205001844195e-07 1.61771993134607e-07 1.5766200078815e-07 1.56922993710396e-07 1.56184995603326e-07 1.55448006466941e-07 1.56224999159349e-07 1.57848006665517e-07 1.593929965793e-07 1.62513998702707e-07 1.63850003787047e-07 1.63793998808615e-07 1.63701997735188e-07 1.63571996836254e-07 1.59896998752629e-07 1.56303997300711e-07 1.52791997720669e-07 1.49504003843504e-07 1.47253999216446e-07 1.45013004271277e-07 1.4336799836201e-07 1.409150058862e-07 1.38207994382356e-07 1.35928004851849e-07 1.33349004727279e-07 1.3209100302447e-07 1.44225992926295e-07 1.68685005519364e-07 1.90389997101192e-07 2.76034000989966e-07 6.83715995819512e-07 1.92802008314175e-06 4.96492020829464e-06 1.42570997923031e-05 4.26613005402032e-05 7.58905007387511e-05
1.8763699927149e-07 1.87053004196969e-07 1.86470998642108e-07 1.85890002057931e-07 1.82644001256449e-07 1.7858999967757e-07 1.74625995441602e-07 1.70749999028885e-07 1.66158997672028e-07 1.61691005473585e-07 1.57835003733453e-07 1.54752001435554e-07 1.53357007093291e-07 1.51972997741723e-07 1.50602005533074e-07 1.50161000078697e-07 1.50641994878242e-07 1.51083000332619e-07 1.51104003975888e-07 1.50443000279665e-07 1.49548000649702e-07 1.48639003327844e-07 1.47715994103237e-07 1.45285994790356e-07 1.4286300142885e-07 1.40340006282713e-07 1.37967006708095e-07 1.36069999712163e-07 1.3418200239812e-07 1.32305004285627e-07 1.30808004428218e-07 1.29672997672969e-07 1.28522003706166e-07 1.27266005733873e-07 1.24338995988182e-07 1.20956997307076e-07 1.16310999942471e-07 1.12854003475604e-07 1.07171999275124e-07 1.05482001799828e-07 1.12652003281255e-07 1.40387996339086e-07 3.4834800999306e-07 4.7470298341068e-06 2.62556004599901e-05
1.75785004330464e-07 1.75153004988715e-07 1.74524004137311e-07 1.73898001776251e-07 1.71587998920586e-07 1.68758006680036e-07 1.6597600449586e-07 1.63238993877712e-07 1.60162997531188e-07 1.57298003955475e-07 1.5448300416665e-07 1.51894994360191e-07 1.49871993926354e-07 1.47874999356645e-07 1.45903996440211e-07 1.44235002608184e-07 1.4285799920799e-07 1.41493003980031e-07 1.40142006443966e-07 1.38735998689299e-07 1.37132005306739e-07 1.35473996465407e-07 1.33830994286654e-07 1.31901003896928e-07 1.29990993968931e-07 1.28100992924374e-07 1.26236002984115e-07 1.24406000168165e-07 1.22594997264969e-07 1.20804003245212e-07 1.18906001489449e-07 1.16950999995424e-07 1.15437998715606e-07 1.139449992138e-07 1.12107997551902e-07 1.10183002277608e-07 1.08290002742706e-07 1.05872999256462e-07 1.0280100326554e-07 9.98115012862399e-08 9.69036975106974e-08 9.40521971415365e-08 9.12150994736294e-08 9.97333984287252e-08 1.52400005504205e-07
1.55446997496256e-07 1.54830004817086e-07 1.54215001657576e-07 1.53602996988411e-07 1.52339993064743e-07 1.5081799631389e-07 1.49312000985447e-07 1.47820003348897e-07 1.45868995105047e-07 1.43944006936181e-07 1.42044001449904e-07 1.40238000767567e-07 1.38657995307767e-07 1.37095995000891e-07 1.35551005087109e-07 1.34152998043646e-07 1.32848001044295e-07 1.31443997020142e-07 1.30052995928054e-07 1.28596994386498e-07 1.27128998883563e-07 1.25674006312693e-07 1.24232002463032e-07 1.22664999935296e-07 1.21111995099454e-07 1.19573996926192e-07 1.18126003201269e-07 1.16819997231232e-07 1.15528003163945e-07 1.14251001548382e-07 1.12973999932819e-07 1.11696998317257e-07 1.10435003364273e-07 1.09186998997757e-07 1.077049986975e-07 1.06163000168635e-07 1.04641998177613e-07 1.03143996454946e-07 1.01076999214911e-07 9.87925972140147e-08 9.65560005283805e-08 9.43296001310046e-08 9.2043599408953e-08 8.98105980695618e-08 8.76295018770179e-08
1.38641993885358e-07 1.38187999709771e-07 1.37735995053845e-07 1.37284999368603e-07 1.36530005079294e-07 1.35677993284844e-07 1.34830997922109e-07 1.33989999540063e-07 1.32851994294469e-07 1.31723993490596e-07 1.30605997128441e-07 1.29414004845785e-07 1.28096999674199e-07 1.26792997434677e-07 1.2550199812722e-07 1.24213002550277e-07 1.23088994996579e-07 1.21978004585799e-07 1.20877004405884e-07 1.19777993745629e-07 1.18686003247603e-07 1.17582999337174e-07 1.16461002619417e-07 1.15341997286578e-07 1.14233998260715e-07 1.13136998436403e-07 1.1204500083295e-07 1.1094699914338e-07 1.09859001895529e-07 1.08782998609058e-07 1.07723998610254e-07 1.06682001899117e-07 1.05650997284101e-07 1.04629997110806e-07 1.03478001278745e-07 1.02290997006094e-07 1.01118999396022e-07 9.99603031459628e-08 9.85254970942151e-08 9.70117000065329e-08 9.55111971734368e-08 9.39949984513078e-08 9.23879994729759e-08 9.0808200070569e-08 8.9191303231928e-08
1.23375997418407e-07 1.22914997291446e-07 1.22456000894999e-07 1.21998994018213e-07 1.21528003660387e-07 1.21053005841532e-07 1.20579997542336e-07 1.20108992973655e-07 1.19538995591029e-07 1.18971996698747e-07 1.18408003402237e-07 1.17814998645827e-07 1.17131996546505e-07 1.16453996668042e-07 1.15779002385352e-07 1.15086997709568e-07 1.14377002091715e-07 1.13672001589293e-07 1.12971001442475e-07 1.1228399898755e-07 1.1160499724383e-07 1.10929001095883e-07 1.10256998198111e-07 1.0959900009766e-07 1.08944000487554e-07 1.08293001233051e-07 1.07626000556138e-07 1.06907002361822e-07 1.06191997417682e-07 1.05482001799828e-07 1.0470699862708e-07 1.03870000600637e-07 1.03038999554883e-07 1.02214997355077e-07 1.01239997718494e-07 1.00221001275713e-07 9.92128974530715e-08 9.82146985961663e-08 9.7033499457666e-08 9.58662980110603e-08 9.47132008377594e-08 9.35404997903788e-08 9.22834004768447e-08 9.10427999656349e-08 8.98186982567495e-08
1.09166997219745e-07 1.08706998958041e-07 1.08248997321425e-07 1.07792999415324e-07 1.07437003293853e-07 1.07114999536861e-07 1.06793997645127e-07 1.0647399761865e-07 1.06263996713096e-07 1.06055999538057e-07 1.05847000497761e-07 1.05665002081423e-07 1.05559003316102e-07 1.05452997445354e-07 1.05346998680034e-07 1.05274999384619e-07 1.05238001424368e-07 1.05201003464117e-07 1.05163998398439e-07 1.05146000350942e-07 1.05135001149392e-07 1.05123000082585e-07 1.05112000881036e-07 1.05024000163212e-07 1.04934997580131e-07 1.04846996862307e-07 1.0471200084794e-07 1.04435002867831e-07 1.04157997782295e-07 1.03883003532701e-07 1.0347000056754e-07 1.02920999722755e-07 1.02374997368315e-07 1.0183099874439e-07 1.01063001523016e-07 1.00225001631316e-07 9.9393801633596e-08 9.85696004818237e-08 9.74952030219356e-08 9.64325010954781e-08 9.53813028559125e-08 9.4305903530767e-08 9.31364994016803e-08 9.19814979738476e-08 9.08407002953027e-08
9.65967998922679e-08 9.61434025725794e-08 9.56921013539613e-08 9.52429033418412e-08 9.49817007267484e-08 9.47830969266761e-08 9.45848981359632e-08 9.43870972491823e-08 9.4464603250799e-08 9.45421021469883e-08 9.46197005191607e-08 9.47678984175582e-08 9.51287972839054e-08 9.54910035488865e-08 9.58546024776297e-08 9.63003969900456e-08 9.68295026382293e-08 9.73615001953476e-08 9.78963967668278e-08 9.84621024713306e-08 9.9040299517128e-08 9.96219000626297e-08 1.00206996478391e-07 1.00638999356306e-07 1.01074000724566e-07 1.01509996852656e-07 1.01874000790758e-07 1.0201699751633e-07 1.02160001347329e-07 1.02302998072901e-07 1.02241003219206e-07 1.01974002575389e-07 1.01707001931572e-07 1.01441003153013e-07 1.00877997510906e-07 1.00219999410456e-07 9.95662006175735e-08 9.89166011322595e-08 9.79494032549155e-08 9.69915987525383e-08 9.60431023599995e-08 9.50657010889699e-08 9.39846032110836e-08 9.29157977225259e-08 9.18590998821855e-08
9.64959028237899e-08 9.60437986918805e-08 9.55936982904859e-08 9.51457010955892e-08 9.48850029658388e-08 9.46865981177325e-08 9.44885982789856e-08 9.42910034495981e-08 9.43730000813048e-08 9.44549967130115e-08 9.45370999261286e-08 9.46879978869219e-08 9.50455998349753e-08 9.54046015522181e-08 9.57650030386503e-08 9.62102006951682e-08 9.67415019204054e-08 9.72757021600046e-08 9.78129008899487e-08 9.83793029263325e-08 9.89576989240959e-08 9.95395978975466e-08 1.00124999846685e-07 1.00564001570547e-07 1.01004999919496e-07 1.01447000133703e-07 1.01818002917753e-07 1.01966001864184e-07 1.02115002675873e-07 1.02263001622305e-07 1.0220799850913e-07 1.01950000441775e-07 1.01692997134251e-07 1.01436000932154e-07 1.00877997510906e-07 1.00222997900801e-07 9.95717996943313e-08 9.89250992233792e-08 9.79597984951397e-08 9.70038982472943e-08 9.6057398479843e-08 9.50808001221048e-08 9.39977979896867e-08 9.29270029814688e-08 9.18684008865966e-08
9.63950981258677e-08 9.5944201916609e-08 9.54954018084209e-08 9.50486978013032e-08 9.47883975754849e-08 9.45901987847719e-08 9.4392298422008e-08 9.41949025445865e-08 9.42813969118106e-08 9.4367997860445e-08 9.44545988090795e-08 9.46080973562857e-08 9.49626013380112e-08 9.53183985075157e-08 9.5675503075654e-08 9.61202033522568e-08 9.66537001545476e-08 9.71901030766276e-08 9.77293979076421e-08 9.82965033813343e-08 9.88751978070468e-08 9.94572033619079e-08 1.00043003214978e-07 1.0048800191953e-07 1.00935999114427e-07 1.01384998174581e-07 1.0176199793932e-07 1.01916000971869e-07 1.0206900213916e-07 1.02223999931539e-07 1.02176002769738e-07 1.01927000173418e-07 1.01678999442356e-07 1.01432000576551e-07 1.00877997510906e-07 1.00225001631316e-07 9.95773987710891e-08 9.89335973144989e-08 9.79702008407912e-08 9.70162972180333e-08 9.60716022291308e-08 9.50959986312228e-08 9.40109003977341e-08 9.29381016590014e-08 9.18776024150247e-08
