results/Predictions/Median/Pliensbachian.asc
NCOLS 360 
NROWS 180 
XLLCORNER -180 
YLLCORNER -90 
CELLSIZE 1 
NODATA_value -3.4e+38 
[rows 40 to 59 of 180, columns 45 to 89 of 360]
4.7056601033546e-05 4.39290015492588e-05 4.14128007832915e-05 3.89515989809297e-05 3.63940016541164e-05 3.39922989951447e-05 3.18089987558778e-05 2.96856997010764e-05 2.7829399186885e-05 2.61042005149648e-05 2.44495004153578e-05 2.30538007599534e-05 2.18926998059032e-05 2.07452994800406e-05 1.96411001525121e-05 1.87371006177273e-05 1.79589005711023e-05 1.72337004187284e-05 1.64970006153453e-05 1.59151004481828e-05 1.54013996507274e-05 1.49042998600635e-05 1.44232999446103e-05 1.4133600416244e-05 1.38531995617086e-05 1.35562995637883e-05 1.33007997646928e-05 1.31140996018075e-05 1.29300997286919e-05 1.27487001009285e-05 1.2630100172828e-05 1.25727001432097e-05 1.2515600246843e-05 1.24733996926807e-05 1.24485995911527e-05 1.24274001791491e-05 1.2406299902068e-05 1.23903000712744e-05 1.23864001579932e-05 1.2382500244712e-05 1.23807003546972e-05 1.23761001304956e-05 1.23495001389529e-05 1.22943001770182e-05 1.22492001537466e-05
7.46910009183921e-05 6.92976027494296e-05 6.52005983283743e-05 6.13715019426309e-05 5.78036015213002e-05 5.44354006706271e-05 5.08365010318812e-05 4.75140004709829e-05 4.48384016635828e-05 4.25901998823974e-05 4.06153994845226e-05 3.85140992875677e-05 3.65906998922583e-05 3.46824999724049e-05 3.29873982991558e-05 3.14716999127995e-05 3.00544998026453e-05 2.8642600227613e-05 2.7327600037097e-05 2.6332800189266e-05 2.5435800125706e-05 2.46607996814419e-05 2.38080992858158e-05 2.31824997172225e-05 2.26380998356035e-05 2.21234004129656e-05 2.16541993722785e-05 2.12943996302783e-05 2.09407007787377e-05 2.05928008654155e-05 2.02858991542598e-05 2.00565991690382e-05 1.98173001990654e-05 1.95808006537845e-05 1.94042004295625e-05 1.92481002159184e-05 1.90863993339008e-05 1.89248003152898e-05 1.87404002645053e-05 1.85556000360521e-05 1.83911997737596e-05 1.82231997314375e-05 1.80091992660891e-05 1.77843994606519e-05 1.7501499314676e-05
0.000114993003080599 0.000108319996797945 0.00010194400238106 9.59856988629326e-05 9.09454975044355e-05 8.63500972627662e-05 8.18129992694594e-05 7.7429402153939e-05 7.36848014639691e-05 6.96185015840456e-05 6.6240900196135e-05 6.31010989309289e-05 6.03191983827855e-05 5.76607999391854e-05 5.51205012015998e-05 5.26123985764571e-05 5.03476985613815e-05 4.81811002828181e-05 4.61251984233968e-05 4.44694014731795e-05 4.32004017056897e-05 4.19677999161649e-05 4.04958009312395e-05 3.91393004974816e-05 3.81013014703058e-05 3.7160101783229e-05 3.61577986041084e-05 3.52173992723692e-05 3.43967003573198e-05 3.36810007866006e-05 3.29262984450907e-05 3.21787993016187e-05 3.14483986585401e-05 3.07344016619027e-05 3.02051994367503e-05 2.97625992971007e-05 2.93266002699966e-05 2.88969004031969e-05 2.83609006146435e-05 2.77708004432498e-05 2.72527995548444e-05 2.67392006207956e-05 2.61570003203815e-05 2.55876002484001e-05 2.50306002271827e-05
0.000152088992763311 0.000144146004458889 0.000136375005240552 0.000128972998936661 0.000122411001939327 0.000116244998935144 0.000110419998236466 0.000104835002275649 0.000100022996775806 9.5409297500737e-05 9.10095986910164e-05 8.69205978233367e-05 8.33216981845908e-05 7.99511035438627e-05 7.67001984058879e-05 7.37361988285556e-05 7.10727981640957e-05 6.81835008435883e-05 6.56474003335461e-05 6.36015975032933e-05 6.17483019595966e-05 5.99494014750235e-05 5.80595005885698e-05 5.61911983822938e-05 5.43831010872964e-05 5.28078016941436e-05 5.16758991579991e-05 5.07523000123911e-05 4.98453009640798e-05 4.88910009153187e-05 4.78201000078116e-05 4.67319987365045e-05 4.56412017229013e-05 4.45543009846006e-05 4.36260015703738e-05 4.27156010118779e-05 4.18978015659377e-05 4.09675994887948e-05 4.01645993406419e-05 3.93773007090203e-05 3.86056017305236e-05 3.7685898860218e-05 3.66933018085547e-05 3.56765012838878e-05 3.46435008395929e-05
0.00019614800112322 0.000185450000572018 0.000177829002495855 0.000169819002621807 0.000163022996275686 0.000155717003508471 0.000148984006955288 0.000142042001243681 0.000135872003738768 0.000129972002469003 0.000124330996186472 0.000118796997412574 0.000114399997983128 0.000110137996671256 0.000105913000879809 0.000102085003163666 9.84811995294876e-05 9.52765985857695e-05 9.20456004678272e-05 8.94184995559044e-05 8.70532021508552e-05 8.4750798123423e-05 8.25098977657035e-05 8.04317969596013e-05 7.84064031904563e-05 7.64323995099403e-05 7.45893994462676e-05 7.30285028112121e-05 7.15005007805303e-05 6.9978203100618e-05 6.84404003550299e-05 6.69122018734924e-05 6.54183022561483e-05 6.39580975985155e-05 6.25539032625966e-05 6.10798015259206e-05 5.95216006331611e-05 5.79240986553486e-05 5.63419016543776e-05 5.5275799240917e-05 5.37808009539731e-05 5.20278008480091e-05 5.02106995554641e-05 4.86440003442112e-05 4.71382008981891e-05
0.000242491994868033 0.000234320003073663 0.000226074000238441 0.000216440006624907 0.000206351003726013 0.000196669003344141 0.000187721001566388 0.000180368995643221 0.00017427999409847 0.000167537000379525 0.00016206200234592 0.000154902998474427 0.000149790997966193 0.000144848003401421 0.000140068004839122 0.000135506998049095 0.000131242006318644 0.00012711199815385 0.000123113000881858 0.000120015996799339 0.000117251001938712 0.000114549999125302 0.000111911998828873 0.000109424996480811 0.000106995001260657 0.000104617996839806 0.000102019002952147 9.99351977952756e-05 9.7868796729017e-05 9.58003001869656e-05 9.37201984925196e-05 9.1815396444872e-05 8.948639879236e-05 8.75929035828449e-05 8.58675994095393e-05 8.36112012621015e-05 8.14699014881626e-05 7.90077974670567e-05 7.66869998187758e-05 7.44342978578061e-05 7.28078011889011e-05 7.11059983586892e-05 6.874930113554e-05 6.6028100263793e-05 6.38639030512422e-05
0.000279305997537449 0.000270480988547206 0.00026274099946022 0.000255883001955226 0.000246214010985568 0.000238203007029369 0.000231098994845524 0.000224128001718782 0.000216628002817743 0.00020913100161124 0.000201189002837054 0.000193458996363916 0.000186687000677921 0.00018126200302504 0.000176137997186743 0.000170736006111838 0.000165346005815081 0.000161973002832383 0.000157957998453639 0.000154326000483707 0.000151075000758283 0.000147893995745108 0.000144778998219408 0.000141758995596319 0.000138766001327895 0.000135836002300493 0.000133110006572679 0.00013062400103081 0.00012814300134778 0.000125680002383888 0.000123033998534083 0.000120311997306999 0.000117718998808414 0.000115112998173572 0.000112472000182606 0.000109612999949604 0.000106380997749511 0.00010286000178894 9.95843001874164e-05 9.68937965808436e-05 9.42440019571222e-05 9.13660987862386e-05 8.81907035363838e-05 8.50232972879894e-05 8.22759029688314e-05
0.000326509005390108 0.000314209988573566 0.000305719004245475 0.000294408004265279 0.000286271009827033 0.000277326995274052 0.000269937008852139 0.000263853988144547 0.000257829000474885 0.000249953009188175 0.00024264000239782 0.000235215993598104 0.000229154000408016 0.000223370996536687 0.000218814006075263 0.000214614992728457 0.000209714999073185 0.000203921998036094 0.000198288995306939 0.000194366002688184 0.000191535000340082 0.000188086996786296 0.000184357006219216 0.000180697999894619 0.000177242996869609 0.000173755004652776 0.000171131992829032 0.000168701997608878 0.000165132994879968 0.000161800999194384 0.000159532995894551 0.000156741007231176 0.000153171000420116 0.000149380997754633 0.000145543002872728 0.000141992000862956 0.000138539995532483 0.000134182002511807 0.000130560001707636 0.000126708997413516 0.000122886005556211 0.000119144002383109 0.000114859001769219 0.000110836001113057 0.000107275001937523
0.000356053991708905 0.000349312002072111 0.000340881990268826 0.000330265000229701 0.000322648993460461 0.000315428012982011 0.000308093993226066 0.000298811995889992 0.000291873002424836 0.000285117013845593 0.000277838989859447 0.000272650009719655 0.000268011004664004 0.000261754990788177 0.000255644001299515 0.000251894001848996 0.000248535012360662 0.000243532005697489 0.000238630003877915 0.00023457600036636 0.000230835998081602 0.000227155993343331 0.000223465001909062 0.000219559005927294 0.000215723004657775 0.000211952996323816 0.000208251993171871 0.000204588999622501 0.000200750000658445 0.000196474997210316 0.00019187800353393 0.00018709700088948 0.000183156997081824 0.000179584007128142 0.000176387999090366 0.000173541004187427 0.000170740997418761 0.000167987003806047 0.000164172000950202 0.000159756003995426 0.000156062000314705 0.000152873006300069 0.000148366001667455 0.000144029996590689 0.000139821000630036
0.000397319003241137 0.000385580991860479 0.000375078991055489 0.000362972001312301 0.000355947995558381 0.000350752001395449 0.000342907005688176 0.00033759098732844 0.000330311013385653 0.000325328990584239 0.000319515005685389 0.000313988013658673 0.000308535003568977 0.000303373992210254 0.000296412996249273 0.000291723990812898 0.000286552007310092 0.000283169996691868 0.000278611987596378 0.000274705002084374 0.000270249991444871 0.000266732997260988 0.000262983987340704 0.000259085994912311 0.000254495011176914 0.000249984994297847 0.000246093986788765 0.000241396002820693 0.000236987005337141 0.000233672995818779 0.00023044299450703 0.000226796997594647 0.000222426999243908 0.00021929299691692 0.000216294007259421 0.000212423998164013 0.00020970799960196 0.000206550001166761 0.000201604998437688 0.000196897002751939 0.000193180007045157 0.00018990300304722 0.00018492600065656 0.000180329006980173 0.000175634995684959
0.000446908990852535 0.000432837987318635 0.000419113988755271 0.000408852996770293 0.000400188990170136 0.000391623005270958 0.000386934989364818 0.00037785799941048 0.000369574991054833 0.000364859995897859 0.000358134013367817 0.000351970986230299 0.000347208988387138 0.000342512998031452 0.000337881006998941 0.000333423988195136 0.000329136004438624 0.000324741995427758 0.000321430008625612 0.000318234990118071 0.000315804005367681 0.000313967990223318 0.000311532989144325 0.000307690992485732 0.000303606007946655 0.000300693005556241 0.000296749989502132 0.000292470998829231 0.000288321985863149 0.000284336012555286 0.000281234999420121 0.000278163992334157 0.000274638005066663 0.000271147990133613 0.000267430004896596 0.000263308989815414 0.000259251013631001 0.000256038998486474 0.000251547986408696 0.00024688700796105 0.000243009999394417 0.000236812993534841 0.000230260993703268 0.000224449002416804 0.000219715002458543
0.000472334009828046 0.000468721991637722 0.000463614007458091 0.000458360009361058 0.00045374600449577 0.000447317986981943 0.000439225987065583 0.00042915900121443 0.000420880009187385 0.000412477995269001 0.000404307997087017 0.000399678014218807 0.000397442985558882 0.00039286000537686 0.000390205008443445 0.000386517000151798 0.000381476012989879 0.0003781899868045 0.00037501601036638 0.000371523987269029 0.000367380009265617 0.000363686995115131 0.000360884005203843 0.000357250013621524 0.000354035990312696 0.000352245988324285 0.000347427994711325 0.000342042010743171 0.000337764009600505 0.000334598997142166 0.00033189301029779 0.000328828988131136 0.000325795001117513 0.000322434992995113 0.000318804988637567 0.000314793986035511 0.000310739997075871 0.000306184985674918 0.000301852007396519 0.000296974001685157 0.000293051009066403 0.00028864000341855 0.000282899010926485 0.000278863008134067 0.000273570010904223
0.000491833023261279 0.000488664023578167 0.000485514989122748 0.000481786992168054 0.000477841007523239 0.00047703500604257 0.000474906002636999 0.000472121988423169 0.000469857011921704 0.000467814999865368 0.000465738994535059 0.000463375996332616 0.000460957991890609 0.000457960006315261 0.000455206987680867 0.000452070991741493 0.00044918101048097 0.000445434998255223 0.000440864008851349 0.000437075010268018 0.000433954002801329 0.000432270986493677 0.000428866012953222 0.000424180005211383 0.000420611002482474 0.000417072005802765 0.000413564004702494 0.000409414991736412 0.000405441998736933 0.000402533012675121 0.000398116011638194 0.000392676010960713 0.000387365987990052 0.000382127007469535 0.000377032003598288 0.000371442001778632 0.000366218009730801 0.000359211000613868 0.00035385400406085 0.000348577013937756 0.000344085012329742 0.000340466998750344 0.00033625599462539 0.000330532988300547 0.000325906003126875
0.000500542984809726 0.00049872201634571 0.000496670021675527 0.000495150976348668 0.000492496998049319 0.000489734986331314 0.000488051009597257 0.000485686992760748 0.000484374002553523 0.000483682000776753 0.000482342991745099 0.000481111987028271 0.000480193004477769 0.000479276990517974 0.000478317990200594 0.000478342000860721 0.00047811699914746 0.00047796600847505 0.000477960013085976 0.000477913010399789 0.000477838009828702 0.000477899011457339 0.000477643014164641 0.000476099987281486 0.000476368993986398 0.000473874999443069 0.000470500002847984 0.000466978992335498 0.00046439899597317 0.000461949006421492 0.000458922004327178 0.000453827989986166 0.000449287996161729 0.000445139012299478 0.000439563009422272 0.000433334003901109 0.00042633299017325 0.000419649994000793 0.000413953006500378 0.000406186009058729 0.000399604992708191 0.000390458008041605 0.000381750985980034 0.000373248010873795 0.000366494001355022
0.000505990989040583 0.000504896976053715 0.000503170012962073 0.00050214899238199 0.000500758003909141 0.000499998976010829 0.00049924198538065 0.000498485984280705 0.000498568988405168 0.000498652982059866 0.000498736975714564 0.000498341978527606 0.00049681100063026 0.00049654598115012 0.00049614702584222 0.00049508799565956 0.000494930020067841 0.000495990971103311 0.000495881016831845 0.000495392014272511 0.000494899984914809 0.000494408013764769 0.000493916973937303 0.000493541010655463 0.000492024992126971 0.000491423008497804 0.000491968996357173 0.00049161200877279 0.000490896985866129 0.000489883997943252 0.000488608027808368 0.000486854987684637 0.000485108001157641 0.000483367999549955 0.000480919989058748 0.000478247995488346 0.000475592009024695 0.000472140993224457 0.000468340003862977 0.00046384398592636 0.000457262998679653 0.000450232008006424 0.000442885997472331 0.000433720997534692 0.000424360012402758
0.000512681028340012 0.000512671016622335 0.00051207299111411 0.000510852027218789 0.000509565987158567 0.000509253004565835 0.000508381985127926 0.000507513002958149 0.000507613993249834 0.000507536984514445 0.000507041986566037 0.000507187971379608 0.000506894022691995 0.000506518990732729 0.000505224976222962 0.000505072996020317 0.000505548028741032 0.000506655022036284 0.00050763098988682 0.000507859978824854 0.000507606018800288 0.000506602984387428 0.000505623989738524 0.000505699019413441 0.000504717987496406 0.000504945986904204 0.00050512800225988 0.000505151983816177 0.000505177013110369 0.000504817988257855 0.000503819028381258 0.000502313021570444 0.000501096015796065 0.000500015972647816 0.00049894000403583 0.000495888001751155 0.00049390597268939 0.000491933024022728 0.000489522004500031 0.000486683013150468 0.000484173011500388 0.000481410999782383 0.000478330010082573 0.000473135994980112 0.000465533987153322
0.00051404198165983 0.000513893028255552 0.000514040002599359 0.000514186976943165 0.000514096987899393 0.000513929000589997 0.000513760023750365 0.000513591978233308 0.000514414976350963 0.000514040992129594 0.000514002982527018 0.00051459699170664 0.000514497980475426 0.000514399027451873 0.000514291983563453 0.000514669984113425 0.000515533029101789 0.000516398984473199 0.00051726697711274 0.000518242013640702 0.000518475018907338 0.000518178974743932 0.000516886007972062 0.000515641004312783 0.000514399027451873 0.000514397979713976 0.000514640007168055 0.000513011997099966 0.00051182898459956 0.000510820013005286 0.000510078971274197 0.000509409001097083 0.000509129022248089 0.000508848985191435 0.000507870980072767 0.000506817013956606 0.000505433010403067 0.00050311500672251 0.000500552996527404 0.000498102977871895 0.000497379980515689 0.000496520020533353 0.000492785009555519 0.000487320008687675 0.000483159994473681
0.000517392996698618 0.000517854001373053 0.000518315995577723 0.000518777989782393 0.000518748012837023 0.000518554996233433 0.000518360990099609 0.00051816797349602 0.000519288005307317 0.000520567991770804 0.000522081973031163 0.000523112015798688 0.000522890011779964 0.000523297989275306 0.000523046008311212 0.000522535003256053 0.000521927024237812 0.000521319976542145 0.000520713976584375 0.000520382018294185 0.000521008973009884 0.000521697977092117 0.00052238698117435 0.000522522022947669 0.000522657006513327 0.000522707996424288 0.000522295013070107 0.000521712005138397 0.000521129986736923 0.000520549016073346 0.000519260007422417 0.000519705004990101 0.000519337016157806 0.000518970016855747 0.000518111977726221 0.00051633600378409 0.00051578797865659 0.000514551007654518 0.000511527003254741 0.000509298988617957 0.000507902004756033 0.000506246986333281 0.000501914008054882 0.000497457978781313 0.000493870989885181
0.000519699999131262 0.000519554014317691 0.000519409019034356 0.00051926402375102 0.000519197026733309 0.000519393011927605 0.000519589986652136 0.000519785971846431 0.000520919973496348 0.000522057001944631 0.000522262009326369 0.000522435002494603 0.000522540009114891 0.000522645015735179 0.000522750022355467 0.000522991002071649 0.000523365975823253 0.000523741007782519 0.000524116971064359 0.000524714007042348 0.000525370996911079 0.0005252729752101 0.000525161973200738 0.000524497008882463 0.000524434028193355 0.000524070987012237 0.000523680006153882 0.000523201015312225 0.000523017020896077 0.000523313006851822 0.000523623020853847 0.000523948983754963 0.000524275004863739 0.000524602015502751 0.000524119997862726 0.00052292802138254 0.000520473986398429 0.000517485023010522 0.000514797982759774 0.00051333598094061 0.000510945974383503 0.000508923025336117 0.000506791984662414 0.000503823976032436 0.000500868016388267
0.000521336973179132 0.00052129797404632 0.000521258974913508 0.000521221023518592 0.000521078007295728 0.000520900008268654 0.000521456997375935 0.000521829992067069 0.000521827023476362 0.000521823007147759 0.000521819980349392 0.000521741982083768 0.00052157900063321 0.000521919981110841 0.000522262009326369 0.000522951013408601 0.000523991009686142 0.000525032985024154 0.000525002018548548 0.000524903007317334 0.000524870003573596 0.000525593990460038 0.000526427989825606 0.000526082993019372 0.000525737996213138 0.00052539398893714 0.000525625015143305 0.000525934970937669 0.000526009011082351 0.000526082993019372 0.000525853014551103 0.000525409996043891 0.000524955976288766 0.000524004979524761 0.000522950023878366 0.000521899026352912 0.000520574976690114 0.000519255001563579 0.000517427979502827 0.000515724008437246 0.000514284998644143 0.000511953025124967 0.000508866971358657 0.000507435004692525 0.000504049996379763
