results/Predictions/Median/Pliensbachian.asc
NCOLS 360 
NROWS 180 
XLLCORNER -180 
YLLCORNER -90 
CELLSIZE 1 
NODATA_value -3.4e+38 
[rows 160 to 179 of 180, columns 45 to 89 of 360]
5.96118994167227e-08 5.98530007778209e-08 6.0095096898749e-08 6.0338201990362e-08 6.06778982614742e-08 6.10516011079199e-08 6.1427599007402e-08 6.18059985413311e-08 6.22745019995818e-08 6.27077980652757e-08 6.30168983661861e-08 6.33303969266308e-08 6.3654297832727e-08 6.39798969359617e-08 6.43071018657793e-08 6.46467981368914e-08 6.4999099436136e-08 6.53532978844851e-08 6.5709500063349e-08 6.61073968899473e-08 6.65211032924162e-08 6.69374031758707e-08 6.73564031217211e-08 6.78668996556553e-08 6.83812970692088e-08 6.8899602467809e-08 6.94306976356529e-08 6.99924029845533e-08 7.05586984395268e-08 7.11295982114279e-08 7.17125985261191e-08 7.23078983355663e-08 7.29082003658732e-08 7.35134975116125e-08 7.41654986313733e-08 7.48372031011968e-08 7.55148974462827e-08 7.61989014108622e-08 7.69174022252628e-08 7.76427029336446e-08 7.83749030119907e-08 7.91361003393831e-08 7.9971400168688e-08 8.08156030984719e-08 8.16688014992906e-08
5.75777008293699e-08 5.78117997918071e-08 5.80468011435187e-08 5.8282800807774e-08 5.8627399823763e-08 5.901020116994e-08 5.93954005978503e-08 5.97832965354428e-08 6.02119030190806e-08 6.0643699839602e-08 6.10786017318787e-08 6.14447017710518e-08 6.1723596900265e-08 6.20036004761459e-08 6.2284996715789e-08 6.25797014208729e-08 6.28877998565258e-08 6.31974970133342e-08 6.35087005207424e-08 6.3873798694658e-08 6.42586002186363e-08 6.4645696795651e-08 6.5035102636557e-08 6.55338965316332e-08 6.60365984117561e-08 6.65431016955154e-08 6.70523974122261e-08 6.75625031476557e-08 6.80764031812942e-08 6.85942964651076e-08 6.91200980895701e-08 6.96539004252372e-08 7.01919020684727e-08 7.07340035432935e-08 7.13169967525573e-08 7.19171993068812e-08 7.25224964526205e-08 7.3132802924647e-08 7.38081027407134e-08 7.44896979654186e-08 7.51776028096174e-08 7.58919966870053e-08 7.66746026670262e-08 7.74653017288074e-08 7.82642004537593e-08
5.56131993789677e-08 5.58403989714407e-08 5.6068500953188e-08 5.62976012474792e-08 5.66463995710365e-08 5.70372016284182e-08 5.74307001954821e-08 5.7826998300925e-08 5.82178998342897e-08 5.86115014300503e-08 5.90077995354932e-08 5.93902989010076e-08 5.97258988932481e-08 6.00634990632898e-08 6.0326499351504e-08 6.05785999141517e-08 6.08452026540363e-08 6.11128996297339e-08 6.13816979466719e-08 6.17158022464537e-08 6.20730986611306e-08 6.24324982823055e-08 6.27939016339951e-08 6.32811989476068e-08 6.37722976648547e-08 6.4267197785739e-08 6.47557030220014e-08 6.52170015769116e-08 6.56815970501157e-08 6.61494965470411e-08 6.66214035049961e-08 6.70974031891092e-08 6.75767992674992e-08 6.80596983215764e-08 6.85781031961596e-08 6.91114010464844e-08 6.96487987283945e-08 7.01903033473172e-08 7.08246972180859e-08 7.14649033284331e-08 7.21108008860938e-08 7.27810984813004e-08 7.35139025209719e-08 7.42541033105226e-08 7.50018003259356e-08
5.48236016584269e-08 5.5036299073663e-08 5.52498988781736e-08 5.54641985672788e-08 5.57749011420583e-08 5.61195001580472e-08 5.64660993518373e-08 5.68149012281083e-08 5.71644989122433e-08 5.75162992788592e-08 5.78795003036703e-08 5.82390988768111e-08 5.85774984074305e-08 5.89177986398681e-08 5.92600990501069e-08 5.95874993791767e-08 5.9899697646415e-08 6.02136012162191e-08 6.05291035071787e-08 6.08921979505794e-08 6.12398025623406e-08 6.15816020399507e-08 6.19252986666652e-08 6.23657996356997e-08 6.2809299095079e-08 6.32560031021967e-08 6.37005967973892e-08 6.41320028194059e-08 6.45664002263402e-08 6.50036966476364e-08 6.54553033996308e-08 6.59213981180073e-08 6.63907968601052e-08 6.68634996259243e-08 6.73773001835798e-08 6.79077984955256e-08 6.84423966390568e-08 6.89812011955837e-08 6.95906976488914e-08 7.02056013324182e-08 7.08258980353094e-08 7.14718026983974e-08 7.21842994266808e-08 7.29039015823219e-08 7.36308010118591e-08
5.40544000671161e-08 5.42617009102742e-08 5.44697016380269e-08 5.46786012023404e-08 5.49534000526819e-08 5.52686003629788e-08 5.55783010725008e-08 5.58896005031784e-08 5.62108013468787e-08 5.65337998637006e-08 5.68586990823405e-08 5.71845006902549e-08 5.75094993848779e-08 5.78362993053361e-08 5.81649004516294e-08 5.84783990120741e-08 5.87789017458817e-08 5.90919988496807e-08 5.94069007320286e-08 5.97799001411659e-08 6.01742016215212e-08 6.05712031642724e-08 6.09706987120262e-08 6.146350273184e-08 6.18608027025402e-08 6.22607032596534e-08 6.2662600441854e-08 6.306510158538e-08 6.34700967339086e-08 6.38777990502604e-08 6.43096029762091e-08 6.47658993102596e-08 6.52254996680313e-08 6.56883969440969e-08 6.6197600290252e-08 6.6725100111853e-08 6.72568987170052e-08 6.77930032111362e-08 6.83781991028809e-08 6.89684966914683e-08 6.95639030823259e-08 7.01859974583385e-08 7.08786984660037e-08 7.15782988436331e-08 7.22847985912267e-08
5.40027009776622e-08 5.4203500354788e-08 5.44121014911525e-08 5.46224008246554e-08 5.48875007666538e-08 5.51737002751906e-08 5.54637011873638e-08 5.57553008206924e-08 5.60729986887054e-08 5.63926008112503e-08 5.67141000828997e-08 5.70391982535057e-08 5.73717997554013e-08 5.77062984064014e-08 5.80428007879163e-08 5.83703005929692e-08 5.86908015520748e-08 5.90131001843019e-08 5.93372000423642e-08 5.97101035282321e-08 6.00979035425553e-08 6.0488297037864e-08 6.08901018495089e-08 6.13202004728919e-08 6.16891000504438e-08 6.20603017864596e-08 6.24362002099588e-08 6.28219964937671e-08 6.32103009934326e-08 6.36009005461347e-08 6.40144008912102e-08 6.44511999325914e-08 6.48908979883345e-08 6.53336016398498e-08 6.58236984918403e-08 6.63323973526531e-08 6.68450965690681e-08 6.73616966651025e-08 6.79195011343836e-08 6.84820022911481e-08 6.90492001353959e-08 6.96416009304812e-08 7.03013967040533e-08 7.0967502097119e-08 7.16399028988235e-08
5.472340092183e-08 5.49369012503576e-08 5.51512009394628e-08 5.53663994651288e-08 5.56182015998274e-08 5.58831985131292e-08 5.6149399796368e-08 5.64170008487963e-08 5.67369013992902e-08 5.70705012137296e-08 5.74109009221502e-08 5.77541001689497e-08 5.8095000809999e-08 5.84379016288494e-08 5.87827990727874e-08 5.91372000258161e-08 5.9501299887188e-08 5.98676024310407e-08 6.02360969992333e-08 6.0618901898124e-08 6.09365002901541e-08 6.12550010714585e-08 6.15752000499015e-08 6.19303008875249e-08 6.22873983502359e-08 6.26464995434617e-08 6.30121022027197e-08 6.33930028470786e-08 6.3776198544474e-08 6.41617035057607e-08 6.45577031832545e-08 6.49643965289215e-08 6.53736975664287e-08 6.57855991903489e-08 6.62419026298267e-08 6.67154012035098e-08 6.71923032768973e-08 6.76726017445617e-08 6.81991991768882e-08 6.87300030222104e-08 6.92648001177076e-08 6.98211977123719e-08 7.04346021507263e-08 7.1053300132462e-08 7.16774977149726e-08
5.54537002983579e-08 5.56802000062362e-08 5.59077015793719e-08 5.61360984363546e-08 5.63879005710533e-08 5.66483002728546e-08 5.69099007918794e-08 5.7172698575414e-08 5.75041987360692e-08 5.78376990745255e-08 5.81731001148e-08 5.85075987658001e-08 5.88357984554477e-08 5.91812998607111e-08 5.9533299179293e-08 5.99141998236519e-08 6.03228968998337e-08 6.06279968451418e-08 6.09297003961728e-08 6.12430000046515e-08 6.156130183399e-08 6.18813018604669e-08 6.22029006080993e-08 6.25460003789158e-08 6.28909972988367e-08 6.32378984732895e-08 6.359289983493e-08 6.39686987824462e-08 6.43466009364602e-08 6.47267981435107e-08 6.51050982014567e-08 6.54812026823492e-08 6.58596022162783e-08 6.62400978512778e-08 6.66621033929005e-08 6.70999966700947e-08 6.75408031725055e-08 6.79845015838509e-08 6.84796006567012e-08 6.89783021812218e-08 6.94806985279683e-08 7.000080159969e-08 7.05674025880398e-08 7.1138501311907e-08 7.17142967232576e-08
5.74959990728985e-08 5.77085010888823e-08 5.79218983887131e-08 5.81359991258523e-08 5.83613015692208e-08 5.8590799767444e-08 5.88212998309245e-08 5.90525992549829e-08 5.94191007508016e-08 5.97878013763875e-08 6.01587970550099e-08 6.05102030704074e-08 6.07973973387743e-08 6.1085700053809e-08 6.1329700429269e-08 6.1585801347519e-08 6.1854201760525e-08 6.21237035147715e-08 6.2394398980814e-08 6.27368024197494e-08 6.3104799608027e-08 6.34749000028023e-08 6.38473025560415e-08 6.41665991452101e-08 6.44875015609614e-08 6.48100026978682e-08 6.51356018011029e-08 6.54675034184038e-08 6.58011032328432e-08 6.6136401244421e-08 6.65239028307951e-08 6.69645032758126e-08 6.7408002735192e-08 6.78545006849163e-08 6.82889975678336e-08 6.87212988736974e-08 6.91563002419571e-08 6.95940016726126e-08 7.00580997659017e-08 7.05253029309461e-08 7.09955969568909e-08 7.15057026923205e-08 7.21304971307291e-08 7.27607982753398e-08 7.33965990207253e-08
5.96136970898442e-08 5.98110005967101e-08 6.0008900959474e-08 6.01989995629992e-08 6.03783973929239e-08 6.0558399184174e-08 6.07389978313222e-08 6.09201009638127e-08 6.12630017826632e-08 6.16078992266011e-08 6.19548004010539e-08 6.2272398793084e-08 6.24978966357048e-08 6.27241973916171e-08 6.29513010608207e-08 6.31829024655417e-08 6.34191010817631e-08 6.36562020872589e-08 6.38941983766017e-08 6.4266998833773e-08 6.46869011688977e-08 6.51094964609911e-08 6.55348983968906e-08 6.58289991406491e-08 6.6124300701631e-08 6.64210020318023e-08 6.67156001554758e-08 6.70014017600806e-08 6.72882976004985e-08 6.75765008395501e-08 6.79735023823014e-08 6.84811993778567e-08 6.89927972530313e-08 6.95080970558593e-08 6.9955497394858e-08 7.03816027680659e-08 7.08102021462764e-08 7.12415015868828e-08 7.16729005034722e-08 7.21069000064745e-08 7.25434006199066e-08 7.30428979522912e-08 7.37282022100771e-08 7.44200008284679e-08 7.51183009128908e-08
6.20340969703648e-08 6.22206997036301e-08 6.24079987687765e-08 6.25958023192652e-08 6.27798968366733e-08 6.29631031756617e-08 6.31467997891377e-08 6.33311003639392e-08 6.36815968846349e-08 6.40339976598625e-08 6.43884021656049e-08 6.47150031340971e-08 6.49533973273719e-08 6.51927010153486e-08 6.54328999871723e-08 6.5672800531047e-08 6.59126015989386e-08 6.61531984746944e-08 6.63945982637415e-08 6.67726993697215e-08 6.71984992095531e-08 6.76269991117806e-08 6.8058199076404e-08 6.83582968008523e-08 6.86597019239343e-08 6.89624997107785e-08 6.92645016897586e-08 6.9561501447879e-08 6.98598014992058e-08 7.0159302367756e-08 7.05727032368486e-08 7.1102000731571e-08 7.16352985818958e-08 7.21725967878228e-08 7.2629902092558e-08 7.30618978650455e-08 7.34965013293731e-08 7.39335987987033e-08 7.4368898594912e-08 7.48066995015506e-08 7.52471009946021e-08 7.57524034611379e-08 7.64499006322694e-08 7.71537997934502e-08 7.78642004206631e-08
6.51876987944888e-08 6.54166996127969e-08 6.56466028203795e-08 6.58773018358261e-08 6.60960992604487e-08 6.63114008148113e-08 6.65273987010551e-08 6.67441000246072e-08 6.70619968445862e-08 6.73814000151651e-08 6.77023024309165e-08 6.80148986020868e-08 6.82995988654511e-08 6.85854999460389e-08 6.88726018438501e-08 6.91576005351635e-08 6.94407020773724e-08 6.97248978553944e-08 7.00102020800841e-08 7.03650968603142e-08 7.07445977354837e-08 7.1126301293134e-08 7.15099019998888e-08 7.18509980401905e-08 7.21936004310919e-08 7.25379010191318e-08 7.28900033664104e-08 7.32624982902053e-08 7.3636996944515e-08 7.40133998533565e-08 7.44510018080291e-08 7.49508970443458e-08 7.54543023617771e-08 7.5960997492075e-08 7.6424697681432e-08 7.6875700472101e-08 7.73294033251659e-08 7.77856996592163e-08 7.82652023190167e-08 7.87477034691619e-08 7.92330965282417e-08 7.97621027004425e-08 8.04172017865312e-08 8.10777009974117e-08 8.1743600333084e-08
6.85015990598004e-08 6.87768988427706e-08 6.90532999669813e-08 6.93309019084154e-08 6.95875996825635e-08 6.98379025720897e-08 7.00891007454629e-08 7.03413007840936e-08 7.06220006918556e-08 7.09038019408581e-08 7.11867969016566e-08 7.1483299279862e-08 7.18183983394738e-08 7.21549966442581e-08 7.24932007756252e-08 7.28274969219456e-08 7.3157799818091e-08 7.34896019594089e-08 7.38229033458992e-08 7.41508969781535e-08 7.4478101907971e-08 7.48066995015506e-08 7.51366968643197e-08 7.55221023496233e-08 7.59093978786041e-08 7.62986971380997e-08 7.6705397589194e-08 7.71605996874314e-08 7.76186013240476e-08 7.80792035470768e-08 7.85422997751084e-08 7.90079965895529e-08 7.94765000478037e-08 7.99478030444334e-08 8.04174007384972e-08 8.08883982017505e-08 8.13621028328271e-08 8.18385998968552e-08 8.23659007664901e-08 8.28964985544189e-08 8.34305993180351e-08 8.39842968503035e-08 8.45906029667276e-08 8.52013002372587e-08 8.58164028727515e-08
7.68767023373584e-08 7.71631007978613e-08 7.74505011236215e-08 7.77389033146392e-08 7.80069981942688e-08 7.82687976652596e-08 7.85314995255249e-08 7.87950966696371e-08 7.90746028656031e-08 7.93550967159717e-08 7.96365995370252e-08 7.99286965502688e-08 8.02507003072606e-08 8.05738977760484e-08 8.0898502119453e-08 8.12284000062391e-08 8.15637974937999e-08 8.19005023799946e-08 8.22386994059343e-08 8.25843002871807e-08 8.293349651467e-08 8.32840996167761e-08 8.36363014400376e-08 8.40282012859461e-08 8.44219982809591e-08 8.48176000545209e-08 8.52227017844598e-08 8.56531983117748e-08 8.60857980455876e-08 8.65206999378643e-08 8.69531007197111e-08 8.7382900915145e-08 8.78147972116494e-08 8.82489032960621e-08 8.86829027990643e-08 8.9118302071256e-08 8.95557974445182e-08 8.99955026056887e-08 9.04866013229366e-08 9.09804001025805e-08 9.14767994686372e-08 9.19910974062077e-08 9.25538969909212e-08 9.3120199551322e-08 9.36898985059997e-08
8.62770974663363e-08 8.65731024646266e-08 8.68701022227469e-08 8.71680967406974e-08 8.74466010714059e-08 8.77190018400142e-08 8.79922978924697e-08 8.82665034396268e-08 8.85404034534076e-08 8.88152982270185e-08 8.90909035433651e-08 8.93734011242486e-08 8.96745007139543e-08 8.99766021689175e-08 9.02796983837106e-08 9.05998973621536e-08 9.09370996282632e-08 9.12757016635624e-08 9.16154974106576e-08 9.19785989594857e-08 9.23504970273825e-08 9.27240009218622e-08 9.30988974801039e-08 9.34941013497337e-08 9.38904989311595e-08 9.42886018151512e-08 9.46867970696985e-08 9.50818019873623e-08 9.54783985207541e-08 9.58767003567118e-08 9.62662980441564e-08 9.66471986885153e-08 9.70295985780467e-08 9.74135971887335e-08 9.77995000539522e-08 9.81871011163093e-08 9.85763008998219e-08 9.8966900452524e-08 9.9409497522629e-08 9.98539988472658e-08 1.00299999417075e-07 1.00763003274551e-07 1.0126800020771e-07 1.01776002736642e-07 1.02286996650491e-07
9.22904987987749e-08 9.25371992366308e-08 9.27844965303848e-08 9.30324972614471e-08 9.3266599776598e-08 9.34965029841806e-08 9.37268964662508e-08 9.39578015390907e-08 9.41902982276588e-08 9.44233988775522e-08 9.46571034887711e-08 9.48978993164928e-08 9.51594998355176e-08 9.54216972104405e-08 9.56846974986547e-08 9.59738031269808e-08 9.6289397788496e-08 9.6606001420696e-08 9.6923599812726e-08 9.72760005879536e-08 9.76410987618692e-08 9.80073977530083e-08 9.83752030947471e-08 9.87533965712828e-08 9.91331035038456e-08 9.95140965187602e-08 9.98890001824293e-08 1.0024400154407e-07 1.0059900290571e-07 1.00956000892438e-07 1.01296997456757e-07 1.01621999704093e-07 1.0194799671126e-07 1.02275002689112e-07 1.02591002359986e-07 1.02904998300346e-07 1.03220003211391e-07 1.03535001017008e-07 1.03875002821496e-07 1.04215999385815e-07 1.04557997815391e-07 1.04908998821429e-07 1.05283000095824e-07 1.05658997995306e-07 1.06035997760046e-07
9.40953981398707e-08 9.42320994568036e-08 9.43689997257025e-08 9.45059994705844e-08 9.46398017731553e-08 9.47725027344859e-08 9.49054026477825e-08 9.5038501513045e-08 9.51960998918366e-08 9.53539966985772e-08 9.55121990386942e-08 9.56831982534823e-08 9.58925028271551e-08 9.61022976753156e-08 9.63124975328356e-08 9.65537978458997e-08 9.6826497042457e-08 9.70998996763228e-08 9.73740981180526e-08 9.76877032599077e-08 9.80153984642129e-08 9.83441026392029e-08 9.8673901050006e-08 9.90182016380459e-08 9.93635964618989e-08 9.97102986843856e-08 1.00050996820755e-07 1.00370002087402e-07 1.00690002113879e-07 1.01010996900186e-07 1.01307996658306e-07 1.0158100138824e-07 1.01853999012746e-07 1.0212799850251e-07 1.02365000032023e-07 1.02588998629471e-07 1.02813999092177e-07 1.03038999554883e-07 1.03234000903285e-07 1.03429002251687e-07 1.03624998359919e-07 1.03818003083234e-07 1.04001003364829e-07 1.04184998406254e-07 1.04370002418364e-07
9.59339985229235e-08 9.5956401935382e-08 9.59787982424132e-08 9.60012016548717e-08 9.60313002451585e-08 9.60640988978412e-08 9.60968975505239e-08 9.61297033086339e-08 9.62106980750832e-08 9.62916999469599e-08 9.63729007708025e-08 9.647269649804e-08 9.66289022130695e-08 9.67852002986547e-08 9.69419033935992e-08 9.71347020595204e-08 9.73638023538115e-08 9.75934995040006e-08 9.78238006155152e-08 9.80982974851941e-08 9.83882983973672e-08 9.86791022228317e-08 9.89708013321433e-08 9.92809034983111e-08 9.95920004243089e-08 9.99040992155642e-08 1.00210002074164e-07 1.00492997034962e-07 1.00777000966445e-07 1.01061999657759e-07 1.01315002609681e-07 1.01536002716784e-07 1.01757002823888e-07 1.01978997690821e-07 1.02135999213715e-07 1.02271997093339e-07 1.02407000213134e-07 1.02542998092758e-07 1.02595002715589e-07 1.02645998367734e-07 1.02698002990564e-07 1.02736002816073e-07 1.02733999085558e-07 1.02731000595213e-07 1.02728996864698e-07
9.59361017294214e-08 9.59554000701246e-08 9.59746984108278e-08 9.59941033329414e-08 9.6021096851473e-08 9.60506980618447e-08 9.60802992722165e-08 9.61099999585713e-08 9.61877972827097e-08 9.62657011882584e-08 9.63436974643628e-08 9.64402033787337e-08 9.65923021567505e-08 9.67445998867333e-08 9.68972031500925e-08 9.70866977922924e-08 9.73132969761537e-08 9.75405001213403e-08 9.7768101170459e-08 9.80393011218439e-08 9.83256001063637e-08 9.86128014801579e-08 9.89006991858332e-08 9.92072983763137e-08 9.95147999560686e-08 9.98233034010809e-08 1.00124999846685e-07 1.00407000047653e-07 1.00689000248622e-07 1.0097100044959e-07 1.01221999670997e-07 1.01440001287756e-07 1.01658997664344e-07 1.0187800114636e-07 1.02032998938739e-07 1.02165998328019e-07 1.02299999582556e-07 1.02434000837093e-07 1.02484001729408e-07 1.02534002621724e-07 1.02584998273869e-07 1.02622003339548e-07 1.02618997743775e-07 1.02617001118688e-07 1.02614002628343e-07
9.59380983545088e-08 9.59543982048672e-08 9.59706980552255e-08 9.59869979055838e-08 9.60109005632148e-08 9.60372972258483e-08 9.60638004698922e-08 9.60902966085087e-08 9.61650030717465e-08 9.62397024295569e-08 9.63145012633504e-08 9.6407703154e-08 9.65557021004315e-08 9.6703999474812e-08 9.68526023825689e-08 9.70388001064748e-08 9.72627987039232e-08 9.74874012626969e-08 9.77125012013857e-08 9.79802976530664e-08 9.82630012913432e-08 9.85465007374842e-08 9.88308030969165e-08 9.91337998357267e-08 9.94376989638113e-08 9.97425999571533e-08 1.00040999484463e-07 1.00320001195087e-07 1.0059999766554e-07 1.00880001241421e-07 1.01128996732314e-07 1.01345001723985e-07 1.01560999610228e-07 1.0177799936173e-07 1.01929998663763e-07 1.02061001427955e-07 1.0219199708672e-07 1.0232400171617e-07 1.02373000743228e-07 1.02423001635543e-07 1.02472000662601e-07 1.02507996757595e-07 1.0250499826725e-07 1.02501999776905e-07 1.0249900128656e-07
