results/Predictions/Median/Pliensbachian.asc
NCOLS 360 
NROWS 180 
XLLCORNER -180 
YLLCORNER -90 
CELLSIZE 1 
NODATA_value -3.4e+38 
[rows 160 to 179 of 180, columns 225 to 269 of 360]
-3.4e+38 -3.4e+38 -3.4e+38 -3.4e+38 -3.4e+38 -3.4e+38 -3.4e+38 -3.4e+38 -3.4e+38 -3.4e+38 -3.4e+38 -3.4e+38 -3.4e+38 -3.4e+38 -3.4e+38 -3.4e+38 -3.4e+38 -3.4e+38 -3.4e+38 -3.4e+38 -3.4e+38 -3.4e+38 -3.4e+38 -3.4e+38 -3.4e+38 -3.4e+38 -3.4e+38 -3.4e+38 -3.4e+38 -3.4e+38 -3.4e+38 -3.4e+38 -3.4e+38 -3.4e+38 -3.4e+38 -3.4e+38 -3.4e+38 -3.4e+38 -3.4e+38 8.94847980816849e-05 8.22389993118122e-05 3.31658993673045e-05 1.47154003116157e-06 5.35058006789768e-08 3.25678009005514e-08
-3.4e+38 -3.4e+38 -3.4e+38 -3.4e+38 -3.4e+38 -3.4e+38 -3.4e+38 -3.4e+38 -3.4e+38 -3.4e+38 -3.4e+38 -3.4e+38 -3.4e+38 -3.4e+38 -3.4e+38 -3.4e+38 -3.4e+38 -3.4e+38 -3.4e+38 -3.4e+38 -3.4e+38 -3.4e+38 -3.4e+38 -3.4e+38 -3.4e+38 -3.4e+38 -3.4e+38 -3.4e+38 -3.4e+38 -3.4e+38 -3.4e+38 -3.4e+38 -3.4e+38 -3.4e+38 -3.4e+38 8.02287977421656e-05 7.81908966018818e-05 8.03928996901959e-05 3.10858990815177e-06 5.08450987979359e-08 3.88794987316032e-08 3.94094996636341e-08 3.83321001606873e-08 3.72584985086633e-08 3.65303982619025e-08
-3.4e+38 -3.4e+38 -3.4e+38 -3.4e+38 -3.4e+38 -3.4e+38 -3.4e+38 -3.4e+38 -3.4e+38 -3.4e+38 -3.4e+38 -3.4e+38 -3.4e+38 -3.4e+38 -3.4e+38 -3.4e+38 -3.4e+38 -3.4e+38 -3.4e+38 -3.4e+38 -3.4e+38 -3.4e+38 -3.4e+38 -3.4e+38 -3.4e+38 -3.4e+38 -3.4e+38 -3.4e+38 -3.4e+38 -3.4e+38 7.23089033272117e-05 7.12558030500077e-05 7.30648971511982e-05 6.91520035616122e-05 1.11033996290644e-05 2.1736100563885e-07 3.79662985494633e-08 3.69440016356748e-08 3.75997011303753e-08 3.8267199187203e-08 3.91451990822134e-08 3.98692989733718e-08 4.00320985249891e-08 4.05002005265942e-08 4.07660003531873e-08
-3.4e+38 -3.4e+38 -3.4e+38 -3.4e+38 -3.4e+38 -3.4e+38 -3.4e+38 -3.4e+38 -3.4e+38 -3.4e+38 -3.4e+38 -3.4e+38 -3.4e+38 -3.4e+38 -3.4e+38 -3.4e+38 -3.4e+38 -3.4e+38 -3.4e+38 -3.4e+38 -3.4e+38 -3.4e+38 -3.4e+38 -3.4e+38 -3.4e+38 -3.4e+38 -3.4e+38 -3.4e+38 6.96536008035764e-05 6.77092975820415e-05 6.11875002505258e-05 8.17149975773646e-06 1.32514003325923e-07 3.68521000382316e-08 3.41415002935719e-08 3.52606015496804e-08 3.6414398607576e-08 3.76042983418756e-08 3.83463998332445e-08 3.91031989011026e-08 3.98751005548093e-08 4.06237994354797e-08 4.12686986805966e-08 4.19157011322113e-08 4.25713011509288e-08
-3.4e+38 -3.4e+38 -3.4e+38 -3.4e+38 -3.4e+38 -3.4e+38 -3.4e+38 -3.4e+38 -3.4e+38 -3.4e+38 -3.4e+38 -3.4e+38 -3.4e+38 -3.4e+38 -3.4e+38 -3.4e+38 -3.4e+38 -3.4e+38 -3.4e+38 -3.4e+38 -3.4e+38 -3.4e+38 -3.4e+38 -3.4e+38 -3.4e+38 7.02280012774281e-05 6.88396030454896e-05 6.52375965728424e-05 3.37989004037809e-05 4.67276004201267e-06 8.66848992586711e-08 3.27792015752948e-08 3.33583010103666e-08 3.45601982587596e-08 3.55212002034477e-08 3.64121000018258e-08 3.73255986119148e-08 3.82622005190569e-08 3.9099699478129e-08 3.9953899744205e-08 4.08251992212172e-08 4.16962002702803e-08 4.25221990951741e-08 4.33575984004619e-08 4.42095000607878e-08
-3.4e+38 0.000110424000013154 0.000109041000541765 0.000105698003608268 -3.4e+38 -3.4e+38 -3.4e+38 -3.4e+38 -3.4e+38 -3.4e+38 -3.4e+38 -3.4e+38 -3.4e+38 -3.4e+38 -3.4e+38 -3.4e+38 -3.4e+38 -3.4e+38 -3.4e+38 -3.4e+38 -3.4e+38 -3.4e+38 -3.4e+38 -3.4e+38 7.17228031135164e-05 6.89653970766813e-05 5.98775004618801e-05 1.65221008501248e-05 1.03457000477647e-06 4.47459989061372e-08 3.24756008751592e-08 3.37034009589843e-08 3.49740005844978e-08 3.62927998764917e-08 3.72762016809247e-08 3.81554983164278e-08 3.90543988260106e-08 3.99741004741827e-08 4.10028988540034e-08 4.2058399429834e-08 4.31411990575725e-08 4.4285098255159e-08 4.55612010341611e-08 4.68740992687344e-08 4.82251003575129e-08
0.000106090999906883 0.00010640500113368 0.000107134001154918 0.000106227002106607 0.000105195002106484 0.000105209997855127 -3.4e+38 -3.4e+38 -3.4e+38 -3.4e+38 -3.4e+38 -3.4e+38 -3.4e+38 -3.4e+38 -3.4e+38 -3.4e+38 -3.4e+38 -3.4e+38 -3.4e+38 -3.4e+38 -3.4e+38 -3.4e+38 -3.4e+38 -3.4e+38 7.30254978407174e-05 6.62457023281604e-05 2.71750996034825e-05 4.11039991377038e-06 5.94750986238068e-08 3.30972014239705e-08 3.42794983509975e-08 3.55651010863767e-08 3.68982995269107e-08 3.82815983357432e-08 3.94488992583319e-08 4.05586000340463e-08 4.16988008566932e-08 4.2871299399394e-08 4.42255014831971e-08 4.56226985079411e-08 4.70644003769394e-08 4.86869993210348e-08 5.07868982424498e-08 5.29777999247472e-08 5.52638006467987e-08
0.000101979996543378 0.000103844999102876 0.000105464001535438 0.000106530998891685 0.000108084001112729 0.000105958999483846 -3.4e+38 -3.4e+38 -3.4e+38 -3.4e+38 -3.4e+38 -3.4e+38 -3.4e+38 -3.4e+38 -3.4e+38 -3.4e+38 -3.4e+38 -3.4e+38 -3.4e+38 -3.4e+38 -3.4e+38 -3.4e+38 -3.4e+38 -3.4e+38 7.66832017689012e-05 7.08388979546726e-05 3.32124982378446e-05 3.8823100112495e-06 5.61193012060812e-08 3.48445006181919e-08 3.61809000537505e-08 3.75298014887449e-08 3.89285013113749e-08 4.03796001080536e-08 4.17476009317852e-08 4.31125997124582e-08 4.45226007173005e-08 4.5979000162788e-08 4.77019987954463e-08 4.94900014302857e-08 5.13456015482916e-08 5.3527898558059e-08 5.66144997549145e-08 5.98800014017797e-08 6.33349017675755e-08
0.000113788002636284 0.000115738999738824 0.000114658003440127 0.000110232002043631 0.000110068001959007 0.000108410997199826 -3.4e+38 -3.4e+38 -3.4e+38 -3.4e+38 -3.4e+38 -3.4e+38 -3.4e+38 -3.4e+38 -3.4e+38 -3.4e+38 -3.4e+38 -3.4e+38 -3.4e+38 -3.4e+38 -3.4e+38 -3.4e+38 -3.4e+38 -3.4e+38 7.92283972259611e-05 7.4191797466483e-05 6.62797028780915e-05 1.75453005795134e-05 5.19652985531138e-07 5.05039992049205e-08 4.70093013404949e-08 4.80158988125368e-08 4.90441003364595e-08 5.00943997394643e-08 5.11531013103195e-08 5.22292999960428e-08 5.33283994741396e-08 5.4450598696576e-08 5.58505988124125e-08 5.7286801080636e-08 5.87601007850935e-08 6.04392980108059e-08 6.2687497859315e-08 6.50196980700457e-08 6.74391031907362e-08
0.000103623002360109 0.000114153001049999 0.000113413996587042 0.000109854001493659 0.000107400002889335 0.000108310996438377 0.000105017999885604 0.000101436999102589 -3.4e+38 -3.4e+38 -3.4e+38 -3.4e+38 -3.4e+38 -3.4e+38 -3.4e+38 -3.4e+38 -3.4e+38 -3.4e+38 -3.4e+38 -3.4e+38 -3.4e+38 -3.4e+38 -3.4e+38 -3.4e+38 -3.4e+38 -3.4e+38 7.37399968784302e-05 8.03224029368721e-05 2.44721995841246e-05 1.6923299881455e-06 9.02735024510548e-08 5.94990012814378e-08 5.84666999259298e-08 5.85893005222715e-08 5.99182996552372e-08 6.13696968798649e-08 6.28560030691006e-08 6.40702992882325e-08 6.53845972919953e-08 6.63047003968131e-08 6.7237898804251e-08 6.81290970305781e-08 6.92334012342144e-08 7.03547016200901e-08 7.14930976641881e-08
8.68771021487191e-05 0.000108667001768481 0.000126561993965879 0.000126034996355884 0.000125702004879713 0.000124338999739848 0.000120898002933245 -3.4e+38 -3.4e+38 -3.4e+38 -3.4e+38 -3.4e+38 -3.4e+38 -3.4e+38 -3.4e+38 -3.4e+38 -3.4e+38 -3.4e+38 -3.4e+38 -3.4e+38 -3.4e+38 -3.4e+38 -3.4e+38 -3.4e+38 -3.4e+38 -3.4e+38 -3.4e+38 0.000160556999617256 0.000149661005707458 9.18454970815219e-05 2.5392500901944e-05 8.47973012696457e-07 9.05263988215665e-08 6.53774989700651e-08 6.67109034679925e-08 6.65002986011132e-08 6.6283398325595e-08 6.69584991896954e-08 6.90039030359912e-08 7.11100014427757e-08 7.25955970892755e-08 7.31027967049158e-08 7.37271008688367e-08 7.43533021818621e-08 7.49814006439919e-08
6.19483034824952e-05 8.52133016451262e-05 0.000102500998764299 0.000143053999636322 0.000144083998748101 0.000146500999107957 0.000146506994497031 0.000142197997774929 0.000147519996971823 0.000148815001011826 -3.4e+38 -3.4e+38 -3.4e+38 -3.4e+38 -3.4e+38 -3.4e+38 -3.4e+38 -3.4e+38 -3.4e+38 -3.4e+38 -3.4e+38 -3.4e+38 -3.4e+38 -3.4e+38 -3.4e+38 -3.4e+38 -3.4e+38 -3.4e+38 0.000161456002388149 0.000160768002388068 0.000151087995618582 8.65371985128149e-05 2.25932999455836e-05 1.16651995085704e-06 9.30048003056072e-08 6.95482000878656e-08 6.92802970547746e-08 6.90041019879573e-08 7.0040698574303e-08 7.26413986740226e-08 7.46452002431397e-08 7.53029993916243e-08 7.60925971121651e-08 7.68905010772869e-08 7.7696796552118e-08
1.47517005189002e-06 1.14278000182821e-05 2.41457000811351e-05 5.15848987561185e-05 9.09453010535799e-05 0.000132435001432896 0.000149223997141235 0.000151693995576352 0.000151333006215282 0.000152951994095929 0.000153204004163854 0.000154310997459106 0.000159934003022499 0.000165514997206628 0.000171394000062719 -3.4e+38 -3.4e+38 -3.4e+38 -3.4e+38 -3.4e+38 -3.4e+38 -3.4e+38 -3.4e+38 -3.4e+38 -3.4e+38 -3.4e+38 -3.4e+38 -3.4e+38 0.000182452000444755 0.000175228997250088 0.000165848003234714 0.000156565001816489 0.000103188001958188 7.91421989561059e-05 3.01953004964162e-05 1.30016996990889e-06 1.20037000783668e-07 7.78780986365746e-08 7.26885005519762e-08 7.42048982260712e-08 7.65329986052166e-08 7.72332029441714e-08 7.82271030175252e-08 7.92337999655501e-08 8.02534003696564e-08
8.55454018733326e-08 8.51601029694393e-08 8.48688017640598e-08 1.0420799867461e-07 1.39356998829498e-07 1.4996300023995e-06 4.44817987954593e-06 5.77682021685177e-06 2.54098995355889e-05 6.05907989665866e-05 7.43714990676381e-05 0.000128054001834244 0.000148715000250377 0.000156195994350128 0.000162629003170878 0.000165844001458026 0.000167569000041112 0.00016947700351011 0.000170368002727628 0.000173792999703437 0.000175338005647063 0.000172824002220295 0.000178478003363125 0.00017574499361217 0.000175082997884601 0.000177289999555796 0.00017504500283394 0.000177808004082181 0.000179787006345578 0.000179499998921528 0.000173371998243965 0.000165054007084109 0.000117285999294836 9.10000017029233e-05 8.49127973197028e-05 2.65909002337139e-05 7.56137012558611e-07 1.29263995063411e-07 8.25420016781209e-08 7.67633991927141e-08 7.7122997765855e-08 7.7574298984473e-08 7.83006015581122e-08 7.90335974443224e-08 7.97722989887006e-08
8.75685017831529e-08 8.5976701313939e-08 8.44094003582541e-08 8.28662010121661e-08 8.14813034821782e-08 8.01599995270408e-08 7.88564022968785e-08 7.75705970568197e-08 7.66984982192298e-08 7.58348974727596e-08 7.49799013988195e-08 7.44104013961078e-08 7.46750998814605e-08 7.60138973987523e-08 7.61355991585333e-08 7.78366029408062e-08 1.00508998457371e-07 1.14773001769208e-07 1.21490998594709e-07 1.21507000017118e-07 1.28416999700676e-07 1.43888996717578e-07 1.43660997764528e-07 1.42828994853517e-07 1.50977001567298e-07 2.95097009939127e-07 3.01117012213581e-07 1.01617999348491e-07 9.21325025160513e-08 9.16567017839043e-08 8.26058013103648e-08 8.18561005644369e-08 7.76858968265515e-08 7.78103981247114e-08 7.77433015741735e-08 7.76125972379305e-08 7.74820989590808e-08 7.73517996321971e-08 7.74582034068771e-08 7.75646995521129e-08 7.7671302278759e-08 7.78630990794227e-08 7.83114018076958e-08 7.87622980169544e-08 7.92158019180533e-08
8.86143993739097e-08 8.74293988317731e-08 8.62599023321309e-08 8.51054977601962e-08 8.40836023030533e-08 8.31123969646796e-08 8.21519989813169e-08 8.11691975854956e-08 8.04446003144221e-08 7.97252965867301e-08 7.90112011372912e-08 7.84008022947091e-08 7.80884974460605e-08 7.77774005200627e-08 7.74674973058609e-08 7.73684973864874e-08 7.74794983726679e-08 7.75905988348313e-08 7.77017987729778e-08 7.80413031975513e-08 7.84585978408359e-08 7.88779033200626e-08 7.92990988429665e-08 7.98511976540794e-08 8.03927022730022e-08 8.09154983016924e-08 8.1414199826213e-08 8.17855010382118e-08 8.20976993054501e-08 8.20364007836361e-08 8.21911001480657e-08 8.26722015290215e-08 8.30937025853018e-08 8.33044992987197e-08 8.33251974086124e-08 8.32821029916886e-08 8.32388025173714e-08 8.31949975577118e-08 8.31056965466814e-08 8.30159976317191e-08 8.29261992407737e-08 8.28681976372536e-08 8.29061974627621e-08 8.29441972882705e-08 8.29818986858299e-08
8.97175027603225e-08 8.86116993115138e-08 8.75192966987015e-08 8.6440103075347e-08 8.55158006629608e-08 8.46479011329393e-08 8.37885991700205e-08 8.29378024036487e-08 8.2441502513575e-08 8.19480021618801e-08 8.14574008245472e-08 8.10630993441919e-08 8.0950400160873e-08 8.08378004535371e-08 8.07253002221842e-08 8.08027991183735e-08 8.10707021514645e-08 8.13395004684025e-08 8.1609201174615e-08 8.21442966980612e-08 8.277169882831e-08 8.34039965980082e-08 8.40410976366002e-08 8.48303969291919e-08 8.56252029279858e-08 8.64265032873845e-08 8.72087966286017e-08 8.79176980106422e-08 8.86321984694405e-08 8.93523974809796e-08 8.9978897221954e-08 9.05094026393272e-08 9.10427999656349e-08 9.15791034117319e-08 9.18537992333768e-08 9.20406009186081e-08 9.22276015558054e-08 9.24146021930028e-08 9.23417999842968e-08 9.22688982996078e-08 9.21957976629528e-08 9.20817981864275e-08 9.18456990461891e-08 9.16101967618488e-08 9.13751989628508e-08
9.08179984548951e-08 8.979210264215e-08 8.87777034108694e-08 8.77747012850705e-08 8.69502017053492e-08 8.61885993685974e-08 8.54334984978777e-08 8.46848990931903e-08 8.43352978563416e-08 8.39869969126994e-08 8.3640102843674e-08 8.34046005593336e-08 8.35001969790028e-08 8.35958999800823e-08 8.36917024571449e-08 8.39675990960131e-08 8.44257002086124e-08 8.48862029556585e-08 8.53491997077072e-08 8.61314006783687e-08 8.70276011255555e-08 8.79330031011705e-08 8.88477984517522e-08 8.99461980452543e-08 9.10565987055634e-08 9.21806986298179e-08 9.33210984044308e-08 9.44830986782108e-08 9.56593027012786e-08 9.6850101272139e-08 9.79012995117046e-08 9.8808200732492e-08 9.9723202140467e-08 1.00647000067511e-07 1.01227001891857e-07 1.01692997134251e-07 1.02160001347329e-07 1.02629996945325e-07 1.02580003158437e-07 1.02530002266121e-07 1.02480001373806e-07 1.02298997717298e-07 1.01730002199929e-07 1.01163003307647e-07 1.0059999766554e-07
9.08309019109765e-08 8.98141010452491e-08 8.88084983330373e-08 8.78142003557514e-08 8.69976020112517e-08 8.62436024817725e-08 8.54960973128982e-08 8.47549017635174e-08 8.4400596733758e-08 8.40476985786154e-08 8.36961007166792e-08 8.34559017448555e-08 8.35459985637499e-08 8.36361024880716e-08 8.3726298782949e-08 8.40113969502454e-08 8.44935001964586e-08 8.49783035050677e-08 8.54657997706454e-08 8.62507008037028e-08 8.71418990300299e-08 8.80423982607681e-08 8.89521984959174e-08 9.00500012335215e-08 9.11598974084882e-08 9.22834004768447e-08 9.34192030399572e-08 9.45642995020535e-08 9.57234007614716e-08 9.68964002368011e-08 9.7939398813196e-08 9.88476998031729e-08 9.97642999323034e-08 1.00689000248622e-07 1.01277002784173e-07 1.01752000603028e-07 1.02229002152399e-07 1.02709002192114e-07 1.02657999434541e-07 1.02607998542226e-07 1.0255700289008e-07 1.02374997368315e-07 1.01803003360601e-07 1.01232998872547e-07 1.00667001845522e-07
9.08437982616306e-08 8.98359999723652e-08 8.88393003606325e-08 8.78535999504493e-08 8.70450023171543e-08 8.62987974414864e-08 8.5558802709329e-08 8.48249968044001e-08 8.44660021925847e-08 8.41084002445314e-08 8.37521980656675e-08 8.35071034543944e-08 8.3591700672514e-08 8.36762978906336e-08 8.37610016901635e-08 8.4055301385888e-08 8.45613001843049e-08 8.50703969490496e-08 8.55825987855496e-08 8.63701004050199e-08 8.72565024678806e-08 8.81519994777591e-08 8.90566980160656e-08 9.01540033737547e-08 9.12633026928233e-08 9.23862017998545e-08 9.35174000460393e-08 9.46456992778621e-08 9.57873993456815e-08 9.69427986774463e-08 9.79774981146875e-08 9.88872983498368e-08 9.98052982481568e-08 1.0073200229499e-07 1.01326996571061e-07 1.01811998831636e-07 1.02298002957468e-07 1.02786998468218e-07 1.02736997575903e-07 1.02686001923757e-07 1.02634999166185e-07 1.0245199888459e-07 1.01875997415846e-07 1.01303001542874e-07 1.00733998920077e-07
