results/Predictions/Median/Priabonian.asc
NCOLS 360 
NROWS 180 
XLLCORNER -180 
YLLCORNER -90 
CELLSIZE 1 
NODATA_value -3.4e+38 
[rows 114 to 132 of 180, columns 0 to 43 of 360]
0.000480810995213687 0.000480743998195976 0.000480688002426177 0.000481349008623511 0.000482231000205502 0.000482964009279385 0.000482989998999983 0.00048372900346294 0.000482553994515911 0.000481035996926948 0.000481077004224062 0.00048170200898312 0.00048170899390243 0.000482483999803662 0.000483551993966103 0.00048347600386478 0.00048404501285404 0.000484593998407945 0.00048518500989303 0.000485232012579218 0.00048553801025264 0.000485925003886223 0.000485933996969834 0.000486066011944786 0.000486197997815907 0.000486328994156793 0.000487154989968985 0.000489565019961447 0.000491986982524395 0.00049261498497799 0.000491559971123934 0.000490383012220263 0.000489207974169403 0.000488035992020741 0.000486870994791389 0.000487776007503271 0.000490260019432753 0.000491344020701945 0.000490579986944795 0.000493482977617532 0.000496037013363093 0.00049673899775371 0.00049778597895056 0.000497061002533883
0.000459837989183143 0.000460615992778912 0.000461583986179903 0.000461569987237453 0.00046227898565121 0.000463673000922427 0.000464518001535907 0.000464690005173907 0.000465830991743132 0.000467592995846644 0.000469102989882231 0.000470494996989146 0.000471520994324237 0.000472549989353865 0.000473580992547795 0.000474341009976342 0.00047482899390161 0.00047448999248445 0.000474583997856826 0.000475084001664072 0.000475209002615884 0.000474531989311799 0.000475651992019266 0.00047627100138925 0.000476056011393666 0.000478736008517444 0.000478295987704769 0.000477816996863112 0.000477354013128206 0.000477764988318086 0.000477594992844388 0.000476240995340049 0.000474891014164314 0.000479584996355698 0.000476196990348399 0.000478342990390956 0.000478409987408668 0.000478845002362505 0.000481316994410008 0.000484081014292315 0.000485063996165991 0.000486423989059404 0.000487657001940534 0.000487685989355668
0.000444041012087837 0.00044415399315767 0.000443508994067088 0.000443672994151711 0.000444389006588608 0.000444926990894601 0.000446109013864771 0.00044599999091588 0.000446983001893386 0.000448539009084925 0.000449329003458843 0.000449994986411184 0.000450288003776222 0.000450843013823032 0.000450874009402469 0.000451127009000629 0.000451339001301676 0.000451984989922494 0.000453285989351571 0.000453707994893193 0.000453837012173608 0.000454775989055634 0.000457401009043679 0.000458767986856401 0.000460957002360374 0.000461902993265539 0.000463534001028165 0.000465519988210872 0.000465985998744145 0.000465924997115508 0.000465816003270447 0.000465672987047583 0.000465491000795737 0.000465307995909825 0.000465199991595 0.000465115008410066 0.000465596007416025 0.000466803991002962 0.000469383987365291 0.000469880993478 0.000469941995106637 0.000473068008432165 0.000477336987387389 0.000478292990010232
0.000424021010985598 0.000425926002208143 0.000426262005930766 0.000426521990448236 0.000428064988227561 0.000429645995609462 0.000431232008850202 0.000431869004387408 0.000432422995800152 0.00043397699482739 0.000434866000432521 0.000435516005381942 0.000435238995123655 0.000435102003393695 0.000435379013651982 0.000435002992162481 0.000434485002188012 0.000433968991274014 0.000433945009717718 0.000434654008131474 0.000435783993452787 0.000436917995102704 0.000438054004916921 0.000439027004176751 0.000440275995060802 0.000440673000412062 0.000441337004303932 0.000441634008893743 0.000441931013483554 0.000442088989075273 0.00044396601151675 0.000447405996965244 0.000450750987511128 0.000452201988082379 0.000452667009085417 0.000453185988590121 0.000454235996585339 0.000455367000540718 0.000457551010185853 0.000458447990240529 0.000459661998320371 0.000460204988485202 0.000460689014289528 0.000461855001049116
0.00041021901415661 0.000410706008551642 0.000411776010878384 0.000412847992265597 0.00041372500709258 0.000414079986512661 0.000414436013670638 0.000416124996263534 0.000419329997384921 0.000420958996983245 0.000421604985604063 0.000421834003645927 0.000423405988840386 0.00042498399852775 0.000425141013693064 0.000424962985562161 0.000424514000769705 0.000424066005507484 0.000423616991611198 0.000424307014327496 0.000425087986513972 0.00042515600216575 0.000425147998612374 0.000427282007876784 0.000429537991294637 0.000431027001468465 0.000431199005106464 0.000431391003075987 0.000432731001637876 0.000434154993854463 0.000434660993050784 0.000434937013778836 0.00043498701415956 0.000435489986557513 0.00043565800297074 0.000435789988841861 0.000435922993347049 0.000436055008322001 0.000437459995737299 0.000438744988059625 0.000439211988123134 0.000442327989730984 0.000445951998699456 0.000448871986009181
0.000401447003241628 0.000401272001909092 0.00040109601104632 0.000400919991079718 0.000400691002141684 0.000403768994146958 0.000404713005991653 0.000404610007535666 0.000403799000196159 0.000402145989937708 0.000401736993808299 0.000403303012717515 0.000405175000196323 0.000407056009862572 0.000408946012612432 0.000408996012993157 0.000407751998864114 0.000406512001063675 0.000406664999900386 0.000407446990720928 0.000408152991440147 0.000408858992159367 0.000409934989875183 0.000411452987464145 0.000412975990911946 0.000414504989748821 0.000416302005760372 0.000418892013840377 0.000421189004555345 0.000421262986492366 0.000422387005528435 0.000422345008701086 0.000422103999881074 0.000421793985879049 0.000421653996454552 0.000421584001742303 0.000421512988395989 0.000421442004153505 0.000421378004830331 0.00042131298687309 0.00042124799801968 0.000422829005401582 0.00042500501149334 0.000425664009526372
0.000390322005841881 0.000390384986530989 0.000390222005080432 0.000390058004995808 0.000389627006370574 0.000389107008231804 0.000388587999623269 0.0003880700096488 0.000387412001146004 0.000386756990337744 0.000385654013371095 0.000385272986022756 0.000384282000595704 0.000383295002393425 0.000382984988391399 0.00038380001205951 0.000384510989533737 0.000385224004276097 0.000385938008548692 0.000387537002097815 0.000389024004107341 0.000389085995266214 0.000389760010875762 0.000391506997402757 0.000393166003050283 0.00039390500751324 0.000394177011912689 0.00039457599632442 0.000394559989217669 0.000394542992580682 0.000394270988181233 0.000393741996958852 0.000394122005673125 0.000395400013076141 0.000397291994886473 0.000399101991206408 0.000398790987674147 0.000398478994611651 0.000399963988456875 0.000399904005462304 0.000399638985982165 0.000399420998292044 0.000399343989556655 0.000400027987780049
0.000373966991901398 0.000373796006897464 0.000372768001398072 0.000371269998140633 0.000370792986359447 0.000370274996384978 0.000369757006410509 0.00036903700674884 0.000367950007785112 0.000366867985576391 0.000367074011592194 0.000367803004337475 0.000368390989024192 0.000368979992344975 0.000368643988622352 0.00036771601298824 0.000366938998922706 0.000366165011655539 0.000365392013918608 0.000364915002137423 0.000364501989679411 0.000364087987691164 0.000363675993867218 0.000363742001354694 0.000363808998372406 0.000363875995390117 0.000364375009667128 0.000366215012036264 0.000367744010873139 0.000367520988220349 0.00036715398891829 0.000366635009413585 0.000366115011274815 0.000365596992196515 0.000366372987627983 0.000368206994608045 0.000370041991118342 0.000369763991329819 0.000370931986253709 0.000373043003492057 0.000374722003471106 0.000376434996724129 0.000377563992515206 0.000378695986000821
0.000358238990884274 0.000357838987838477 0.00035743901389651 0.000357040000380948 0.000355914991814643 0.000353440002072603 0.000350982998497784 0.000348542991559952 0.00034812800004147 0.000348289991961792 0.000348450994351879 0.000347252993378788 0.000346060987794772 0.000344873988069594 0.000343597988830879 0.000342276995070279 0.000342462997650728 0.000342649000231177 0.000342498009558767 0.00034124098601751 0.000340122991474345 0.000339009013259783 0.000337898993166164 0.000337675010086969 0.000337450008373708 0.000337225996190682 0.000337762990966439 0.000339059013640508 0.000340360013069585 0.000340088008670136 0.000340272992616519 0.000340823986334726 0.000341375009156764 0.000341928011039272 0.000342862011166289 0.000343924999469891 0.00034408998908475 0.000344164000125602 0.000344164989655837 0.000345909007592127 0.000347450986737385 0.0003475800040178 0.000347713008522987 0.000347844994394109
0.000344135012710467 0.000341561011737213 0.000339007005095482 0.000336472992785275 0.000333773990860209 0.000333381991367787 0.000333531992509961 0.000333681993652135 0.000333975011017174 0.000334267999278381 0.000333333009621128 0.000332216994138435 0.000331073999404907 0.000329934991896152 0.000328800000716001 0.000327499990817159 0.00032603699946776 0.000324580003507435 0.000323131011100486 0.000321950996294618 0.000320863007800654 0.000319404003676027 0.000317617988912389 0.000317083991831169 0.000317219994030893 0.000317616999382153 0.00031721600680612 0.000316688005113974 0.00031616201158613 0.000315637007588521 0.000315056007821113 0.000314456992782652 0.000314322009216994 0.00031407899223268 0.000314350996632129 0.000314795994199812 0.000315240991767496 0.000315687007969245 0.000316485995426774 0.000317286001518369 0.000318083009915426 0.000317919009830803 0.000317661004373804 0.00031740398844704
0.000327245012158528 0.000325772998621687 0.000324307999107987 0.000322095991577953 0.000320668012136593 0.000319298997055739 0.000317936995998025 0.000316580000799149 0.000315159006277099 0.000313744007144123 0.000312276999466121 0.000310701987473294 0.000309130002278835 0.00030756599153392 0.000306010013446212 0.000304638990201056 0.000302399013889953 0.000300176994642243 0.000297969992971048 0.000296378013445064 0.000295056990580633 0.000293686985969543 0.000292242009891197 0.000292131007881835 0.000291492993710563 0.000290619995212182 0.000290444993879646 0.000289488991256803 0.000288161012576893 0.000286458001937717 0.000284431996988133 0.000282088003586978 0.000279764004517347 0.000277459010249004 0.000275930011412129 0.000274660997092724 0.000273435987764969 0.000272325007244945 0.000271494995104149 0.000270301010459661 0.000269384996499866 0.000268615985987708 0.000267849012743682 0.000266779999947175
0.000310080999042839 0.00030808401061222 0.00030610099202022 0.000302475003991276 0.00029911901219748 0.000295876991003752 0.000292668992187828 0.000290193012915552 0.000288931012619287 0.000287675007712096 0.00028636198840104 0.000284789013676345 0.000282689987216145 0.000280381005723029 0.000278090010397136 0.000275755999609828 0.000273339013801888 0.000270079995971173 0.000267572002485394 0.000264614995103329 0.000261701003182679 0.000258852989645675 0.000256683008046821 0.00025517400354147 0.000254101003520191 0.000252153986366466 0.000250635988777503 0.000249047996476293 0.000247469986788929 0.000245903007453308 0.000244324008235708 0.000242736001382582 0.000241157002164982 0.000239589004195295 0.000238519001868553 0.000237615997320972 0.000236228996072896 0.000233821992878802 0.000232847000006586 0.000231454003369436 0.000230069999815896 0.000228673001402058 0.000227220007218421 0.000225776006118394
0.000286819005850703 0.000283041998045519 0.000278977007837966 0.000274080986855552 0.000269601994659752 0.000267635012278333 0.000266037008259445 0.00026445000548847 0.000263032998191193 0.000260263012023643 0.000256781000643969 0.00025391299277544 0.000251813005888835 0.000249731005169451 0.000248619995545596 0.000246203009737656 0.000243297996348701 0.000240427994867787 0.000238377004279755 0.000237265005125664 0.000235915998928249 0.000233807993936352 0.000231719997827895 0.000229430006584153 0.000226796997594647 0.000224193994654343 0.000221541995415464 0.000218850997043774 0.00021671800641343 0.000214605999644846 0.000212444996577688 0.000210237005376257 0.000208051002118737 0.000205888005439192 0.000204691998078488 0.000202846000320278 0.00020067099831067 0.000198890003957786 0.000197925997781567 0.000197592002223246 0.000196776003576815 0.000195076994714327 0.000193294996279292 0.000192054998478852
0.000256036000791937 0.00025216001085937 0.000249637989327312 0.000247141986619681 0.000245278002694249 0.000243629998294637 0.000240970999584533 0.00023818199406378 0.000236092004342936 0.000234020000789315 0.000231083002290688 0.000228039993089624 0.000225021998630837 0.000222043992835097 0.000219534005736932 0.000217192005948164 0.000214340994716622 0.000211527003557421 0.000208750992896967 0.000206291006179526 0.000203588002477773 0.000200780006707646 0.000198320005438291 0.000197336004930548 0.000195672997506335 0.000193857995327562 0.000192095001693815 0.000190721999388188 0.000189730999409221 0.000188745994819328 0.000187152996659279 0.000184649004950188 0.000182246003532782 0.000180118993739597 0.000179052003659308 0.000178208996658213 0.000177370005985722 0.000176536006620154 0.000175724999280646 0.000174918997799978 0.000174115994013846 0.000173056003404781 0.000170561004779302 0.000168059996212833
0.0002156289992854 0.000213060004170984 0.000210455997148529 0.000206359996809624 0.00020340399350971 0.000201691000256687 0.000200287002371624 0.000198891997570172 0.000197368004592136 0.000196038003196009 0.000195005006389692 0.000194060994544998 0.000193170999409631 0.000191550003364682 0.000189943995792419 0.000187647005077451 0.000185042998054996 0.000182475996552967 0.000180365997948684 0.000179416994797066 0.000178479996975511 0.000177547000930645 0.000176620000274852 0.000175927998498082 0.000174742002855055 0.000173563006683253 0.000172503001522273 0.000171585998032242 0.000168968006619252 0.00016639000386931 0.000163657998200506 0.00016077900363598 0.000157950998982415 0.000155172994709574 0.000152734006405808 0.000151015992742032 0.000149316998431459 0.000147775004734285 0.000147034006658942 0.000145765996421687 0.000144534002174623 0.00014341100177262 0.000141768003231846 0.000140189004014246
0.000182055999175645 0.000179551992914639 0.000177990994416177 0.000176443994860165 0.000175408000359312 0.000174544999026693 0.000173685999470763 0.00017283100169152 0.000172026993823238 0.000171036997926421 0.000170047002029605 0.000169125996762887 0.000167499994859099 0.000165748002473265 0.000164013996254653 0.000161955002113245 0.000159582996275276 0.000157246002345346 0.000154943001689389 0.000152538006659597 0.000150124993524514 0.000147750004543923 0.000145886006066576 0.000144991994602606 0.00014410300354939 0.000143219993333332 0.000142289005452767 0.000141191005241126 0.000140104995807633 0.000138165996759199 0.000137410999741405 0.000136279006255791 0.000134300003992394 0.000131969005451538 0.000129660998936743 0.000127961000544019 0.000125685997772962 0.000123450998216867 0.000121603996376507 0.000119785996503197 0.000117994000902399 0.000116233000881039 0.000114508002297953 0.000112843001261353
0.000139980998937972 0.000138126997626387 0.000136299000587314 0.000133584995637648 0.000131848006276414 0.000130589003674686 0.000129342995933257 0.000128227999084629 0.000128241998027079 0.000128254992887378 0.000128268002299592 0.000128286003018729 0.00012776099902112 0.000127124003483914 0.000126490005641244 0.000125530001241714 0.000124254002002999 0.000122990997624584 0.000121739998576231 0.000120254000648856 0.00011914900096599 0.000118960000691004 0.000118771000416018 0.000117411997052841 0.000115757000457961 0.000114125999971293 0.000112578003609087 0.000112576999526937 0.000111260997073259 0.000109959997644182 0.000108444997749757 0.000106724997749552 0.000105345003248658 0.00010372800170444 0.000101819001429249 0.000100338002084754 9.85449005383998e-05 9.65849976637401e-05 9.49684981605969e-05 9.4098002591636e-05 9.34242998482659e-05 9.25338972592726e-05 9.11249007913284e-05 8.97373029147275e-05
9.39168967306614e-05 9.2472299002111e-05 9.10169983399101e-05 8.95849007065408e-05 8.91516028787009e-05 8.90467999852262e-05 8.89419970917515e-05 8.883739792509e-05 8.95667981239967e-05 9.03022009879351e-05 9.10435992409475e-05 9.16881981538609e-05 9.20270031201653e-05 9.23671032069251e-05 9.27084984141402e-05 9.2640497314278e-05 9.2164300440345e-05 9.17169018066488e-05 9.14931006263942e-05 9.08345973584801e-05 9.00208033272065e-05 8.93752003321424e-05 8.87302012415603e-05 8.75359983183444e-05 8.78755963640288e-05 8.72602031449787e-05 8.66697009769268e-05 8.56397018651478e-05 8.43425004859455e-05 8.30650023999624e-05 8.25629031169228e-05 8.13496008049697e-05 8.00314010120928e-05 7.87347016739659e-05 7.72178027546033e-05 7.59917020332068e-05 7.47853991924785e-05 7.35985013307072e-05 7.25752979633398e-05 7.15935966582038e-05 7.06951977917925e-05 7.00524979038164e-05 6.92683024681173e-05 6.80493030813523e-05
5.94925004406832e-05 5.88268012506887e-05 5.81687017984223e-05 5.75179001316428e-05 5.75681006012019e-05 5.78516010136809e-05 5.81364984100219e-05 5.84228000661824e-05 5.95816018176265e-05 6.07455003773794e-05 6.19690035819076e-05 6.31036018603481e-05 6.39700010651723e-05 6.48483983241022e-05 6.57388009130955e-05 6.61497979308479e-05 6.64386971038766e-05 6.62482998450287e-05 6.67713029542938e-05 6.66745036141947e-05 6.64869003230706e-05 6.66838968754746e-05 6.63717000861652e-05 6.59619036014192e-05 6.56721967970952e-05 6.54001996736042e-05 6.4812797063496e-05 6.40939979348332e-05 6.32208029855974e-05 6.22926963842474e-05 6.16752004134469e-05 6.08609989285469e-05 5.99820996285416e-05 5.90671988902614e-05 5.81079002586193e-05 5.7351600844413e-05 5.66917005926371e-05 5.60394000785891e-05 5.54159014427569e-05 5.4702100896975e-05 5.39581014891155e-05 5.32070989720523e-05 5.24155984749086e-05 5.16360996698495e-05
