results/Predictions/Median/Priabonian.asc
NCOLS 360 
NROWS 180 
XLLCORNER -180 
YLLCORNER -90 
CELLSIZE 1 
NODATA_value -3.4e+38 
[rows 95 to 113 of 180, columns 132 to 175 of 360]
-3.4e+38 -3.4e+38 -3.4e+38 -3.4e+38 -3.4e+38 -3.4e+38 -3.4e+38 -3.4e+38 -3.4e+38 -3.4e+38 0.552778005599976 0.535138010978699 0.518167972564697 0.508621990680695 0.118005000054836 0.446756988763809 0.489850014448166 0.308773994445801 0.000456929003121331 0.000455659988801926 0.000452726992079988 0.000451555999461561 0.000451736996183172 0.000454047985840589 0.000457104004453868 0.00046013601240702 0.000461295014247298 0.000464401993667707 0.00046968599781394 0.000471890001790598 0.000472496001748368 0.000473102001706138 0.00047371000982821 0.000475645996630192 0.000480732007417828 0.000482792005641386 0.000489418976940215 0.000493429019115865 0.000497339991852641 0.00049862900050357 0.00051325501408428 0.00051368901040405 0.000517430016770959 0.000517299980856478
-3.4e+38 -3.4e+38 -3.4e+38 -3.4e+38 -3.4e+38 -3.4e+38 -3.4e+38 -3.4e+38 -3.4e+38 -3.4e+38 -3.4e+38 -3.4e+38 -3.4e+38 -3.4e+38 -3.4e+38 -3.4e+38 0.515923023223877 0.499567002058029 0.50348699092865 0.000838668027427047 0.000444041012087837 0.00044306498602964 0.00044531500316225 0.000448011996923015 0.000451814994448796 0.000457040994660929 0.000458777009043843 0.000460534007288516 0.000462313997559249 0.000464029988506809 0.000465710007119924 0.00046737099182792 0.000468793994514272 0.000470463011879474 0.0004732990055345 0.000477037014206871 0.000479670008644462 0.000483592011732981 0.000488377001602203 0.000493180996272713 0.000498957000672817 0.0005025599966757 0.000505045987665653 0.000517098000273108
-3.4e+38 -3.4e+38 -3.4e+38 -3.4e+38 -3.4e+38 -3.4e+38 -3.4e+38 -3.4e+38 -3.4e+38 -3.4e+38 -3.4e+38 -3.4e+38 -3.4e+38 -3.4e+38 -3.4e+38 -3.4e+38 -3.4e+38 -3.4e+38 0.500683009624481 0.313497006893158 0.00047222399734892 0.000435179012129083 0.000439419003669173 0.000444569013779983 0.000449704006314278 0.000454919005278498 0.000456974987173453 0.000458694994449615 0.000462035997770727 0.000464048993308097 0.000465530989458784 0.00046701799146831 0.000467267003841698 0.000469149992568418 0.0004716620023828 0.000474188011139631 0.00047681899741292 0.000481672992464155 0.000488358025904745 0.000490168982651085 0.000492980005219579 0.00049695698544383 0.000502153008710593 0.000513261009473354
-3.4e+38 -3.4e+38 -3.4e+38 -3.4e+38 -3.4e+38 -3.4e+38 -3.4e+38 -3.4e+38 -3.4e+38 -3.4e+38 -3.4e+38 -3.4e+38 -3.4e+38 -3.4e+38 -3.4e+38 -3.4e+38 -3.4e+38 -3.4e+38 -3.4e+38 -3.4e+38 0.341621994972229 0.000430476997280493 0.000432781991548836 0.000434638001024723 0.000440044008428231 0.000447603990323842 0.000448826991487294 0.000450844992883503 0.000451605010312051 0.000453014014055952 0.000453416985692456 0.000453818996902555 0.00045422199764289 0.000454861001344398 0.000455734989373013 0.000456612004199997 0.000457491987617686 0.000460615992778912 0.000463820004370064 0.000467056001070887 0.000467801990453154 0.000470583996502683 0.000473107997095212 0.000477124995086342
-3.4e+38 -3.4e+38 -3.4e+38 -3.4e+38 -3.4e+38 -3.4e+38 -3.4e+38 -3.4e+38 -3.4e+38 -3.4e+38 -3.4e+38 -3.4e+38 -3.4e+38 -3.4e+38 -3.4e+38 -3.4e+38 -3.4e+38 -3.4e+38 -3.4e+38 -3.4e+38 0.502623975276947 0.000438140006735921 0.00043479198939167 0.000430571992183104 0.00043112100684084 0.000438936986029148 0.000440786010585725 0.000443191995145753 0.000444014003733173 0.000444217002950609 0.000444228993728757 0.000444567005615681 0.000444904988398775 0.000445343990577385 0.000445729005150497 0.000446115009253845 0.000447086989879608 0.000450408988399431 0.000451484986115247 0.000452136009698734 0.000455477013019845 0.000459088012576103 0.000459286995464936 0.000460270995972678
-3.4e+38 -3.4e+38 -3.4e+38 -3.4e+38 -3.4e+38 -3.4e+38 -3.4e+38 -3.4e+38 -3.4e+38 -3.4e+38 -3.4e+38 -3.4e+38 -3.4e+38 -3.4e+38 -3.4e+38 -3.4e+38 -3.4e+38 -3.4e+38 -3.4e+38 -3.4e+38 0.493081003427505 0.000440044008428231 0.000435735011706129 0.000430313986726105 0.000428809988079593 0.000432213011663407 0.000434524001320824 0.000437159993452951 0.000439199997344986 0.00044015800813213 0.000440159987192601 0.000440161005826667 0.000440017000073567 0.000440167990745977 0.000440227013314143 0.000440261006588116 0.000440992997027934 0.000442326010670513 0.000444053002865985 0.000446029007434845 0.000446004996774718 0.000445968995336443 0.000448008009698242 0.000450704013928771
-3.4e+38 -3.4e+38 -3.4e+38 -3.4e+38 -3.4e+38 -3.4e+38 -3.4e+38 -3.4e+38 -3.4e+38 -3.4e+38 -3.4e+38 -3.4e+38 -3.4e+38 -3.4e+38 -3.4e+38 -3.4e+38 -3.4e+38 -3.4e+38 -3.4e+38 0.506941020488739 0.0194060001522303 0.000431196996942163 0.000429648993303999 0.000427010993007571 0.00042487500468269 0.000426281010732055 0.000428592000389472 0.000430812011472881 0.000432670989539474 0.000436402013292536 0.000436631991760805 0.000437340000644326 0.000438120012404397 0.000438805000158027 0.000439396011643112 0.000439989002188668 0.000440097996033728 0.000440150004578754 0.00044022299698554 0.000440336007159203 0.000440370000433177 0.000440995994722471 0.000440647010691464 0.000442816002760082
-3.4e+38 -3.4e+38 -3.4e+38 -3.4e+38 -3.4e+38 -3.4e+38 -3.4e+38 -3.4e+38 -3.4e+38 -3.4e+38 -3.4e+38 -3.4e+38 -3.4e+38 -3.4e+38 -3.4e+38 -3.4e+38 -3.4e+38 -3.4e+38 -3.4e+38 0.490303993225098 0.000434805988334119 0.00042807700810954 0.000422746001277119 0.000421487988205627 0.000421114993514493 0.000421164004364982 0.000424013996962458 0.000425186997745186 0.000429823994636536 0.000433865003287792 0.000434201996540651 0.000434101995779201 0.000434001005487517 0.00043432301026769 0.000435079011367634 0.000436108006397262 0.000437140988651663 0.000437448994489387 0.000437946000602096 0.000436520989751443 0.000436000991612673 0.000438852002844214 0.000438655988546088 0.000439371011452749
-3.4e+38 -3.4e+38 -3.4e+38 -3.4e+38 -3.4e+38 -3.4e+38 -3.4e+38 -3.4e+38 -3.4e+38 -3.4e+38 -3.4e+38 -3.4e+38 -3.4e+38 -3.4e+38 -3.4e+38 -3.4e+38 -3.4e+38 -3.4e+38 0.497987002134323 0.000431052991189063 0.000433504988905042 0.000425784994149581 0.000421375996666029 0.00042090899660252 0.000419334013713524 0.000417433009715751 0.000421011005528271 0.00042308701085858 0.000428458995884284 0.000429575011366978 0.0004294189857319 0.000429262989200652 0.00042919599218294 0.000429825013270602 0.00043022001045756 0.000430615007644519 0.000431201013270766 0.000432919012382627 0.000434907007729635 0.000434941990533844 0.000433904002420604 0.000433325010817498 0.00043595299939625 0.000437487993622199
-3.4e+38 -3.4e+38 -3.4e+38 -3.4e+38 -3.4e+38 -3.4e+38 -3.4e+38 -3.4e+38 -3.4e+38 -3.4e+38 -3.4e+38 -3.4e+38 -3.4e+38 -3.4e+38 -3.4e+38 -3.4e+38 -3.4e+38 -3.4e+38 0.0366919003427029 0.000437542999861762 0.000432088010711595 0.000422968005295843 0.000419886986492202 0.000418679002905264 0.000417637987993658 0.000414323003496975 0.000418053008615971 0.000422075012465939 0.000424378988100216 0.000426651997258887 0.000428011000622064 0.000428569008363411 0.000428080995334312 0.000428544997703284 0.000428883999120444 0.000429292005719617 0.000430043990490958 0.000429871986852959 0.000429281004471704 0.00043129498953931 0.000432200991781428 0.000430181011324748 0.000430952000897378 0.000432314991485327
-3.4e+38 -3.4e+38 -3.4e+38 -3.4e+38 -3.4e+38 -3.4e+38 -3.4e+38 -3.4e+38 -3.4e+38 -3.4e+38 -3.4e+38 -3.4e+38 -3.4e+38 -3.4e+38 -3.4e+38 -3.4e+38 -3.4e+38 0.503242015838623 0.000440022005932406 0.000435783003922552 0.000428855011705309 0.000421217002440244 0.000421217991970479 0.000419468007748947 0.000418728013755754 0.000414823996834457 0.000416730996221304 0.000418756011640653 0.000420811993535608 0.000422537006670609 0.000423318007960916 0.000424355996074155 0.000424864003434777 0.000425445992732421 0.000425876001827419 0.000426307000452653 0.000426737009547651 0.000426673010224476 0.00042719001066871 0.00042738500633277 0.000428108003688976 0.000428716011811048 0.000427821010816842 0.000428377999924123
-3.4e+38 -3.4e+38 -3.4e+38 -3.4e+38 -3.4e+38 -3.4e+38 -3.4e+38 -3.4e+38 -3.4e+38 -3.4e+38 -3.4e+38 -3.4e+38 -3.4e+38 -3.4e+38 -3.4e+38 -3.4e+38 0.503753006458282 0.070941798388958 0.00043999298941344 0.000432834989624098 0.000426590006100014 0.000422428012825549 0.000423185003455728 0.000420591997681186 0.000416647992096841 0.000412719004089013 0.000414731010096148 0.000416622002376243 0.000418843002989888 0.000421005010139197 0.000421787990489975 0.000422573008108884 0.0004233609943185 0.000423860008595511 0.000424071011366323 0.000424280995503068 0.000424491998273879 0.000424622994614765 0.000425309001002461 0.000429711013566703 0.000430089014116675 0.000427291000960395 0.00042876900988631 0.000427504011895508
-3.4e+38 -3.4e+38 -3.4e+38 -3.4e+38 -3.4e+38 -3.4e+38 -3.4e+38 -3.4e+38 -3.4e+38 -3.4e+38 -3.4e+38 -3.4e+38 -3.4e+38 -3.4e+38 -3.4e+38 -3.4e+38 0.500964999198914 0.00247755995951593 0.000436556001659483 0.00042861100519076 0.000424311001552269 0.000424047990236431 0.000423376011895016 0.000419124000472948 0.000415106012951583 0.000411860994063318 0.00041122199036181 0.000413700996432453 0.000413976988056675 0.000414398993598297 0.000415832997532561 0.000417469011154026 0.0004191120096948 0.00042053300421685 0.000420899013988674 0.000420500990003347 0.000420102005591616 0.000423504010541365 0.000426473008701578 0.000429929990787059 0.000433240988058969 0.000436714006355032 0.000435671012382954 0.00043755499063991
-3.4e+38 -3.4e+38 -3.4e+38 -3.4e+38 -3.4e+38 -3.4e+38 -3.4e+38 -3.4e+38 -3.4e+38 -3.4e+38 -3.4e+38 -3.4e+38 -3.4e+38 -3.4e+38 -3.4e+38 -3.4e+38 0.506992995738983 0.0663400962948799 0.000433490000432357 0.000429130013799295 0.000426117010647431 0.000422582990722731 0.000421228003688157 0.000417658011429012 0.000414759997511283 0.00041110601159744 0.000411202985560521 0.000413473986554891 0.000414106994867325 0.000412936002248898 0.000412958994274959 0.000412983004935086 0.000413008005125448 0.000413881003623828 0.000414798996644095 0.000415092014009133 0.000415977992815897 0.000418757001170889 0.000421284988988191 0.000425072998041287 0.000427714985562488 0.000432506989454851 0.000436406000517309 0.000439129013102502
-3.4e+38 -3.4e+38 -3.4e+38 -3.4e+38 -3.4e+38 -3.4e+38 -3.4e+38 -3.4e+38 -3.4e+38 -3.4e+38 -3.4e+38 -3.4e+38 -3.4e+38 -3.4e+38 -3.4e+38 -3.4e+38 0.507091999053955 0.189327999949455 0.000432036002166569 0.000428428000304848 0.000427332997787744 0.000423327001044527 0.000419902993598953 0.00041743999463506 0.000414809008361772 0.000412508990848437 0.000414400012232363 0.000414139998611063 0.000414003006881103 0.000412933994084597 0.000414259993704036 0.000412780995247886 0.000412435008911416 0.000411693006753922 0.000411057990277186 0.000410236010793597 0.000410456006648019 0.000415241986047477 0.000419076008256525 0.000422712008003145 0.00042744999518618 0.000433695007814094 0.00043681199895218 0.000441873009549454
-3.4e+38 -3.4e+38 -3.4e+38 -3.4e+38 -3.4e+38 -3.4e+38 -3.4e+38 -3.4e+38 -3.4e+38 -3.4e+38 -3.4e+38 -3.4e+38 -3.4e+38 -3.4e+38 -3.4e+38 -3.4e+38 0.501129984855652 0.487796992063522 0.000432319007813931 0.000429750012699515 0.000428581988671795 0.000422812008764595 0.000420891999965534 0.000417945004301146 0.000415020011132583 0.00041577301453799 0.000417047005612403 0.000416275986935943 0.000413500005379319 0.000413169007515535 0.00041332800174132 0.000411415006965399 0.000409984990255907 0.000410756998462602 0.000409403990488499 0.000404972000978887 0.00039927801117301 0.0004005620139651 0.000408104999223724 0.000416433991631493 0.000422282988438383 0.000431766005931422 0.000439179013483226 0.000445076992036775
-3.4e+38 -3.4e+38 -3.4e+38 -3.4e+38 -3.4e+38 -3.4e+38 -3.4e+38 -3.4e+38 -3.4e+38 -3.4e+38 -3.4e+38 -3.4e+38 -3.4e+38 -3.4e+38 -3.4e+38 -3.4e+38 0.516008019447327 0.495269000530243 0.000432961009209976 0.000431833002949134 0.000428844010457397 0.00042492599459365 0.000422934012021869 0.000421061995439231 0.000421959994127974 0.000421659991843626 0.000419844000134617 0.0004190840118099 0.000417998002376407 0.000415821996284649 0.000416197988670319 0.000412419001804665 0.000412753986893222 0.000412846013205126 0.000405231985496357 0.000397566996980458 0.00039608299266547 0.00039403501432389 0.000393346010241657 0.000390986999263987 0.00039199399179779 0.000401733006583527 0.0004092319868505 0.000418460986111313
-3.4e+38 -3.4e+38 -3.4e+38 -3.4e+38 -3.4e+38 -3.4e+38 -3.4e+38 -3.4e+38 -3.4e+38 -3.4e+38 -3.4e+38 -3.4e+38 -3.4e+38 -3.4e+38 -3.4e+38 -3.4e+38 0.503687977790833 0.000637113989796489 0.000433901004726067 0.000432197004556656 0.000429473991971463 0.000426951010012999 0.000424989004386589 0.000424475991167128 0.000424091995228082 0.000423660007072613 0.000423949008109048 0.000422176002757624 0.000420927011873573 0.000419424002757296 0.000417992996517569 0.000414156995248049 0.000415043992688879 0.000412480003433302 0.00040447901119478 0.000399620999814942 0.000389905006159097 0.000383076985599473 0.000375662988517433 0.000370995985576883 0.000362121005309746 0.000365646003047004 0.000370304012903944 0.000379759003408253
-3.4e+38 -3.4e+38 -3.4e+38 -3.4e+38 -3.4e+38 -3.4e+38 -3.4e+38 -3.4e+38 -3.4e+38 -3.4e+38 -3.4e+38 -3.4e+38 -3.4e+38 -3.4e+38 -3.4e+38 0.509487986564636 0.462260991334915 0.000436845992226154 0.000435935013229027 0.000433834007708356 0.000429575011366978 0.000428083993028849 0.000427244987804443 0.00042723398655653 0.000426824990427122 0.000426293001510203 0.000426704005803913 0.000425506004830822 0.000422832992626354 0.000422670011175796 0.000420917989686131 0.000420594995375723 0.000417595001636073 0.000418720999732614 0.000413481990108266 0.000406542007112876 0.00039749700226821 0.000388890010071918 0.000380688987206668 0.000373762013623491 0.000362847000360489 0.000359508005203679 0.000360205012839288 0.000358841993147507
