results/Predictions/Median/Priabonian.asc
NCOLS 360 
NROWS 180 
XLLCORNER -180 
YLLCORNER -90 
CELLSIZE 1 
NODATA_value -3.4e+38 
[rows 114 to 132 of 180, columns 308 to 351 of 360]
0.556101977825165 0.56319397687912 0.570794999599457 0.575253009796143 0.575187981128693 0.56793999671936 0.564179003238678 0.558341979980469 0.554346024990082 0.550872981548309 0.549404978752136 0.531952023506165 0.533492028713226 0.00603148993104696 0.000476666988106444 0.000472615996841341 0.000466733996290714 0.000461346993688494 0.000455578992841765 0.000454141991212964 0.000453088985523209 0.00045203699846752 0.000451356987468898 0.00045221799518913 0.000452215987024829 0.000452993990620598 0.000455152010545135 0.000456353998742998 0.000457560003269464 0.000459175003925338 0.000462338008219376 0.00046240899246186 0.000465002987766638 0.00046658399514854 0.000465763005195186 0.000466397992568091 0.000468879996333271 0.000467818987090141 0.000468490994535387 0.000470077007776126 0.000470013997983187 0.000470708997454494 0.000473260995931923 0.000474814005428925
-3.4e+38 0.559828996658325 0.573122978210449 0.578774988651276 0.581596970558167 0.575963973999023 0.574985980987549 0.566152989864349 0.559135019779205 0.565807998180389 0.562395989894867 0.556086003780365 0.540971994400024 0.536736011505127 0.336140006780624 0.000476535002235323 0.000463795004179701 0.000455656991107389 0.000451038999017328 0.000447895989054814 0.000445991987362504 0.000442852993728593 0.000442994001787156 0.000442032003775239 0.000440400996012613 0.000440358999185264 0.000441343989223242 0.000443002005340531 0.000444867007900029 0.000445965997641906 0.000445948011474684 0.000445930985733867 0.000445912999566644 0.000447408005129546 0.000447147991508245 0.000446491001639515 0.000446529011242092 0.000449538987595588 0.000450013001682237 0.000449974002549425 0.00045154700637795 0.000452868000138551 0.000452381005743518 0.000454391003586352
-3.4e+38 -3.4e+38 -3.4e+38 -3.4e+38 -3.4e+38 0.575134992599487 0.577543020248413 0.57227498292923 0.570304989814758 0.56351101398468 0.561788976192474 0.556119978427887 0.548968017101288 0.541168987751007 0.530607998371124 0.525775015354156 0.00228419993072748 0.000456479989225045 0.000449026993010193 0.000444561010226607 0.000440512987552211 0.000436842994531617 0.000436533999163657 0.000436717004049569 0.000436945003457367 0.000436903006630018 0.000436886009993032 0.00043534001451917 0.000433798006270081 0.000432261993410066 0.000431867985753343 0.000430014013545588 0.00043001098674722 0.000430448009865358 0.000433059991337359 0.000435688009019941 0.000434623012552038 0.000433501991210505 0.000433115987107158 0.000435099005699158 0.000437089998740703 0.000438598013715819 0.000437582988524809 0.000436570000601932
0.455803990364075 -3.4e+38 -3.4e+38 -3.4e+38 -3.4e+38 -3.4e+38 0.561244010925293 0.570716977119446 -3.4e+38 0.564239978790283 0.567317008972168 0.564303994178772 0.556765019893646 0.549564003944397 0.544148981571198 0.539991974830627 0.529695987701416 0.0153564000502229 0.000450073013780639 0.000444155011791736 0.000435207010013983 0.000428203988121822 0.000425523990998045 0.000423972989665344 0.000424236990511417 0.000423349003540352 0.000424356985604391 0.00042566200136207 0.000425998994614929 0.000426331011112779 0.000427833991125226 0.000427755992859602 0.000425561011070386 0.000423038989538327 0.000420286000007764 0.000419382005929947 0.000419137009885162 0.000418776995502412 0.000418442010413855 0.000418109004385769 0.000419588992372155 0.000419216987211257 0.000419176009017974 0.000419349002186209
0.43232598900795 -3.4e+38 -3.4e+38 -3.4e+38 -3.4e+38 -3.4e+38 -3.4e+38 0.555410981178284 0.552632987499237 0.549479007720947 0.558875977993011 0.556872010231018 0.566480994224548 0.55926501750946 0.549296975135803 0.175074994564056 0.0943382009863853 0.000957506010308862 0.000461255986010656 0.000445581012172624 0.000439972995081916 0.000431129999924451 0.000425909005571157 0.000421052012825385 0.000418051989981905 0.000417206989368424 0.000417223986005411 0.000416849012253806 0.000415655988035724 0.000414467009250075 0.000415101007092744 0.000418500014347956 0.000421159988036379 0.000420274009229615 0.000417923991335556 0.000417683011619374 0.00041743999463506 0.000416577997384593 0.000415101007092744 0.000413447007304057 0.000412163994042203 0.00041074599721469 0.000409876985941082 0.000409548985771835
-3.4e+38 -3.4e+38 -3.4e+38 -3.4e+38 -3.4e+38 -3.4e+38 -3.4e+38 -3.4e+38 0.535565972328186 0.52044802904129 0.00226147007197142 0.000720546988304704 0.000517112028319389 0.000518473971169442 0.000520051980856806 0.000510168028995395 0.000490852980874479 0.000475573993753642 0.000462093012174591 0.000447703991085291 0.000439185998402536 0.000433328008512035 0.000424619007389992 0.000422603014158085 0.000414660986280069 0.000409342988859862 0.000407654995797202 0.000406740000471473 0.000406100007239729 0.000405057013267651 0.000406031991587952 0.000406476989155635 0.000406920997193083 0.00040790400817059 0.000407265993999317 0.000407735002227128 0.00040967800305225 0.000409614993259311 0.000408680003602058 0.000407746993005276 0.000406817009206861 0.000406145001761615 0.000405578000936657 0.000405013997806236
-3.4e+38 -3.4e+38 -3.4e+38 -3.4e+38 -3.4e+38 -3.4e+38 -3.4e+38 -3.4e+38 0.468082010746002 0.4809730052948 0.00043676799396053 0.000470427999971434 0.000499773013871163 0.000502895971294492 0.000503419025335461 0.000493247993290424 0.000479520997032523 0.000467981008114293 0.000457404006738216 0.000443224009359255 0.000427547987783328 0.000413698988268152 0.000409097992815077 0.000407996005378664 0.000403101003030315 0.000402364996261895 0.000402131001465023 0.000401339988457039 0.000397099007386714 0.000395437004044652 0.000395620008930564 0.000397322000935674 0.00039640799514018 0.000397613010136411 0.000396737013943493 0.000399037991883233 0.000399404991185293 0.000400004995753989 0.000399701995775104 0.000400049000745639 0.000400387012632564 0.000399684999138117 0.000397254014387727 0.000396106013795361
-3.4e+38 -3.4e+38 -3.4e+38 -3.4e+38 -3.4e+38 -3.4e+38 -3.4e+38 -3.4e+38 -3.4e+38 0.080733098089695 0.000373082992155105 0.000394742994103581 0.000417772011132911 0.000443961995188147 0.000461558985989541 0.000456934998510405 0.000449670013040304 0.000438593997387215 0.000431277992902324 0.000423329998739064 0.000405352999223396 0.000401397002860904 0.000398223986849189 0.000397630006773397 0.000395898008719087 0.000394859001971781 0.00039381900569424 0.000392426998587325 0.000389121996704489 0.000384760001907125 0.000386878004064783 0.000386319996323436 0.000389922002796084 0.000389997992897406 0.00039280200144276 0.000391718989703804 0.000389174005249515 0.000389827007893473 0.000393363006878644 0.000393032998545095 0.000391748995753005 0.000390013010473922 0.00038813499850221 0.000386269995942712
-3.4e+38 -3.4e+38 -3.4e+38 -3.4e+38 -3.4e+38 -3.4e+38 -3.4e+38 -3.4e+38 -3.4e+38 -3.4e+38 0.426234006881714 0.000324613007251173 0.000353070005076006 0.000441059994045645 0.000392204005038366 0.000398119009332731 0.000400307995732874 0.000401930999942124 0.000400808989070356 0.000392544985515997 0.000385674997232854 0.000378777011064813 0.000381337013095617 0.000386528990929946 0.000389933004043996 0.000388357002520934 0.000385671010008082 0.000379123986931518 0.000375055999029428 0.000371044996427372 0.000373627000954002 0.000379220000468194 0.00066149199847132 0.000385208986699581 0.000384460989153013 0.000382378988433629 0.000380395009415224 0.000381755991838872 0.000380410987418145 0.00037906999932602 0.000382041995180771 0.000379345990950242 0.000374050985556096 0.000371862988686189
-3.4e+38 -3.4e+38 -3.4e+38 -3.4e+38 -3.4e+38 -3.4e+38 -3.4e+38 -3.4e+38 -3.4e+38 -3.4e+38 -3.4e+38 0.0575704984366894 0.000299059000099078 0.409218996763229 0.409839004278183 0.394859999418259 0.0023312100674957 0.000334901997121051 0.000343118008458987 0.000344955013133585 0.000349301000824198 0.000354521005647257 0.000360108009772375 0.000363172002835199 0.000369212008081377 0.000369412009604275 0.000366974010830745 0.000361445010639727 0.000356008007656783 0.000353423005435616 0.000349879992427304 0.214447006583214 0.405782997608185 0.271975010633469 0.0226847995072603 0.000918418983928859 0.000369110988685861 0.000377090997062624 0.000369841000065207 0.000374878000002354 0.000373435002984479 0.000368818000424653 0.000365234009223059 0.000361685990355909
-3.4e+38 -3.4e+38 -3.4e+38 -3.4e+38 -3.4e+38 -3.4e+38 -3.4e+38 -3.4e+38 -3.4e+38 -3.4e+38 -3.4e+38 0.356373995542526 0.326575011014938 0.352043986320496 0.360514998435974 0.369096010923386 0.378632992506027 0.384564012289047 0.383186012506485 0.000425717997131869 0.000314715987769887 0.000332908006384969 0.000342982995789498 0.000347299996064976 0.00035238399868831 0.000355399010004476 0.000353799987351522 0.000349653011653572 0.000342337996698916 0.000336586002958938 0.00033079000422731 0.00801139045506716 -3.4e+38 -3.4e+38 0.436866998672485 0.421016007661819 0.320169985294342 0.000480285001685843 0.000357981014531106 0.000359756988473237 0.000353724986780435 0.000352726987330243 0.000351736991433427 0.00035006899270229
-3.4e+38 -3.4e+38 -3.4e+38 -3.4e+38 -3.4e+38 -3.4e+38 -3.4e+38 -3.4e+38 -3.4e+38 -3.4e+38 -3.4e+38 -3.4e+38 -3.4e+38 0.335808992385864 0.335498988628387 -3.4e+38 -3.4e+38 0.366546988487244 0.366207003593445 0.380109012126923 0.00088716798927635 0.000293446006253362 0.000307876995066181 0.000324594002449885 0.000335835997248068 0.000349192996509373 0.000348926987498999 0.000342849991284311 0.000335860997438431 0.000329550995957106 0.000317675992846489 0.000358143006451428 0.333994001150131 -3.4e+38 -3.4e+38 -3.4e+38 -3.4e+38 0.458573997020721 0.409494012594223 0.000338682992151007 0.000337551988195628 0.000335618999088183 0.000333431991748512 0.000331260001985356
-3.4e+38 -3.4e+38 -3.4e+38 -3.4e+38 -3.4e+38 -3.4e+38 -3.4e+38 -3.4e+38 -3.4e+38 -3.4e+38 -3.4e+38 -3.4e+38 -3.4e+38 -3.4e+38 -3.4e+38 -3.4e+38 -3.4e+38 -3.4e+38 0.36133998632431 0.35453400015831 0.337642014026642 0.000277790997643024 0.000261114997556433 0.000291044008918107 0.000317238998832181 0.000341935985488817 0.000345825013937429 0.000345817999914289 0.000341006991220638 0.000333583011524752 0.000326857989421114 0.000416580005548894 0.194810003042221 0.322232991456985 0.397653996944427 0.400718003511429 0.425570994615555 0.4269739985466 -3.4e+38 0.420704007148743 0.000329911010339856 0.000321505998726934 0.000320002989610657 0.000319396989652887
-3.4e+38 -3.4e+38 -3.4e+38 -3.4e+38 -3.4e+38 -3.4e+38 -3.4e+38 -3.4e+38 -3.4e+38 -3.4e+38 -3.4e+38 -3.4e+38 -3.4e+38 -3.4e+38 -3.4e+38 -3.4e+38 -3.4e+38 -3.4e+38 -3.4e+38 -3.4e+38 0.274940997362137 0.0779298022389412 0.000215198000660166 0.000247287011006847 0.000295786012429744 0.000335688004270196 0.000338235986419022 0.000336030992912129 0.000338303012540564 0.000331665010889992 0.000513656006660312 0.0638896971940994 0.409527987241745 0.420906990766525 0.105108998715878 0.0679657012224197 0.1475879997015 0.37593600153923 0.406949013471603 0.41227799654007 0.406186014413834 0.000303987006191164 0.000301030988339335 0.000299461011309177
-3.4e+38 -3.4e+38 -3.4e+38 -3.4e+38 -3.4e+38 -3.4e+38 -3.4e+38 -3.4e+38 -3.4e+38 -3.4e+38 -3.4e+38 -3.4e+38 -3.4e+38 -3.4e+38 -3.4e+38 -3.4e+38 -3.4e+38 -3.4e+38 -3.4e+38 -3.4e+38 -3.4e+38 0.271237999200821 0.0004110709996894 0.000209324003662914 0.000243075002799742 0.000286010996205732 0.000293332006549463 0.000294772995403036 0.000298335013212636 0.000307664013234898 0.0453024990856647 0.406383991241455 0.17637600004673 0.377054005861282 0.379013001918793 0.112874999642372 0.0575832016766071 0.167444005608559 -3.4e+38 0.349651008844376 0.355729997158051 0.160804003477097 0.000243674003286287 0.000247296993620694
-3.4e+38 -3.4e+38 -3.4e+38 -3.4e+38 -3.4e+38 -3.4e+38 -3.4e+38 -3.4e+38 -3.4e+38 -3.4e+38 -3.4e+38 -3.4e+38 -3.4e+38 -3.4e+38 -3.4e+38 -3.4e+38 -3.4e+38 -3.4e+38 -3.4e+38 -3.4e+38 -3.4e+38 0.238477006554604 0.149911999702454 0.000169688006280921 0.000193661995581351 0.000223540002480149 0.000244677998125553 0.000247237010626122 0.000260200002230704 0.000279249012237415 0.00287663005292416 0.358781009912491 0.377173990011215 0.132547006011009 0.160551995038986 0.339309006929398 0.0801542028784752 0.0715347975492477 0.322919011116028 0.314619988203049 0.000188998004887253 0.000188927006092854 0.000191863000509329 0.000197481000213884
-3.4e+38 -3.4e+38 -3.4e+38 -3.4e+38 -3.4e+38 -3.4e+38 -3.4e+38 -3.4e+38 -3.4e+38 -3.4e+38 -3.4e+38 -3.4e+38 -3.4e+38 -3.4e+38 -3.4e+38 -3.4e+38 -3.4e+38 -3.4e+38 -3.4e+38 -3.4e+38 -3.4e+38 0.19828699529171 0.200988993048668 0.000129245992866345 0.000143297002068721 0.000162102005560882 0.000178546004462987 0.000195012005860917 0.000212375001865439 0.000221451002289541 0.000343190011335537 0.021518599241972 0.31896299123764 0.302168011665344 0.0570780001580715 0.148552998900414 0.257081001996994 0.062304001301527 0.233702003955841 0.231171995401382 0.000144695994094945 0.000140497999382205 0.000146329999552108 0.000148152001202106
-3.4e+38 -3.4e+38 -3.4e+38 -3.4e+38 -3.4e+38 -3.4e+38 -3.4e+38 -3.4e+38 -3.4e+38 -3.4e+38 -3.4e+38 -3.4e+38 -3.4e+38 -3.4e+38 -3.4e+38 -3.4e+38 -3.4e+38 -3.4e+38 -3.4e+38 -3.4e+38 -3.4e+38 -3.4e+38 0.17764900624752 9.79869000730105e-05 0.000101555000583176 0.000103764003142715 0.00011341900244588 0.000128432002384216 0.000144560995977372 0.000161086994921789 0.000163107994012535 0.000501748989336193 0.0683880969882011 0.241868004202843 0.076969102025032 0.017943000420928 0.0495809018611908 0.0309807993471622 0.0451796986162663 -3.4e+38 0.152704998850822 8.59752035466954e-05 9.12675968720578e-05 9.46349973673932e-05
-3.4e+38 -3.4e+38 -3.4e+38 -3.4e+38 -3.4e+38 -3.4e+38 -3.4e+38 -3.4e+38 -3.4e+38 -3.4e+38 -3.4e+38 -3.4e+38 -3.4e+38 -3.4e+38 -3.4e+38 -3.4e+38 -3.4e+38 -3.4e+38 -3.4e+38 -3.4e+38 -3.4e+38 -3.4e+38 0.0817594975233078 4.74186999781523e-05 4.82877985632513e-05 5.39399989065714e-05 6.46698026685044e-05 7.89206969784573e-05 9.38964003580622e-05 0.00010981599916704 0.0001024450029945 0.000130772998090833 0.00265999999828637 0.151130005717278 0.147964999079704 0.00758705008774996 0.00646093022078276 0.0066780298948288 0.013578100129962 0.102692000567913 0.1059750020504 7.2346199885942e-05 5.2941199101042e-05 5.62505010748282e-05
