results/Predictions/Median/Priabonian.asc
NCOLS 360 
NROWS 180 
XLLCORNER -180 
YLLCORNER -90 
CELLSIZE 1 
NODATA_value -3.4e+38 
[rows 133 to 151 of 180, columns 220 to 263 of 360]
0.000191123996046372 0.00027040799614042 0.000173976994119585 0.000163603006512858 0.000156002002768219 0.000148670995258726 0.000143326993566006 0.000137310998979956 0.000130824002553709 0.000125599006423727 0.000120689997856971 0.000115891998575535 0.000111285997263622 0.000107293002656661 0.000103345002571587 9.95426016743295e-05 9.58590972004458e-05 9.23623010748997e-05 8.8992303062696e-05 8.57444974826649e-05 8.27874973765574e-05 8.00979978521354e-05 7.74935979279689e-05 7.49715036363341e-05 7.31429026927799e-05 7.14127017999999e-05 6.97822033544071e-05 6.81871024426073e-05 6.75655028317124e-05 6.69486980768852e-05 6.6343396611046e-05 6.57760974718258e-05 6.53089009574614e-05 6.48436034680344e-05 6.43801977275871e-05 6.38791025266983e-05 6.33410018053837e-05 6.27918998361565e-05 6.22454026597552e-05 6.19155980530195e-05 6.17429977864958e-05 6.173959991429e-05 6.11563009442762e-05 6.12782023381442e-05
0.000490975973661989 0.000991011969745159 0.000143554992973804 0.00013600499369204 0.000126740997075103 0.000120862998301163 0.000156751993927173 0.00439757015556097 0.000106913001218345 9.92217974271625e-05 9.46358995861374e-05 9.02621977729723e-05 8.60908985487185e-05 8.28823031042702e-05 7.97956963651814e-05 7.68278987379745e-05 7.39695024094544e-05 7.13078989065252e-05 6.87104984535836e-05 6.62669990560971e-05 6.39401987427846e-05 6.17507976130582e-05 5.96347017562948e-05 5.81616986892186e-05 6.9657398853451e-05 6.83648031554185e-05 0.00150989997200668 0.0276110991835594 7.95883024693467e-05 5.30707984580658e-05 5.20430003234651e-05 5.18736014782917e-05 5.17980988661293e-05 5.17219996254425e-05 5.16451000294182e-05 5.15471983817406e-05 5.14152998221107e-05 5.12820988660678e-05 5.11479011038318e-05 5.11473990627564e-05 5.11895996169187e-05 5.12295009684749e-05 5.12670994794462e-05 5.15362989972346e-05
0.000127691993839107 0.00011564700253075 0.000109360997157637 0.000103416001365986 9.72679990809411e-05 9.12023024284281e-05 0.000121015997137874 0.000314886012347415 0.00811745971441269 7.31816035113297e-05 6.93413967383094e-05 6.64335020701401e-05 6.34114985587075e-05 6.12564981565811e-05 5.91729985899292e-05 5.71288983337581e-05 5.51742014067713e-05 5.33405000169296e-05 5.15676001668908e-05 4.98533991049044e-05 4.82073010061868e-05 4.66255005449057e-05 4.73977997899055e-05 0.0820368006825447 0.0877152010798454 0.0158770997077227 0.0412979014217854 0.0436534993350506 0.00347948004491627 7.92232967796735e-05 5.42683992534876e-05 4.54904002253897e-05 4.14766982430592e-05 4.1741099266801e-05 7.57617017370649e-05 4.62358984805178e-05 4.25547987106256e-05 4.20059004682116e-05 4.21939985244535e-05 4.24434983870015e-05 4.27134000346996e-05 4.29831998189911e-05 4.32531014666893e-05 4.36781010648701e-05
8.73458993737586e-05 8.12384023447521e-05 7.54779030103236e-05 7.02948018442839e-05 6.60506993881427e-05 6.21299986960366e-05 5.8833698858507e-05 5.57116982236039e-05 5.27548982063308e-05 5.03812007082161e-05 4.82510986330453e-05 4.62112984678242e-05 4.41625015810132e-05 4.28966013714671e-05 4.1667099139886e-05 4.04728998546489e-05 3.93197988159955e-05 3.82190992240794e-05 3.71493006241508e-05 3.61095007974654e-05 3.50968985003419e-05 3.41107988788281e-05 0.00529565988108516 0.0676110982894897 0.0688797980546951 0.056809701025486 0.035546101629734 0.0296835992485285 0.0134602002799511 0.00185887003317475 0.000324418011587113 7.8530800237786e-05 5.16783984494396e-05 4.77575995319057e-05 0.00736851990222931 0.0104425996541977 6.66572013869882e-05 3.46031010849401e-05 3.4945198422065e-05 3.53811010427307e-05 3.58202014467679e-05 3.62635000783484e-05 3.6532299418468e-05 3.6954599636374e-05
5.9347501519369e-05 5.49358010175638e-05 5.13621016580146e-05 4.80199014418758e-05 4.48883984063286e-05 4.22447010350879e-05 4.00969984184485e-05 3.80589008273091e-05 3.61247002729215e-05 3.45498010574374e-05 3.31273004121613e-05 3.17634985549375e-05 3.05172998196213e-05 2.98914001177764e-05 2.93390003207605e-05 2.87968996417476e-05 2.82688997685909e-05 2.7698199119186e-05 2.71912995231105e-05 2.66370007011574e-05 2.6048799554701e-05 2.55404993367847e-05 0.000929132977034897 0.00963432993739843 0.0522031001746655 0.0532369986176491 0.0508987009525299 0.0310836005955935 0.0258946996182203 0.0166663005948067 0.0059022200293839 0.00225180992856622 0.00106935005169362 0.000140507996547967 4.44990982941817e-05 6.58874996588565e-05 0.00259257992729545 0.00362641992978752 2.91569995169993e-05 2.94061992462957e-05 2.99664006888634e-05 3.05372013826855e-05 3.11598014377523e-05 3.18267993861809e-05
3.66655985999387e-05 3.42716011800803e-05 3.24280008499045e-05 3.0794799386058e-05 2.94077999569708e-05 2.80855001619784e-05 2.70476994046476e-05 2.61220993706957e-05 2.5187999199261e-05 2.44370003201766e-05 2.38181000895565e-05 2.32597994909156e-05 2.26720003411174e-05 2.24456998694222e-05 2.22217004193226e-05 2.19999001274118e-05 2.1768200895167e-05 2.15029995160876e-05 2.12409995583585e-05 2.09822992474074e-05 2.06995991902659e-05 0.00509082013741136 0.00486750993877649 2.12122995435493e-05 0.00880885031074286 0.043792899698019 0.0443397983908653 0.0247836001217365 0.0221231002360582 0.0237262006849051 0.0208359993994236 0.0168475992977619 0.0090368902310729 0.00221556005999446 0.000101564000942744 2.71756998699857e-05 2.37279000430135e-05 2.78288007393712e-05 2.50332996074576e-05 2.5277500753873e-05 2.57871997746406e-05 2.63273996097269e-05 2.70028995146276e-05 2.76424998446601e-05
2.33085993386339e-05 2.20625006477349e-05 2.12187005672604e-05 2.04070001927903e-05 1.9630200768006e-05 1.90132996067405e-05 1.85401004273444e-05 1.80786992132198e-05 1.76287994690938e-05 1.72989002749091e-05 1.70383991644485e-05 1.68375991052017e-05 1.66392001119675e-05 1.66457994055236e-05 1.66525005624862e-05 1.66590998560423e-05 1.66509998962283e-05 1.65988003573148e-05 1.65468009072356e-05 1.64948996825842e-05 1.64039993251208e-05 1.62748001457658e-05 1.61465995915933e-05 1.60193994815927e-05 1.62859996635234e-05 1.79859998752363e-05 4.7415800509043e-05 0.0201473999768496 0.0190347991883755 0.0191648006439209 0.0190920997411013 0.0192556995898485 0.0192130003124475 0.00480148987844586 9.12616014829837e-05 2.34785002248827e-05 2.01993007067358e-05 2.08028995984932e-05 2.14735991903581e-05 2.20390993490582e-05 2.25847998081008e-05 2.31437006732449e-05 2.36852993111825e-05 2.43790000240551e-05
1.63281001732685e-05 1.569050073158e-05 1.52944994624704e-05 1.49084999065963e-05 1.45322001117165e-05 1.42360995596391e-05 1.40152997119003e-05 1.37978995553567e-05 1.36045000544982e-05 1.3507999938156e-05 1.34375995912706e-05 1.33584999275627e-05 1.32653003674932e-05 1.33113999254419e-05 1.33781995828031e-05 1.34452002384933e-05 1.34975998662412e-05 1.35054997372208e-05 1.35133996082004e-05 1.35213003886747e-05 1.35106001835084e-05 1.34654001158196e-05 1.34193996927934e-05 1.33736002680962e-05 1.34496003738604e-05 1.35669997689547e-05 1.36855996970553e-05 1.38051000249106e-05 0.00785026978701353 0.014461999759078 0.0259819999337196 0.0176717005670071 0.0133542995899916 0.0189232993870974 2.63473993982188e-05 1.6716199752409e-05 1.73234002431855e-05 1.80964998435229e-05 1.86273991857888e-05 1.91979997907765e-05 1.9760400391533e-05 2.03391991817625e-05 2.09347999771126e-05 2.16982007259503e-05
1.2822400094592e-05 1.25274000311038e-05 1.23574000099325e-05 1.22161000035703e-05 1.20801996672526e-05 1.19704000098864e-05 1.18859998110565e-05 1.17732997750863e-05 1.16549999802373e-05 1.15808998089051e-05 1.15394996100804e-05 1.14993999886792e-05 1.14656995719997e-05 1.14761996883317e-05 1.14866998046637e-05 1.15021002784488e-05 1.15167003968963e-05 1.15107995952712e-05 1.1504999747558e-05 1.14990998554276e-05 1.14859003588208e-05 1.14440999823273e-05 1.14124995889142e-05 1.13875003080466e-05 1.14656995719997e-05 1.15735001600115e-05 1.16823002827005e-05 1.17920999400667e-05 1.20345002869726e-05 0.0253267996013165 0.0280138999223709 0.00672532012686133 0.000188495003385469 2.47676998696988e-05 1.41521004479728e-05 1.46353004311095e-05 0.000107166997622699 0.00111259997356683 1.67059006344061e-05 1.66783993336139e-05 1.73406006069854e-05 1.80603001354029e-05 1.86969991773367e-05 1.93874002434313e-05
1.00611996458611e-05 1.00361003205762e-05 1.09946995507926e-05 9.97673032543389e-06 9.94962010736344e-06 9.99117037281394e-06 9.89683030638844e-06 9.8676200650516e-06 9.8383798103896e-06 9.81850007519824e-06 9.80160984909162e-06 9.79823016677983e-06 9.80405002337648e-06 9.80597997113364e-06 9.8079099188908e-06 9.80983986664796e-06 9.80630011326866e-06 9.78639036475215e-06 9.76652972894954e-06 9.74670001596678e-06 9.72647012531525e-06 9.70486962614814e-06 9.68319000094198e-06 9.66142033576034e-06 9.73024998529581e-06 9.82989968179027e-06 9.93023968476336e-06 1.00313000075403e-05 1.0271200153511e-05 1.05540002550697e-05 1.0975400073221e-05 1.34578003780916e-05 1.24950001918478e-05 1.18428997666342e-05 1.22720002764254e-05 1.27276998682646e-05 1.31905999296578e-05 1.36860999191413e-05 1.42205999509315e-05 1.4744699910807e-05 1.53049004438799e-05 1.58867005666252e-05 1.64907996804686e-05 1.71618994500022e-05
8.94413005880779e-06 8.87346959643764e-06 8.82259973877808e-06 8.77209004102042e-06 8.72837972565321e-06 8.66945993038826e-06 8.59564988786587e-06 8.5224100985215e-06 8.44973965286044e-06 8.37697007227689e-06 8.31221041153185e-06 8.24661037768237e-06 8.16138981463155e-06 8.10344045021338e-06 8.04590035841102e-06 7.98877044871915e-06 7.93845993030118e-06 7.90760987001704e-06 7.87684984970838e-06 7.84618987381691e-06 7.83117957325885e-06 7.83163977757795e-06 7.83195991971297e-06 7.83216000854736e-06 7.9542196544935e-06 8.10160963737871e-06 8.23960999696283e-06 8.37995958136162e-06 8.62144042912405e-06 8.86988982529147e-06 9.12551968212938e-06 9.43313989409944e-06 9.78315983957145e-06 1.01797004390392e-05 1.0560699593043e-05 1.09716002043569e-05 1.14440999823273e-05 1.18981997729861e-05 1.24406997201731e-05 1.29529998957878e-05 1.346610042674e-05 1.40238998938003e-05 1.46066004163004e-05 1.52616994455457e-05
7.92614991951268e-06 7.84681014920352e-06 7.78303001425229e-06 7.71971008362016e-06 7.65685035730712e-06 7.57186990085756e-06 7.46557998354547e-06 7.37398022465641e-06 7.28543000150239e-06 7.17305010766722e-06 7.05574984749546e-06 6.95993003319018e-06 6.86541989125544e-06 6.76375020702835e-06 6.66358982925885e-06 6.56491010886384e-06 6.48050991003402e-06 6.4353098423453e-06 6.3904199123499e-06 6.3458401200478e-06 6.33858007859089e-06 6.36908998785657e-06 6.39974996374804e-06 6.4305600062653e-06 6.56525980957667e-06 6.73244994686684e-06 6.87442980051856e-06 6.99696010997286e-06 7.21129981684498e-06 7.43230020816554e-06 7.70800033933483e-06 8.0319896369474e-06 8.38075993669918e-06 8.74466968525667e-06 9.11012011783896e-06 9.48337037698366e-06 9.92933019006159e-06 1.03444999695057e-05 1.08644999272656e-05 1.13768001028802e-05 1.18841999210417e-05 1.23945001178072e-05 1.29002000903711e-05 1.35430000227643e-05
6.89704984324635e-06 6.82495010551065e-06 6.73107979309862e-06 6.63853006699355e-06 6.54728000881732e-06 6.43067005512421e-06 6.27813005849021e-06 6.12188978266204e-06 5.9695398704207e-06 5.82087977818446e-06 5.67589995625895e-06 5.53452991880476e-06 5.39670008947724e-06 5.29218004885479e-06 5.18970000484842e-06 5.08920993524953e-06 5.011890152673e-06 4.99897987538134e-06 4.98610006616218e-06 4.97325981996255e-06 4.99863017466851e-06 5.06281003254117e-06 5.12781980432919e-06 5.19365994477994e-06 5.3380199460662e-06 5.49675996808219e-06 5.62392006031587e-06 5.75402009417303e-06 5.9775397858175e-06 6.20975015408476e-06 6.4509799813095e-06 6.71440011501545e-06 7.02874012858956e-06 7.30830015527317e-06 7.69459984439891e-06 8.08435015642317e-06 8.52637003845302e-06 8.95784978638403e-06 9.42312999541173e-06 9.82826986728469e-06 1.01863997770124e-05 1.05926001197076e-05 1.10192004285636e-05 1.17384997793124e-05
5.9803601288877e-06 5.86285977988155e-06 5.69864005228737e-06 5.53243989998009e-06 5.37110008735908e-06 5.19870991411153e-06 5.01662998431129e-06 4.84095016872743e-06 4.67143991045305e-06 4.51348978458554e-06 4.3627001105051e-06 4.21388995164307e-06 4.05669015890453e-06 3.94874996345607e-06 3.84366012440296e-06 3.74459000340721e-06 3.67494999409246e-06 3.70135990124254e-06 3.72952990801423e-06 3.75788999917859e-06 3.82310008717468e-06 3.92217998523847e-06 4.02320983994287e-06 4.12683993999963e-06 4.26816995968693e-06 4.4264897951507e-06 4.59067996416707e-06 4.75489014206687e-06 4.94984988108627e-06 5.15280999024981e-06 5.36411016582861e-06 5.59740010430687e-06 5.8736100072565e-06 6.14601003690041e-06 6.4676000874897e-06 6.8284098233562e-06 7.27307997294702e-06 7.71895975049119e-06 8.1042198871728e-06 8.42705958348233e-06 8.67601011123043e-06 8.94005006557563e-06 9.22539038583636e-06 9.86696977633983e-06
5.12594988322235e-06 4.96864004162489e-06 4.75936985822045e-06 4.55713006886072e-06 4.36348000221187e-06 4.16520015278365e-06 3.96368977817474e-06 3.77191008738009e-06 3.60119997822039e-06 3.4366601084912e-06 3.25746009366412e-06 3.08759990730323e-06 2.95318000098632e-06 2.87730995296442e-06 2.80340009339852e-06 2.73138994089095e-06 2.67947007159819e-06 2.72702004622261e-06 2.76915989161353e-06 2.81038001048728e-06 2.88145997728861e-06 2.98463010039995e-06 3.09718006974435e-06 3.23028007187531e-06 3.3804999475251e-06 3.54092003362894e-06 3.70890006706759e-06 3.88479020330124e-06 4.0770401028567e-06 4.2719998418761e-06 4.47628008259926e-06 4.69147016701754e-06 4.93096013087779e-06 5.19589002578869e-06 5.46700994163984e-06 5.78695016884012e-06 6.17314981354866e-06 6.56049996905494e-06 6.85541999700945e-06 7.08160996509832e-06 7.2670700319577e-06 7.457389983756e-06 7.66384982853197e-06 8.24081962491618e-06
3.7873699056945e-06 3.6484000247583e-06 3.47492004948435e-06 3.30969010065019e-06 3.16125010613177e-06 3.02061994261749e-06 2.88675005322148e-06 2.7643500288832e-06 2.65762992057716e-06 2.56288990385656e-06 2.45178989644046e-06 2.34542994803633e-06 2.24359996536805e-06 2.19666003431485e-06 2.15195996133843e-06 2.1116600237292e-06 2.10518010135274e-06 2.20080005419732e-06 2.30078990171023e-06 2.40533995565784e-06 2.52043992077233e-06 2.65793005382875e-06 2.78422999144823e-06 2.92311005978263e-06 3.05775006381737e-06 3.19393006975588e-06 3.34850005856424e-06 3.51787002728088e-06 3.7067500215926e-06 3.87886984754005e-06 4.05521996071911e-06 4.24048994318582e-06 4.44036004410009e-06 4.65278981209849e-06 4.88821979161003e-06 5.05935986438999e-06 5.18686010764213e-06 5.34590981260408e-06 5.51201992493588e-06 5.68462019145954e-06 5.87588010603213e-06 6.05158993494115e-06 6.27800000074785e-06 6.72177020533127e-06
2.82400992546172e-06 2.71822000286193e-06 2.59604007624148e-06 2.48438004746276e-06 2.35584002439282e-06 2.24206996790599e-06 2.13896009881864e-06 2.04136995307636e-06 1.95382995116233e-06 1.88070998774492e-06 1.81366999640886e-06 1.73313003415387e-06 1.668529989729e-06 1.65281994668476e-06 1.63725997026631e-06 1.62184994678682e-06 1.63844003964186e-06 1.7556100146976e-06 1.88117996913206e-06 2.00736008082458e-06 2.14153010347218e-06 2.29544002650073e-06 2.45781006924517e-06 2.61432001025241e-06 2.75925003734301e-06 2.89970989797439e-06 3.02907005789166e-06 3.17832996188372e-06 3.32876993525133e-06 3.48632988789177e-06 3.65132996194006e-06 3.82289999834029e-06 4.00043018089491e-06 4.18160016124602e-06 4.36847994933487e-06 4.44981014879886e-06 4.41399015471688e-06 4.38708002548083e-06 4.35984020441538e-06 4.52312997367699e-06 4.7649100451963e-06 4.91079981657094e-06 5.14877001478453e-06 5.44353997611324e-06
2.18664990825346e-06 2.13005000659905e-06 2.02177989194752e-06 1.92376000995864e-06 1.83141003162746e-06 1.73572004769085e-06 1.6604800521236e-06 1.58778004788473e-06 1.50822995692579e-06 1.43979002587002e-06 1.36388996452297e-06 1.29198997456115e-06 1.2443199466361e-06 1.2338399528744e-06 1.22235996968811e-06 1.20528000024933e-06 1.22741005270655e-06 1.33998003093438e-06 1.47818002460554e-06 1.63099002747913e-06 1.78864002009504e-06 1.94959989130439e-06 2.12507006835949e-06 2.31634999181551e-06 2.44369994106819e-06 2.55013992500608e-06 2.66120991909702e-06 2.77713002105884e-06 2.85311989500769e-06 2.92982008431864e-06 3.01827003568178e-06 3.15247007165453e-06 3.29379008690012e-06 3.44418003805913e-06 3.61187994712964e-06 3.61391994374571e-06 3.44199997925898e-06 3.27041993841704e-06 3.12121005663357e-06 3.26615008816589e-06 3.52511005985434e-06 3.79844004783081e-06 4.03150988859124e-06 4.28572002419969e-06
1.69529005233926e-06 1.71913995927753e-06 1.63759000315622e-06 1.5552600416413e-06 1.45530998452159e-06 1.36770995595725e-06 1.29454997477296e-06 1.24114001209819e-06 1.17498996132781e-06 1.1366499848009e-06 1.08768995232822e-06 1.0172200290981e-06 9.40418999562098e-07 9.25935978557391e-07 9.08081972283981e-07 8.89044997620658e-07 9.07701974028896e-07 1.05191998045484e-06 1.19252001695713e-06 1.34113997773966e-06 1.47815001128038e-06 1.62383003043942e-06 1.80648999048572e-06 2.00118006432604e-06 2.08435994863976e-06 2.13299995266425e-06 2.18278000829741e-06 2.23372990149073e-06 2.26137990466668e-06 2.27150007958699e-06 2.26069005293539e-06 2.29638999371673e-06 2.40961003328266e-06 2.5377501060575e-06 2.67270002041187e-06 2.5790300242079e-06 2.29459010370192e-06 1.97525992007286e-06 1.78297000275052e-06 1.90367995855922e-06 2.20254992200353e-06 2.5707199711178e-06 2.92326990347647e-06 3.2496400308446e-06
