results/Predictions/Median/Rhaetian.asc
NCOLS 360 
NROWS 180 
XLLCORNER -180 
YLLCORNER -90 
CELLSIZE 1 
NODATA_value -3.4e+38 
[rows 60 to 79 of 180, columns 225 to 269 of 360]
0.000507163989823312 0.000506857002619654 0.000506501004565507 0.000506012002006173 0.00050590600585565 0.000505699019413441 0.000505430973134935 0.000505162985064089 0.000504603027366102 0.00050460099009797 0.000504228984937072 0.000503781018778682 0.000503722985740751 0.000503666000440717 0.000503608025610447 0.000503917981404811 0.000504596973769367 0.000505276024341583 0.000506229989696294 0.000506228010635823 0.000505849020555615 0.000505469972267747 0.000505091971717775 0.000504594994708896 0.000504099007230252 0.000503604009281844 0.000502650975249708 0.000501559989061207 0.000501171976793557 0.000498877023346722 0.000497856002766639 0.000496715016197413 0.000495576998218894 0.000493519008159637 0.000491707003675401 0.00048999598948285 0.000488251011120155 0.000485399010358378 0.000481669994769618 0.000478675996419042 0.00047779901069589 0.000474185013445094 0.000472534011350945 0.000469977996544912 0.00046700201346539
0.000502692011650652 0.000501512025948614 0.000500335008837283 0.000499263987876475 0.000499146000947803 0.00049898901488632 0.000498832028824836 0.000498674984555691 0.000498417008202523 0.00049816002137959 0.000497695989906788 0.000497192027978599 0.000497318978887051 0.0004974469775334 0.000497428991366178 0.000497366010677069 0.000497924978844821 0.00049848499475047 0.000498452980536968 0.000497766013722867 0.000497840985190123 0.000497957982588559 0.00049766298616305 0.00049731699982658 0.000497250992339104 0.000496748019941151 0.000496664026286453 0.000494782987516373 0.00049378297990188 0.000493154977448285 0.000492265971843153 0.000490356993395835 0.000488304009195417 0.000486314005684108 0.000484618998598307 0.000482439005281776 0.00048087298637256 0.000479467009427026 0.000476646004244685 0.000473841006169096 0.000472879008157179 0.000470994011266157 0.000467836012830958 0.000463006988866255 0.000460668001323938
0.000501331989653409 0.000500403984915465 0.000499478017445654 0.000498163979500532 0.000496888998895884 0.000495704996865243 0.000494522973895073 0.000493186002131552 0.000492378021590412 0.000491425977088511 0.000490946986246854 0.00049065297935158 0.00049083901103586 0.00049093400593847 0.000491210026666522 0.000491307000629604 0.000491317012347281 0.00049127300735563 0.000491219980176538 0.000491179991513491 0.000491119979415089 0.000491061015054584 0.000491001992486417 0.000490702979732305 0.000490405014716089 0.000489633996039629 0.000489300990011543 0.000488732999656349 0.000487026991322637 0.000486306991660967 0.000485903990920633 0.000482909992570058 0.000480724003864452 0.000479234993690625 0.000477941997814924 0.0004761989985127 0.000474592990940437 0.000473407009849325 0.000471375999040902 0.000467345991637558 0.000464279000880197 0.000461872987216339 0.000459901988506317 0.000457822985481471 0.000456495006801561
0.000496399006806314 0.000494789972435683 0.000492929015308619 0.000490889011416584 0.000489246973302215 0.000487532000988722 0.000485747994389385 0.000485018012113869 0.000485005992231891 0.000484496005810797 0.000483585987240076 0.000482570991152897 0.000482423987705261 0.000482352013932541 0.000482278992421925 0.00048226400394924 0.000482305011246353 0.000482409988762811 0.000482584990095347 0.000482400006148964 0.000482403003843501 0.000482306000776589 0.000481599010527134 0.000481354014482349 0.000481152994325384 0.000480952992802486 0.000480724003864452 0.000480407994473353 0.000479963986435905 0.000478676985949278 0.00047666099271737 0.000475495005957782 0.000474459986435249 0.000473427004180849 0.00047126499703154 0.000468888989416882 0.00046635398757644 0.000464173994259909 0.000461565010482445 0.000458995986264199 0.000458291993709281 0.000458227004855871 0.000456576992291957 0.000455784989753738 0.000455022003734484
0.000489493017084897 0.000487777986563742 0.000485720986034721 0.000483637006254867 0.000482967996504158 0.000481677008792758 0.000480218994198367 0.000479217007523403 0.000478965986985713 0.000478270987514406 0.000477049994515255 0.000476113986223936 0.000475870008813217 0.000475626991828904 0.00047538400394842 0.000475353997899219 0.000475537992315367 0.000475720997201279 0.000475948996609077 0.000475895998533815 0.00047570001333952 0.000475503999041393 0.000475164008093998 0.000474205007776618 0.000473246996989474 0.000472290004836395 0.000471379986265674 0.000471167993964627 0.000470992003101856 0.000470816012239084 0.000470297993160784 0.000468674988951534 0.000466403987957165 0.000464145006844774 0.000461310992250219 0.00045913498615846 0.000458441994851455 0.000457605987321585 0.000457504007499665 0.000456854002550244 0.000456262991065159 0.000455622997833416 0.000454054010333493 0.000453337997896597 0.000451325002359226
0.000483484996948391 0.000481849012430757 0.000479823007481173 0.000477807014249265 0.000475974986329675 0.000474210013635457 0.00047377499868162 0.000472398998681456 0.00047099101357162 0.000470388011308387 0.000469785998575389 0.000469252001494169 0.00046853898675181 0.000467797013698146 0.000467056990601122 0.000466510013211519 0.000466153986053541 0.000465815013740212 0.00046610098797828 0.000465869001345709 0.000465463992441073 0.000465198012534529 0.000464982993435115 0.000464376003947109 0.000463679985841736 0.000463192991446704 0.000462752999737859 0.000462455995148048 0.000462158001028001 0.00046186099643819 0.000461062998510897 0.000460498005850241 0.000459127011708915 0.000457760994322598 0.000456517998827621 0.000456284004030749 0.000455060013337061 0.000453677988843992 0.000452998006949201 0.00045163300819695 0.000451539002824575 0.00045045799924992 0.00045039999531582 0.000450749997980893 0.000450939987786114
0.000478428992209956 0.000475351989734918 0.000473043997772038 0.000470747007057071 0.000468609010567889 0.000466666009742767 0.000465818011434749 0.000464448006823659 0.000463751988718286 0.000463056989246979 0.00046137798926793 0.000459872011560947 0.000459275004686788 0.00045896100345999 0.000458647991763428 0.000458405003882945 0.000457999994978309 0.000457874004496261 0.00045788599527441 0.000457674992503598 0.000457326008472592 0.000456612993730232 0.000455850997241214 0.000455458997748792 0.000455122004495934 0.000454989989520982 0.000454877008451149 0.000454808003269136 0.000454321008874103 0.00045426600263454 0.000454002991318703 0.000453798013040796 0.000452825013780966 0.000451666011940688 0.000450336985522881 0.000450538995210081 0.000449518993264064 0.000448219012469053 0.000447566009825096 0.000448189995950088 0.000449240003945306 0.000449954008217901 0.000450088002253324 0.000451100000645965 0.000451400992460549
0.000472537998575717 0.000469154008897021 0.000467122998088598 0.000465850986074656 0.000462152005638927 0.000461504008853808 0.000459470000350848 0.000458864000393078 0.000458099995739758 0.000457307993201539 0.000455934990895912 0.000454774009995162 0.000454249995527789 0.000453726010164246 0.000452681997558102 0.000452283013146371 0.000452194013632834 0.000452105014119297 0.00045201598550193 0.000451911007985473 0.000451445986982435 0.000450983003247529 0.000450490013463423 0.00045047901221551 0.000450438994448632 0.000450397987151518 0.000450408988399431 0.000450102001195773 0.000449343002401292 0.000448862992925569 0.0004484310047701 0.000447641010396183 0.000447224010713398 0.00044689400237985 0.000446908001322299 0.000446825986728072 0.000446744990767911 0.000446663005277514 0.000447250000433996 0.00044822201016359 0.000449195998953655 0.00045000298996456 0.000450769002782181 0.000451536005130038 0.000452140986453742
0.000467322999611497 0.000465399003587663 0.000462208001408726 0.000459339004009962 0.000458825001260266 0.000457652000477538 0.000455695000709966 0.000453779008239508 0.000453373009804636 0.000452829990535975 0.000452279986348003 0.000451730011263862 0.000451174011686817 0.000450619991170242 0.000450066989287734 0.000449588987976313 0.000449187005870044 0.000448784994659945 0.000448384002083912 0.00044810600229539 0.000447867991169915 0.000447664002422243 0.000447424012236297 0.00044735599658452 0.000447317986981943 0.000447319005616009 0.000447275000624359 0.000447311002062634 0.000447214988525957 0.000447117985459045 0.000447033002274111 0.000446958991233259 0.000446766003733501 0.00044654100202024 0.000446630991064012 0.000446835998445749 0.000447041005827487 0.000447244994575158 0.000447624013759196 0.000448300008429214 0.000448767998022959 0.000449706014478579 0.000450638995971531 0.000451466999948025 0.000452142994618043
0.000463769014459103 0.000460618000943214 0.000457780988654122 0.000456757989013568 0.000455133005743846 0.000453799992101267 0.000452946987934411 0.000452757987659425 0.000452757987659425 0.000452192005468532 0.000451235013315454 0.000450266001280397 0.000449660990852863 0.000449081999249756 0.000448525999672711 0.000448050006525591 0.000447330006863922 0.000446488003944978 0.000446457997895777 0.000446469988673925 0.000446496997028589 0.000446362013462931 0.000446068006567657 0.000445996003691107 0.000446269987151027 0.000446298014139757 0.000446362013462931 0.000446535006631166 0.000446699006715789 0.000446738995378837 0.000447108002845198 0.000447250000433996 0.00044734901166521 0.000447505997726694 0.00044762299512513 0.000447725993581116 0.000448895007139072 0.000449215993285179 0.000449868995929137 0.00045052298810333 0.000451177998911589 0.000451853004051372 0.000452312990091741 0.000452757987659425 0.000453193992143497
0.000461697985883802 0.000458244001492858 0.000455873989267275 0.00045373899047263 0.000452754000434652 0.000451645988505334 0.000450974999694154 0.000450305989943445 0.000449755985755473 0.000449062004918233 0.000448142003733665 0.000447508995421231 0.000446738005848601 0.000446035992354155 0.000445993995526806 0.000445959012722597 0.000445866986410692 0.000445543992100284 0.00044522198732011 0.00044503400567919 0.00044488999992609 0.000444747012807056 0.000444603996584192 0.000444395001977682 0.000444150005932897 0.000443905999418348 0.000443841010564938 0.000444145989604294 0.000444651988800615 0.000445159006631002 0.000445745012257248 0.000446616992121562 0.000447499012807384 0.000447973987320438 0.000448720005806535 0.000449690996902063 0.000450663996161893 0.000451233005151153 0.000452005013357848 0.000453490007203072 0.000455703993793577 0.000457615009509027 0.000459875998785719 0.000463372009107843 0.000465732009615749
0.000460126000689343 0.000458277994766831 0.000454596010968089 0.000452757987659425 0.000451800005976111 0.00045049301115796 0.000449415994808078 0.000448348000645638 0.00044773198897019 0.000447119993623346 0.000446349993580952 0.000446035992354155 0.000445523008238524 0.000445078010670841 0.000444922014139593 0.000444764998974279 0.000444606994278729 0.000444448000052944 0.000444289995357394 0.00044431901187636 0.000444411009084433 0.000444194010924548 0.000443988014012575 0.000444850011263043 0.00044510600855574 0.000445276993559673 0.000445440993644297 0.000446038990048692 0.000446427002316341 0.000446810998255387 0.000447036989498883 0.000447902013547719 0.000448662001872435 0.000449829007266089 0.000451408006483689 0.000453780987299979 0.000455189001513645 0.000456759007647634 0.000458808994153515 0.000461877003544942 0.000465775985503569 0.000470077007776126 0.000473978987429291 0.000479098001960665 0.000483571988297626
0.000463498989120126 0.000461502990219742 0.000459022994618863 0.000459806993603706 0.000459225004306063 0.00045733799925074 0.000455314991995692 0.000453593005659059 0.00045257800957188 0.000451261003036052 0.000449263985501602 0.000448286009486765 0.000446924997959286 0.000446329009719193 0.000445943995146081 0.000445501995272934 0.000445370009401813 0.000445053010480478 0.000444737001089379 0.00044434898882173 0.000444526987848803 0.000444497010903433 0.000444461009465158 0.000445720012066886 0.000446282996563241 0.000447292986791581 0.000448167003924027 0.000449590006610379 0.00045128699275665 0.000452484004199505 0.000453118002042174 0.000455142988357693 0.000456454989034683 0.00045834798947908 0.000460537004983053 0.000462894007796422 0.000465741992229596 0.000468559010187164 0.000471145001938567 0.000477008987218142 0.000480988994240761 0.000486380013171583 0.00048967101611197 0.000495337008032948 0.000501230999361724
0.000469989987323061 0.000468085985630751 0.000466936995508149 0.000467498990474269 0.00046661400119774 0.000465666991658509 0.000463987002149224 0.000462680996861309 0.000461854011518881 0.000460743991425261 0.000459831004263833 0.000458994996733963 0.000457971997093409 0.000456209992989898 0.000455127999885008 0.000453802989795804 0.000453112996183336 0.000453051994554698 0.000452992011560127 0.000452951004263014 0.000453070999355987 0.000453684013336897 0.000454510009149089 0.000456011010101065 0.000457340007415041 0.00045788599527441 0.000458513997728005 0.000460109004052356 0.000462988013168797 0.000465368008008227 0.000467086007120088 0.000468349986476824 0.000469943013740703 0.000472893996629864 0.000476192013593391 0.000479940994409844 0.000484249991131946 0.000484924006741494 0.000487300014356151 0.000492696010041982 0.000497601984534413 0.000500183028634638 0.000503152026794851 0.000506483018398285 0.000509374018292874
0.000480032991617918 0.000477174995467067 0.000479139009257779 0.000481474999105558 0.000480649003293365 0.000479034992167726 0.000477425986900926 0.000476943008834496 0.000477160996524617 0.000477407011203468 0.000477313005831093 0.000475756998639554 0.000474444997962564 0.000473135994980112 0.000471831008326262 0.000470886006951332 0.000470296014100313 0.000469032005639747 0.000468348996946588 0.000468168989755213 0.000468156998977065 0.000468143989564851 0.000467978999949992 0.000468726007966325 0.000469255988718942 0.000469646009150892 0.00047014799201861 0.000471631996333599 0.000473747990326956 0.000475262990221381 0.000476201996207237 0.000478439003927633 0.000479988986626267 0.000481146009406075 0.000484285003039986 0.000486450997414067 0.000487965997308493 0.000489484984427691 0.000490851991344243 0.000492223014589399 0.000493986997753382 0.00049630698049441 0.000498924986459315 0.000501558010000736 0.000503098999615759
0.000484819000121206 0.000479726993944496 0.000483145995531231 0.00048598600551486 0.000485491997096688 0.00048482499551028 0.000484365999000147 0.000483809009892866 0.00048437700024806 0.000484994001453742 0.000484424992464483 0.000482459989143535 0.000481510011013597 0.000480402988614514 0.000479334994452074 0.000478267989819869 0.000476760003948584 0.000475256994832307 0.000473822990898043 0.00047296000411734 0.00047228200128302 0.000471636012662202 0.00047139500384219 0.000471533014206216 0.00047171299229376 0.000471928011393175 0.000472242012619972 0.000473396998131648 0.000474575004773214 0.000475756009109318 0.000477161986054853 0.000478473986731842 0.000479520997032523 0.000480569986393675 0.000481797003885731 0.000483084993902594 0.00048447900917381 0.000485967000713572 0.000487028999486938 0.000487207988044247 0.000487365003209561 0.000485161988763139 0.000482686009490862 0.000480813992908224 0.000480813992908224
0.000480652000987902 0.000473160005640239 0.000475842010928318 0.000478734989883378 0.000481686001876369 0.000484134012367576 0.000486439996166155 0.000488677993416786 0.000487918994622305 0.000486295990413055 0.000484660995425656 0.000483076990349218 0.000482169998576865 0.000481263996334746 0.00048036000225693 0.000478936999570578 0.000477044988656417 0.000475395005196333 0.000473638996481895 0.000472935003926978 0.000472501007607207 0.000471612002002075 0.000470725994091481 0.000470697006676346 0.000470669008791447 0.000470641010906547 0.000470847997348756 0.000471464009024203 0.00047172699123621 0.000471990002552047 0.000472465006168932 0.000473013991722837 0.000473301013698801 0.000473588006570935 0.000473880994832143 0.000473365013021976 0.00047200100379996 0.000472176005132496 0.000471320992801338 0.00046926099457778 0.000468874990474433 0.00046884999028407 0.000468179991003126 0.000466858997242525 0.000464629993075505
0.000463758013211191 0.000461718009319156 0.000463850010419264 0.000466194993350655 0.000470564002171159 0.000474100990686566 0.000480652000987902 0.000484950985992327 0.000484293996123597 0.000483637995785102 0.000482981995446607 0.000482245988678187 0.000481577997561544 0.000480557006085292 0.000479353999253362 0.000477541994769126 0.000475760985864326 0.000474358996143565 0.00047317601274699 0.000472543993964791 0.000471975014079362 0.000471406994620338 0.00047083999379538 0.00047032700967975 0.000469814985990524 0.000468240992631763 0.000466653989860788 0.000466247991425917 0.000466205994598567 0.00046629601274617 0.000466477009467781 0.000466392986709252 0.000465724995592609 0.00046494000707753 0.000463514006696641 0.000462104013422504 0.000460653012851253 0.000458791997516528 0.000457732006907463 0.000456240988569334 0.000455806002719328 0.000455947010777891 0.000455923989647999 0.000456312001915649 0.00045692699495703
0.00045427298755385 0.00045000298996456 0.000451041996711865 0.000458054011687636 0.000464128010207787 0.000468131998786703 0.000473510008305311 0.000482005008962005 0.000483342009829357 0.000484682997921482 0.000485905009554699 0.000486683013150468 0.000486408011056483 0.000486133998492733 0.00048555398825556 0.000483623996842653 0.000481041002785787 0.000478672998724505 0.000477247987873852 0.000476187997264788 0.000475314998766407 0.000474195985589176 0.000473043997772038 0.000472276005893946 0.000471454986836761 0.000469229998998344 0.000467914011096582 0.000466967991087586 0.000466188008431345 0.000464956014184281 0.000463178002974018 0.00046098799793981 0.000458974012872204 0.000456276000477374 0.000455612986115739 0.000455380999483168 0.000454669003374875 0.000454914988949895 0.000454688008176163 0.0004544609982986 0.000454753986559808 0.000454641995020211 0.000454176013590768 0.000455669010989368 0.000457023998023942
0.000454911991255358 0.000449565995950252 0.000449467013822868 0.000452523992862552 0.000455883011454716 0.000463692005723715 0.000471198989544064 0.000477902998682112 0.000481149007100612 0.000484416988911107 0.000487871991936117 0.000490988022647798 0.000490977021399885 0.000489690981339663 0.000487996003357694 0.000484774995129555 0.000480216986034065 0.00047813801211305 0.00047477098996751 0.000471348001156002 0.000470269995275885 0.000469193997560069 0.00046812099753879 0.000467497011413798 0.000465757009806111 0.000463784992462024 0.000461376999737695 0.000459787988802418 0.000458243011962622 0.00045732400030829 0.000456201989436522 0.000455716013675556 0.000455520988907665 0.000454927998362109 0.000454504013760015 0.000454205001005903 0.000454783003078774 0.000454791996162385 0.000455939007224515 0.000456517009297386 0.000457096990430728 0.000457724992884323 0.000458496011560783 0.000459267990663648 0.000460042007034644
