results/Predictions/Median/Rhaetian.asc
NCOLS 360 
NROWS 180 
XLLCORNER -180 
YLLCORNER -90 
CELLSIZE 1 
NODATA_value -3.4e+38 
[rows 100 to 119 of 180, columns 45 to 89 of 360]
0.000496362976264209 0.000493888976052403 0.000491886981762946 0.000489828002173454 0.000486587989144027 0.000484994001453742 0.000482786010252312 0.000481186987599358 0.000477410008898005 0.000475386012112722 0.000472259009256959 0.000470483006210998 0.000468061014544219 0.000465605990029871 0.000461993011413142 0.000459200993645936 0.00045571499504149 0.000452254986157641 0.00045027700252831 0.000445607991423458 0.000443219993030652 0.000439797004219145 0.000438152987044305 0.000437242008047178 0.000435427995398641 0.000433401000918821 0.000431644992204383 0.000431093008955941 0.000429915991844609 0.000429056992288679 0.000426507001975551 0.000425122008891776 0.000423024001065642 0.000420938013121486 0.000419056013925001 0.000418051989981905 0.000417620991356671 0.000415654008975253 0.000412035995395854 0.000410490989452228 0.00040897898725234 0.000408077001338825 0.000406451988965273 0.000403240002924576 0.000400385004468262
0.000498269975651056 0.000495417974889278 0.000493482977617532 0.000492692983243614 0.000490690988954157 0.000488027988467366 0.000485382013721392 0.00048339000204578 0.000481214985484257 0.000477183988550678 0.000474978005513549 0.000472804007586092 0.00047104898840189 0.000469574995804578 0.000467150006443262 0.000466694007627666 0.000464588985778391 0.000462955998955294 0.000459642003988847 0.000455892994068563 0.000452542008133605 0.00044849599362351 0.000445412995759398 0.000444100005552173 0.000441562006017193 0.000440704985521734 0.000439224997535348 0.000436836999142542 0.000434329995186999 0.000431758991908282 0.000430268002673984 0.00042875501094386 0.000427669991040602 0.000425932987127453 0.000424755009589717 0.000421689008362591 0.000418757990701124 0.000417130999267101 0.00041541300015524 0.000412931985920295 0.000409127998864278 0.000406448991270736 0.000405531987780705 0.000402726989705116 0.000397075986256823
0.000500508002005517 0.000498844019602984 0.000497185974381864 0.000495533982757479 0.000493864994496107 0.000491573009639978 0.000490354024805129 0.000488659017719328 0.000486675999127328 0.00048483899445273 0.000483009003801271 0.000480936985695735 0.000478869013022631 0.000476810004329309 0.000472362007712945 0.00046825798926875 0.000466360012069345 0.000464393990114331 0.000462591007817537 0.00046069998643361 0.000458811991848052 0.00045693400898017 0.000455511006293818 0.000453779008239508 0.000450658990303054 0.000448426988441497 0.000446268008090556 0.000445584009867162 0.000442612014012411 0.000441039010183886 0.000438040005974472 0.000436661997810006 0.000435518013546243 0.000433495006291196 0.000430960993980989 0.000428125989856198 0.000425009988248348 0.000421890988945961 0.000418859999626875 0.000417022005422041 0.000413814996136352 0.000409186002798378 0.000402957986807451 0.000395654002204537 0.000389138993341476
0.00051015499047935 0.000506684009451419 0.000501840026117861 0.000499914982356131 0.000498277018778026 0.000496473978273571 0.000495371990837157 0.00049427297199145 0.000493090017698705 0.000490700011141598 0.000488249002955854 0.000486495991935953 0.000484568008687347 0.000483699986943975 0.000481830007629469 0.000479009002447128 0.000476059998618439 0.000473641004646197 0.000471614999696612 0.000468448008177802 0.000466261990368366 0.000464401004137471 0.000462550000520423 0.000461246003396809 0.000460476992884651 0.000458707014331594 0.000456982990726829 0.000454902998171747 0.000450808001914993 0.000448493985459208 0.000447008991613984 0.000444898003479466 0.000443964992882684 0.00044165799045004 0.000438683986430988 0.000436063011875376 0.000433009001426399 0.000430137995863333 0.000426935992436484 0.000423744000727311 0.000420577998738736 0.000417437986470759 0.000415471993619576 0.000410094013204798 0.00040188999264501
0.000522374000865966 0.000517694978043437 0.000515035004355013 0.000513038015924394 0.000510999001562595 0.000508952012751251 0.000506913987919688 0.000504887022543699 0.00050233700312674 0.000499345012940466 0.000496128981467336 0.000493726984132081 0.00049166101962328 0.000489765021484345 0.000488113990286365 0.000487501005409285 0.000485583004774526 0.000483186013298109 0.000482164003187791 0.00048054099897854 0.000479253998491913 0.000477775000035763 0.000476849003462121 0.000475311011541635 0.000473394000437111 0.000471487001050264 0.000469580001663417 0.000468659010948613 0.00046644700341858 0.000463833013782278 0.000459805014543235 0.000458666007034481 0.000455077999504283 0.000450399005785584 0.000446791993454099 0.000446596997790039 0.00044451400754042 0.00044177399831824 0.00043641499360092 0.000431786989793181 0.000428577011916786 0.000425089994678274 0.00042187501094304 0.000415941991377622 0.000409741012845188
0.000526566989719868 0.00052449997747317 0.00052266800776124 0.000519516004715115 0.000516280997544527 0.000513895996846259 0.000512094993609935 0.000510303012561053 0.000508085009641945 0.000505832023918629 0.000502787996083498 0.000499478017445654 0.000497276021633297 0.000496136024594307 0.000494752021040767 0.000492348975967616 0.000489884987473488 0.000489516998641193 0.00048664299538359 0.000484977004816756 0.000483898998936638 0.000482823990751058 0.000481616007164121 0.000480746006360278 0.000479768001241609 0.000478850008221343 0.000477752008009702 0.000476635992527008 0.00047438801266253 0.000473589985631406 0.000472868996439502 0.000469946011435241 0.000466956000309438 0.000465298013295978 0.000463384989416227 0.000461396004538983 0.000459419010439888 0.000456098990980536 0.00045108501217328 0.000447447004262358 0.00044390800758265 0.000439074996393174 0.000433601991971955 0.000429259991506115 0.000424483005190268
0.000527790980413556 0.000525866984389722 0.00052408198826015 0.000522857008036226 0.00052136299200356 0.000519783003255725 0.000518208020366728 0.000516640022397041 0.00051484297728166 0.000512289989273995 0.000509749981574714 0.000505967007484287 0.000503637013025582 0.000500289024785161 0.000498007982969284 0.000495853018946946 0.000494385021738708 0.000493034021928906 0.000491686980240047 0.000491136976052076 0.00048990297364071 0.000488190009491518 0.000486397999338806 0.000484688993310556 0.000482989009469748 0.000482081988593563 0.000481374998344108 0.000481107010273263 0.000479540991364047 0.000478197995107621 0.000477268011309206 0.000476393004646525 0.000475523003842682 0.000474656000733376 0.000472735991934314 0.000468743994133547 0.000466992001747712 0.000466530997073278 0.000465843011625111 0.00046261100214906 0.000459117989521474 0.000456901005236432 0.000452423002570868 0.000449018989456818 0.000444678007625043
0.000532674021087587 0.000531830010004342 0.000530985998921096 0.000530145014636219 0.0005285469815135 0.000526704010553658 0.000524592003785074 0.000522333022672683 0.000520117988344282 0.000517913023941219 0.000515718013048172 0.000513749022502452 0.000512067985255271 0.000509744975715876 0.000507828022819012 0.000505890988279134 0.00050393701530993 0.0005017010262236 0.000498872017487884 0.000496668973937631 0.000495567976031452 0.000494470004923642 0.000493375002406538 0.000492396007757634 0.000491668994072825 0.000490276026539505 0.000488637015223503 0.000486948993057013 0.000485703989397734 0.000485527998534963 0.000485505006508902 0.000485635013319552 0.000485369004309177 0.000484741991385818 0.000483614014228806 0.000482322997413576 0.000480793009046465 0.000478317000670359 0.000475543987704441 0.000472741987323388 0.00047179200919345 0.000470764993224293 0.000467489007860422 0.000464231008663774 0.000460674986243248
0.000535683007910848 0.000535216007847339 0.000534749997314066 0.000534283986780792 0.000533091020770371 0.000531659985426813 0.000529985991306603 0.000528306001797318 0.000526480027474463 0.000524660979863256 0.00052284897537902 0.000521061010658741 0.000519331020768732 0.000516886007972062 0.000512761005666107 0.000509504985529929 0.000507974007632583 0.000506447977386415 0.000504926021676511 0.000503626011777669 0.000501242990139872 0.000498795008752495 0.000497887027449906 0.000496542023029178 0.000494783977046609 0.000494066975079477 0.000493477971758693 0.000492980005219579 0.000491736980620772 0.000489449012093246 0.000489053025376052 0.000489049998577684 0.000489048019517213 0.000489045982249081 0.000489112979266793 0.000489203026518226 0.000489294005092233 0.000489383994136006 0.00048867502482608 0.000484135001897812 0.000483579991851002 0.000482911011204123 0.000477315013995394 0.00047443198855035 0.000471720995847136
0.000530622026417404 0.000530579010955989 0.000530535995494574 0.000530492980033159 0.000529579992871732 0.000528378004673868 0.000527179974596947 0.000526637013535947 0.000526254996657372 0.000525872979778796 0.000525491021107882 0.000525053008459508 0.000524444971233606 0.000523947994224727 0.000521729991305619 0.000518582004588097 0.000517082982696593 0.000515587977133691 0.000514097977429628 0.000512038997840136 0.000509464996866882 0.000506905023939908 0.000504360010381788 0.000503777991980314 0.000503198010846972 0.000502620008774102 0.000501916976645589 0.000500837981235236 0.00049976201262325 0.000498690002132207 0.000497634988278151 0.000496596971061081 0.000496027001645416 0.000495828979182988 0.000495833985041827 0.000495906977448612 0.000495980028063059 0.000494892010465264 0.000494360981974751 0.000494279025588185 0.000492984021548182 0.000491547980345786 0.000491094018798321 0.000489005004055798 0.000488453020807356
0.000536675972398371 0.000536657986231148 0.000536532024852931 0.000536405015736818 0.000536233012098819 0.000535705999936908 0.00053484900854528 0.000533993006683886 0.000533178972546011 0.000532366975676268 0.000531556026544422 0.000530824007000774 0.000530329009052366 0.000529833021573722 0.000529338023625314 0.000528493023011833 0.00052509200759232 0.00052475999109447 0.00052442797459662 0.00052388699259609 0.00052259600488469 0.000520471017807722 0.000518356973771006 0.000518208020366728 0.000518059998285025 0.000517913023941219 0.000517698004841805 0.000517276988830417 0.000516448984853923 0.000515446998178959 0.00051438802620396 0.000513271021191031 0.000512157974299043 0.000511048012413085 0.000510639976710081 0.000510465004481375 0.00051029201131314 0.000510119018144906 0.000509352015797049 0.000509075005538762 0.000507824006490409 0.000506935990415514 0.000505667005199939 0.000504429975990206 0.000503265007864684
0.000532268022652715 0.000532980018761009 0.000533709011506289 0.00053457502508536 0.00053453299915418 0.000534188002347946 0.000533843995071948 0.000533498998265713 0.000533619022462517 0.000533737998921424 0.000533858023118228 0.000533876998815686 0.000533595972228795 0.000533315993379802 0.000533035025000572 0.000532362028025091 0.000531296012923121 0.00053023302461952 0.000529171025846153 0.000527823984157294 0.000527021999005228 0.000526910996995866 0.000526799994986504 0.000526799994986504 0.000526799994986504 0.00052680098451674 0.000526810006704181 0.000526848016306758 0.000526884978171438 0.000526922987774014 0.000526971009094268 0.00052703102119267 0.000527090975083411 0.000527000986039639 0.000526759016793221 0.000526590971276164 0.0005264250212349 0.000526259012985975 0.000525687995832413 0.00052512000547722 0.000523826980497688 0.000521619978826493 0.000518911983817816 0.000518332002684474 0.000517865992151201
0.000531093974132091 0.000531442987266928 0.000531792000401765 0.000532141013536602 0.000532197998836637 0.000532157020643353 0.000532115984242409 0.000532075995579362 0.000532191013917327 0.000532304984517395 0.000532420002855361 0.000532483973074704 0.0005323970108293 0.000532309990376234 0.000532223028130829 0.00053218100219965 0.000532186008058488 0.000532191013917327 0.000532196019776165 0.000532071979250759 0.000531905971001834 0.000531740020960569 0.00053157500224188 0.000531207013409585 0.000530840014107525 0.000530474004335701 0.000530222023371607 0.000530312012415379 0.000530402990989387 0.000530495017301291 0.000530756020452827 0.000531124009285122 0.000530887977220118 0.000530762015841901 0.00053104100516066 0.000531369005329907 0.00053169799502939 0.000532026984728873 0.000532153993844986 0.000532281992491335 0.000532409001607448 0.000532524019945413 0.000532068021129817 0.000531513011083007 0.000530959980096668
0.000531580008100718 0.000531590019818395 0.000531599973328412 0.000531609985046089 0.00053163297707215 0.000531658995896578 0.000531685014721006 0.000531710975337774 0.000531708996277303 0.000531707017216831 0.000531706027686596 0.000531724013853818 0.000531802012119442 0.000531880010385066 0.000531958998180926 0.000532119011040777 0.000532359990756959 0.000532602018211037 0.000532843987457454 0.000532989972271025 0.000533104001078755 0.000533217971678823 0.000533332000486553 0.000533385027665645 0.000533437007106841 0.000533489976078272 0.000533559010364115 0.000533678976353258 0.000533798011019826 0.000533916987478733 0.000534059014171362 0.00053422199562192 0.000534384977072477 0.000534548016730696 0.000534805003553629 0.000535093015059829 0.000535381026566029 0.000535668979864568 0.000535828003194183 0.000535988016054034 0.000536148028913885 0.000536312989424914 0.000536496983841062 0.000536680978257209 0.000536863983143121
0.000532648002263159 0.00053232500795275 0.000532001024112105 0.000531679019331932 0.000531543977558613 0.000531471974682063 0.000531399971805513 0.000531329016666859 0.000530520977918059 0.000529713986907154 0.00053076702170074 0.000531903002411127 0.00053300301078707 0.000533731014002115 0.000533903017640114 0.000534219027031213 0.000534681021235883 0.000535144004970789 0.000535605999175459 0.000535876024514437 0.000536082021426409 0.000536287028808147 0.000536493025720119 0.000536638021003455 0.000536782026756555 0.000536925974301994 0.000537077023182064 0.000537247979082167 0.000537418003659695 0.000537588028237224 0.000537772022653371 0.000537968007847667 0.000538164982572198 0.000538361025974154 0.000538595020771027 0.000538841995876282 0.000539087981451303 0.00053933501476422 0.000539526983629912 0.000539658998604864 0.000539475993718952 0.000539325003046542 0.00053927197586745 0.00053922098595649 0.00053916999604553
0.000529322016518563 0.000529245007783175 0.00052916700951755 0.000529090000782162 0.000529086973983794 0.000529107986949384 0.000529128999914974 0.000529150012880564 0.00052965700160712 0.000530164979863912 0.000530673016328365 0.000531237979885191 0.000531974015757442 0.000531929021235555 0.000531347992364317 0.000531139026861638 0.000532212026882917 0.000533287995494902 0.000534365011844784 0.000534526014234871 0.000534381018951535 0.0005342360236682 0.000534091028384864 0.000534601975232363 0.000535112980287522 0.000535623985342681 0.00053605402354151 0.000536235980689526 0.000536418985575438 0.000536602979991585 0.000536838022526354 0.000537127023562789 0.000537416024599224 0.000537706015165895 0.00053802999900654 0.00053826899966225 0.000538217020221055 0.000538165972102433 0.000538251013495028 0.000538336986210197 0.000538423017133027 0.00053857802413404 0.000538692984264344 0.000538565975148231 0.00053844100330025
0.000523656024597585 0.000523574999533594 0.000523493974469602 0.000523413007613271 0.000523593975231051 0.000523862021509558 0.000524130009580404 0.000524397997651249 0.000524819013662636 0.000525239971466362 0.000525661977007985 0.000526178977452219 0.000526979973074049 0.000527783005964011 0.000528587028384209 0.000529342971276492 0.000530051009263843 0.000530761026311666 0.000531470985151827 0.000531752011738718 0.000531888974364847 0.000532025995198637 0.000532163016032428 0.00053272902732715 0.000533294980414212 0.00053386198123917 0.000534358026925474 0.000534159014932811 0.000533687998540699 0.000533217971678823 0.000532651029061526 0.00053198600653559 0.000531323021277785 0.000530662015080452 0.000530790013726801 0.000530985009390861 0.000531180005054921 0.000531624013092369 0.000531714991666377 0.000531806028448045 0.000531898986082524 0.000532010977622122 0.000532380014192313 0.000532749982085079 0.000533120008185506
0.000518050976097584 0.00051796599291265 0.000517881009727716 0.000517796026542783 0.000518156972248107 0.000518667977303267 0.00051917799282819 0.00051968899788335 0.000520026020240039 0.000520361994858831 0.00052069901721552 0.000521265028510243 0.000522880000062287 0.000524501025211066 0.000526126008480787 0.000526909017935395 0.000527376017998904 0.000527844007592648 0.000528312986716628 0.000528662989381701 0.000528974982444197 0.000529286975506693 0.000529597979038954 0.000530562014319003 0.000531528028659523 0.000532494974322617 0.000533285026904196 0.00053353700786829 0.00053378997836262 0.000534043007064611 0.000534343998879194 0.000534694001544267 0.00053504400420934 0.000535394006874412 0.000535611994564533 0.000534811988472939 0.000535032013431191 0.000535694998688996 0.00053611199837178 0.000536278006620705 0.000536347972229123 0.00053648097673431 0.000536135979928076 0.000535526021849364 0.000534916005562991
0.000509781006257981 0.000509776989929378 0.000509774021338671 0.000509770005010068 0.00050985801499337 0.000509976991452277 0.000511505000758916 0.000512616010382771 0.00051306199748069 0.000513508974108845 0.00051395600894466 0.000514453975483775 0.000515105028171092 0.000515757012180984 0.000516410975251347 0.000517142994794995 0.000517955981194973 0.000518770015332848 0.000519584980793297 0.000520196976140141 0.000520741974469274 0.00052165798842907 0.000522717018611729 0.000523786002304405 0.000524857023265213 0.000525930023286492 0.000526876014191657 0.000527434982359409 0.000527994998265058 0.000528556003700942 0.000529317010659724 0.000530279008671641 0.000531243975274265 0.000532209989614785 0.000533246027771384 0.000534309016074985 0.000535372993908823 0.000536388019099832 0.00053555000340566 0.000534692022483796 0.000533836020622402 0.000533081998582929 0.000532627978827804 0.000532175006810576 0.000531662022694945
0.000504850002471358 0.000504922005347908 0.000504994008224458 0.000505066011101007 0.000505194999277592 0.000505343021359295 0.000505490985233337 0.00050563900731504 0.000506100011989474 0.000506349024362862 0.000506599026266485 0.000507505028508604 0.000507335003931075 0.000507970980834216 0.000508792989421636 0.000509633973706514 0.000509942998178303 0.000511744001414627 0.00051269301911816 0.000513568986207247 0.000514419982209802 0.000515273015480489 0.000516128027811646 0.000516545027494431 0.000516904983669519 0.000517165986821055 0.000517394975759089 0.000517529028002173 0.000517994980327785 0.000518610992003232 0.000519043998792768 0.000519293011166155 0.000519727007485926 0.000520456989761442 0.000521315028890967 0.000520988018251956 0.000520413974300027 0.000519972993060946 0.000519918976351619 0.000519866007380188 0.000519812980201095 0.000519766996148974 0.000519740977324545 0.000519715016707778 0.00051968899788335
