results/Predictions/Median/Rhaetian.asc
NCOLS 360 
NROWS 180 
XLLCORNER -180 
YLLCORNER -90 
CELLSIZE 1 
NODATA_value -3.4e+38 
[rows 160 to 179 of 180, columns 90 to 134 of 360]
3.44763009252347e-07 3.43838991057055e-07 3.43115004852734e-07 3.42464005598231e-07 3.41728991770651e-07 3.40968000500652e-07 3.40107987994998e-07 3.3881698868754e-07 3.37715988507625e-07 3.3661899578874e-07 3.35526010530884e-07 3.34609012497822e-07 3.34213012820328e-07 3.33817013142834e-07 3.3342200822517e-07 3.32898991928232e-07 3.32246997913899e-07 3.31596993419225e-07 3.30948012106091e-07 3.3100698715316e-07 3.31302004497047e-07 3.31596993419225e-07 3.31893005522943e-07 3.32175005723911e-07 3.3245700592488e-07 3.32740000885678e-07 3.33409985842081e-07 3.35250007310606e-07 3.36793988253703e-07 3.3832000667644e-07 3.39683992933715e-07 3.40885009109115e-07 3.42090004323836e-07 3.43299006999587e-07 3.45238987620178e-07 3.47433001479658e-07 3.49640004060348e-07 3.51862013303617e-07 3.53316011114657e-07 3.54777000666218e-07 3.56242992438638e-07 3.57886989377221e-07 3.60054002612742e-07 3.62234999329303e-07 3.64427990007243e-07
3.20823005495185e-07 3.20596001301965e-07 3.20368997108744e-07 3.20140998155694e-07 3.19121994607485e-07 3.17844012442947e-07 3.16570009317729e-07 3.15301008413371e-07 3.14550987923212e-07 3.13800995854763e-07 3.13053988065803e-07 3.12328012341823e-07 3.1165899372354e-07 3.10990998286798e-07 3.10324992369715e-07 3.09618002347634e-07 3.08871989318504e-07 3.08126999470915e-07 3.07383999142985e-07 3.07389001363845e-07 3.07644000940854e-07 3.07898005758034e-07 3.08153005335043e-07 3.07903007978894e-07 3.07653010622744e-07 3.07404008026424e-07 3.07559986367778e-07 3.08938012949511e-07 3.10323002850055e-07 3.11712994971458e-07 3.12601997620732e-07 3.12984013817186e-07 3.1336600159193e-07 3.13749012548215e-07 3.15286996510622e-07 3.17218990630863e-07 3.19164001894023e-07 3.21120012358733e-07 3.22104000360923e-07 3.23091001064313e-07 3.24080986047193e-07 3.25235987475025e-07 3.26884986634468e-07 3.285429954758e-07 3.30208990817482e-07
2.96832013191306e-07 2.9722400540777e-07 2.97615997624234e-07 2.98007989840698e-07 2.97163012419333e-07 2.95910012937384e-07 2.94661987254585e-07 2.93418992214356e-07 2.92974988269634e-07 2.92620001118848e-07 2.92296988391172e-07 2.91868985868859e-07 2.9112300126144e-07 2.9037801141385e-07 2.89727012159346e-07 2.89062995761924e-07 2.88315987972965e-07 2.87534987819527e-07 2.86755010847628e-07 2.86674008975751e-07 2.86826008277785e-07 2.86977012819989e-07 2.87129012122023e-07 2.86297989759987e-07 2.85470008520861e-07 2.84643988379685e-07 2.84225990299092e-07 2.85027994095799e-07 2.85831987412166e-07 2.86757995127118e-07 2.86973005358959e-07 2.86400990034963e-07 2.85829997892506e-07 2.85259005750049e-07 2.85953007050921e-07 2.87071003413075e-07 2.88194001996089e-07 2.89322002799963e-07 2.89321008040133e-07 2.89355000404612e-07 2.89528998109745e-07 2.89857013058281e-07 2.90645999712069e-07 2.91437004307227e-07 2.92229998422044e-07
2.87477007532289e-07 2.87577989865895e-07 2.8767900062121e-07 2.87780011376526e-07 2.87322990288885e-07 2.86674008975751e-07 2.86045008124347e-07 2.85446986936222e-07 2.85044990278038e-07 2.84643988379685e-07 2.84242986481331e-07 2.83819986179878e-07 2.83325988448269e-07 2.82831990716659e-07 2.82340010926418e-07 2.81868011597908e-07 2.81415992731127e-07 2.80952008324675e-07 2.80474012015475e-07 2.8036299681844e-07 2.80374990779819e-07 2.80384995221539e-07 2.80378998240849e-07 2.79889007970269e-07 2.7938298785557e-07 2.7887600140275e-07 2.78614010085221e-07 2.79080012433042e-07 2.79547009540693e-07 2.80014006648344e-07 2.80046009493162e-07 2.79635997912919e-07 2.79225986332676e-07 2.78816003174143e-07 2.79141005421479e-07 2.79710008044276e-07 2.80281000186733e-07 2.8085298708902e-07 2.8084198788747e-07 2.8083201186746e-07 2.80821012665911e-07 2.80879987712979e-07 2.81148004432907e-07 2.81415992731127e-07 2.81684009451055e-07
2.79782000234263e-07 2.79629006172399e-07 2.79468991948306e-07 2.79309006145922e-07 2.79093995914081e-07 2.78860994740171e-07 2.78619012306081e-07 2.78355003047182e-07 2.77934987025219e-07 2.77514999424966e-07 2.77095011824713e-07 2.7668099278344e-07 2.76279990885087e-07 2.75881006928103e-07 2.75481994549409e-07 2.75189989906721e-07 2.75005987759869e-07 2.74822014034726e-07 2.74639006647703e-07 2.7449598860585e-07 2.74368005648284e-07 2.7423999426901e-07 2.74112011311445e-07 2.73926985983053e-07 2.7374198907637e-07 2.73550000429168e-07 2.73420994290063e-07 2.73550995188998e-07 2.73680996087933e-07 2.73811991746697e-07 2.7375099875826e-07 2.7349099696039e-07 2.73222013902341e-07 2.72953997182412e-07 2.73056002697558e-07 2.73282012130949e-07 2.7350799314263e-07 2.7373400257602e-07 2.7375099875826e-07 2.73767994940499e-07 2.73784991122739e-07 2.73826998409277e-07 2.73945005346832e-07 2.74063012284387e-07 2.74180990800232e-07
2.72387012500985e-07 2.72184990990354e-07 2.71982997901432e-07 2.71766992909761e-07 2.71749001967692e-07 2.7179498829355e-07 2.71831993359228e-07 2.71868998424907e-07 2.71610986146698e-07 2.71353002290198e-07 2.71094990011989e-07 2.7082398901257e-07 2.70512998667982e-07 2.70203003083225e-07 2.69892012738637e-07 2.69746010417293e-07 2.69763006599533e-07 2.69780997541602e-07 2.69797993723842e-07 2.69735011215744e-07 2.69644004902148e-07 2.69552998588551e-07 2.69461992274955e-07 2.69417995468757e-07 2.69374993422389e-07 2.69330996616191e-07 2.69304990752062e-07 2.6933500407722e-07 2.69363994220839e-07 2.69393012786168e-07 2.69373998662559e-07 2.69307008693431e-07 2.69239990302594e-07 2.69173000333467e-07 2.69184994294847e-07 2.69223988880185e-07 2.69261988705694e-07 2.69301011712741e-07 2.693469980386e-07 2.69394007545998e-07 2.69440988631686e-07 2.69507012262693e-07 2.69632010940768e-07 2.69757009618843e-07 2.69881013537088e-07
2.65099998841833e-07 2.65087010120624e-07 2.65062993776155e-07 2.649449868386e-07 2.65111992803213e-07 2.65372989360912e-07 2.65633985918612e-07 2.65896005657851e-07 2.6590899437906e-07 2.6592201152198e-07 2.65935995003019e-07 2.65890008677161e-07 2.6566701194497e-07 2.6544398679107e-07 2.65222013240418e-07 2.6518898721406e-07 2.65345988736954e-07 2.65502990259847e-07 2.65659991782741e-07 2.65781011421495e-07 2.65890008677161e-07 2.65999005932827e-07 2.66108003188492e-07 2.66021999095756e-07 2.65935000243189e-07 2.65848001390623e-07 2.65815003785974e-07 2.65941991983709e-07 2.66069008603154e-07 2.66195996800889e-07 2.66338986421033e-07 2.66498005885296e-07 2.6665699692785e-07 2.66815987970404e-07 2.66844011775902e-07 2.66826987171953e-07 2.66811014171253e-07 2.66793989567304e-07 2.66857000497112e-07 2.66920011426919e-07 2.66981999175187e-07 2.67085994209992e-07 2.67316011104413e-07 2.67545004817293e-07 2.67774993290004e-07
2.57551988624982e-07 2.576090025741e-07 2.57665988101508e-07 2.57722007290795e-07 2.58151004572937e-07 2.58704005773325e-07 2.59258996493372e-07 2.5981398721342e-07 2.60135010421436e-07 2.60456005207743e-07 2.6077799475388e-07 2.61001986245901e-07 2.60894012171775e-07 2.60756991110611e-07 2.60619998471157e-07 2.60696992882004e-07 2.60988997524692e-07 2.61281002167379e-07 2.61573006810067e-07 2.61872003193275e-07 2.62175007037513e-07 2.62476987700211e-07 2.62779991544448e-07 2.62652008586883e-07 2.62523997207609e-07 2.62397009009874e-07 2.62355996483166e-07 2.62577003695696e-07 2.62799005668057e-07 2.63021007640418e-07 2.63320998783456e-07 2.63700002278711e-07 2.64080000533795e-07 2.6446099354871e-07 2.64503000835248e-07 2.64432998164921e-07 2.64362000734764e-07 2.64291998064436e-07 2.64369987235114e-07 2.644480048275e-07 2.64526988758007e-07 2.64667988858491e-07 2.65000011268057e-07 2.65332005255914e-07 2.656649940036e-07
2.39943005908572e-07 2.399910101758e-07 2.40038986021318e-07 2.40088013470086e-07 2.40309987020737e-07 2.40589997702045e-07 2.40871003143184e-07 2.41152008584322e-07 2.4121999331328e-07 2.41287011704117e-07 2.41354001673244e-07 2.41365000874794e-07 2.412079993519e-07 2.41050003069176e-07 2.40893001546283e-07 2.40877994883704e-07 2.41007001022808e-07 2.41135012402083e-07 2.41263990119478e-07 2.41385009758233e-07 2.41502988274078e-07 2.41620995211633e-07 2.41723995486609e-07 2.41574014125945e-07 2.41424999103401e-07 2.41276012502567e-07 2.41177986026742e-07 2.41229002995169e-07 2.41279991541887e-07 2.41331008510315e-07 2.41430001324261e-07 2.41575008885775e-07 2.41719988025579e-07 2.41865990346923e-07 2.41788001176246e-07 2.41635007114382e-07 2.41483007812349e-07 2.41331008510315e-07 2.41197994910181e-07 2.41066004491586e-07 2.40934014072991e-07 2.40833998077505e-07 2.40828001096816e-07 2.40822004116126e-07 2.40817001895266e-07
2.23274994937128e-07 2.23292005330222e-07 2.23308006752632e-07 2.23323993964186e-07 2.23303999291602e-07 2.23273005417468e-07 2.23241002572649e-07 2.23208999727831e-07 2.23010005129254e-07 2.22810996319822e-07 2.22612001721245e-07 2.22398995219919e-07 2.22142006123249e-07 2.21885997575555e-07 2.21630003238715e-07 2.21440998871003e-07 2.21321002413788e-07 2.21201005956573e-07 2.21080995288503e-07 2.20985995724732e-07 2.2090100060268e-07 2.20814996509944e-07 2.20730001387892e-07 2.20584993826378e-07 2.20440995235549e-07 2.2029699664472e-07 2.20176005427675e-07 2.20122998939587e-07 2.20068997691669e-07 2.20016005414436e-07 2.19970999637553e-07 2.1993500354256e-07 2.19898993236711e-07 2.19862997141718e-07 2.19702997128479e-07 2.19501998799387e-07 2.19301000470296e-07 2.19100002141204e-07 2.18834003362645e-07 2.18568004584085e-07 2.18302005805526e-07 2.18040000277142e-07 2.17788993950307e-07 2.17538001834328e-07 2.17285005987833e-07
2.01407004851717e-07 2.01123995680064e-07 2.00841000719265e-07 2.00559000518297e-07 2.00171001552008e-07 1.99748996010385e-07 1.99327999439447e-07 1.98907997628339e-07 1.98405004425695e-07 1.9790300598288e-07 1.97402002299896e-07 1.9692700448104e-07 1.96523998852172e-07 1.96122996953818e-07 1.95721995055465e-07 1.95409995740192e-07 1.95186999008001e-07 1.9496400227581e-07 1.94741005543619e-07 1.9459899647245e-07 1.94484002236095e-07 1.94368993788885e-07 1.94253999552529e-07 1.94166005940133e-07 1.94079007087566e-07 1.93990999264315e-07 1.93912001122953e-07 1.93858994634866e-07 1.93806002357633e-07 1.93752001109715e-07 1.93692997640937e-07 1.9362799719147e-07 1.93562996742003e-07 1.93497996292535e-07 1.93353997701706e-07 1.93185002217433e-07 1.93014997762475e-07 1.92846002278202e-07 1.92583996749818e-07 1.92322005432288e-07 1.92060994663734e-07 1.9179199739483e-07 1.91503005453342e-07 1.91213999300999e-07 1.9092600211934e-07
1.77057003725167e-07 1.76306997445863e-07 1.75558994897074e-07 1.74814999809314e-07 1.73966000716064e-07 1.73084004018165e-07 1.72208004300956e-07 1.71335997833921e-07 1.70505998653425e-07 1.69680006933959e-07 1.68857994253813e-07 1.68102005204673e-07 1.67536995832052e-07 1.66972995430115e-07 1.66410998758693e-07 1.66003005119819e-07 1.6574900030264e-07 1.6549499548546e-07 1.65241999638965e-07 1.6513999412382e-07 1.65089005577101e-07 1.65038002819529e-07 1.64986005302126e-07 1.6500599997471e-07 1.65024999887464e-07 1.65043999800218e-07 1.65066992963148e-07 1.65103998028826e-07 1.6513899936399e-07 1.65174000699153e-07 1.65195004342422e-07 1.65203005053627e-07 1.65211005764831e-07 1.65219006476036e-07 1.65173005939323e-07 1.65108005489856e-07 1.65043005040388e-07 1.64976995620236e-07 1.64845999961472e-07 1.64715004302707e-07 1.64583994433087e-07 1.64444998063118e-07 1.64281999559535e-07 1.64119001055951e-07 1.63956997312198e-07
1.54841998778465e-07 1.53643000544434e-07 1.52454006752123e-07 1.51272999460161e-07 1.4996899722064e-07 1.48634001106984e-07 1.47330993627293e-07 1.46038999560005e-07 1.44856997508214e-07 1.43684005138311e-07 1.42665001590103e-07 1.41819995747028e-07 1.41219004490267e-07 1.40620002753167e-07 1.40023999506411e-07 1.39603997695303e-07 1.39356998829498e-07 1.39110994723524e-07 1.38865999588234e-07 1.38795996917906e-07 1.38784002956527e-07 1.38771994784292e-07 1.38760995582743e-07 1.38838998964275e-07 1.38917002345806e-07 1.38995005727338e-07 1.3907599338836e-07 1.39166999701956e-07 1.39259000775382e-07 1.39350007088979e-07 1.39424003009481e-07 1.39481997507573e-07 1.39538997245836e-07 1.39597005954784e-07 1.39622002848228e-07 1.39635005780292e-07 1.39649003472186e-07 1.39663001164081e-07 1.39638004270637e-07 1.39612993166338e-07 1.39587001513064e-07 1.39554003908415e-07 1.39513005592562e-07 1.39522001063597e-07 1.39532005505316e-07
1.27801996541166e-07 1.26992006244109e-07 1.26255997656699e-07 1.25523996530319e-07 1.24850004112886e-07 1.24196006368038e-07 1.2354499290268e-07 1.22898001109206e-07 1.22469998586894e-07 1.22043999795096e-07 1.21618995763129e-07 1.21273004083378e-07 1.21162003097197e-07 1.21051002111017e-07 1.20940001124836e-07 1.20972998729485e-07 1.21151003895648e-07 1.21328994850955e-07 1.21507000017118e-07 1.21808000130841e-07 1.22150993320247e-07 1.22494000720508e-07 1.22838997640429e-07 1.23212004154993e-07 1.23586005429388e-07 1.23961001463613e-07 1.24322994565773e-07 1.2464299459225e-07 1.24964003589412e-07 1.25287002106234e-07 1.25561996355827e-07 1.25791004279563e-07 1.26019997992444e-07 1.26249005916179e-07 1.26407996958733e-07 1.26543994838357e-07 1.26692000890216e-07 1.26841001701905e-07 1.26923993093442e-07 1.27007993455663e-07 1.27091993817885e-07 1.27167993468902e-07 1.27218996226475e-07 1.27269998984048e-07 1.2732100174162e-07
1.06889999074156e-07 1.06335001248681e-07 1.05783001913551e-07 1.05235002934023e-07 1.04842996506704e-07 1.04503996567473e-07 1.041659984935e-07 1.03829997044613e-07 1.03780003257725e-07 1.0373099712524e-07 1.03681003338352e-07 1.03707002097053e-07 1.03956999453203e-07 1.0420799867461e-07 1.04459999761275e-07 1.04831997305155e-07 1.05326002142192e-07 1.05821996498889e-07 1.06320001691529e-07 1.06902000140963e-07 1.0751300294487e-07 1.08127998998953e-07 1.08747002514065e-07 1.09345997145738e-07 1.09948999238441e-07 1.10554999821488e-07 1.11136003511092e-07 1.11637000088649e-07 1.12138998531464e-07 1.1264400257005e-07 1.1307999869814e-07 1.13444997396073e-07 1.1381199982452e-07 1.14179002252968e-07 1.14446002896784e-07 1.14681000695782e-07 1.1491599849478e-07 1.15151998159035e-07 1.15314996662619e-07 1.1547899703146e-07 1.156429974003e-07 1.15798997057937e-07 1.15932998312474e-07 1.16065997701753e-07 1.1619999895629e-07
9.65040030109776e-08 9.61312025538064e-08 9.57599013418076e-08 9.53899998989982e-08 9.51746983446355e-08 9.50108969277608e-08 9.48474010442624e-08 9.46840970073026e-08 9.47668965523008e-08 9.48497032027262e-08 9.49325027477244e-08 9.50736023241916e-08 9.53898009470322e-08 9.57070014351302e-08 9.60253032644687e-08 9.64309023743226e-08 9.69249001059325e-08 9.74214984239552e-08 9.79205978524078e-08 9.84726966635208e-08 9.90448967286284e-08 9.96204008174573e-08 1.00199002872614e-07 1.00748998477229e-07 1.01300997812359e-07 1.01856997503091e-07 1.02389996925467e-07 1.02849000427341e-07 1.03308998689045e-07 1.03772002546521e-07 1.04173999204704e-07 1.0451599763428e-07 1.04858997929114e-07 1.05201998223947e-07 1.05460998156559e-07 1.05692002705382e-07 1.05924002014035e-07 1.06156001322688e-07 1.06328002402734e-07 1.06500003482779e-07 1.06671997457397e-07 1.0683900342201e-07 1.06991997483874e-07 1.07143996785908e-07 1.07296997953199e-07
9.39971016578056e-08 9.38265003469496e-08 9.36561974640426e-08 9.3486299590495e-08 9.33942985170688e-08 9.33281967263611e-08 9.32622015170637e-08 9.31962986783219e-08 9.32489001570502e-08 9.33015016357785e-08 9.33541031145069e-08 9.34357018422816e-08 9.36044983745887e-08 9.37735009642893e-08 9.39428019819388e-08 9.41547995125802e-08 9.44096001376238e-08 9.46649976185654e-08 9.49211980127984e-08 9.52050029923157e-08 9.54987982026978e-08 9.57934034317987e-08 9.60888968393192e-08 9.63728012948195e-08 9.66575015581839e-08 9.69429976294123e-08 9.72186029457589e-08 9.74621983118595e-08 9.77063976392856e-08 9.7951200928037e-08 9.81702967806086e-08 9.83635004558892e-08 9.85569030831357e-08 9.87505970329039e-08 9.89100001902443e-08 9.90579991366758e-08 9.92062965110563e-08 9.93547999428301e-08 9.94754003613707e-08 9.95961002558943e-08 9.97169991023839e-08 9.98375000449414e-08 9.99566012183095e-08 1.00076000819627e-07 1.00195002517012e-07
9.15549023261519e-08 9.15767017772851e-08 9.15984017524352e-08 9.16202012035683e-08 9.16467968181678e-08 9.16749982593501e-08 9.17031997005324e-08 9.17315006176977e-08 9.17547993140033e-08 9.17781974862919e-08 9.18015032880248e-08 9.18256972681775e-08 9.18521010362383e-08 9.18785971748548e-08 9.19051004188987e-08 9.19319020908915e-08 9.19590021908334e-08 9.19861022907753e-08 9.20133018667002e-08 9.20453970820745e-08 9.20790981240316e-08 9.21128986419717e-08 9.21466991599118e-08 9.21862977065757e-08 9.222600283465e-08 9.22657008572969e-08 9.23078005143907e-08 9.23574035027741e-08 9.24069993857302e-08 9.24566023741136e-08 9.25118968098104e-08 9.25726979517094e-08 9.26335985695914e-08 9.26944991874734e-08 9.27656031990409e-08 9.2840096499458e-08 9.29147034867128e-08 9.29893033685403e-08 9.30646990582318e-08 9.31400023773676e-08 9.32154975430421e-08 9.32945027898313e-08 9.33840027528277e-08 9.347370166779e-08 9.35634005827524e-08
9.15220965680419e-08 9.1543597591226e-08 9.15650986144101e-08 9.15865996375942e-08 9.16110991511232e-08 9.16365010539266e-08 9.16620024327131e-08 9.16874967060721e-08 9.17102980224627e-08 9.17329998628702e-08 9.17558011792607e-08 9.17791993515493e-08 9.18044023023867e-08 9.18296976237798e-08 9.18549005746172e-08 9.18809988093017e-08 9.19078004812945e-08 9.19347016292704e-08 9.19615033012633e-08 9.19929021847565e-08 9.20258003134222e-08 9.20585989661049e-08 9.20914970947706e-08 9.21306977375025e-08 9.21698983802344e-08 9.22090990229663e-08 9.2250601824162e-08 9.2299202947288e-08 9.23477969649866e-08 9.23964975640956e-08 9.24504988120134e-08 9.25097012327569e-08 9.25690031294835e-08 9.26282979207826e-08 9.26967018699543e-08 9.27683032614368e-08 9.2839798071509e-08 9.29113994629915e-08 9.29873991140084e-08 9.30632992890423e-08 9.31393984160422e-08 9.3218396557404e-08 9.33062977992449e-08 9.33942985170688e-08 9.34823987108757e-08
9.14891984393762e-08 9.15105005105943e-08 9.15317031058294e-08 9.15529980716201e-08 9.15754014840786e-08 9.15981033244861e-08 9.16208975354493e-08 9.16435993758569e-08 9.1665796730922e-08 9.16879017154315e-08 9.17100990704967e-08 9.17327014349212e-08 9.17566964631078e-08 9.17806985967218e-08 9.18047007303358e-08 9.18300031571562e-08 9.18565987717557e-08 9.18832014917825e-08 9.1909797106382e-08 9.19404001820112e-08 9.19724030268299e-08 9.20043987662211e-08 9.20363021350568e-08 9.20750977684293e-08 9.21138010312461e-08 9.21524971886356e-08 9.21935026099163e-08 9.22411018677849e-08 9.22887011256535e-08 9.2336399859505e-08 9.23891008142164e-08 9.24466974083771e-08 9.25044005839482e-08 9.25620966540919e-08 9.26279000168506e-08 9.26964034420052e-08 9.27649992377155e-08 9.28336021388532e-08 9.29100991697851e-08 9.29867027821274e-08 9.30632992890423e-08 9.31423969063871e-08 9.32286994270726e-08 9.3315101423741e-08 9.34015034204094e-08
