results/Predictions/Median/Rhaetian.asc
NCOLS 360 
NROWS 180 
XLLCORNER -180 
YLLCORNER -90 
CELLSIZE 1 
NODATA_value -3.4e+38 
[rows 80 to 99 of 180, columns 90 to 134 of 360]
0.000429656007327139 0.000429016014095396 0.000428377999924123 0.0004278979904484 0.000427805993240327 0.199310004711151 0.000473425985546783 0.000427686987677589 0.000426960992626846 0.000426114012952894 0.000425792008172721 0.000425022997660562 0.000423897989094257 0.000422776996856555 0.000422112003434449 0.000421428005211055 0.000418048992287368 0.000416874012444168 0.000415704009355977 0.000414039008319378 0.000414237001677975 0.000414682988775894 0.000415148009778932 0.00041601900011301 0.000416349008446559 0.000417392002418637 0.000421364995418116 0.00042354001197964 0.000426565005909652 0.000430040992796421 0.000431961001595482 0.000431030988693237 0.000429681007517502 0.000429250998422503 0.491834998130798 -3.4e+38 -3.4e+38 -3.4e+38 -3.4e+38 -3.4e+38 -3.4e+38 -3.4e+38 -3.4e+38 -3.4e+38 -3.4e+38
0.000431469001341611 0.000431257009040564 0.000431046006269753 0.000430834013968706 0.0418884009122849 0.0302287992089987 0.000429748994065449 0.000429136009188369 0.000427198014222085 0.000426418002462015 0.000426353013608605 0.00042628200026229 0.000425720005296171 0.000424736994318664 0.000423757010139525 0.000422946002800018 0.000421256991103292 0.000419232004787773 0.000418092007748783 0.000417940987972543 0.000418128009187058 0.000418576993979514 0.000419038988184184 0.000420213007600978 0.000422296987380832 0.000424494995968416 0.000426665996201336 0.000428808998549357 0.000432828004704788 0.000437128008343279 0.00043762699351646 0.000435091991676018 0.000430270010838285 0.000428296014433727 0.460969001054764 -3.4e+38 -3.4e+38 -3.4e+38 -3.4e+38 -3.4e+38 -3.4e+38 -3.4e+38 -3.4e+38 -3.4e+38 -3.4e+38
0.00042942599975504 0.000429133011493832 0.000428839994128793 0.000428834988269955 0.00541803985834122 0.0582177005708218 0.000427616992965341 0.000426882994361222 0.000426135986344889 0.000425428006565198 0.00042542300070636 0.000425297010224313 0.000424233003286645 0.000424349011154845 0.000424469006247818 0.000423402991145849 0.000423398014390841 0.000422648998210207 0.000421451986767352 0.000420811004005373 0.000421604985604063 0.000421528005972505 0.000423257995862514 0.000424405006924644 0.000425600010203198 0.000427657010732219 0.000430513988249004 0.000432147993706167 0.000438106013461947 0.000440225005149841 0.000440189003711566 0.000433954002801329 0.000431396008934826 0.000427098013460636 0.00042874799692072 0.464298009872437 -3.4e+38 -3.4e+38 -3.4e+38 -3.4e+38 -3.4e+38 -3.4e+38 -3.4e+38 -3.4e+38 -3.4e+38
0.000423099001636729 0.000422779994551092 0.000422460987465456 0.00042214200948365 0.000421973993070424 0.000478408008348197 0.000421976990764961 0.000421729986555874 0.000421672011725605 0.000421612989157438 0.000421356991864741 0.000421280012233183 0.000421497010393068 0.000421517004724592 0.000421906006522477 0.000421856995671988 0.000421670993091539 0.000421714998083189 0.000421267002820969 0.000421692995587364 0.000422260985942557 0.000422829994931817 0.000424213998485357 0.000425645004725084 0.000428736995672807 0.000429865001933649 0.000432733999332413 0.000437248003436252 0.000440181989688426 0.000442441989434883 0.00044204099685885 0.000440317002357915 0.000438393006334081 0.000438493996625766 0.000437254988355562 0.512848019599915 -3.4e+38 -3.4e+38 -3.4e+38 -3.4e+38 -3.4e+38 -3.4e+38 -3.4e+38 -3.4e+38 -3.4e+38
0.000418501993408427 0.000418173003708944 0.000418023992097005 0.000417801988078281 0.000417755014495924 0.000417753006331623 0.0501804016530514 0.000417962000938132 0.000417925999499857 0.000417890987591818 0.000418006005929783 0.000418051989981905 0.000419263989897445 0.000420044991187751 0.000420238997321576 0.000420397002017125 0.000420286000007764 0.0004203169955872 0.000420566997490823 0.000421590986661613 0.000422684999648482 0.000424981990363449 0.000426390994107351 0.000427411985583603 0.000429412990342826 0.000431735010351986 0.000438557006418705 0.000441126991063356 0.000442879012553021 0.00044427698594518 0.000444748002337292 0.00044481799704954 0.000442121003288776 0.00044338998850435 0.000441981013864279 0.0863811001181602 -3.4e+38 -3.4e+38 -3.4e+38 -3.4e+38 -3.4e+38 -3.4e+38 -3.4e+38 -3.4e+38 -3.4e+38
0.000414823007304221 0.000414620008086786 0.000414242997067049 0.000413683999795467 0.000413359986850992 0.00041343699558638 0.000911383016500622 0.000413870002375916 0.000415151997003704 0.000415507995057851 0.000415782007621601 0.000416210008552298 0.000416510010836646 0.000416813010815531 0.000418051989981905 0.000418754993006587 0.000419121992308646 0.000419590011006221 0.000420182012021542 0.000420844997279346 0.000421929988078773 0.000424346013460308 0.000426126003731042 0.000428319006459787 0.000430743995821103 0.000432322995038703 0.000434518995461985 0.000440386997070163 0.000442941003711894 0.00044566098949872 0.000445656012743711 0.000447302008979023 0.000446132995421067 0.000446471007307991 0.000449924991698936 0.000455994013464078 0.522491991519928 -3.4e+38 -3.4e+38 -3.4e+38 -3.4e+38 -3.4e+38 -3.4e+38 -3.4e+38 -3.4e+38
0.000410720997024328 0.000410098000429571 0.000409475003834814 0.000408853986300528 0.000409061001846567 0.000409573985962197 0.00197740993462503 0.000693353998940438 0.000412132008932531 0.000412510999012738 0.000412891997257248 0.000413274014135823 0.000413558998843655 0.000414457987062633 0.000415396993048489 0.000416708993725479 0.000417564006056637 0.000419273012084886 0.000419621996115893 0.000420038006268442 0.000420905998907983 0.000422445009462535 0.000425461999839172 0.000427198014222085 0.00043065199861303 0.000431743013905361 0.000433954992331564 0.000436920003267005 0.000439828989328817 0.000443330005509779 0.00044463700032793 0.000445460987975821 0.000446469988673925 0.000446088990429416 0.000448829989181831 0.000459558999864385 0.000476279004942626 0.537518978118896 -3.4e+38 -3.4e+38 -3.4e+38 -3.4e+38 -3.4e+38 -3.4e+38 -3.4e+38
0.000393700000131503 0.000395999988541007 0.000396765011828393 0.000397964002331719 0.000398387986933812 0.000400449003791437 0.000403646990889683 0.48005199432373 0.000409272004617378 0.000408735009841621 0.000408408988732845 0.000409922009566799 0.000412458990467712 0.000413008994655684 0.000413403002312407 0.000415159011026844 0.0004158960073255 0.000416969007346779 0.000418656010879204 0.000420457014115527 0.000421681004809216 0.000423329009208828 0.000425161997554824 0.000428208993980661 0.000429529987741262 0.00043209400610067 0.000433995010098442 0.000435772002674639 0.000438958988524973 0.000441084004705772 0.000441843003500253 0.000443552009528503 0.000443730008555576 0.000446675985585898 0.000453151005785912 0.000463136006146669 0.000479534006444737 0.000497649016324431 0.540921986103058 -3.4e+38 -3.4e+38 -3.4e+38 -3.4e+38 -3.4e+38 -3.4e+38
0.00036448601167649 0.000365890999091789 0.000367791013559327 0.000371019006706774 0.000374908995581791 0.000378125987481326 0.000380962010240182 0.000385007006116211 0.000390195986256003 0.000395239010686055 0.000397981988498941 0.000402003002818674 0.000407657993491739 0.000410123000619933 0.000409539992688224 0.000411332002840936 0.000413905014283955 0.000414267997257411 0.000415865011746064 0.000418072013417259 0.000419950985815376 0.000422676996095106 0.000425027013989165 0.000427347986260429 0.000429704989073798 0.000431930995546281 0.000433240988058969 0.000434882007539272 0.00043785700108856 0.000439105002442375 0.000440367992268875 0.000443088996689767 0.00044680098653771 0.000450571009423584 0.00045700601185672 0.000469341001007706 0.000484604010125622 0.000505233998410404 0.000951196008827537 0.551289021968842 -3.4e+38 -3.4e+38 -3.4e+38 -3.4e+38 -3.4e+38
0.000330298003973439 0.000331783987348899 0.00033478598925285 0.000337069010129198 0.000340964004863054 0.000346635992173105 0.000350899994373322 0.000355336000211537 0.000361804006388411 0.00036942699807696 0.0003756940132007 0.000383226986741647 0.000389627006370574 0.000395979994209483 0.000400741992052644 0.000408221007091925 0.000412321998737752 0.000412894994951785 0.000414320005802438 0.000416410999605432 0.000418051989981905 0.000421887991251424 0.000425364007242024 0.000428455008659512 0.000430284009780735 0.000432898988947272 0.000435196998296306 0.000437118986155838 0.000439378985902295 0.000442224991274998 0.000445618992671371 0.000449679006123915 0.000452810985734686 0.00045669698738493 0.000466146011603996 0.000481683993712068 0.000498451001476496 0.000504932017065585 0.000510533980559558 0.519509971141815 0.497714012861252 -3.4e+38 -3.4e+38 -3.4e+38 -3.4e+38
0.000325119006447494 0.00032623199513182 0.000327479996485636 0.000329152011545375 0.00033210898982361 0.000335810007527471 0.000339340011123568 0.000342340994393453 0.000350932998117059 0.000356962002115324 0.000362813996616751 0.00037088998942636 0.000379014003556222 0.000385969004128128 0.000392779998946935 0.000399207987356931 0.000404838006943464 0.000410698994528502 0.000413728004787117 0.000415902002714574 0.000418051989981905 0.000419707997934893 0.000422901008278131 0.000427202990977094 0.000430640997365117 0.000433225010056049 0.000436456990428269 0.000439835013821721 0.000444695993792266 0.000450936000561342 0.000454152992460877 0.000458855007309467 0.000462641997728497 0.000464895012555644 0.000472660991363227 0.000476092012831941 0.000480457005323842 0.000484868010971695 0.000483776995679364 0.000481135997688398 0.527260005474091 -3.4e+38 -3.4e+38 -3.4e+38 -3.4e+38
0.00034011498792097 0.000341317005222663 0.000342523009749129 0.000343733991030604 0.000346329994499683 0.000349078007275239 0.000351096998201683 0.000353887007804587 0.000358271994628012 0.000363336002919823 0.000368447013897821 0.000373530987417325 0.000380609999410808 0.000385849998565391 0.000391050009056926 0.000396885996451601 0.000401808007154614 0.000406542996643111 0.000410145003115758 0.000414603011449799 0.000416616006987169 0.000418782990891486 0.000420992000726983 0.000422665005316958 0.000424967991420999 0.000428450002800673 0.000430390005931258 0.00043285998981446 0.000436044996604323 0.000438971997937188 0.000439252005890012 0.000441687006969005 0.00044305098708719 0.000445612997282296 0.000448523991508409 0.000451753003289923 0.000456420995760709 0.000461027986602858 0.000465521006844938 0.000470525003038347 0.368243008852005 -3.4e+38 -3.4e+38 -3.4e+38 -3.4e+38
0.000359027995727956 0.00035910599399358 0.000358997989678755 0.000358688004780561 0.000359830009983853 0.000360814010491595 0.000362079008482397 0.00036342500243336 0.000366911990568042 0.000370310997823253 0.000373215996660292 0.000375366013031453 0.000381943013053387 0.000385472987545654 0.000389037013519555 0.000394833012251183 0.000399214011849836 0.000403245008783415 0.000406923005357385 0.000410389009630308 0.000411999993957579 0.00041619100375101 0.000417823001043871 0.000421014003222808 0.000422859011450782 0.000425039994297549 0.000426855986006558 0.000429634004831314 0.000433737004641443 0.000437239010352641 0.000438713002949953 0.00043919900781475 0.000440261006588116 0.000440484000137076 0.000441237993072718 0.000441734999185428 0.000444097997387871 0.000447859987616539 0.00045284500811249 0.000461201008874923 0.000485566997667775 0.537647008895874 -3.4e+38 -3.4e+38 -3.4e+38
0.000385791005101055 0.000385315011953935 0.000384657992981374 0.00038382998900488 0.000383465987397358 0.000382944999728352 0.000382316007744521 0.000382180005544797 0.000383278995286673 0.000384381011826918 0.000385949009796605 0.000387821986805648 0.000389986002119258 0.000391587003832683 0.00039449700852856 0.000397688010707498 0.000399777985876426 0.000403084995923564 0.000405263010179624 0.000408233987400308 0.00040958498721011 0.000412688008509576 0.000414903013734147 0.00041690599755384 0.000418081996031106 0.00041964600677602 0.000421494012698531 0.000425700010964647 0.000427591003244743 0.000429728999733925 0.000431493012001738 0.000436055997852236 0.000437023991253227 0.000438713002949953 0.000439304014435038 0.000439997995272279 0.000440386997070163 0.000440634990809485 0.0004465919919312 0.000449046987341717 0.000458866008557379 0.521718978881836 -3.4e+38 -3.4e+38 -3.4e+38
0.000401207013055682 0.00040003500180319 0.000399178010411561 0.000398584001231939 0.000398209987906739 0.00039785000262782 0.00039748998824507 0.000397130002966151 0.000396935007302091 0.00039674001163803 0.00039654498687014 0.000396409013774246 0.000397238007280976 0.00039761999505572 0.000398300995584577 0.000400068995077163 0.000401683006202802 0.000402926991228014 0.000404176011215895 0.000405800994485617 0.000408043997595087 0.000409631989896297 0.000411860994063318 0.000413567002397031 0.00041452600271441 0.000415515998611227 0.000416966009652242 0.000418389012338594 0.000422665005316958 0.000424577010562643 0.00042697400203906 0.0004297069972381 0.000432258006185293 0.000434846006100997 0.000437092006905004 0.000438768009189516 0.00043990500853397 0.000440386997070163 0.000441545998910442 0.000447859987616539 0.000452487991424277 0.426840007305145 -3.4e+38 -3.4e+38 -3.4e+38
0.000408202991820872 0.000408266001613811 0.000408329011406749 0.00040772499050945 0.000406203005695716 0.000404715014155954 0.000403232988901436 0.000401755998609588 0.000400718010496348 0.000399432989070192 0.000398150994442403 0.0003973160055466 0.000397157011320814 0.000397055991925299 0.000396980001823977 0.000397469993913546 0.000398536009015515 0.000399568001739681 0.000400591001380235 0.000401869008783251 0.000403801997890696 0.000405328988563269 0.000406675011618063 0.000407815998187289 0.000410984008340165 0.000411493994761258 0.000412438006605953 0.000415452988818288 0.000416597991716117 0.000417700008256361 0.000419177988078445 0.000421172997448593 0.000425928010372445 0.000429167994298041 0.000432394008385018 0.000435129011748359 0.000437903014244512 0.000440381001681089 0.000441092997789383 0.000444923993200064 0.000449674000265077 0.0864377021789551 -3.4e+38 -3.4e+38 -3.4e+38
0.000407123006880283 0.000407087005442008 0.000406436010962352 0.000406428996939212 0.000405872997362167 0.000404302001697943 0.000403429992729798 0.000402859994210303 0.00040163699304685 0.000399874988943338 0.000398119998862967 0.000396560993976891 0.000395565002691001 0.000394572998629883 0.000393583002733067 0.000393160007661209 0.000393302994780242 0.000393446011003107 0.000393358990550041 0.000394622999010608 0.000396354007534683 0.000398620992200449 0.000399840995669365 0.00040415400872007 0.00040478800656274 0.000406946986913681 0.000409550004405901 0.000411315006203949 0.000411074986914173 0.000413520989241078 0.000415541988331825 0.000418243987951428 0.000422518001869321 0.000424416008172557 0.000426537008024752 0.00043153201113455 0.000433523004176095 0.000437161012087017 0.000441362004494295 0.000443711993284523 0.000445682991994545 0.328386008739471 -3.4e+38 -3.4e+38 -3.4e+38
0.000408543011872098 0.000408029998652637 0.000407557003200054 0.000407085986807942 0.000406528008170426 0.000405942992074415 0.000404090998927131 0.000403285986976698 0.000402558012865484 0.000400316988816485 0.000398736010538414 0.000396722985897213 0.000394998991396278 0.000394150003558025 0.000393697002436966 0.000393127993447706 0.000391428999137133 0.000389700988307595 0.000388944987207651 0.000390022993087769 0.000391079986002296 0.000392137008020654 0.000393197988159955 0.000395857990952209 0.000398561998736113 0.000400046003051102 0.00040190399158746 0.00040486000943929 0.000408374995458871 0.000410468986956403 0.000412450986914337 0.000414782989537343 0.000417875009588897 0.000419151998357847 0.000424205005401745 0.000425906997406855 0.000429081992479041 0.000432308006566018 0.000438501010648906 0.000441974989371374 0.000443753990111873 0.20194299519062 -3.4e+38 -3.4e+38 -3.4e+38
0.000407716986956075 0.000407157989684492 0.000406367995310575 0.000403156009269878 0.000400869001168758 0.000399368989747018 0.000396791001548991 0.000395003997255117 0.000393407011870295 0.000389949011150748 0.000386550003895536 0.000383339007385075 0.000380782003048807 0.000378207012545317 0.000375925010303035 0.000374210008885711 0.000373299000784755 0.0003723900008481 0.000370102003216743 0.000370349996956065 0.000371483009075746 0.00037272198824212 0.000373257003957406 0.000376356998458505 0.000379403005354106 0.000383294012863189 0.000388045998988673 0.000394728995161131 0.000398042000597343 0.000403001002268866 0.000406120001571253 0.00040905800415203 0.000412566005252302 0.000413038011174649 0.000416981987655163 0.000420278985984623 0.000423194986069575 0.00042725499952212 0.00043147400720045 0.000436809001257643 0.00044030201388523 0.000441684998804703 0.500145018100739 -3.4e+38 -3.4e+38
0.00040184598765336 0.000399320008000359 0.000396966992411762 0.000395182985812426 0.000391175010008737 0.000386736996006221 0.000383164995582774 0.000378883007215336 0.000375840987544507 0.00037384798633866 0.000370227004168555 0.000367853004718199 0.000365007988875732 0.00036143499892205 0.000359211990144104 0.000357459008228034 0.000356173986801878 0.000354910996975377 0.000353651994373649 0.000353784998878837 0.000354379997588694 0.000354975985828787 0.000355544005287811 0.000355928001226857 0.00036082899896428 0.000363445986295119 0.000367253989679739 0.000372595008229837 0.00037769100163132 0.000381963007384911 0.000390550005249679 0.000397455994971097 0.000403888989239931 0.000404055987019092 0.000407837011152878 0.000412585999583825 0.000416835013311356 0.000419062998844311 0.000426463986514136 0.000431280001066625 0.00043566498789005 0.000438443006714806 0.000428341008955613 0.000688767991960049 0.501421988010406
