results/Predictions/Median/Rupelian.asc
NCOLS 360 
NROWS 180 
XLLCORNER -180 
YLLCORNER -90 
CELLSIZE 1 
NODATA_value -3.4e+38 
[rows 0 to 18 of 180, columns 176 to 219 of 360]
3.02120994888355e-08 3.02106002436631e-08 3.02091009984906e-08 3.02077012293012e-08 3.02033988930361e-08 3.01962010951229e-08 3.0188999744496e-08 3.01819014225657e-08 3.01778015909804e-08 3.01747000719388e-08 3.01715985528972e-08 3.01685005865693e-08 3.01683016346033e-08 3.01680991299236e-08 3.01679001779576e-08 3.01686000625523e-08 3.01721989615089e-08 3.01756983844825e-08 3.01792013601698e-08 3.01809990332913e-08 3.01809990332913e-08 3.01809990332913e-08 3.01810985092743e-08 3.01808000813253e-08 3.01805016533763e-08 3.01801996727136e-08 3.01798017687815e-08 3.01774996103177e-08 3.01752010045675e-08 3.01728988461036e-08 3.01720994855259e-08 3.01759008891622e-08 3.01798017687815e-08 3.01835996197042e-08 3.01834006677382e-08 3.01789988554901e-08 3.01746005959558e-08 3.01702982596908e-08 3.01565989957453e-08 3.01398017654719e-08 3.01231004584679e-08 3.01062996754808e-08 3.01284011072767e-08 3.01505984623418e-08
3.0364599723498e-08 3.03633989062746e-08 3.03623011177478e-08 3.03611003005244e-08 3.03529006373537e-08 3.03374996235561e-08 3.03222016384552e-08 3.03069001006406e-08 3.03020009084776e-08 3.03005016633051e-08 3.0299098341402e-08 3.02976985722125e-08 3.03051983507885e-08 3.03127016820781e-08 3.03202014606541e-08 3.03301987969462e-08 3.0347599988545e-08 3.03650011801437e-08 3.03823988190288e-08 3.03932985445954e-08 3.03977003568434e-08 3.04020986163778e-08 3.04065004286258e-08 3.04074987411695e-08 3.04066993805918e-08 3.03874010398886e-08 3.03680991464716e-08 3.03545988344922e-08 3.03412015512095e-08 3.032770123923e-08 3.0315998600372e-08 3.03096001630365e-08 3.03030986970043e-08 3.02967002596688e-08 3.02972011922975e-08 3.03047009708735e-08 3.03122007494494e-08 3.03088008024588e-08 3.02553004871697e-08 3.01917992828749e-08 3.01284011072767e-08 3.00651983309308e-08 3.0115899107841e-08 3.01666993607341e-08
3.05178993187383e-08 3.05170004821775e-08 3.05162011215998e-08 3.05154017610221e-08 3.05032017422491e-08 3.04795015892978e-08 3.04559009123295e-08 3.04323002353613e-08 3.04267011586035e-08 3.04269001105695e-08 3.04271985385185e-08 3.04275005191812e-08 3.04426990282991e-08 3.04580005661137e-08 3.04732985512146e-08 3.04926004446315e-08 3.05239993281248e-08 3.05288985202878e-08 3.05082004103951e-08 3.04872997958228e-08 3.04662002292844e-08 3.0445001186763e-08 3.04239016202246e-08 3.04040987941789e-08 3.03847009774927e-08 3.03653990840758e-08 3.03461007433725e-08 3.03333997919708e-08 3.03205993645861e-08 3.03078984131844e-08 3.02967002596688e-08 3.02900993176536e-08 3.02834983756384e-08 3.02770004623198e-08 3.02784002315093e-08 3.02876017599374e-08 3.02968992116348e-08 3.03062996920289e-08 3.03300993209632e-08 3.02438998289745e-08 3.01338012320684e-08 3.00241005390944e-08 3.01034006611189e-08 3.01828997351095e-08
3.40060992698454e-08 3.40784005459227e-08 3.4150801297983e-08 3.42234010020093e-08 3.42839996392286e-08 3.43327002383376e-08 3.43814008374466e-08 3.44302009125386e-08 3.45063000395385e-08 3.45917996469325e-08 3.46775017590062e-08 3.47633992703322e-08 3.48677993144975e-08 3.51097995121563e-08 3.54044011885435e-08 3.56779992216616e-08 3.57702987230368e-08 3.58629002050748e-08 3.59557006390787e-08 3.60298990642605e-08 3.61470000598274e-08 3.61777985347089e-08 3.61970009521428e-08 3.61904000101276e-08 3.61631009582197e-08 3.61357983535981e-08 3.61084993016902e-08 3.60091014783848e-08 3.59099985303146e-08 3.58111016396379e-08 3.57372016424051e-08 3.56554998859338e-08 3.55681990527046e-08 3.53692009014139e-08 3.51729987357885e-08 3.49214985817525e-08 3.45993989014914e-08 3.4082400901525e-08 3.37557004570499e-08 3.35146985719348e-08 3.32755014653685e-08 3.3037899527244e-08 3.29734994863884e-08 3.29091989215158e-08
4.11362002239457e-08 4.12379996816981e-08 4.13400016441301e-08 4.14422984817975e-08 4.1533500194646e-08 4.16135996772482e-08 4.17441015088116e-08 4.18853005612618e-08 4.20683008428568e-08 4.22659987009411e-08 4.24645989482997e-08 4.26642010609157e-08 4.28915996053547e-08 4.31202984430001e-08 4.33052989023963e-08 4.33775007024906e-08 4.34099014512412e-08 4.34424016759749e-08 4.34747988720119e-08 4.34752998046406e-08 4.34436984164677e-08 4.34121005810084e-08 4.33804991928355e-08 4.32988009890778e-08 4.32142002182445e-08 4.3191199949888e-08 4.30948006169274e-08 4.29326014739217e-08 4.27709991868142e-08 4.26099013850489e-08 4.24427994971666e-08 4.22427994806185e-08 4.20368984066499e-08 4.18319991979388e-08 4.16585983487039e-08 4.15171008683046e-08 4.136289888379e-08 4.1204298639741e-08 4.10528997463189e-08 4.06386995166486e-08 4.026620104014e-08 3.97811987795649e-08 3.95301000821746e-08 3.92806001059398e-08
4.48678001419012e-08 4.49873986951843e-08 4.51071997531471e-08 4.5227398715042e-08 4.53229986874248e-08 4.53938007183297e-08 4.54648017012005e-08 4.55357991313576e-08 4.56520012903638e-08 4.5783501434471e-08 4.59153994825101e-08 4.6047698987195e-08 4.61726017420006e-08 4.61615989877373e-08 4.6142101695068e-08 4.61030005283192e-08 4.60052014261692e-08 4.59074982472885e-08 4.58101006017841e-08 4.57009008414389e-08 4.55801014709323e-08 4.54596005283747e-08 4.53394015664799e-08 4.52257999938865e-08 4.51146995317231e-08 4.50038015742393e-08 4.48931984919909e-08 4.47645014389764e-08 4.46361987371802e-08 4.45083010447433e-08 4.4406601062974e-08 4.42930989663637e-08 4.41643983606355e-08 4.39708998101196e-08 4.37598011160389e-08 4.35310987256798e-08 4.33037001812409e-08 4.30773994253286e-08 4.303710099407e-08 4.30584989885574e-08 4.30799005357585e-08 4.30623998681767e-08 4.28352002757038e-08 4.25708002183001e-08
4.57125999275831e-08 4.56020998740314e-08 4.54918982484287e-08 4.53818991275057e-08 4.5231701051307e-08 4.50414994190851e-08 4.48521007001546e-08 4.46633983131051e-08 4.45132997128894e-08 4.43762999680075e-08 4.42397016797713e-08 4.41033982667705e-08 4.38906013755513e-08 4.36786997681793e-08 4.34678995020477e-08 4.31191011784904e-08 4.23620996059526e-08 4.16184988694113e-08 4.08878015889513e-08 4.03926989633874e-08 4.01247994830101e-08 3.98586017524849e-08 3.95943011710642e-08 3.95038988187935e-08 3.94711001661108e-08 3.94346990617578e-08 3.93857000346998e-08 3.94591985752868e-08 3.95328001445705e-08 3.96066006658202e-08 3.97009998209796e-08 3.98569994786158e-08 4.00313986403944e-08 4.06894002935587e-08 4.08639984073034e-08 4.39502017002269e-08 4.50587016587178e-08 5.69969991204289e-08 6.8216600368487e-08 8.06073998660395e-08 8.17160028532271e-08 1.09879998433371e-07 1.30878007098545e-07 2.8693901299448e-07
4.64845015812898e-08 4.62251996680152e-08 4.58798012914485e-08 4.55369999485811e-08 4.51404993384585e-08 4.46917987062534e-08 4.42475993622793e-08 4.38077982778395e-08 4.340310155726e-08 4.30122994998783e-08 4.26250004181838e-08 4.2241300235446e-08 4.18332994911452e-08 4.15187990654431e-08 4.10784011251053e-08 4.00053998816929e-08 3.8755199938123e-08 3.74601007990805e-08 3.60364005302927e-08 3.54310998318397e-08 3.50889983735669e-08 3.47503998909815e-08 3.4414998850707e-08 3.43092985133353e-08 3.5674300846722e-08 4.22393995336279e-08 6.45149000888523e-08 3.15677993967256e-07 2.04289995053841e-06 7.45373017707607e-06 2.67443992925109e-05 7.47092999517918e-05 8.39443964650854e-05 8.74883990036324e-05 9.06947971088812e-05 9.18748992262408e-05 9.40582031034864e-05 9.53026028582826e-05 9.39106976147741e-05 9.39106976147741e-05 -3.4e+38 -3.4e+38 -3.4e+38 -3.4e+38
4.6848299461999e-08 4.59527988994068e-08 4.48651000795053e-08 4.38031015903562e-08 4.29701998427845e-08 4.23764987544928e-08 4.17470999991565e-08 4.11486986706677e-08 4.07464000318214e-08 4.04101001549861e-08 4.00765998165298e-08 3.97457995404693e-08 3.94482988497202e-08 3.92242007762889e-08 3.91906986862978e-08 3.89097998265697e-08 3.81044991115687e-08 3.78482987173356e-08 4.49852990414001e-08 8.16191985109072e-08 8.61053024436842e-07 7.03118985256879e-06 2.57991996477358e-05 5.80314008402638e-05 8.30158969620243e-05 8.77497004694305e-05 9.04253029148094e-05 9.26797001739033e-05 9.19219019124284e-05 9.40094032557681e-05 9.63566999416798e-05 -3.4e+38 -3.4e+38 -3.4e+38 -3.4e+38 -3.4e+38 -3.4e+38 -3.4e+38 -3.4e+38 -3.4e+38 -3.4e+38 -3.4e+38 -3.4e+38 -3.4e+38
4.72148009578177e-08 4.56820004046676e-08 4.38727987273069e-08 4.21351984414287e-08 4.09043003912757e-08 4.01389996795842e-08 3.93844992174763e-08 3.85884000309034e-08 3.81493983070413e-08 3.78286983959697e-08 3.75105990713109e-08 4.14108995983042e-08 6.30467980045069e-08 5.54163989363587e-07 4.19377010985045e-06 2.00601007236401e-05 5.93402983213309e-05 8.95593984751031e-05 9.46247018873692e-05 9.73982969298959e-05 9.72025009104982e-05 9.68906970229e-05 9.4970797363203e-05 9.57141019171104e-05 9.7456002549734e-05 -3.4e+38 -3.4e+38 -3.4e+38 -3.4e+38 -3.4e+38 -3.4e+38 -3.4e+38 -3.4e+38 -3.4e+38 -3.4e+38 -3.4e+38 -3.4e+38 -3.4e+38 -3.4e+38 -3.4e+38 -3.4e+38 -3.4e+38 -3.4e+38 -3.4e+38
4.80818016512785e-08 4.63959999308372e-08 4.46522001595895e-08 4.27552002690845e-08 4.47790000634996e-08 6.85350016738084e-08 1.36539995310159e-06 2.26191004912835e-05 8.56534024933353e-05 9.34131967369467e-05 9.42549013416283e-05 9.35728021431714e-05 9.25599015317857e-05 9.25678032217547e-05 9.31687027332373e-05 9.38380981096998e-05 -3.4e+38 -3.4e+38 -3.4e+38 -3.4e+38 -3.4e+38 -3.4e+38 -3.4e+38 -3.4e+38 -3.4e+38 -3.4e+38 -3.4e+38 -3.4e+38 -3.4e+38 -3.4e+38 -3.4e+38 -3.4e+38 -3.4e+38 -3.4e+38 -3.4e+38 -3.4e+38 -3.4e+38 -3.4e+38 -3.4e+38 -3.4e+38 -3.4e+38 -3.4e+38 -3.4e+38 -3.4e+38
1.15762998120772e-06 2.96570997306844e-05 0.000105213999631815 0.000108122003439348 0.000104990002000704 0.000104300001112279 -3.4e+38 -3.4e+38 -3.4e+38 -3.4e+38 -3.4e+38 -3.4e+38 -3.4e+38 -3.4e+38 -3.4e+38 -3.4e+38 -3.4e+38 -3.4e+38 -3.4e+38 -3.4e+38 -3.4e+38 -3.4e+38 -3.4e+38 -3.4e+38 -3.4e+38 -3.4e+38 -3.4e+38 -3.4e+38 -3.4e+38 -3.4e+38 -3.4e+38 -3.4e+38 -3.4e+38 -3.4e+38 -3.4e+38 -3.4e+38 -3.4e+38 -3.4e+38 -3.4e+38 -3.4e+38 -3.4e+38 -3.4e+38 -3.4e+38 -3.4e+38
0.00012267600686755 0.000128649000544101 -3.4e+38 -3.4e+38 -3.4e+38 -3.4e+38 -3.4e+38 -3.4e+38 -3.4e+38 -3.4e+38 -3.4e+38 -3.4e+38 -3.4e+38 -3.4e+38 -3.4e+38 -3.4e+38 -3.4e+38 -3.4e+38 -3.4e+38 -3.4e+38 -3.4e+38 -3.4e+38 -3.4e+38 -3.4e+38 -3.4e+38 -3.4e+38 -3.4e+38 -3.4e+38 -3.4e+38 -3.4e+38 -3.4e+38 -3.4e+38 -3.4e+38 -3.4e+38 -3.4e+38 -3.4e+38 -3.4e+38 -3.4e+38 -3.4e+38 -3.4e+38 -3.4e+38 -3.4e+38 -3.4e+38 -3.4e+38
0.000133441004436463 -3.4e+38 -3.4e+38 -3.4e+38 -3.4e+38 -3.4e+38 -3.4e+38 -3.4e+38 -3.4e+38 -3.4e+38 -3.4e+38 -3.4e+38 -3.4e+38 -3.4e+38 -3.4e+38 -3.4e+38 -3.4e+38 -3.4e+38 -3.4e+38 -3.4e+38 -3.4e+38 -3.4e+38 -3.4e+38 -3.4e+38 -3.4e+38 -3.4e+38 -3.4e+38 -3.4e+38 -3.4e+38 -3.4e+38 -3.4e+38 -3.4e+38 -3.4e+38 -3.4e+38 -3.4e+38 -3.4e+38 -3.4e+38 -3.4e+38 -3.4e+38 -3.4e+38 -3.4e+38 -3.4e+38 -3.4e+38 -3.4e+38
-3.4e+38 -3.4e+38 -3.4e+38 -3.4e+38 -3.4e+38 -3.4e+38 -3.4e+38 -3.4e+38 -3.4e+38 -3.4e+38 -3.4e+38 -3.4e+38 -3.4e+38 -3.4e+38 -3.4e+38 -3.4e+38 -3.4e+38 -3.4e+38 -3.4e+38 -3.4e+38 -3.4e+38 -3.4e+38 -3.4e+38 -3.4e+38 -3.4e+38 -3.4e+38 -3.4e+38 -3.4e+38 -3.4e+38 -3.4e+38 -3.4e+38 -3.4e+38 0.000102158999652602 0.000103985999885481 -3.4e+38 -3.4e+38 -3.4e+38 -3.4e+38 -3.4e+38 -3.4e+38 -3.4e+38 -3.4e+38 -3.4e+38 -3.4e+38
0.000136672999360599 0.000145521000376903 0.000155993999214843 -3.4e+38 -3.4e+38 -3.4e+38 -3.4e+38 -3.4e+38 -3.4e+38 -3.4e+38 -3.4e+38 -3.4e+38 -3.4e+38 -3.4e+38 -3.4e+38 -3.4e+38 -3.4e+38 -3.4e+38 -3.4e+38 -3.4e+38 -3.4e+38 -3.4e+38 -3.4e+38 -3.4e+38 -3.4e+38 -3.4e+38 -3.4e+38 -3.4e+38 -3.4e+38 -3.4e+38 7.5422998634167e-05 8.13322985777631e-05 8.83546017576009e-05 0.000100461002148222 0.000103086997114588 -3.4e+38 -3.4e+38 -3.4e+38 -3.4e+38 -3.4e+38 -3.4e+38 -3.4e+38 -3.4e+38 -3.4e+38
0.000137226001243107 0.000147302998811938 0.000151693006046116 0.000155027999426238 0.000153789005707949 0.000130575004732236 -3.4e+38 -3.4e+38 -3.4e+38 -3.4e+38 -3.4e+38 -3.4e+38 -3.4e+38 -3.4e+38 -3.4e+38 -3.4e+38 -3.4e+38 -3.4e+38 -3.4e+38 -3.4e+38 -3.4e+38 -3.4e+38 -3.4e+38 -3.4e+38 -3.4e+38 -3.4e+38 -3.4e+38 -3.4e+38 7.39661991246976e-05 7.40932009648532e-05 7.55617002141662e-05 8.1314799899701e-05 8.86233974597417e-05 9.77680028881878e-05 0.000104566999652889 0.000102541001979262 -3.4e+38 -3.4e+38 -3.4e+38 -3.4e+38 -3.4e+38 -3.4e+38 -3.4e+38 -3.4e+38
0.000132479995954782 0.00013977600610815 0.000143040000693873 0.000131584005430341 5.33323982381262e-05 1.96623004740104e-05 7.81980997999199e-05 0.000132222005049698 -3.4e+38 -3.4e+38 -3.4e+38 -3.4e+38 -3.4e+38 -3.4e+38 -3.4e+38 -3.4e+38 -3.4e+38 -3.4e+38 -3.4e+38 -3.4e+38 -3.4e+38 -3.4e+38 -3.4e+38 -3.4e+38 -3.4e+38 -3.4e+38 -3.4e+38 -3.4e+38 7.40218019927852e-05 7.421550253639e-05 7.56977970013395e-05 8.13152000773698e-05 8.73126991791651e-05 9.39250021474436e-05 9.94599977275357e-05 -3.4e+38 -3.4e+38 -3.4e+38 -3.4e+38 -3.4e+38 -3.4e+38 -3.4e+38 -3.4e+38 -3.4e+38
0.000120324002637062 0.000122983998153359 0.00010134199692402 6.3327002862934e-05 2.62392004515277e-05 1.27947996588773e-05 1.5182199604169e-05 0.000121372999274172 0.000131079999846406 -3.4e+38 -3.4e+38 -3.4e+38 -3.4e+38 -3.4e+38 -3.4e+38 -3.4e+38 -3.4e+38 -3.4e+38 -3.4e+38 -3.4e+38 -3.4e+38 -3.4e+38 -3.4e+38 -3.4e+38 -3.4e+38 -3.4e+38 -3.4e+38 -3.4e+38 7.35650974093005e-05 7.36677975510247e-05 7.50625986256637e-05 8.08996992418543e-05 8.64941976033151e-05 9.36735013965517e-05 -3.4e+38 -3.4e+38 -3.4e+38 -3.4e+38 -3.4e+38 -3.4e+38 -3.4e+38 -3.4e+38 -3.4e+38 -3.4e+38
