results/Predictions/Median/Rupelian.asc
NCOLS 360 
NROWS 180 
XLLCORNER -180 
YLLCORNER -90 
CELLSIZE 1 
NODATA_value -3.4e+38 
[rows 133 to 151 of 180, columns 88 to 131 of 360]
2.62378998741042e-05 2.61120003415272e-05 2.59366006503114e-05 2.57026003964711e-05 2.53874004556565e-05 2.51586006925208e-05 2.49214008363197e-05 2.45821993303252e-05 2.42668993450934e-05 2.40701992879622e-05 2.38777993217809e-05 2.34000999626005e-05 2.31057001656154e-05 2.27561995416181e-05 2.21885002247291e-05 2.14019000850385e-05 2.06431996048195e-05 2.06313998205587e-05 2.1261299480102e-05 2.17616998270387e-05 2.26330994337332e-05 2.18873992707813e-05 2.06708991754567e-05 1.95358006749302e-05 0.0293946005403996 -3.4e+38 -3.4e+38 -3.4e+38 -3.4e+38 -3.4e+38 -3.4e+38 -3.4e+38 -3.4e+38 -3.4e+38 -3.4e+38 -3.4e+38 0.0336205996572971 0.030179800465703 0.0269205998629332 0.0245207007974386 0.0287714991718531 0.0340012013912201 0.041847500950098 0.0469833984971046
2.08128003578167e-05 2.06918994081207e-05 2.05341002583737e-05 2.03402996703517e-05 2.0148700059508e-05 1.99841997527983e-05 1.98587003978901e-05 1.96693999896524e-05 1.94772001123056e-05 1.92869993043132e-05 1.90587998076808e-05 1.88762005564058e-05 1.87849000212736e-05 1.8426599126542e-05 1.78565005626297e-05 1.73981006810209e-05 1.69521008501761e-05 1.69917002494913e-05 1.75407003553119e-05 1.81094001163729e-05 1.88869998964947e-05 1.85332992259646e-05 1.77307992998976e-05 1.70628009072971e-05 0.0353552997112274 -3.4e+38 -3.4e+38 -3.4e+38 -3.4e+38 -3.4e+38 -3.4e+38 -3.4e+38 -3.4e+38 -3.4e+38 0.037704199552536 0.0377186015248299 0.0347345992922783 0.0316336005926132 0.0287130996584892 0.0266775991767645 0.0302214995026588 0.0341778993606567 0.0374067984521389 0.000552879006136209
1.61614007083699e-05 1.60553008754505e-05 1.59235005412484e-05 1.5748499208712e-05 1.55754005390918e-05 1.54042008944089e-05 1.53511991811683e-05 1.53372002387187e-05 1.53230994328624e-05 1.53091004904127e-05 1.51269996422343e-05 1.49463003253913e-05 1.47678001667373e-05 1.45768999573193e-05 1.43455999932485e-05 1.41179998536245e-05 1.3909800145484e-05 1.4173599993228e-05 1.47520995597006e-05 1.51595995703246e-05 1.56265996338334e-05 1.53919008880621e-05 1.44911000461434e-05 1.36058997668442e-05 0.0280694998800755 -3.4e+38 -3.4e+38 -3.4e+38 -3.4e+38 -3.4e+38 -3.4e+38 -3.4e+38 -3.4e+38 0.0282767992466688 0.0306416992098093 0.0325618982315063 0.0309430006891489 0.0284972004592419 0.0262051001191139 0.0249636005610228 0.0262933000922203 0.0269207991659641 0.00550600979477167 1.16605997391162e-05
1.29308000396122e-05 1.28680003399495e-05 1.27593002616777e-05 1.26056002045516e-05 1.24539001262747e-05 1.23038998935954e-05 1.22900000860682e-05 1.22927003758377e-05 1.22662004287122e-05 1.22397996165091e-05 1.20662998597254e-05 1.19202995847445e-05 1.1832799827971e-05 1.17777999548707e-05 1.18036996354931e-05 1.17743002192583e-05 1.17946001410019e-05 1.20883996714838e-05 1.24491998576559e-05 1.27553003039793e-05 1.29563004520605e-05 1.23296003948781e-05 1.11847002699506e-05 1.00349998319871e-05 0.0201533995568752 -3.4e+38 -3.4e+38 -3.4e+38 -3.4e+38 -3.4e+38 -3.4e+38 -3.4e+38 -3.4e+38 0.0246337000280619 0.0249825995415449 0.0244254991412163 0.0227058995515108 0.0207659993320704 0.0193984992802143 0.0191958993673325 0.0186129007488489 0.0122170997783542 7.81428025220521e-06 7.47182002669433e-06
1.0396200195828e-05 1.03323000075761e-05 1.02276999314199e-05 1.00862998806406e-05 9.94043966784375e-06 9.78794014372397e-06 9.74591966951266e-06 9.76626961346483e-06 9.79965989245102e-06 9.83448990155011e-06 9.73940041149035e-06 9.65019989962457e-06 9.5618297564215e-06 9.53529979597079e-06 9.70063956629019e-06 9.8674699984258e-06 1.00364004538278e-05 1.03081001725513e-05 1.05253002402605e-05 1.07047999335919e-05 1.06847001006827e-05 9.85438964562491e-06 8.57867962622549e-06 7.41684016247746e-06 0.0152997998520732 -3.4e+38 -3.4e+38 -3.4e+38 -3.4e+38 -3.4e+38 -3.4e+38 -3.4e+38 -3.4e+38 -3.4e+38 0.0166337992995977 0.0176398009061813 0.0166209004819393 0.0149149000644684 0.0139549998566508 0.0144069995731115 0.0119599997997284 1.08521999209188e-05 5.08572020407883e-06 4.98161989526125e-06
8.42047029436799e-06 8.35209993965691e-06 8.26798986963695e-06 8.16168994788313e-06 8.05674972070847e-06 7.96210042608436e-06 7.96916992840124e-06 7.97983011580072e-06 7.99821009422885e-06 8.03930015536025e-06 7.96145013737259e-06 7.88435954746092e-06 7.80275968281785e-06 7.76896013121586e-06 7.90942976891529e-06 8.08115964900935e-06 8.26701034384314e-06 8.64549019752303e-06 8.91094987309771e-06 9.13005987968063e-06 9.04196986084571e-06 8.6074096543598e-06 7.94337029219605e-06 0.000199222005903721 -3.4e+38 -3.4e+38 -3.4e+38 -3.4e+38 -3.4e+38 -3.4e+38 -3.4e+38 -3.4e+38 -3.4e+38 -3.4e+38 -3.4e+38 0.0141732003539801 0.0130287995561957 0.0114476997405291 0.0111250998452306 0.0117498002946377 0.00665408000349998 4.54472001365502e-06 4.40500980403158e-06 4.3212999116804e-06
6.92522007739171e-06 6.85359009366948e-06 6.77886009725626e-06 6.69870996716782e-06 6.61949979985366e-06 6.54123005006113e-06 6.5301601352985e-06 6.54131008559489e-06 6.55248004477471e-06 6.56503016216448e-06 6.49279991193907e-06 6.42675013295957e-06 6.35864989817492e-06 6.34508978691883e-06 6.4858600126172e-06 6.6161901486339e-06 6.77295020068414e-06 7.09199002812966e-06 7.49639002606273e-06 7.84511030360591e-06 7.95420965005178e-06 7.87759017839562e-06 7.69740017858567e-06 0.0156578999012709 -3.4e+38 -3.4e+38 -3.4e+38 -3.4e+38 -3.4e+38 -3.4e+38 -3.4e+38 -3.4e+38 -3.4e+38 -3.4e+38 -3.4e+38 0.0109933000057936 0.0102749997749925 0.00953266955912113 0.00963504984974861 0.0101041002199054 0.00479792011901736 3.91774983654614e-06 3.8383200262615e-06 3.69927010979154e-06
5.7914298849937e-06 5.7166598708136e-06 5.65106984140584e-06 5.60124999537948e-06 5.5438599702029e-06 5.47706986253615e-06 5.46621004104964e-06 5.47418994756299e-06 5.48956995771732e-06 5.51638004253618e-06 5.44171007277328e-06 5.36806010131841e-06 5.34731998413918e-06 5.33810998604167e-06 5.48153002455365e-06 5.60575017516385e-06 5.77569016968482e-06 6.07196989221848e-06 6.46533999315579e-06 6.76980016578455e-06 6.9291099862312e-06 6.86378007230815e-06 6.76974013913423e-06 0.0149948000907898 -3.4e+38 -3.4e+38 -3.4e+38 -3.4e+38 -3.4e+38 -3.4e+38 -3.4e+38 -3.4e+38 -3.4e+38 -3.4e+38 -3.4e+38 0.00950219016522169 0.00911890994757414 0.00854364037513733 0.0088342297822237 0.00847797002643347 0.00801888015121222 3.40479004989902e-06 3.32312993123196e-06 3.23287008541229e-06
4.91293985760421e-06 4.84544989376445e-06 4.77725006930996e-06 4.73021009383956e-06 4.68363987238263e-06 4.64635013486259e-06 4.64906997876824e-06 4.66360006612376e-06 4.67805011794553e-06 4.69243013867526e-06 4.62710977444658e-06 4.55976987723261e-06 4.48373020844883e-06 4.48074979431112e-06 4.67825020677992e-06 4.88448995383806e-06 5.09985011376557e-06 5.31171008333331e-06 5.57198018213967e-06 5.86684018344386e-06 5.92500009588548e-06 6.08292020842782e-06 6.20176979282405e-06 0.0153858996927738 -3.4e+38 -3.4e+38 -3.4e+38 -3.4e+38 -3.4e+38 -3.4e+38 -3.4e+38 -3.4e+38 -3.4e+38 -3.4e+38 -3.4e+38 0.00966626964509487 0.00880999024957418 0.00838072039186954 0.00809920020401478 0.00655080983415246 0.00661288015544415 0.00101520004682243 2.94321989713353e-06 2.87274997390341e-06
4.1706598494784e-06 4.1063599383051e-06 4.05482978749205e-06 4.02419982492574e-06 3.98495012632338e-06 3.94608014175901e-06 3.94315020457725e-06 3.95208007830661e-06 3.96182986150961e-06 3.97267012886005e-06 3.90042987419292e-06 3.82933012588182e-06 3.7432901081047e-06 3.75070999325544e-06 3.98119982492062e-06 4.21460981669952e-06 4.46174999524374e-06 4.64500999441952e-06 4.81937013319111e-06 4.9559698709345e-06 5.07122013004846e-06 4.87643001179094e-06 4.73426007374655e-06 0.0112421996891499 -3.4e+38 -3.4e+38 -3.4e+38 -3.4e+38 -3.4e+38 -3.4e+38 -3.4e+38 -3.4e+38 -3.4e+38 -3.4e+38 0.00725605012848973 0.00841030012816191 0.00821432005614042 0.0075619900599122 0.0067217000760138 0.00589961977675557 0.00272993999533355 0.0062174298800528 0.00639455020427704 0.00621622009202838
3.63773006029078e-06 3.58517991116969e-06 3.54276994585234e-06 3.51016001332027e-06 3.47782997778268e-06 3.44579007105494e-06 3.43710007655318e-06 3.43608007824514e-06 3.43499004884507e-06 3.43384999723639e-06 3.37685992235492e-06 3.31300998368533e-06 3.26474992107251e-06 3.25549990520813e-06 3.38192990056996e-06 3.53291989085847e-06 3.67883990293194e-06 3.82734015147435e-06 3.98015981772915e-06 4.13198995374842e-06 4.29330020779162e-06 4.276159870642e-06 4.3808099690068e-06 0.0106388004496694 -3.4e+38 -3.4e+38 -3.4e+38 -3.4e+38 -3.4e+38 -3.4e+38 -3.4e+38 -3.4e+38 0.00498697999864817 0.00550347985699773 0.00581482006236911 0.00618914980441332 0.00600425992161036 0.00614520022645593 0.00587680004537106 0.0055529298260808 0.0058346102014184 0.00562058016657829 0.0057298899628222 0.00536732980981469
3.17221997647721e-06 3.13013993036293e-06 3.09533993458899e-06 3.0675801099278e-06 3.04005993712053e-06 3.0127800982882e-06 2.99838006867503e-06 2.98822010336153e-06 2.97806991511607e-06 2.96791995424428e-06 2.92796994472155e-06 2.87935995402222e-06 2.82432006315503e-06 2.81266989077267e-06 2.88980004370387e-06 2.96087000606349e-06 3.0280400551419e-06 3.13428995468712e-06 3.2815200938785e-06 3.44507998306653e-06 3.61679008165083e-06 3.75311992684146e-06 4.02762998419348e-06 0.0100870002061129 -3.4e+38 -3.4e+38 -3.4e+38 -3.4e+38 -3.4e+38 -3.4e+38 0.00483107008039951 0.0047727101482451 0.00450180983170867 0.0021668600384146 0.00127046997658908 0.00169677997473627 0.00251990999095142 0.0043582902289927 0.00524896988645196 0.00546554010361433 0.00541936000809073 0.00552790006622672 0.00552880996838212 0.00529660983011127
2.79470009445504e-06 2.76233004115056e-06 2.73435989583959e-06 2.71779003924166e-06 2.69844008471409e-06 2.67814994003857e-06 2.66533993453777e-06 2.65501989815675e-06 2.64475011135801e-06 2.63451011051075e-06 2.59493003795797e-06 2.54192991633317e-06 2.49681988861994e-06 2.48126002588833e-06 2.51710002885375e-06 2.56283010457992e-06 2.58488989857142e-06 2.67523000729852e-06 2.82884002444916e-06 3.01648992717674e-06 3.18887009598257e-06 3.12134989144397e-06 2.97104998026043e-06 0.00154050998389721 -3.4e+38 -3.4e+38 -3.4e+38 -3.4e+38 0.00361863011494279 0.00372540997341275 0.0038660999853164 0.00400733994320035 0.00354833994060755 0.000991211039945483 0.000352976989233866 0.00037386899930425 0.000857241975609213 0.00233052996918559 0.00492978980764747 -3.4e+38 -3.4e+38 -3.4e+38 -3.4e+38 0.0050212200731039
2.48747005571204e-06 2.46409990722896e-06 2.4423100057902e-06 2.42021997109987e-06 2.39923997469305e-06 2.38200004787359e-06 2.37211997955455e-06 2.36555001720262e-06 2.35899005929241e-06 2.35244010582392e-06 2.32020988732984e-06 2.28459998652397e-06 2.24136010729126e-06 2.22480002776138e-06 2.24477003030188e-06 2.26695010496769e-06 2.29013994612615e-06 2.38407005781482e-06 2.56405996879039e-06 2.7554899588722e-06 2.98459008263308e-06 2.93502989734407e-06 2.837670081135e-06 2.74263993560453e-06 0.0064953900873661 -3.4e+38 -3.4e+38 -3.4e+38 0.00379215995781124 0.00351010006852448 0.00329070002771914 0.0030302400700748 0.00157522002700716 0.000322228006552905 7.35997018637136e-05 5.03748997289222e-05 0.00011339000047883 0.000706276972778141 0.00305855995975435 0.00453027989715338 0.00474719004705548 0.00465320982038975 0.00461573014035821 0.00308000994846225
2.19731009565294e-06 2.17644992517307e-06 2.15853992813209e-06 2.14353008232138e-06 2.12863005799591e-06 2.11383007808763e-06 2.11533006222453e-06 2.12079999073467e-06 2.1179700979701e-06 2.11513997783186e-06 2.08662004297366e-06 2.0544100607367e-06 2.01217994799663e-06 1.99248006538255e-06 1.99625992536312e-06 1.9987999166915e-06 2.00277008843841e-06 2.11951009987388e-06 2.32354000218038e-06 2.54081010098162e-06 2.77818003269203e-06 2.80482004200167e-06 2.74498006547219e-06 2.67580003310286e-06 2.92404001811519e-06 0.00579829979687929 -3.4e+38 -3.4e+38 -3.4e+38 0.00497933011502028 0.00413375999778509 0.00185422005597502 0.00042197501170449 5.33868005732074e-05 6.31808006801293e-06 3.49527999787824e-06 5.72599992665346e-06 3.80523997591808e-05 0.000232328995480202 0.000698468997143209 0.00124041002709419 0.00143970001954585 0.000893354997970164 9.23472034628503e-05
1.9395499748498e-06 1.92330003301322e-06 1.91004005500872e-06 1.89971001418598e-06 1.88944000001356e-06 1.87922000804974e-06 1.88482999874395e-06 1.89574996056763e-06 1.90440005098935e-06 1.9080800939264e-06 1.89238005532388e-06 1.86746001418214e-06 1.84286000148859e-06 1.83022996225191e-06 1.82319001851283e-06 1.81532004717155e-06 1.80706001629005e-06 1.86529996426543e-06 2.00139993467019e-06 2.09951008400822e-06 2.25488997784851e-06 2.30136993195629e-06 2.29847000809968e-06 2.30417003876937e-06 2.29013994612615e-06 2.16526996155153e-06 0.000491512997541577 0.00464037014171481 -3.4e+38 -3.4e+38 0.00474258000031114 0.0039495499804616 0.000412161985877901 9.3296002887655e-06 2.55887994171644e-06 2.25894996219722e-06 2.36154005506251e-06 2.89171998701931e-06 3.47312993653759e-06 3.79961988983268e-06 5.55507995159132e-06 7.60601005822537e-06 3.5207799555792e-06 2.12897998608241e-06
1.7158499758807e-06 1.70594000792335e-06 1.6963799680525e-06 1.68713995662984e-06 1.67795997185749e-06 1.67071004852914e-06 1.67951998264471e-06 1.69350005307933e-06 1.70755004091916e-06 1.7212299781022e-06 1.70928001352877e-06 1.69699001162371e-06 1.68737994954427e-06 1.67914004123304e-06 1.66119002642517e-06 1.63836000410811e-06 1.61584000579751e-06 1.64242999289854e-06 1.71842998497596e-06 1.76456001099723e-06 1.82105998192128e-06 1.86966997262061e-06 1.91625008483243e-06 1.97076997210388e-06 2.01286002265988e-06 1.9424101083132e-06 1.87444004495774e-06 1.8088600199917e-06 6.92522007739171e-05 0.00422225007787347 -3.4e+38 -3.4e+38 0.00300531997345388 2.07703010346449e-06 1.84546001946728e-06 1.8622799871082e-06 1.84703003469622e-06 1.82490998668072e-06 1.80305994490482e-06 1.78147001861362e-06 1.73497994637728e-06 1.68971996572509e-06 1.64563005000673e-06 1.59599994731252e-06
1.52284997056995e-06 1.51212998389383e-06 1.50475000282313e-06 1.50065000070754e-06 1.49656000303366e-06 1.49123002302076e-06 1.49678999150638e-06 1.50637004026066e-06 1.51599999753671e-06 1.52301004163746e-06 1.53171004058095e-06 1.5377399904537e-06 1.54378994920989e-06 1.54352994741203e-06 1.51610004195391e-06 1.48668004840147e-06 1.45782996696653e-06 1.46329000472178e-06 1.50343998939206e-06 1.53781002154574e-06 1.56256999161997e-06 1.59246997100126e-06 1.62455000918271e-06 1.6591000076005e-06 1.70676003108383e-06 1.65094002113619e-06 1.59295996127184e-06 1.53702001171041e-06 1.50381004004885e-06 1.51507003920415e-06 1.58497005031677e-06 1.90944001587923e-06 1.53985001816181e-06 1.5324100104408e-06 1.52500001604494e-06 1.51763003941596e-06 1.51196002207143e-06 1.50688003941468e-06 1.50180994751281e-06 1.4967499737395e-06 1.46161005432077e-06 1.4272900443757e-06 1.39378005314938e-06 1.35606001094857e-06
1.33976004690339e-06 1.33259004542197e-06 1.32752995796181e-06 1.32456000301318e-06 1.32159004806454e-06 1.31862998387078e-06 1.320919977843e-06 1.32497996219172e-06 1.32904995098215e-06 1.33288995129988e-06 1.35693994707253e-06 1.38117002279614e-06 1.40583995289489e-06 1.41686996357748e-06 1.38629002321977e-06 1.35636003051331e-06 1.32707998545811e-06 1.32452998968802e-06 1.34854997213552e-06 1.37302004077355e-06 1.39419000788621e-06 1.39114001740381e-06 1.3738899724558e-06 1.35686002522561e-06 1.34003005314298e-06 1.28756994399737e-06 1.23715994959639e-06 1.19513003937755e-06 1.16890998924646e-06 1.17402998967009e-06 1.18478999411309e-06 1.19652997909725e-06 1.19787000585347e-06 1.18876005217317e-06 1.17972001589806e-06 1.1707600151567e-06 1.16918999992777e-06 1.17008005418029e-06 1.17097999918769e-06 1.17187005344022e-06 1.15615000595426e-06 1.14065005618613e-06 1.12535997232044e-06 1.10832002064853e-06
