results/Predictions/Median/Rupelian.asc
NCOLS 360 
NROWS 180 
XLLCORNER -180 
YLLCORNER -90 
CELLSIZE 1 
NODATA_value -3.4e+38 
[rows 76 to 94 of 180, columns 44 to 87 of 360]
0.000463998003397137 0.000464314012788236 0.000464615994133055 0.000464893004391342 0.000463990989373997 0.000464926997665316 0.000465443998109549 0.000465426011942327 0.000465160992462188 0.000465404009446502 0.000465399993117899 0.000465919001726434 0.000467350997496396 0.000467915990157053 0.000467537000076845 0.000467562000267208 0.00046630299766548 0.000465443008579314 0.000467486999696121 0.000467486999696121 0.000465435005025938 0.000467486999696121 0.000469266000436619 0.000469493999844417 0.000473793013952672 0.000480101996799931 0.00048654800048098 0.000485349999507889 0.0005046870210208 0.000514702987857163 0.000518075015861541 0.000523703987710178 0.000528851000126451 0.000533726008143276 0.000539736007340252 0.000547542003914714 0.000557054998353124 0.000564877002034336 0.000571859010960907 0.000572265998926014 0.000572569028008729 0.000762226991355419 0.579941987991333 -3.4e+38
0.000466458004666492 0.000466680998215452 0.00046691601164639 0.000467151985503733 0.000467264006147161 0.000467584002763033 0.00046791898785159 0.000468907004687935 0.000469708989840001 0.000468968995846808 0.000469571998110041 0.000469571008579805 0.000469644990516827 0.000468409998575225 0.00046874099643901 0.000468756014015526 0.000469713006168604 0.000470480008516461 0.000474775995826349 0.000477663008496165 0.000481689989101142 0.00048456501099281 0.00048988702474162 0.000496086024213582 0.000500174006447196 0.00050714798271656 0.000516208005137742 0.000523491995409131 0.000529561017174274 0.000533799990080297 0.000537372019607574 0.000541881017852575 0.000549365009646863 0.000552718003746122 0.000556094979401678 0.000562346016522497 0.000570091011468321 0.000577944971155375 0.000585909001529217 0.000587758026085794 0.000588050985243171 0.000600086990743876 0.00185412005521357 -3.4e+38
0.000468410988105461 0.000468681013444439 0.000469004007754847 0.000471294013550505 0.000471331994049251 0.000471403996925801 0.000470489001600072 0.000470664992462844 0.000471092003863305 0.00047037098556757 0.00047120000817813 0.000472026993520558 0.000471367005957291 0.000473049003630877 0.000474739004857838 0.000477004999993369 0.000480905000586063 0.000486283999634907 0.000492424995172769 0.000497867993544787 0.000504378986079246 0.000509544974192977 0.000512954022269696 0.000516475003678352 0.000521503970958292 0.000529862008988857 0.000540392997208983 0.00054504198487848 0.000547741015907377 0.000550455995835364 0.000553929014131427 0.00055649399291724 0.000560540007427335 0.000565499009098858 0.000568568997550756 0.000571810000110418 0.00057664600899443 0.00058194698067382 0.000585381989367306 0.000590946001466364 0.000595726014580578 0.000604669970925897 0.000611520023085177 0.052921898663044
0.000476501998491585 0.000476563989650458 0.000476471992442384 0.000477839988889173 0.000478275003843009 0.000480104994494468 0.00048232200788334 0.000482881005154923 0.000484715012134984 0.000487546989461407 0.000491307990159839 0.000495547021273524 0.000499007001053542 0.000503254996147007 0.000508181983605027 0.000511878984980285 0.000517444976139814 0.000522445014212281 0.000526197021827102 0.000528310018125921 0.000529390992596745 0.000533093989361078 0.000536007981281728 0.000539273023605347 0.00054649799130857 0.000551250006537884 0.000556300976313651 0.000562045024707913 0.000567523005884141 0.000569547992199659 0.000571166980080307 0.000573694007471204 0.000576218997593969 0.000576592981815338 0.000575807993300259 0.000575778016354889 0.000575885991565883 0.000575479003600776 0.000575341982766986 0.000573900993913412 0.000579704996198416 0.000587213027756661 0.000586759008001536 0.000548799987882376
0.000493804982397705 0.000495354004669935 0.000497305009048432 0.000499839021358639 0.000501425005495548 0.000503320014104247 0.00050661398563534 0.000510867976117879 0.000512521015480161 0.000514724990352988 0.000518712971825153 0.000524195027537644 0.000528789008967578 0.000531362020410597 0.000533982005435973 0.000536988023668528 0.00053957401541993 0.000542088993825018 0.000544767011888325 0.000548541021998972 0.000553063990082592 0.000556787999812514 0.000559923995751888 0.000564956979360431 0.000566600996535271 0.000570093980059028 0.000574238016270101 0.00057752599241212 0.000579570012632757 0.000578115985263139 0.00057746097445488 0.000576392980292439 0.000573066005017608 0.000570187985431403 0.000564827991183847 0.000562168017495424 0.000558830972295254 0.000554360973183066 0.000545714981853962 0.000540603010449558 0.0005352389998734 0.000530159974005073 0.000524336006492376 0.000519755005370826
0.00052377802785486 0.000524549977853894 0.000525019015185535 0.000527802971191704 0.000528346979990602 0.000531215977389365 0.000532510981429368 0.000533026002813131 0.000533834972884506 0.000535373983439058 0.000539158005267382 0.000541476998478174 0.000543445989023894 0.000546824012417346 0.000546481984201819 0.000547112023923546 0.000547925010323524 0.000549795979168266 0.000550891971215606 0.00055335700744763 0.000555859005544335 0.000557743012905121 0.000558368978090584 0.000559213978704065 0.000559899024665356 0.000557226012460887 0.000553703983314335 0.000551333010662347 0.000547961972188205 0.000544856011401862 0.000542327994480729 0.000539608008693904 0.000536799023393542 0.000533350976184011 0.000529013981577009 0.000524814007803798 0.00052160897757858 0.000518731016200036 0.000512509024702013 0.000500925991218537 0.0004924830282107 0.00048661298933439 0.000481688999570906 0.000480393995530903
0.000535999017301947 0.000537263986188918 0.000536636973265558 0.00053464702796191 0.000534151971805841 0.000532591016963124 0.000530735997017473 0.00053035601740703 0.0005295270239003 0.000529561017174274 0.000529362994711846 0.000529380980879068 0.000528867996763438 0.000526999006979167 0.000527540978509933 0.000528738019056618 0.000531318015418947 0.000534177001100034 0.000534993014298379 0.000536773994099349 0.000537378014996648 0.000537144020199776 0.000536807987373322 0.000536358973477036 0.000534433987922966 0.000530123012140393 0.000525493000168353 0.000522151007317007 0.00051653099944815 0.000513273000251502 0.000512117985635996 0.00050758698489517 0.000505500007420778 0.000502692011650652 0.000499212008435279 0.000493865984026343 0.000490212987642735 0.000488973979372531 0.000487245997646824 0.000478705012938008 0.000471044011646882 0.000464667013147846 0.000459795992355794 0.000459578994195908
0.000524564005900174 0.0005230070091784 0.000520949019119143 0.000519966008141637 0.000518438988365233 0.000517842010594904 0.000517585023771971 0.00051780097419396 0.00051801698282361 0.000517818029038608 0.000517064006999135 0.00051582301966846 0.000513821025379002 0.000509444973431528 0.000505772011820227 0.000501503993291408 0.000498905021231622 0.000497200002428144 0.000497422995977104 0.000497646979056299 0.000497465021908283 0.000497211993206292 0.000496959022711962 0.000493955973070115 0.000490257982164621 0.000488045014208183 0.00048707501264289 0.000484455988043919 0.000479976995848119 0.00047492899466306 0.000469933991553262 0.000466691009933129 0.000464409997221082 0.000463297008536756 0.000462575990241021 0.000461899995571002 0.00046201900113374 0.000462330004666001 0.000462594995042309 0.000459387985756621 0.00045704998774454 0.00045456099906005 0.000452757987659425 0.000452757987659425
0.000500279013067484 0.000498507986776531 0.000496875029057264 0.000495293992571533 0.00049369502812624 0.000492858001962304 0.000492446997668594 0.000491323997266591 0.000488165998831391 0.00048442100523971 0.000480793998576701 0.000479326990898699 0.000478892005048692 0.000476396991871297 0.000474973989184946 0.000473168009193614 0.000471717998152599 0.000471014995127916 0.0004703130107373 0.000469611986773089 0.00046929600648582 0.000469109014375135 0.000468295009341091 0.000466636993223801 0.000463933014543727 0.000460384006146342 0.000458011985756457 0.00045622800826095 0.000455344008514658 0.000453908985946327 0.000453396991360933 0.000453512009698898 0.000453153013950214 0.000452789012342691 0.00045277300523594 0.000452757987659425 0.000452757987659425 0.000452723994385451 0.000452172011137009 0.000450949009973556 0.000449980987468734 0.000448748003691435 0.000447364000137895 0.000446182995801792
0.000480435992358252 0.000478350993944332 0.000476609013276175 0.000475423003081232 0.000473718013381585 0.000471742008812726 0.000470013008452952 0.000468723999802023 0.000467495003249496 0.000465772987809032 0.000463113014120609 0.000462911993963644 0.000461587012978271 0.000460467010270804 0.000459370989119634 0.000458277994766831 0.000457070011179894 0.000455747009254992 0.000454427994554862 0.000453671993454918 0.000453054992249236 0.000452998996479437 0.000452943000709638 0.000452887004939839 0.000452731997938827 0.00045257800957188 0.000452084990683943 0.000450839987024665 0.000449774990556762 0.000449845014372841 0.00044991000322625 0.000448917999165133 0.000448234000941738 0.00044766700011678 0.000447110011009499 0.000446385995019227 0.000446407997515053 0.00044611599878408 0.000445115991169587 0.000444080011220649 0.000443753990111873 0.000443753990111873 0.000443753990111873 0.000443705997895449
0.000469527003588155 0.000468189013190567 0.000467676989501342 0.000466647004941478 0.000465813995106146 0.000465383986011147 0.000464384007500485 0.000464101991383359 0.000463884003693238 0.000461694988189265 0.000459517003037035 0.000457348010968417 0.000455862988019362 0.000454455002909526 0.000453640997875482 0.000452526001026854 0.000451491010608152 0.000449979997938499 0.000449164013843983 0.000448717997642234 0.000447958009317517 0.000447936006821692 0.000447900005383417 0.000447005993919447 0.000446466001449153 0.000446040998212993 0.000445557991042733 0.000444970006356016 0.000444397010141984 0.000442785996710882 0.000441728014266118 0.000441899988800287 0.000442010001279414 0.000441898999270052 0.000441498006694019 0.000441537995357066 0.000441581010818481 0.000441623997176066 0.000441492011304945 0.000440898991655558 0.00044030201388523 0.000439856987213716 0.000439725001342595 0.000439391995314509
0.000465593999251723 0.000464729004306719 0.000464009994175285 0.000463437987491488 0.000463017990114167 0.000461571995401755 0.000460743001895025 0.000460496987216175 0.000459472998045385 0.000458660011645406 0.000457596994237974 0.000455355999292806 0.000453854008810595 0.000452414009487256 0.000450978986918926 0.000450263993116096 0.000448492006398737 0.000447744008852169 0.000445103010861203 0.000443625991465524 0.00044320899178274 0.000442468008259311 0.000442468997789547 0.000440784002421424 0.000441070005763322 0.000440406001871452 0.000440391013398767 0.00043992098653689 0.000438886985648423 0.00043619200005196 0.0004360830062069 0.000436008005635813 0.000435911002568901 0.000435814989032224 0.000435717985965312 0.000435655994806439 0.000435605994425714 0.000435555994044989 0.000435505004134029 0.0004356509889476 0.000435796013334766 0.000435970985563472 0.000435711990576237 0.000435724010458216
0.00046119699254632 0.000460186012787744 0.000459128001239151 0.000457763992017135 0.000457293004728854 0.00045616299030371 0.000455981004051864 0.00045490000047721 0.000452926004072651 0.000451747007900849 0.000450922001618892 0.000448722013970837 0.000447288999566808 0.000446919992100447 0.000444264995167032 0.000443341996287927 0.000442232005298138 0.000440862990217283 0.00043989100959152 0.000438526010839269 0.000437593989772722 0.000436439993791282 0.000435204012319446 0.000435063993791118 0.00043492199620232 0.000434779998613521 0.000434638990554959 0.000434515997767448 0.000434449000749737 0.000434382993262261 0.00043431599624455 0.000434332003351301 0.000434429006418213 0.000433646986493841 0.00043248399742879 0.000431169988587499 0.000431199005106464 0.000431229011155665 0.000431258988101035 0.000431329011917114 0.000431397987995297 0.000431468011811376 0.000431477004894987 0.00043165500392206
0.000457899994216859 0.000457152986200526 0.000456715992186219 0.000455641013104469 0.000454513996373862 0.000452614011010155 0.000449793005827814 0.000448326987680048 0.000446312013082206 0.000445374986156821 0.000444158009486273 0.000442893011495471 0.00044165100553073 0.000440734002040699 0.000439402996562421 0.0004387229855638 0.000437982991570607 0.000436992995673791 0.000436253991210833 0.000435211986768991 0.000432288012234494 0.000431691994890571 0.000431097985710949 0.000430504005635157 0.000429926003562286 0.000429348991019651 0.000428772997111082 0.000428205006755888 0.000427944003604352 0.00042781000956893 0.000427674996899441 0.000427568011218682 0.000427488994318992 0.000427410006523132 0.000427182007115334 0.000427152990596369 0.000427199993282557 0.000426268001319841 0.000426602986408398 0.000427351013058797 0.000427891995059326 0.000428527011536062 0.000429042993346229 0.000429667998105288
0.000453095010016114 0.000452067004516721 0.000450916006229818 0.000450060004368424 0.000449757993919775 0.00044783198973164 0.000446488993475214 0.000445810001110658 0.000444311008322984 0.00044212001375854 0.000441862008301541 0.000441762007540092 0.000440253003034741 0.000439074006862938 0.00043709299643524 0.000436542992247269 0.000435455003753304 0.000434427987784147 0.000433403998613358 0.000432386004831642 0.000430821994086727 0.000430131010944024 0.000429337000241503 0.00042861799011007 0.000428236002335325 0.000427903985837474 0.000427583989221603 0.000427338993176818 0.000426927988883108 0.000426418002462015 0.00042475201189518 0.000424905010731891 0.000425230013206601 0.000425070989876986 0.00042464499711059 0.000424311001552269 0.000424011988798156 0.000423919991590083 0.000424402998760343 0.000425584003096446 0.000425904989242554 0.000426126003731042 0.000428514002123848 0.000430999003583565
0.000451000989414752 0.000449193001259118 0.000447989004896954 0.000446861988166347 0.000445423007477075 0.000443944009020925 0.000443658005679026 0.000442857999587432 0.000441489013610408 0.000440386997070163 0.000440386997070163 0.000440386997070163 0.000440386997070163 0.000439917988842353 0.00043944499338977 0.000438583985669538 0.000437871000031009 0.000436764996265993 0.000435708003351465 0.000434568006312475 0.000433578010415658 0.000432850007200614 0.000431800988735631 0.000430877000326291 0.000431021006079391 0.000430893996963277 0.000430354004492983 0.000429920997703448 0.000428100989665836 0.000427101011155173 0.000426968996180221 0.000426907005021349 0.000426915008574724 0.000426924991188571 0.000426937011070549 0.000426857994170859 0.000427310995291919 0.0004279839922674 0.000428655999712646 0.000429478008300066 0.000430317013524473 0.000431441992986947 0.000432502012699842 0.000433787994552404
0.000448548002168536 0.00044674999662675 0.000445652985945344 0.00044460900244303 0.000443928001914173 0.000443606986664236 0.000443303986685351 0.000443000986706465 0.00044269798672758 0.000442399003077298 0.000442099990323186 0.00044165100553073 0.000441178999608383 0.000440712989075109 0.000440386997070163 0.000440386997070163 0.000440283009083942 0.000439238996477798 0.000438313989434391 0.000437148002674803 0.000436940987128764 0.000435419991845265 0.000433904002420604 0.000432577013270929 0.000431966996984556 0.000432064000051469 0.000431102002039552 0.000430004001827911 0.00042905900045298 0.000428114988608286 0.000427198014222085 0.000426592014264315 0.000426367012551054 0.000426198006607592 0.000426146987592801 0.0004265769966878 0.000427961000241339 0.000429384002927691 0.000430253014201298 0.000431249005487189 0.000432472006650642 0.000433590990724042 0.000434837013017386 0.000436444010119885
0.000455452012829483 0.00045412199688144 0.000452326989034191 0.000452065985882655 0.000451077008619905 0.000450088002253324 0.000449315004516393 0.000448542996309698 0.000447772006737068 0.000447030004579574 0.000446558988187462 0.000445954006863758 0.00044531500316225 0.000444623990915716 0.000443986995378509 0.000443349999841303 0.000442924996605143 0.000442927004769444 0.000442969001596794 0.00044265401083976 0.000442037009634078 0.000441446987679228 0.000441262003732845 0.000441076990682632 0.000440689007518813 0.000440364994574338 0.000439536990597844 0.000437995011452585 0.00043654500041157 0.000435519992606714 0.000434613990364596 0.000434057001257315 0.000433848996181041 0.000433851004345343 0.000433907989645377 0.000434148008935153 0.000434449000749737 0.000434749992564321 0.000435051013482735 0.000435474008554593 0.000435897993156686 0.000436323985923082 0.000437031994806603 0.000438380986452103
0.000463120988570154 0.00046180299250409 0.000460550014395267 0.000459302013041452 0.000458140013506636 0.000457484013168141 0.000456026988103986 0.000454819994047284 0.000453493994427845 0.00045264299842529 0.000452520995168015 0.000452398991910741 0.000452244014013559 0.000451711006462574 0.000450882012955844 0.00045005400897935 0.000449134007794783 0.000448444014182314 0.000448158010840416 0.000447872997028753 0.000447224010713398 0.000446013989858329 0.000444809003965929 0.00044447899563238 0.000444186996901408 0.000443706987425685 0.000443500990513712 0.000442985008703545 0.000442716991528869 0.000442098011262715 0.000441275013145059 0.000441310985479504 0.00044095198973082 0.000440381991211325 0.000440236006397754 0.00044023001100868 0.000440300005720928 0.000440505013102666 0.000440244999481365 0.000440898002125323 0.000441553012933582 0.000442210002802312 0.000442774005932733 0.00044241501018405
