results/Predictions/Median/Rupelian.asc
NCOLS 360 
NROWS 180 
XLLCORNER -180 
YLLCORNER -90 
CELLSIZE 1 
NODATA_value -3.4e+38 
[rows 133 to 151 of 180, columns 220 to 263 of 360]
0.00010288799967384 9.96145972749218e-05 9.58956006797962e-05 9.23160987440497e-05 8.88708964339457e-05 8.60080035636202e-05 8.36784965940751e-05 8.14125014585443e-05 7.92080973042175e-05 7.85445008659735e-05 7.83822033554316e-05 7.82202987466007e-05 7.80586997279897e-05 7.72991988924332e-05 7.65470977057703e-05 7.58021997171454e-05 7.46251025702804e-05 7.21834003343247e-05 6.98219009791501e-05 6.75478004268371e-05 6.49001012789086e-05 6.16132019786164e-05 5.87356007599737e-05 5.59922991669737e-05 5.33538004674483e-05 5.06225987919606e-05 4.80085000162944e-05 4.55295012216084e-05 4.42042983195279e-05 4.29179017373826e-05 6.33750969427638e-05 4.04931015509646e-05 3.9456099329982e-05 3.8440299249487e-05 3.74506016669329e-05 3.63321996701416e-05 3.51009985024575e-05 3.45310982083902e-05 3.29620015691034e-05 3.19762002618518e-05 3.10149007418659e-05 3.00895007967483e-05 2.92395998258144e-05 2.86822996713454e-05
6.93819965817966e-05 6.29415008006617e-05 6.08092996117193e-05 5.87495014769956e-05 5.67597016924992e-05 5.52409983356483e-05 5.43509013368748e-05 6.4520601881668e-05 5.28611017216463e-05 5.28048003616277e-05 5.3348601795733e-05 5.38981003046501e-05 5.4453299526358e-05 5.4963500588201e-05 5.54783982806839e-05 5.59073014301248e-05 5.59934014745522e-05 5.49711985513568e-05 5.38737986062188e-05 5.27982992934994e-05 5.09970996063203e-05 4.84105003124569e-05 4.59553011751268e-05 4.36213995271828e-05 4.13171983382199e-05 3.97039984818548e-05 3.70158013538457e-05 3.50361988239456e-05 3.42085986630991e-05 3.34007017954718e-05 3.26117988151964e-05 3.18919010169338e-05 3.1335701351054e-05 3.07888985844329e-05 3.02513999486109e-05 2.95565005217213e-05 2.87325001409044e-05 2.80724998447113e-05 2.77203998848563e-05 2.68387993855868e-05 2.5952600481105e-05 2.50733992288588e-05 2.42024998442503e-05 2.35162005992606e-05
0.0218317992985249 3.76671996491496e-05 3.67530992662068e-05 3.58610996045172e-05 3.49906986230053e-05 3.434509926592e-05 3.39124999300111e-05 0.00278496998362243 0.0486207008361816 5.91540010645986e-05 3.45822008966934e-05 3.55451993527822e-05 3.65347004844807e-05 3.75894996977877e-05 3.86647989216726e-05 3.97707990487106e-05 4.05579012294766e-05 4.02994010073598e-05 4.00393982999958e-05 3.97801995859481e-05 3.86756983061787e-05 3.67866014130414e-05 3.49842994182836e-05 3.32702002197038e-05 0.00193296000361443 0.0625379979610443 0.00138784002047032 4.06100989494007e-05 2.6118999812752e-05 2.56208004429936e-05 2.51320998359006e-05 2.47268999373773e-05 2.45485007326351e-05 2.43709000642411e-05 2.41942998400191e-05 2.3856100597186e-05 2.33621994993882e-05 2.29243996727746e-05 2.24721006816253e-05 2.18665991269518e-05 2.56350995186949e-05 2.06136992346728e-05 2.00144004338654e-05 1.94491003639996e-05
2.14222000067821e-05 2.13259991141967e-05 2.10168000194244e-05 2.0712099285447e-05 2.04119005502434e-05 2.02154005819466e-05 2.01265993382549e-05 2.00477006728761e-05 1.99692003661767e-05 2.05167998501565e-05 2.13264993362827e-05 2.22475991904503e-05 2.31583999266149e-05 2.43066006078152e-05 2.54750993917696e-05 2.67825998889748e-05 2.78765000985004e-05 2.81747998087667e-05 2.84762991213938e-05 2.87809998553712e-05 2.82784003502456e-05 2.70104992523557e-05 2.58732998190681e-05 0.0218473002314568 0.0499656982719898 0.0499624982476234 0.0473125986754894 0.0439331009984016 0.0301396995782852 0.00100518995895982 1.97623994608875e-05 1.89901002158877e-05 1.90759001270635e-05 1.91621002159081e-05 1.92487004824216e-05 1.92039005924016e-05 1.90166992979357e-05 1.88313006219687e-05 1.86476991075324e-05 1.83182000910165e-05 1.78970003616996e-05 1.74641008925391e-05 1.70417006302159e-05 1.65459005074808e-05
1.20173999675899e-05 1.20534996312927e-05 1.19543001346756e-05 1.18558000394842e-05 1.17582003440475e-05 1.17341996883624e-05 1.17832996693323e-05 1.18341004053946e-05 1.18898997243377e-05 1.24330999824451e-05 1.31896003949805e-05 1.39924004542991e-05 1.484439962951e-05 1.59372993948637e-05 1.71140000020387e-05 1.84898999577854e-05 1.96335004147841e-05 2.0211800801917e-05 2.07910998142324e-05 2.13455004995922e-05 2.12344002648024e-05 2.04296993615571e-05 2.01273996935925e-05 0.00247012008912861 0.0228652004152536 0.0374866016209126 0.0375581011176109 0.0344366990029812 0.0311549995094538 0.0158782005310059 0.000788179982919246 2.01377006305847e-05 1.4621099580836e-05 1.48625003930647e-05 1.51080002979143e-05 1.52272996274405e-05 1.52174998220289e-05 1.52077000166173e-05 1.51979002112057e-05 1.50132000271697e-05 1.47734999700333e-05 1.45376998261781e-05 1.43056004162645e-05 1.38940004035248e-05
7.75691023591207e-06 7.77445984567748e-06 7.74977979745017e-06 7.7251697803149e-06 7.7006498031551e-06 7.71792019804707e-06 7.77727018430596e-06 7.83708037488395e-06 7.90478043199982e-06 8.27321036922513e-06 8.76994999998715e-06 9.34969011723297e-06 9.96712969936198e-06 1.08362000901252e-05 1.1725899639714e-05 1.26885997815407e-05 1.3601999853563e-05 1.41976997838356e-05 1.48248000186868e-05 1.54722001752816e-05 1.55463003466139e-05 1.50166997627821e-05 0.00663620978593826 0.000239223998505622 6.2418301240541e-05 0.027904199436307 -3.4e+38 0.0264420993626118 0.0179340001195669 0.0137491999194026 0.0121245998889208 0.00446833996102214 0.000127972001791932 1.13514997792663e-05 1.16572000479209e-05 1.18849002319621e-05 1.20298000183539e-05 1.22224000733695e-05 1.24467997011379e-05 1.24578000395559e-05 1.23972004075767e-05 1.23209001685609e-05 1.22414003271842e-05 1.1851900126203e-05
5.08588982484071e-06 5.09739993503899e-06 5.10281006427249e-06 5.10823019794771e-06 5.11343978359946e-06 5.15539022671874e-06 5.23220978720929e-06 5.30735997017473e-06 5.37803998668096e-06 5.64050014872919e-06 5.94973016632139e-06 6.35696005701902e-06 6.75813998896047e-06 7.32036005501868e-06 7.93863000581041e-06 8.6327499957406e-06 9.40505015023518e-06 9.95026039163349e-06 1.04933997135959e-05 1.10662003862672e-05 1.12252000690205e-05 1.09599995994358e-05 1.07062996903551e-05 1.04868995549623e-05 1.00496999948518e-05 1.30687003547791e-05 1.47362998177414e-05 7.58466994739138e-05 0.000829763012006879 0.0052250400185585 0.00856177043169737 0.0100649995729327 0.0100860996171832 8.77512957231374e-06 8.91014042281313e-06 9.1930896815029e-06 9.49806963035371e-06 9.74938029685291e-06 1.00156003099983e-05 1.01302002804005e-05 1.01871000879328e-05 1.02443000287167e-05 1.03018001027522e-05 1.00628003565362e-05
3.56697000825079e-06 3.5713198940357e-06 3.5877899335901e-06 3.60433000423654e-06 3.62095011041674e-06 3.66242011295981e-06 3.72955992133939e-06 3.79789003090991e-06 3.86743977287551e-06 4.07180004913243e-06 4.32248998549767e-06 4.55567987955874e-06 4.80162998428568e-06 5.18671004101634e-06 5.67291999686859e-06 6.18888998360489e-06 6.67370022711111e-06 7.06564014762989e-06 7.48523007132462e-06 7.94597963249544e-06 8.15727980807424e-06 8.03487000666792e-06 7.91068032413023e-06 7.83131963544292e-06 7.56860981709906e-06 7.24069013813278e-06 6.90601018504822e-06 6.59960005577886e-06 9.73539044935023e-06 0.000619635975454003 0.00460067018866539 0.00775633985176682 0.00625710003077984 0.00627830997109413 6.98684016242623e-06 7.13818008080125e-06 7.40928999221069e-06 7.72873045207234e-06 8.07342985353898e-06 8.27861003926955e-06 8.43022007757099e-06 8.58460043673404e-06 8.74441957421368e-06 8.59232022776268e-06
2.6601499030221e-06 2.66485994870891e-06 2.67890004579385e-06 2.69301995103888e-06 2.70720988737594e-06 2.7356200007489e-06 2.77868002740433e-06 2.82242990579107e-06 2.86687009065645e-06 3.00136002806539e-06 3.17798003379721e-06 3.36936000167043e-06 3.57212002199958e-06 3.8945699998294e-06 4.21209006162826e-06 4.55549979960779e-06 4.86803992316709e-06 5.16549016538193e-06 5.49641981706372e-06 5.84856979912729e-06 6.01137980993371e-06 5.97927009948762e-06 5.9531198530749e-06 5.96907011640724e-06 5.78254002903122e-06 5.55240012545255e-06 5.34394985152176e-06 5.13981012773002e-06 5.00971009387285e-06 2.46272993535968e-05 0.0105742001906037 0.0106977997347713 0.00106816994957626 1.20415998026147e-05 5.58456986254896e-06 5.47039007869898e-06 5.80254982196493e-06 6.11093992120004e-06 6.48433979222318e-06 6.72336000206997e-06 6.96626011631452e-06 7.2207199082186e-06 7.46666000850382e-06 7.37574009690434e-06
2.00834006136574e-06 2.01390002985136e-06 9.0323701442685e-06 2.03986996893946e-06 2.05299011213356e-06 2.07659991247056e-06 2.11106998904143e-06 2.14612009585835e-06 2.18175000554766e-06 2.2735600850865e-06 2.37660992752353e-06 2.48436003857933e-06 2.5970000478992e-06 2.83087001662352e-06 3.07177992908692e-06 3.3362200611009e-06 3.60294006895856e-06 3.83111000701319e-06 4.07374000133132e-06 4.33175000580377e-06 4.47103002443328e-06 4.47946013082401e-06 4.52353015134577e-06 4.58459999208571e-06 4.51137020718306e-06 4.39026007370558e-06 4.2581000343489e-06 4.12087001677719e-06 3.95826009480515e-06 3.85400016966742e-06 3.91081994166598e-06 5.60227999812923e-06 6.20237005932722e-06 3.98198017137474e-06 4.07724019169109e-06 4.2749497879413e-06 4.54048995379708e-06 4.82796986034373e-06 5.18078013556078e-06 5.46766978004598e-06 5.7767801990849e-06 6.0792899603257e-06 6.34624984741095e-06 6.31974990028539e-06
1.5901599681456e-06 1.59367004926025e-06 1.60270997184853e-06 1.61180003033223e-06 1.62095000177942e-06 1.63531001362571e-06 1.65503001881007e-06 1.67661005434638e-06 1.70370003615972e-06 1.76935998297267e-06 1.85084002168878e-06 1.93607002074714e-06 2.02524006454041e-06 2.18660989048658e-06 2.34713002100762e-06 2.54274004873878e-06 2.73335990641499e-06 2.89934996544616e-06 3.07700997836946e-06 3.25999008055078e-06 3.36506991516217e-06 3.38499989993579e-06 3.43571991834324e-06 3.46954993801774e-06 3.42556995747145e-06 3.33763000526233e-06 3.25194992001343e-06 3.17538001581852e-06 3.09594997816021e-06 3.03092997455678e-06 2.95787003778969e-06 2.91675996777485e-06 3.00122997032304e-06 3.08812991534069e-06 3.17166995955631e-06 3.3122898912552e-06 3.5451998883218e-06 3.78593995264964e-06 4.04304000767297e-06 4.3138898035977e-06 4.5918500291009e-06 4.87273018734413e-06 5.17102989761042e-06 5.23012977282633e-06
1.2854100077675e-06 1.28866997783916e-06 1.2985500461582e-06 1.30850003188243e-06 1.31853005314042e-06 1.33380001443584e-06 1.35448999571963e-06 1.37257995902473e-06 1.38912002967118e-06 1.42406997838407e-06 1.46618003782351e-06 1.50955997924029e-06 1.55682005242852e-06 1.65737003499089e-06 1.77607000750868e-06 1.90612001915724e-06 2.03341005544644e-06 2.14368992601521e-06 2.28178009820112e-06 2.43783006226295e-06 2.53281996265287e-06 2.56719999924826e-06 2.59011994785396e-06 2.61881996266311e-06 2.58500995187205e-06 2.531390009608e-06 2.48002993430418e-06 2.43437989411177e-06 2.39086989495263e-06 2.34165008805576e-06 2.29307988774963e-06 2.2668000383419e-06 2.31551007345843e-06 2.36523010244127e-06 2.41601992456708e-06 2.53400003202842e-06 2.72650004262687e-06 2.94808000944613e-06 3.14495991915464e-06 3.39304006047314e-06 3.64620996151643e-06 3.94651988244732e-06 4.28211978942272e-06 4.38212009612471e-06
1.06577999758883e-06 1.06822994894173e-06 1.07611003841157e-06 1.08404003640317e-06 1.09203995179996e-06 1.10373002826236e-06 1.11922997803049e-06 1.13444002636243e-06 1.14748002033593e-06 1.1723100215022e-06 1.20166998840432e-06 1.23591996725736e-06 1.27639998481754e-06 1.33604999064119e-06 1.39445000968408e-06 1.4654500546385e-06 1.55680004354508e-06 1.65024005127634e-06 1.74872002389748e-06 1.83318002200394e-06 1.89465004041267e-06 1.92309994417883e-06 1.95197003449721e-06 1.98127008843585e-06 1.96044993572286e-06 1.92345009963901e-06 1.89932995908748e-06 1.87751004432357e-06 1.84228997568425e-06 1.80772997282475e-06 1.77373999576957e-06 1.75621994458197e-06 1.78895004410151e-06 1.82407995907852e-06 1.85988994871877e-06 1.95005009118177e-06 2.09824997909891e-06 2.26672000280814e-06 2.44389002546086e-06 2.64877007793984e-06 2.8769500204362e-06 3.13223995362932e-06 3.40560995937267e-06 3.53700988853234e-06
8.95232972197846e-07 8.97743007044483e-07 9.04231001186417e-07 9.1076600483575e-07 9.17348017992481e-07 9.26068025819404e-07 9.36985998123419e-07 9.48031981806707e-07 9.59209955908591e-07 9.82244955594069e-07 1.00986994766572e-06 1.03827005659696e-06 1.06747995687329e-06 1.11071994979284e-06 1.15189004645799e-06 1.19460003134009e-06 1.23958000131097e-06 1.28465001125733e-06 1.33951004954724e-06 1.40683005156461e-06 1.44959994941019e-06 1.46542004131334e-06 1.48141998579376e-06 1.49759000578342e-06 1.49182994846342e-06 1.47882997225679e-06 1.46594004490908e-06 1.45316994348832e-06 1.42691999371891e-06 1.40115002977836e-06 1.3831499927619e-06 1.37638005526242e-06 1.39817996114289e-06 1.42033002248354e-06 1.44284001635242e-06 1.50614005178795e-06 1.61231002948625e-06 1.7275400523431e-06 1.8532499552748e-06 2.02456999431888e-06 2.23573010771361e-06 2.46896001954156e-06 2.69733004643058e-06 2.82035989584983e-06
7.49134017041797e-07 7.5151200462642e-07 7.56537986035255e-07 7.61596993470448e-07 7.6668999327012e-07 7.72860005326947e-07 7.80131983901811e-07 7.8747302723059e-07 7.94883987964567e-07 8.11337997674855e-07 8.31210002161242e-07 8.5157000739855e-07 8.72428984166618e-07 9.02594990748185e-07 9.33804983560549e-07 9.66096990850929e-07 1.000080033009e-06 1.03704996945453e-06 1.07414996364241e-06 1.10657003915549e-06 1.12624002213124e-06 1.1350999784554e-06 1.1511200455061e-06 1.16570004138339e-06 1.1678299642881e-06 1.16653995974048e-06 1.16523995075113e-06 1.1639499462035e-06 1.14910994852835e-06 1.13193004835921e-06 1.1150100363011e-06 1.10815994958102e-06 1.13116004740732e-06 1.15463001293392e-06 1.1755900004573e-06 1.21287996535102e-06 1.27019995943556e-06 1.33027003812458e-06 1.40000997816969e-06 1.542289965073e-06 1.71843998941767e-06 1.89672005035391e-06 2.10810003409279e-06 2.22588005271973e-06
6.60792977669189e-07 6.63126002109493e-07 6.65535992538935e-07 6.67955021071975e-07 6.70382974021777e-07 6.74225020702579e-07 6.79506001688424e-07 6.84828989960806e-07 6.90193019181606e-07 7.01482008480525e-07 7.14961004177894e-07 7.28698012153473e-07 7.4270002414778e-07 7.61284979944321e-07 7.80334005412442e-07 7.99861993527884e-07 8.2170902260259e-07 8.49822981763282e-07 8.78899982126313e-07 9.08972992874624e-07 9.29653026560118e-07 9.40260008519544e-07 9.50988010117726e-07 9.61838964030903e-07 9.66039010563691e-07 9.6800101800909e-07 9.6996700449381e-07 9.7193697001785e-07 9.58928012551041e-07 9.46094019127486e-07 9.33431977045984e-07 9.29832992824231e-07 9.5334598881891e-07 9.77454988060344e-07 9.96058020064083e-07 1.03211004898185e-06 1.08460994852067e-06 1.13250996491843e-06 1.17739000415895e-06 1.25719998322893e-06 1.37111999265471e-06 1.51795995861903e-06 1.68052997651102e-06 1.76275000285386e-06
5.82882989874633e-07 5.85147006404441e-07 5.85493012295046e-07 5.85839984523773e-07 5.86187013595918e-07 5.88193017847516e-07 5.91874027122685e-07 5.95579024320614e-07 5.99306986259762e-07 6.06517971846188e-07 6.14987015978841e-07 6.2357599972529e-07 6.32284013590834e-07 6.42122017779911e-07 6.52114010790683e-07 6.62261015804688e-07 6.7518601554184e-07 6.96433971825172e-07 7.18351998330036e-07 7.40961013434571e-07 7.56615008867811e-07 7.64849005463475e-07 7.73172985191195e-07 7.81587004894391e-07 7.86813984632317e-07 7.90979015619087e-07 7.95165988165536e-07 7.99375982296624e-07 7.89739999618178e-07 7.80221000695747e-07 7.70815972828132e-07 7.69783980558714e-07 7.94039010543202e-07 8.19060005596839e-07 8.44869020966144e-07 8.75086016094428e-07 9.10119979380397e-07 9.45483009218151e-07 9.80935055849841e-07 1.05685001017264e-06 1.13298995074729e-06 1.21468997349439e-06 1.32509001105063e-06 1.39406995458558e-06
5.27624990809272e-07 5.28023008428136e-07 5.25456982813921e-07 5.22903008004505e-07 5.20361027156468e-07 5.19637012530438e-07 5.20723972385895e-07 5.2181297860443e-07 5.22903974342626e-07 5.26393023392302e-07 5.30711986357346e-07 5.35537026280508e-07 5.40708015250857e-07 5.44129989066278e-07 5.47572994946677e-07 5.51362973055802e-07 5.58648025617003e-07 5.77536980017612e-07 5.97065024976473e-07 6.17255977886089e-07 6.32324997695832e-07 6.41872020423762e-07 6.51563027531665e-07 6.61400974877324e-07 6.67969004553015e-07 6.73457009270351e-07 6.78989010793885e-07 6.84566998643277e-07 6.7616002752402e-07 6.67857023017859e-07 6.59654972423596e-07 6.59358022403467e-07 6.8302597355796e-07 7.07546007561177e-07 7.3294597768836e-07 7.60762986828922e-07 7.91198999650078e-07 8.22854019588704e-07 8.56585984365665e-07 9.17422994461958e-07 9.93509956970229e-07 1.06357003915036e-06 1.13416001568112e-06 1.16097999125486e-06
4.86764008655882e-07 4.84401994071959e-07 4.78182982988073e-07 4.72045002197774e-07 4.65986005337982e-07 4.62189007066627e-07 4.60597988194422e-07 4.59015012665986e-07 4.57872999959363e-07 4.59863002788552e-07 4.62915011212317e-07 4.62961992298005e-07 4.65074009525779e-07 4.66124987497096e-07 4.67118013602885e-07 4.7116898826971e-07 4.76009006433742e-07 4.9367400833944e-07 5.11994983298791e-07 5.30995976077975e-07 5.46657020095154e-07 5.58643989734264e-07 5.70894997053983e-07 5.84167992201401e-07 5.9176898048463e-07 5.97444000050018e-07 6.03891976425075e-07 6.10409983892168e-07 6.01826002366579e-07 5.93364006817865e-07 5.85020018206706e-07 5.84321981023095e-07 6.06775984124397e-07 6.30094007192383e-07 6.54321013371373e-07 6.84715985244111e-07 7.20395973985433e-07 7.57945997520437e-07 7.97465986579482e-07 8.44043995584798e-07 9.07468006516865e-07 9.75666011981957e-07 1.0353099924032e-06 1.03374998161598e-06
