results/Predictions/Median/Santonian.asc
NCOLS 360 
NROWS 180 
XLLCORNER -180 
YLLCORNER -90 
CELLSIZE 1 
NODATA_value -3.4e+38 
[rows 80 to 99 of 180, columns 0 to 43 of 360]
0.000563709007110447 0.000561451015528291 0.000559204025194049 0.000556965009309351 0.000555166974663734 0.000553518999367952 0.000551360019017011 0.000548576004803181 0.000546636001672596 0.000545255024917424 0.000542967987712473 0.000540726992767304 0.000538647000212222 0.000536575971636921 0.000535423983819783 0.000534894003067166 0.000533716985955834 0.000532324018422514 0.000530634017195553 0.000529840006493032 0.000528555014170706 0.000527273979969323 0.000525997020304203 0.000525019015185535 0.000524042989127338 0.000523106020409614 0.000522246002219617 0.000521294015925378 0.000520344998221844 0.000519399007316679 0.000518547021783888 0.000523190014064312 0.000517030013725162 0.000516456027980894 0.000515167019329965 0.000508124008774757 0.000501177972182631 0.000497971021104604 0.000497665023431182 0.000497733999509364 0.000497761007864028 0.000495444983243942 0.000494209991302341 0.000491056009195745
0.000570585019886494 0.000568003975786269 0.000565433991141617 0.00056287698680535 0.000561076973099262 0.000559529988095164 0.000557988998480141 0.000556452025193721 0.000555518025066704 0.000554397993255407 0.000552789017092437 0.00055064499611035 0.000548072974197567 0.000545972026884556 0.00054477498633787 0.000543606001883745 0.000540859997272491 0.000540564011316746 0.000540188979357481 0.000539119995664805 0.000538075983058661 0.000537034997250885 0.000535995990503579 0.000535610015504062 0.000534934981260449 0.000533883983734995 0.000532893987838179 0.000532076985109597 0.000531263009179384 0.000530450022779405 0.000529967015609145 0.000529812008608133 0.00052965700160712 0.000529502984136343 0.000529511016793549 0.000528101983945817 0.000527476018760353 0.000526588002685457 0.000525226001627743 0.00052152801072225 0.000517272972501814 0.000514444021973759 0.000511755002662539 0.000509953999426216
0.000578181003220379 0.000574641977436841 0.000572019023820758 0.000568859977647662 0.000567056995350868 0.000565614027436823 0.00056417501764372 0.000562741013709456 0.000561721972189844 0.000560601998586208 0.000559484004043043 0.000558533996809274 0.000558077008463442 0.000557621999178082 0.000557167979422957 0.000556765997316688 0.000555892998818308 0.000555004982743412 0.000554193975403905 0.000553454970940948 0.000553468009456992 0.000552688026800752 0.000551910023204982 0.000551728997379541 0.000551547971554101 0.000551368982996792 0.000551282020751387 0.000551523000467569 0.000551996985450387 0.000551851000636816 0.0005521519924514 0.000552978017367423 0.000553668010979891 0.000554358994122595 0.000554175989236683 0.000554608006495982 0.00055316201178357 0.000550928001757711 0.000551605015061796 0.000550426018889993 0.000547731993719935 0.000549648015294224 0.000549622986000031 0.000551330973394215
0.000574517005588859 0.000571536016650498 0.000568572024349123 0.000565771013498306 0.0005646439967677 0.000564208021387458 0.000563820998650044 0.000563435023650527 0.000564580026548356 0.000565728987567127 0.000566528004128486 0.000566917995456606 0.000567661016248167 0.000568406016100198 0.000569152995012701 0.000569847994484007 0.000570490024983883 0.000571132986806333 0.000570420001167804 0.000569903000723571 0.000571538985241205 0.000570269010495394 0.000569002004340291 0.000567291979677975 0.000566178990993649 0.000565848022233695 0.000566428992897272 0.000567138020414859 0.000567849026992917 0.000568561023101211 0.000569297990296036 0.000569398980587721 0.000569404975976795 0.000568417017348111 0.000569169991649687 0.000569920986890793 0.000569580006413162 0.000569045019801706 0.000569825991988182 0.000567781971767545 0.00056347600184381 0.000560038024559617 0.000560200016479939 0.000560344022233039
0.000572432996705174 0.000570508011151105 0.000568598974496126 0.00056673598010093 0.000566758972126991 0.00056750001385808 0.000568244024179876 0.000568468996789306 0.000569679017644376 0.000570892007090151 0.00057210901286453 0.000573461991734803 0.000575217010919005 0.000576978025492281 0.000578746024984866 0.000580458028707653 0.000579567975364625 0.000578871986363083 0.000580133986659348 0.000576137972529978 0.000574584002606571 0.000573340978007764 0.000574461999349296 0.000575712998397648 0.000576967024244368 0.000577479018829763 0.000579282990656793 0.000579954998102039 0.000578807026613504 0.000579447019845247 0.000580053019803017 0.000580622989218682 0.000581194006372243 0.000573783996514976 0.000580399006139487 0.000580536026973277 0.000576141988858581 0.000574257981497794 0.000571015989407897 0.00056770199444145 0.000565644993912429 0.0005661949981004 0.000565709022339433 0.000564716989174485
0.000571671989746392 0.00057092698989436 0.000570182979572564 0.0005694410065189 0.000570003991015255 0.000570631993468851 0.000571263022720814 0.000571897020563483 0.00057431502500549 0.000576745020225644 0.000579187006223947 0.000581891974434257 0.000584402005188167 0.000583169981837273 0.000585864996537566 0.000582977023441344 0.000579060986638069 0.000579071987885982 0.000580258027184755 0.000581644999329001 0.000580887019168586 0.000580005988012999 0.000579738989472389 0.000580004998482764 0.00058125500800088 0.000580195977818221 0.000580022984649986 0.000581422005780041 0.000577988976147026 0.000584286986850202 0.000579845975153148 0.000574406003579497 0.000573722005356103 0.00057373201707378 0.000573590979911387 0.000568575982470065 0.000566950999200344 0.000566665024962276 0.000562865985557437 0.000559763982892036 0.000555889972019941 0.000552017998415977 0.000548404990695417 0.000546471972484142
0.000571132986806333 0.000570397998671979 0.000569856027141213 0.000569126976188272 0.000569997995626181 0.000571407028473914 0.000572822988033295 0.000574244011659175 0.000578099978156388 0.00058075797278434 0.000581785978283733 0.000583291985094547 0.000584969006013125 0.000583269982598722 0.000578688981477171 0.000578143983148038 0.000577058002818376 0.000579276995267719 0.00058018701383844 0.000580560998059809 0.000578987994231284 0.000579582003410906 0.000578833976760507 0.000576604972593486 0.000576134014409035 0.000572837016079575 0.000570881995372474 0.000568757008295506 0.000566544011235237 0.000562787987291813 0.00055789400357753 0.000555609003640711 0.000550042022950947 0.000547741015907377 0.000543984002433717 0.000538174994289875 0.000535371014848351 0.000531686993781477 0.000526636024005711 0.000521988025866449 0.000518186017870903 0.000514546001795679 0.000509581004735082 0.000505584990605712
0.000576576974708587 0.0005755849997513 0.000573160010389984 0.000570744974538684 0.000570351025089622 0.000571374024730176 0.000571136013604701 0.000569938973058015 0.000569836003705859 0.000569841009564698 0.00057094101794064 0.000573605997487903 0.000573895988054574 0.000574266014155 0.000573227996937931 0.00057223899057135 0.000572355987969786 0.000576301012188196 0.000578670995309949 0.00057936500525102 0.00058349099708721 0.000577903003431857 0.000571767974179238 0.000565420021302998 0.000556663027964532 0.000552691984921694 0.000549211981706321 0.000544091977644712 0.000538680993486196 0.00053468398982659 0.000530780002009124 0.000527099997270852 0.000524206028785557 0.000519115012139082 0.000515306019224226 0.000510465994011611 0.000506189011503011 0.000503126997500658 0.000497594010084867 0.000492552004288882 0.000488982012029737 0.000483726995298639 0.000478686008136719 0.000474085012683645
0.00057380401995033 0.000574568985030055 0.00057487899903208 0.000575194018892944 0.000574983016122133 0.000574918987695128 0.000571995973587036 0.000569836993236095 0.000567894021514803 0.000570207019336522 0.000568922027014196 0.000567490991670638 0.000571888987906277 0.000573166005779058 0.000572709017433226 0.00057182100135833 0.000575172016397119 0.000580851978156716 0.000584554974921048 0.000580468971747905 0.000582027016207576 0.000577235012315214 0.00056840997422114 0.000560885993763804 0.000557721010409296 0.000552911020349711 0.000547054980415851 0.000539351021870971 0.000533689977601171 0.000528041971847415 0.000525116978678852 0.000521913985721767 0.000517947017215192 0.000513673992827535 0.000510126003064215 0.000506293028593063 0.000501894974149764 0.000497306988108903 0.000495213025715202 0.000488843012135476 0.000484023010358214 0.000477016001241282 0.000472149986308068 0.000466486992081627
0.000575045996811241 0.000575090991333127 0.000573783996514976 0.00057298201136291 0.000573345983866602 0.00057361600920558 0.000572858029045165 0.000569597003050148 0.000568845018278807 0.00056934601161629 0.00056985201081261 0.000570386007893831 0.000570991018321365 0.0005715960287489 0.000573009019717574 0.000572940974961966 0.000573692028410733 0.00057663198094815 0.000580377003643662 0.000581022992264479 0.000582656008191407 0.000578580016735941 0.000567750015761703 0.000558637024369091 0.000554497994016856 0.000550377008039504 0.000545031973160803 0.000540348002687097 0.000533960992470384 0.000525261973962188 0.000521273992490023 0.000516787986271083 0.000513260019943118 0.00051020598039031 0.000505621021147817 0.000500936002936214 0.000496445980388671 0.000491295999381691 0.000487921992316842 0.000481580005725846 0.000477421010145918 0.000472629995783791 0.000469088001409546 0.000464565004222095
0.000580738997087 0.000580911000724882 0.000581055996008217 0.000578530016355217 0.000577297003474087 0.000577037979383022 0.000575869984459132 0.000576267018914223 0.000576619000639766 0.000576673017349094 0.000576185004319996 0.000576098973397166 0.000576839025598019 0.000575705023948103 0.000578055973164737 0.000577086000703275 0.000578769017010927 0.000580197025556117 0.000581750005949289 0.000590249022934586 0.000587611983064562 0.000582354026846588 0.000571541022509336 0.000565081019885838 0.000558895000722259 0.000552586978301406 0.000548218027688563 0.000539497996214777 0.000534581020474434 0.000528057978954166 0.000520552974194288 0.00051707198144868 0.000511130027007312 0.000505621021147817 0.000501803995575756 0.000497700995765626 0.000493524014018476 0.000489467987790704 0.000484274991322309 0.000479242997244 0.000475534005090594 0.000471228995593265 0.000468417012598366 0.000465938996057957
0.000591018993873149 0.000591019983403385 0.000591024989262223 0.000590250012464821 0.000589109025895596 0.000587149988859892 0.000585308007430285 0.000584718014579266 0.000584886991418898 0.000584829016588628 0.00058477302081883 0.000585577974561602 0.000587339978665113 0.000586276000831276 0.00058584101498127 0.00058598502073437 0.00058786099543795 0.000588955997955054 0.000583228014875203 0.000583391985855997 0.000583246001042426 0.000583646993618459 0.000581174972467124 0.000572183984331787 0.0005730030243285 0.000555308011826128 0.000547352014109492 0.000542209018021822 0.000539586006198078 0.000533387006726116 0.000528395001310855 0.000518263026606292 0.000513133010827005 0.000507607997860759 0.000502522976603359 0.000498762005008757 0.000494215986691415 0.00048817798960954 0.000483582989545539 0.000480624003103003 0.000479006004752591 0.000476001005154103 0.000472309009637684 0.00046874801046215
0.000601482985075563 0.000601309002377093 0.000601137988269329 0.000599413004238158 0.000600091007072479 0.000599882972892374 0.000597822014242411 0.000595154997427016 0.000593305972870439 0.000592791009694338 0.000592314987443388 0.000592019001487643 0.000592064985539764 0.000593114004004747 0.000591729010920972 0.000592002004850656 0.000593007018323988 0.000593037984799594 0.000594311975874007 0.000594547018408775 0.00059326202608645 0.00058829301269725 0.000584753986913711 0.000577029015403241 0.000570493983104825 0.000569135008845478 0.000563688983675092 0.000554795027710497 0.00055689102737233 0.000543288013432175 0.000534282997250557 0.000531200028490275 0.000525158015079796 0.000519008026458323 0.000512250000610948 0.000507726974319667 0.000501964008435607 0.000498213979881257 0.000494033971335739 0.000489571015350521 0.000485149008454755 0.000480793009046465 0.000477585999760777 0.000476688001072034
0.000620455015450716 0.000619667989667505 0.000617882993537933 0.000617516983766109 0.000618233985733241 0.000618668971583247 0.000618922000285238 0.000616715988144279 0.000615698983892798 0.000616268021985888 0.000616029021330178 0.000614754972048104 0.000612469972111285 0.000612705014646053 0.000612941978033632 0.000612456991802901 0.000611832016147673 0.000612006988376379 0.000611062976531684 0.000609977985732257 0.000608146016020328 0.000605088018346578 0.000602047017309815 0.00059839099412784 0.000594627985265106 0.000591151998378336 0.000587109010666609 0.000582572014536709 0.000577887985855341 0.000573142024222761 0.000567111012060195 0.000564888992812485 0.000560262997169048 0.000551322009414434 0.000539964996278286 0.000532872974872589 0.000529979006387293 0.00052606500685215 0.000518876011483371 0.000512684986460954 0.000508580997120589 0.000502715003676713 0.000499983027111739 0.00049521098844707
0.000634950003586709 0.000634901982266456 0.000634855008684099 0.000635017000604421 0.000634678988717496 0.000634518975857645 0.000634361989796162 0.000634206982795149 0.000635111995507032 0.000633100979030132 0.000633573974482715 0.000632265990134329 0.000631375005468726 0.000629879010375589 0.000628941983450204 0.000628139998298138 0.000627411005552858 0.00062668597092852 0.000625793996732682 0.000624455977231264 0.000623108993750066 0.000621561019215733 0.000618532008957118 0.000614741002209485 0.000611246970947832 0.00060777401085943 0.000604357977863401 0.000601068022660911 0.00059779902221635 0.000594548997469246 0.000590768991969526 0.00058765901485458 0.000584564986638725 0.000581487023737282 0.000577954982873052 0.000574355013668537 0.000571339973248541 0.000561943976208568 0.000556952029000968 0.000543320027645677 0.000535533996298909 0.000532157020643353 0.000528857985045761 0.000523042981512845
0.000662780017592013 0.000660434016026556 0.00065809499938041 0.000654342991765589 0.000653995026368648 0.000654003990348428 0.000651666021440178 0.000647905981168151 0.000647839973680675 0.000651869981084019 0.000652863003779203 0.000651089998427778 0.000650143017992377 0.000650750997010618 0.000651732028927654 0.000647796026896685 0.000642785977106541 0.000641237013041973 0.000640802027191967 0.000639799982309341 0.000638608995359391 0.000637420977000147 0.000637584016658366 0.000633806979749352 0.000631388975307345 0.000628979993052781 0.000626712979283184 0.000624766980763525 0.000622769992332906 0.000619036029092968 0.000616359990090132 0.000611622002907097 0.000606774003244936 0.000601966981776059 0.000597107980865985 0.00059282302390784 0.00058913801331073 0.000585477973800153 0.000582224980462343 0.000580696971155703 0.000572199001908302 0.00056189700262621 0.000557901978027076 0.000543947971891612
0.000662047998048365 0.00066271802643314 0.000662469014059752 0.000665181025397032 0.000666595995426178 0.000671375019010156 0.00067446002503857 0.000673805014230311 0.000670566980261356 0.000672071997541934 0.000670550973154604 0.000672733993269503 0.000675451999995857 0.000676563999149948 0.000675752991810441 0.00067349401069805 0.000671233981847763 0.000668981985654682 0.00066673697438091 0.000664287013933063 0.00066498399246484 0.000668609980493784 0.000667268992401659 0.000664829974994063 0.000661330996081233 0.000659086974337697 0.000654809991829097 0.000650331028737128 0.000646117026917636 0.000641473976429552 0.000636845012195408 0.000634650990832597 0.000632893992587924 0.000631141010671854 0.000628651003353298 0.000625923974439502 0.000622563995420933 0.000618625024799258 0.000613310025073588 0.00060633901739493 0.000600145023781806 0.000597218982875347 0.00058561802143231 0.000578075996600091
0.00063478498486802 0.000636358978226781 0.000637240998912603 0.000642311992123723 0.000652157992590219 0.000657809025142342 0.000657755008433014 0.000660595018416643 0.0006636559846811 0.000666539999656379 0.000669821980409324 0.000672817986924201 0.000675503979437053 0.000678199983667582 0.000680894998367876 0.000682835001498461 0.000682662997860461 0.000683494028635323 0.000684855971485376 0.000688065018039197 0.000688370026182383 0.00068850297247991 0.00068957800976932 0.00068809901131317 0.000685960985720158 0.000685043982230127 0.000683951016981155 0.000681906007230282 0.000679867982398719 0.00067783601116389 0.000678811979014426 0.000680265016853809 0.000675756018608809 0.000670402019750327 0.000664266990497708 0.000657917989883572 0.00065190700115636 0.000646427972242236 0.000639407022390515 0.000632459006737918 0.000625608023256063 0.000625644985120744 0.000616134027950466 0.000609275011811405
0.000619434984400868 0.000623703002929688 0.000628000998403877 0.000632329029031098 0.000637464981991798 0.000638380995951593 0.000639670994132757 0.000640304991975427 0.000643062987364829 0.000648643996100873 0.000652329996228218 0.000655182986520231 0.00065843400079757 0.00066170102218166 0.000668915978167206 0.000675769988447428 0.000676006020512432 0.00067624100483954 0.000676463008858263 0.000687654013745487 0.000692875008098781 0.000692101020831615 0.000690663990098983 0.000695210008416325 0.000691552006173879 0.000688930973410606 0.000690579006914049 0.000691682973410934 0.000694053014740348 0.000698412011843175 0.000701299984939396 0.000697136973030865 0.000692380010150373 0.000689178006723523 0.000684736995026469 0.000681504025124013 0.000679144985042512 0.000676796014886349 0.000662253994960338 0.000655032985378057 0.000647887995000929 0.000644937972538173 0.000634585972875357 0.000629291986115277
0.000604456989094615 0.000608586007729173 0.00061274302424863 0.000616929028183222 0.000622411025688052 0.000625511980615556 0.000626337016001344 0.000628779001999646 0.000631353002972901 0.000633938994724303 0.000640899001155049 0.00064656202448532 0.000646119005978107 0.000645675987470895 0.000649394001811743 0.000652968999929726 0.000656282005365938 0.000659612007439137 0.000670636014547199 0.000671095971483737 0.000679929973557591 0.000682923011481762 0.000688645988702774 0.000695205992087722 0.000699747004546225 0.000697934010531753 0.0006980299949646 0.000702605000697076 0.000705807004123926 0.000703684985637665 0.000701254000887275 0.000698517018463463 0.000695794995408505 0.000694705988280475 0.000695166003424674 0.00069503701524809 0.000694421993102878 0.000693767971824855 0.000687933992594481 0.000681822013575584 0.000675765972118825 0.000668753986246884 0.000658824981655926 0.00064862600993365
