results/Predictions/Median/Santonian.asc
NCOLS 360 
NROWS 180 
XLLCORNER -180 
YLLCORNER -90 
CELLSIZE 1 
NODATA_value -3.4e+38 
[rows 80 to 99 of 180, columns 264 to 307 of 360]
0.000505166011862457 0.000512250990141183 0.000517403008416295 0.000520517991390079 0.000525550974998623 0.000531315978150815 0.000536326027940959 0.000540037988685071 0.000543787027709186 0.000547805975656956 0.00054012902546674 0.000530526973307133 0.000531931989826262 0.000532420002855361 0.000533174024894834 0.119255997240543 0.555552005767822 -3.4e+38 -3.4e+38 -3.4e+38 -3.4e+38 -3.4e+38 -3.4e+38 -3.4e+38 -3.4e+38 -3.4e+38 -3.4e+38 -3.4e+38 -3.4e+38 -3.4e+38 -3.4e+38 -3.4e+38 -3.4e+38 -3.4e+38 -3.4e+38 -3.4e+38 0.570738017559052 -3.4e+38 -3.4e+38 -3.4e+38 0.54313999414444 0.545912027359009 -3.4e+38 -3.4e+38
0.000518059998285025 0.000519340974278748 0.000520363973919302 0.000524436007253826 0.000528440985362977 0.000534851977135986 0.000540817971341312 0.000542910012882203 0.000545992981642485 0.000546951021533459 0.000542733992915601 0.000536538020242006 0.00053208798635751 0.000534281018190086 0.000530563003849238 0.000531042984221131 0.135346993803978 0.561819016933441 -3.4e+38 -3.4e+38 -3.4e+38 -3.4e+38 -3.4e+38 -3.4e+38 -3.4e+38 -3.4e+38 -3.4e+38 -3.4e+38 -3.4e+38 -3.4e+38 -3.4e+38 -3.4e+38 -3.4e+38 -3.4e+38 -3.4e+38 -3.4e+38 -3.4e+38 -3.4e+38 -3.4e+38 0.560944974422455 0.551263988018036 0.504518985748291 0.572951972484589 -3.4e+38
0.000526039977557957 0.000524516974110156 0.000525254989042878 0.000527704018168151 0.000531563011463732 0.000537074985913932 0.00054168002679944 0.000543294008821249 0.000544923997949809 0.000544195994734764 0.000541556975804269 0.000542842026334256 0.000539119995664805 0.000532482983544469 0.000532362028025091 0.000531819998286664 0.000528490985743701 0.00100610998924822 0.562828004360199 -3.4e+38 -3.4e+38 -3.4e+38 -3.4e+38 -3.4e+38 -3.4e+38 -3.4e+38 -3.4e+38 -3.4e+38 -3.4e+38 -3.4e+38 -3.4e+38 -3.4e+38 -3.4e+38 -3.4e+38 -3.4e+38 -3.4e+38 -3.4e+38 -3.4e+38 -3.4e+38 0.576740026473999 0.479508012533188 0.361034989356995 0.554464995861053 0.555487990379333
0.000511954014655203 0.000511122983880341 0.000512251979671419 0.000514531973749399 0.000516825006343424 0.000519132008776069 0.000521589012350887 0.000526378978975117 0.000527632015291601 0.000528893026057631 0.000529158976860344 0.000526982999872416 0.000523626978974789 0.000527732016053051 0.000528248026967049 0.000528763979673386 0.000527713971678168 0.000527292024344206 0.000527895987033844 0.538524985313416 -3.4e+38 -3.4e+38 -3.4e+38 -3.4e+38 -3.4e+38 -3.4e+38 -3.4e+38 -3.4e+38 -3.4e+38 -3.4e+38 -3.4e+38 -3.4e+38 -3.4e+38 -3.4e+38 -3.4e+38 -3.4e+38 -3.4e+38 -3.4e+38 -3.4e+38 0.571196019649506 0.454317986965179 0.348695009946823 0.409866005182266 0.302347987890244
0.00051034998614341 0.000508447992615402 0.000506501994095743 0.00050790497334674 0.000512229977175593 0.000515396997798234 0.000517996028065681 0.000519331020768732 0.000520672008860856 0.000522020971402526 0.000522846006788313 0.000518289976753294 0.000519760011229664 0.00052306498400867 0.000524164992384613 0.000525268027558923 0.000526372983586043 0.000525229028426111 0.000525637995451689 0.000525865005329251 0.00618800986558199 0.553497016429901 -3.4e+38 -3.4e+38 -3.4e+38 -3.4e+38 -3.4e+38 -3.4e+38 -3.4e+38 -3.4e+38 -3.4e+38 -3.4e+38 -3.4e+38 -3.4e+38 -3.4e+38 -3.4e+38 -3.4e+38 -3.4e+38 0.571673989295959 0.570178985595703 0.559893012046814 0.546805024147034 0.549944996833801 0.555060029029846
0.000507646996993572 0.000509385019540787 0.000513728999067098 0.000518436019774526 0.000522413989529014 0.000523125985637307 0.000522636983077973 0.000523097987752408 0.000523560971487314 0.000522433023434132 0.000516725005581975 0.000515692983753979 0.000516992004122585 0.0005194729892537 0.000520815025083721 0.000522158981766552 0.000523508002515882 0.000524403993040323 0.000523741007782519 0.000524130009580404 0.00052406097529456 0.000523869995959103 0.0156102003529668 -3.4e+38 -3.4e+38 -3.4e+38 -3.4e+38 -3.4e+38 -3.4e+38 -3.4e+38 -3.4e+38 -3.4e+38 -3.4e+38 -3.4e+38 -3.4e+38 -3.4e+38 -3.4e+38 -3.4e+38 0.555743992328644 0.561040997505188 0.566182017326355 0.565226018428802 -3.4e+38 -3.4e+38
0.000522519985679537 0.000524892006069422 0.00052733498159796 0.000528361008036882 0.000529358978383243 0.000528632022906095 0.000527993019204587 0.000527587020769715 0.000524581002537161 0.000518293003551662 0.000514568004291505 0.000515307008754462 0.000516048981808126 0.000516936008352786 0.0005181820015423 0.000519431021530181 0.000520683010108769 0.00052165100350976 0.000521757989190519 0.000521864974871278 0.000522583024576306 0.000522611022461206 0.000520562985911965 0.000528028002008796 0.551452994346619 -3.4e+38 -3.4e+38 -3.4e+38 -3.4e+38 -3.4e+38 -3.4e+38 -3.4e+38 -3.4e+38 -3.4e+38 -3.4e+38 -3.4e+38 -3.4e+38 -3.4e+38 -3.4e+38 -3.4e+38 -3.4e+38 -3.4e+38 -3.4e+38 -3.4e+38
0.00052794098155573 0.000527487020008266 0.000528304022736847 0.000529112992808223 0.000529924989677966 0.000529823009856045 0.000527149997651577 0.000524229020811617 0.00051994901150465 0.00051420001545921 0.000514563987962902 0.000514923012815416 0.000515281979460269 0.000515654974151403 0.000516276981215924 0.000517493986990303 0.000518715009093285 0.00051982601871714 0.000520005007274449 0.000521360023412853 0.000522118003573269 0.000521346984896809 0.000519050983712077 0.00051675399299711 0.000516814994625747 0.00204793992452323 0.560553014278412 -3.4e+38 -3.4e+38 -3.4e+38 -3.4e+38 -3.4e+38 -3.4e+38 -3.4e+38 -3.4e+38 0.561257004737854 -3.4e+38 -3.4e+38 -3.4e+38 -3.4e+38 -3.4e+38 -3.4e+38 0.559228003025055 0.552277028560638
0.000526269024703652 0.000526947027537972 0.000527622003573924 0.000527801981661469 0.000526580028235912 0.000524207018315792 0.000521421025041491 0.000518292014021426 0.00051388400606811 0.00051321997307241 0.000513585982844234 0.000513906008563936 0.000514225976075977 0.000514546991325915 0.000515150022692978 0.000515774008817971 0.000516796018928289 0.000518910004757345 0.000518573971930891 0.000519483000971377 0.000520387024153024 0.000520010013133287 0.000518356973771006 0.000516703992616385 0.000516432977747172 0.000523892987985164 0.000532291014678776 0.00171618000604212 0.558821976184845 -3.4e+38 -3.4e+38 -3.4e+38 -3.4e+38 -3.4e+38 -3.4e+38 -3.4e+38 -3.4e+38 -3.4e+38 -3.4e+38 0.547098994255066 0.539039015769958 0.399953007698059 0.00113176996819675 0.000527050986420363
0.000525124021805823 0.000523747992701828 0.0005223149782978 0.000520701985806227 0.000519094988703728 0.000517492997460067 0.000515690015163273 0.000512900005560368 0.000512149999849498 0.000512300000991672 0.000512611994054168 0.000512894010171294 0.000513441977091134 0.000514255021698773 0.000516004976816475 0.000517761975061148 0.000518132990691811 0.000517376000061631 0.00051695597358048 0.000517596025019884 0.000518647022545338 0.000518666987773031 0.000517659995239228 0.000517881009727716 0.000518976012244821 0.000518085027579218 0.000519261986482888 0.00052103097550571 0.000522807007655501 0.000892120995558798 0.533520996570587 0.546109974384308 0.544843971729279 0.560622990131378 -3.4e+38 0.554803013801575 0.538429975509644 0.0826686024665833 0.000716870999895036 0.000510157027747482 0.000509920995682478 0.000513383012730628 0.000516966974828392 0.000520578003488481
0.000522590999025851 0.000521494017448276 0.000520404020790011 0.000517770007718354 0.000515320978593081 0.000515180989168584 0.00051472702762112 0.000513958977535367 0.00051319197518751 0.000512427010107785 0.000512388010974973 0.000512590981088579 0.000512794009409845 0.00051299697952345 0.000514533021487296 0.000516073021572083 0.000517618027515709 0.000517079024575651 0.000516139029059559 0.000515587977133691 0.000516173022333533 0.000516427971888334 0.00051635701674968 0.000516680011060089 0.000517693988513201 0.000515953986905515 0.000515630003064871 0.000515439023729414 0.000515680003445596 0.000514562008902431 0.000513477018103004 0.000514219980686903 0.000515675987116992 0.000513151986524463 0.000513899023644626 0.000514959974680096 0.000514969986397773 0.000514158979058266 0.000514941988512874 0.000513045990373939 0.000511771999299526 0.000514062994625419 0.000514978019054979 0.000517372973263264
0.00051138800336048 0.000510819023475051 0.000510417972691357 0.000510296027641743 0.000510172976646572 0.000510050973389298 0.000509727979078889 0.000509205972775817 0.000509077974129468 0.0005093680229038 0.000509651028551161 0.000510042998939753 0.000510793004650623 0.000511544989421964 0.000512055994477123 0.000512567989062518 0.000513080973178148 0.000513393024448305 0.00051546300528571 0.00051636400166899 0.000515557010658085 0.000515211024321616 0.000515320978593081 0.000515430991072208 0.000515378022100776 0.000515565974637866 0.000515857012942433 0.000516152009367943 0.000516303989570588 0.000515480991452932 0.000514658982865512 0.000513839011546224 0.000513374980073422 0.000513921026140451 0.000514468003530055 0.000515017018187791 0.000514862011186779 0.000515518011525273 0.000516627973411232 0.000517697015311569 0.000517155975103378 0.000516008993145078 0.000514867017045617 0.000514135987032205
0.000512846978381276 0.000512533995788544 0.000512209022417665 0.00051184999756515 0.000511492020450532 0.000511133985128254 0.000510700978338718 0.000510193989612162 0.000509687990415841 0.000509181991219521 0.000508530007209629 0.000508575001731515 0.000509442994371057 0.00051031302427873 0.000511015998199582 0.00051172001985833 0.00051242602057755 0.000513015023898333 0.000513250997755677 0.000513488019350916 0.00051372597226873 0.000513624981977046 0.000513137027155608 0.00051286700181663 0.000513055012561381 0.000513274979311973 0.000513506005518138 0.000513784994836897 0.000514407991431653 0.000514046987518668 0.000514123996254057 0.000514201994519681 0.000514346989803016 0.000514692976139486 0.000515039020683616 0.000515385996550322 0.000515973020810634 0.000516884028911591 0.000517796026542783 0.000518710003234446 0.000518521992489696 0.000517971988301724 0.000517426989972591 0.000516886997502297
0.000513467995915562 0.000513290986418724 0.000513118982780725 0.000512963975779712 0.000512810016516596 0.000512655009515584 0.000512511993292719 0.000512381026055664 0.000512250000610948 0.000512117985635996 0.000511917984113097 0.000511694990564138 0.000511471997015178 0.000511249003466219 0.000510699988808483 0.000510150974150747 0.000510743993800133 0.000511383987031877 0.000511775026097894 0.000512166006956249 0.000512559025082737 0.000512706988956779 0.000512611004523933 0.000512515020091087 0.000512418977450579 0.000512770027853549 0.000513271021191031 0.000513772014528513 0.000514273007865995 0.000514234998263419 0.000514196988660842 0.00051415798952803 0.000514250015839934 0.00051473401254043 0.000515218998771161 0.000515703985001892 0.000516128027811646 0.000516491010785103 0.000516853993758559 0.000517216976732016 0.000517454987857491 0.000517653010319918 0.000517852022312582 0.000518053013365716
0.000517748005222529 0.00051766901742667 0.000517577980645001 0.000517452019266784 0.000517325999680907 0.000517199980095029 0.000517064006999135 0.000516918022185564 0.000516771979164332 0.000516625994350761 0.000516438973136246 0.000516238971613348 0.00051603902829811 0.000515840016305447 0.000515385007020086 0.000514931976795197 0.000514478015247732 0.000513936975039542 0.000513133010827005 0.000512331025674939 0.000511529971845448 0.00051182002061978 0.000512098020408303 0.000512377009727061 0.000512655009515584 0.000513010018039495 0.000513389997649938 0.000513769977260381 0.000514151004608721 0.000514468993060291 0.000514785991981626 0.000515105028171092 0.000515413004904985 0.000515691994223744 0.000515969994012266 0.00051624997286126 0.000516296015121043 0.000516108993906528 0.000515923020429909 0.000515735999215394 0.000516395026352257 0.000517336011398584 0.000518278975505382 0.000519223976880312
0.000515224004629999 0.000515235005877912 0.000515268999151886 0.00051536998944357 0.000515470979735255 0.000515572028234601 0.000515747000463307 0.000515995023306459 0.000516243977472186 0.000516492000315338 0.000516818021424115 0.000517169013619423 0.000517520995344967 0.000517871987540275 0.000518477987498045 0.00051908299792558 0.000519689987413585 0.000520039990078658 0.000519450986757874 0.000518861983437091 0.000518274027854204 0.000517687993124127 0.000517102016601712 0.000516518019139767 0.000515934021677822 0.000515483028721064 0.000515078019816428 0.000514672021381557 0.000514268002007157 0.000513993029017001 0.000514557992573828 0.00051512400386855 0.000515589024871588 0.000515748979523778 0.000515909981913865 0.000516070984303951 0.000515913008712232 0.000515436986461282 0.000514961022417992 0.000514485989697278 0.000515341002028435 0.000516642990987748 0.000517948996275663 0.00051925698062405
0.000508124008774757 0.000508114986587316 0.000508130993694067 0.000508224009536207 0.000508317025378346 0.000508409983012825 0.000508579018060118 0.000508823024574667 0.000509068020619452 0.000509313016664237 0.00050961400847882 0.000509935023728758 0.000510254991240799 0.000510576006490737 0.000511193997226655 0.000511812977492809 0.000512432015966624 0.000513049017172307 0.000513657985720783 0.000514268002007157 0.00051487801829353 0.000515525985974818 0.000516209984198213 0.000516896019689739 0.000517581996973604 0.000518259010277689 0.00051893200725317 0.000519606983289123 0.000520283007062972 0.000520463974680752 0.00051983300363645 0.000519203022122383 0.000518439977895468 0.00051728100515902 0.000516124011483043 0.000515163003001362 0.000514974002726376 0.000514468003530055 0.00051396299386397 0.00051345897372812 0.000514292973093688 0.000515575986355543 0.000516864005476236 0.000518154993187636
0.000511519028805196 0.000510736019350588 0.000507785996887833 0.000507702003233135 0.000507618999108672 0.000507535005453974 0.000510096026118845 0.000510689977090806 0.000511284975800663 0.000511879974510521 0.000512655009515584 0.000513289007358253 0.000513423990923911 0.00051355897448957 0.000513121020048857 0.000508980010636151 0.000505283009260893 0.000505879987031221 0.000506373995449394 0.000506868003867567 0.000507363001815975 0.000507939024828374 0.000508597993757576 0.000509257020894438 0.000509916979353875 0.000510720012243837 0.000511572987306863 0.000512427010107785 0.000513282022438943 0.000514412007760257 0.000515545019879937 0.000516680011060089 0.000517946027684957 0.000519601977430284 0.000520626024808735 0.000518959015607834 0.000517038977704942 0.000514868996106088 0.000512968981638551 0.000512434984557331 0.000513246981427073 0.000514512008521706 0.00051578099373728 0.000517053995281458
0.000491713988594711 0.000489824975375086 0.00048828701255843 0.000487785000586882 0.000487501994939521 0.000487373006762937 0.000487256998894736 0.000488710997160524 0.00049016997218132 0.00049163302173838 0.000493957020808011 0.000499307992868125 0.000503671995829791 0.000504576019011438 0.000505555013660342 0.000505196978338063 0.00050735502736643 0.000505828007590026 0.000501858012285084 0.000506519980262965 0.000506866024807096 0.000511795980855823 0.000512268976308405 0.000512726022861898 0.000513184990268201 0.000512432015966624 0.000509754987433553 0.00051016197539866 0.000510570011101663 0.000511260004714131 0.000511950987856835 0.000512644008267671 0.000513200007844716 0.000513367005623877 0.000515200023073703 0.000517038977704942 0.000519011984579265 0.000520482019055635 0.00051822402747348 0.000515974999871105 0.000514222017955035 0.000513907987624407 0.000514955027028918 0.000516004976816475
0.000485594006022438 0.000485349009977654 0.000485163007397205 0.000485152995679528 0.000485141994431615 0.000485132011817768 0.000485160009702668 0.000485225988086313 0.000485291995573789 0.000485358003061265 0.000485531985759735 0.000485741009470075 0.000485950993606821 0.000486159988213331 0.000487150013213977 0.000489039986860007 0.000489270023535937 0.000489518977701664 0.000492511026095599 0.000492731982376426 0.000491458980832249 0.000493685016408563 0.00050147098954767 0.000508193974383175 0.000508814002387226 0.000508893979713321 0.000505828007590026 0.000510126992594451 0.000511508027557284 0.000512327998876572 0.000513150996994227 0.000511981023009866 0.000512439000885934 0.000512620026711375 0.00051280198385939 0.000512984988745302 0.000513312988914549 0.000515500025358051 0.000517692998982966 0.000519894005265087 0.000519429973792285 0.000517519016284496 0.000515615975018591 0.000514964980538934
