results/Predictions/Median/Santonian.asc
NCOLS 360 
NROWS 180 
XLLCORNER -180 
YLLCORNER -90 
CELLSIZE 1 
NODATA_value -3.4e+38 
[rows 120 to 139 of 180, columns 264 to 307 of 360]
0.000426984013756737 0.000426457001594827 0.000423676014179364 0.000421583012212068 0.000418620998971164 0.000415707007050514 0.000412880006479099 0.000410687003750354 0.000408652005717158 0.000404958002036437 0.000401033990783617 0.000396993011236191 0.000392512010876089 0.000388788990676403 0.000385563005693257 0.000381824997020885 0.000378675991669297 0.000373787013813853 0.000368893990525976 0.000359005003701895 0.000349710986483842 0.000342590996297076 0.000334826996549964 0.000323148007737473 0.00031286000739783 0.000306228990666568 0.000297493010293692 0.000290808995487168 0.000284970010397956 0.000275427999440581 0.000266207993263379 0.000257773994235322 0.000253806996624917 0.000259877997450531 0.000263853988144547 0.000267542985966429 0.000279144005617127 0.000300137005979195 0.000325986999087036 0.000401491997763515 0.300819993019104 0.308708995580673 0.317463010549545 0.334885001182556
0.000417609990108758 0.000415935995988548 0.000411448010709137 0.000412193010561168 0.000408641004469246 0.000403946003643796 0.000399195996578783 0.000392799993278459 0.000391478009987622 0.000387612992199138 0.000386405008612201 0.00038310801028274 0.000380634010070935 0.000376896001398563 0.000372848007827997 0.00036726301186718 0.000363803992513567 0.000358221994247288 0.000349259003996849 0.000340522994520143 0.0003322460106574 0.00032170899794437 0.000311651994707063 0.000302081985864788 0.000293540011625737 0.000286914000753313 0.000279289990430698 0.000272442994173616 0.000264923000941053 0.000255010992987081 0.000247249990934506 0.000239104992942885 0.000233489001402631 0.000236327992752194 0.000239803994190879 0.000241143003222533 0.000248149008257315 0.000257586012594402 0.000274057994829491 0.000432363012805581 0.272987991571426 0.290089011192322 0.298516005277634 0.318222999572754
0.000405377009883523 0.00040104499203153 0.000401149998651817 0.000398169999243692 0.000399846001528203 0.000396315008401871 0.00039118601125665 0.000386135012377053 0.000381149002350867 0.000378205993911251 0.000376295996829867 0.00037383398739621 0.000369730987586081 0.000366046995623037 0.000361798010999337 0.000354735006112605 0.000347544002579525 0.000340417987899855 0.000331310991896316 0.000320855993777514 0.000312604010105133 0.000302330998238176 0.00029425899265334 0.000283088011201471 0.000275475002126768 0.000268831994617358 0.000262534013018012 0.000253834994509816 0.000247129006311297 0.000236870997468941 0.000227115000598133 0.00021761299285572 0.000210451005841605 0.000209840000024997 0.000210001002415083 0.000211339996894822 0.000217491004150361 0.000223419992835261 0.000231490994337946 0.0190229993313551 0.237100005149841 0.266505002975464 0.282492011785507 0.305519014596939
0.00039355899207294 0.000391995999962091 0.000385986000765115 0.000383265985874459 0.000381560006644577 0.000379867997253314 0.000373633985873312 0.000369129003956914 0.000366290012607351 0.00036089398781769 0.000353751005604863 0.000347539986250922 0.000340077007422224 0.000332383991917595 0.000327937013935298 0.000318876001983881 0.000313293014187366 0.000307951995637268 0.000296042009722441 0.000284231995465234 0.000279075989965349 0.000271880999207497 0.000262510991888121 0.000252724013989791 0.000241903006099164 0.000235180996241979 0.000228963996050879 0.00022242299746722 0.000215976993786171 0.000204466996365227 0.000193404004676268 0.000182068994035944 0.000174636006704532 0.000176628993358463 0.00018065600306727 0.000181872994289733 0.000189298007171601 0.000196481007151306 0.000204754993319511 0.307671010494232 0.230436995625496 0.24736000597477 0.266074985265732 0.29560598731041
0.000376570009393618 0.000370824011042714 0.000368484004866332 0.00036482501309365 0.000362836988642812 0.000357882992830127 0.000353446986991912 0.000349501991877332 0.00033932100632228 0.000330261013004929 0.000320972001645714 0.000313677999656647 0.000305549998302013 0.000300221989164129 0.000294082012260333 0.000288067996734753 0.000282176013570279 0.000275764992693439 0.000268138013780117 0.000260269996942952 0.00025156800984405 0.000242159992922097 0.000232324993703514 0.000220906993490644 0.000211623002542183 0.000203788004000671 0.000197931993170641 0.000190949998795986 0.000184920005267486 0.000173856999026611 0.000163293996592984 0.000153222994413227 0.000147950995597057 0.000149935003719293 0.000153230997966602 0.000156859998241998 0.000163096992764622 0.000172820000443608 0.000219656998524442 0.166446000337601 0.214964002370834 0.238416999578476 0.236533001065254 0.29899999499321
0.000364431994967163 0.000361985992640257 0.00035505898995325 0.000346548011293635 0.000337397010298446 0.000330240989569575 0.000321133004035801 0.00031275101355277 0.000304891989799216 0.000297922000754625 0.000289852992864326 0.000282352004433051 0.000275761005468667 0.00026813498698175 0.000262913992628455 0.000255691003985703 0.000248666998231784 0.000241265006479807 0.000231508995057084 0.000225409996346571 0.000217791995964944 0.000208090001251549 0.000198702997295186 0.000187204001122154 0.000176405999809504 0.000170373998116702 0.000167656995472498 0.000161891002790071 0.000154155000927858 0.000144901001476683 0.000136453003506176 0.000129234002088197 0.000127159000840038 0.000130685002659447 0.000134779998916201 0.000139262003358454 0.000146175996633247 0.00017673900583759 0.187136992812157 0.190281003713608 0.202902004122734 0.267803996801376 0.275417000055313 0.275348991155624
0.0003524330095388 0.000341314007528126 0.000328983995132148 0.000314920005621389 0.000305505003780127 0.000298364990158007 0.000289394985884428 0.000279638014035299 0.000271820987109095 0.000262771995039657 0.000253668986260891 0.000244658993324265 0.000236092004342936 0.000229836005019024 0.000222923001274467 0.000218522996874526 0.000210818005143665 0.00020069899619557 0.000193555999430828 0.00018647599790711 0.000179822003701702 0.000171720996149816 0.000161969001055695 0.000153864006279036 0.000148364997585304 0.000143775003380142 0.000136349000968039 0.000130278000142425 0.000125449005281553 0.000120420001621824 0.000115098002424929 0.000107908999780193 0.000103844002296682 0.000112483001430519 0.000119992000691127 0.000130351007101126 0.00247246003709733 0.237765997648239 0.241196006536484 0.246310994029045 0.25934100151062 0.255652993917465 0.245434999465942 0.233510002493858
0.000310266012093052 0.000300654006423429 0.000293302000500262 0.000282605004031211 0.000270924007054418 0.000261106004472822 0.000252414989518002 0.000245272996835411 0.000236551000853069 0.000229416997171938 0.000221062000491656 0.000213029998121783 0.00020495499484241 0.000195532993529923 0.000187455996638164 0.000181714000063948 0.000173876993358135 0.000166155004990287 0.000158936003572308 0.00015308300498873 0.000147726997965947 0.000142830002005212 0.000138043993501924 0.000130806001834571 0.000121623001177795 0.00011479199747555 0.000110558998130728 0.00010553599713603 0.000100286997621879 9.47965017985553e-05 9.17860015761107e-05 8.79235012689605e-05 0.000102782003523316 0.000295417994493619 0.171187996864319 0.218557000160217 0.230674996972084 0.229232996702194 0.235189005732536 0.245460003614426 0.247970998287201 0.234417006373405 0.213138997554779 0.192652001976967
0.000267592986347154 0.000255597988143563 0.000248528987867758 0.000237732005189173 0.000228883000090718 0.000218872999539599 0.000208932993700728 0.000199646994587965 0.000190880004083738 0.000182204006705433 0.000172468004166149 0.000165759993251413 0.000158494003699161 0.000153236993355677 0.000145967002026737 0.000141299999086186 0.000135986992972903 0.000131242006318644 0.000127727995277382 0.000123104997328483 0.000119276999612339 0.000113276997581124 0.000107968000520486 0.000100876997748856 9.57563970587216e-05 9.15748969418928e-05 8.86912966961972e-05 8.57670020195656e-05 9.20161983231083e-05 0.00012631100253202 0.0408922992646694 0.147814005613327 0.151336997747421 0.168359994888306 0.183687001466751 0.207899004220963 0.223149001598358 0.234567999839783 0.23903700709343 0.241864994168282 0.241944000124931 0.222806006669998 0.198633998632431 0.180819004774094
0.000227184995310381 0.000216656000702642 0.000205963006010279 0.000196709996089339 0.000186174002010375 0.000175952998688444 0.000165578006999567 0.000157710004714318 0.000150922001921572 0.000144780002301559 0.000138528004754335 0.000130529006128199 0.00012462999438867 0.000117057999887038 0.000111970002762973 0.000107790998299606 0.000103999998827931 9.97082024696283e-05 9.6514901088085e-05 9.3521703092847e-05 9.00594968697987e-05 8.5770501755178e-05 8.14509985502809e-05 7.73641004343517e-05 7.46912992326543e-05 7.27170991012827e-05 7.09630985511467e-05 7.42375996196643e-05 0.00107760005630553 0.0275595001876354 0.136656999588013 0.142465993762016 0.147859007120132 0.159425005316734 -3.4e+38 -3.4e+38 0.222835004329681 0.231163993477821 0.242449998855591 -3.4e+38 -3.4e+38 -3.4e+38 -3.4e+38 -3.4e+38
0.000179073002072982 0.00016983000386972 0.000162379001267254 0.000151155996718444 0.000142072996823117 0.000132301996927708 0.000125174003187567 0.000119645002996549 0.00011387599806767 0.000108704000012949 0.000102566998975817 9.6885698440019e-05 8.98271027836017e-05 8.2965700130444e-05 7.99245972302742e-05 7.68235986470245e-05 7.4198396760039e-05 7.19118033885024e-05 7.02049001120031e-05 6.86725979903713e-05 6.78388023516163e-05 6.62567035760731e-05 6.37444027233869e-05 6.12133007962257e-05 5.79793995711952e-05 5.73862998862751e-05 5.68463001400232e-05 0.000134500005515292 0.0249189995229244 0.121182002127171 0.126643002033234 0.130469992756844 -3.4e+38 -3.4e+38 -3.4e+38 -3.4e+38 -3.4e+38 -3.4e+38 -3.4e+38 -3.4e+38 -3.4e+38 -3.4e+38 -3.4e+38 -3.4e+38
0.000134565998450853 0.000125741993542761 0.000117297000542749 0.000108391002868302 9.99324984150007e-05 9.16138014872558e-05 8.57413979247212e-05 8.30091012176126e-05 8.03599032224156e-05 7.77911991463043e-05 7.28710001567379e-05 6.62750971969217e-05 6.00050989305601e-05 5.46137998753693e-05 5.36096995347179e-05 5.20350004080683e-05 5.16127984155901e-05 5.13937993673608e-05 5.15440005983692e-05 5.15881001774687e-05 5.20186003996059e-05 5.18271008331794e-05 5.00163005199283e-05 4.88916011818219e-05 4.779220034834e-05 4.77893991046585e-05 0.0027154500130564 0.097122497856617 0.102124996483326 0.112969003617764 0.117810003459454 -3.4e+38 -3.4e+38 -3.4e+38 -3.4e+38 -3.4e+38 -3.4e+38 -3.4e+38 -3.4e+38 -3.4e+38 -3.4e+38 -3.4e+38 -3.4e+38 -3.4e+38
9.68449967331253e-05 8.80750012584031e-05 8.02883005235344e-05 7.29653984308243e-05 6.56635966151953e-05 5.89285991736688e-05 5.61097986064851e-05 5.57099010620732e-05 5.52154997421894e-05 5.46404990018345e-05 5.03549017594196e-05 4.5292701543076e-05 4.02518999180757e-05 3.49053007084876e-05 3.63578001270071e-05 3.64898005500436e-05 3.62485006917268e-05 3.72885006072465e-05 3.76774005417246e-05 3.80831006623339e-05 4.00907993025612e-05 4.11276014347095e-05 4.04411985073239e-05 3.98302981921006e-05 0.000438310002209619 0.0793892964720726 0.0911761969327927 0.0948619991540909 0.0950947031378746 0.0922584980726242 -3.4e+38 -3.4e+38 -3.4e+38 -3.4e+38 -3.4e+38 -3.4e+38 -3.4e+38 -3.4e+38 -3.4e+38 -3.4e+38 -3.4e+38 -3.4e+38 -3.4e+38 -3.4e+38
5.67755014344584e-05 5.22461996297352e-05 4.85033997392748e-05 4.55191002401989e-05 4.30766012868844e-05 4.01737015636172e-05 3.91522007703315e-05 3.9806698623579e-05 4.04722995881457e-05 4.10602988267783e-05 3.80437013518531e-05 3.37583987857215e-05 2.95753998216242e-05 2.48877004196402e-05 2.55458999163238e-05 2.72694996965583e-05 0.000224800998694263 0.000121956996736117 5.15364990860689e-05 4.73658001283184e-05 6.47128035780042e-05 4.20141986978706e-05 5.3955998737365e-05 0.0693740025162697 0.0729695037007332 0.078106202185154 0.0866435989737511 0.0907647982239723 -3.4e+38 -3.4e+38 -3.4e+38 -3.4e+38 -3.4e+38 -3.4e+38 -3.4e+38 -3.4e+38 -3.4e+38 -3.4e+38 -3.4e+38 -3.4e+38 -3.4e+38 -3.4e+38 -3.4e+38 -3.4e+38
3.28155983879697e-05 3.12437987304293e-05 2.98827999358764e-05 2.89236995740794e-05 2.79955002042698e-05 2.71743992925622e-05 2.73444002232281e-05 2.85085006908048e-05 2.97294991469244e-05 3.10032010020223e-05 2.90954994852655e-05 2.52426998486044e-05 2.15479994949419e-05 1.81444993359037e-05 0.000476591987535357 0.0234558992087841 0.0168724991381168 0.00403696019202471 0.00908583961427212 0.0628606975078583 0.075562596321106 0.0777164995670319 0.0723226964473724 0.0686552003026009 0.0614020004868507 0.0683654993772507 0.0800788030028343 -3.4e+38 -3.4e+38 -3.4e+38 -3.4e+38 -3.4e+38 -3.4e+38 -3.4e+38 -3.4e+38 -3.4e+38 -3.4e+38 -3.4e+38 -3.4e+38 -3.4e+38 -3.4e+38 -3.4e+38 -3.4e+38 -3.4e+38
2.17509004869498e-05 2.1151099645067e-05 2.07393004529877e-05 2.06705008167773e-05 2.06302993319696e-05 2.06639997486491e-05 2.11332007893361e-05 2.21132995648077e-05 2.30743007705314e-05 2.40891004068544e-05 2.27221007662592e-05 1.9282599168946e-05 1.65644996741321e-05 1.3959799616714e-05 1.68558999575907e-05 0.0072549101896584 0.0294259004294872 0.0385328009724617 0.0476768016815186 0.0583143010735512 0.0695108026266098 0.0726357027888298 0.0682308003306389 0.0643905028700829 0.0588348992168903 0.0588008016347885 -3.4e+38 -3.4e+38 -3.4e+38 -3.4e+38 -3.4e+38 -3.4e+38 -3.4e+38 -3.4e+38 -3.4e+38 -3.4e+38 -3.4e+38 -3.4e+38 -3.4e+38 -3.4e+38 -3.4e+38 -3.4e+38 -3.4e+38 -3.4e+38
1.63955992320552e-05 1.62235992320348e-05 1.60808995133266e-05 1.60920008056564e-05 1.62265005201334e-05 1.64013999892632e-05 1.676310057519e-05 1.7360900528729e-05 1.82638996193418e-05 1.90871996892383e-05 1.78212994796922e-05 1.5744199117762e-05 1.3200199646235e-05 1.07394998849486e-05 1.31093001982663e-05 0.0268910005688667 0.0318696983158588 0.0353967994451523 -3.4e+38 -3.4e+38 -3.4e+38 -3.4e+38 -3.4e+38 -3.4e+38 -3.4e+38 -3.4e+38 -3.4e+38 -3.4e+38 -3.4e+38 -3.4e+38 -3.4e+38 -3.4e+38 -3.4e+38 -3.4e+38 -3.4e+38 -3.4e+38 -3.4e+38 -3.4e+38 -3.4e+38 -3.4e+38 -3.4e+38 -3.4e+38 -3.4e+38 -3.4e+38
1.23566996990121e-05 1.23815998449572e-05 1.25090000437922e-05 1.27836001411197e-05 1.30410999190644e-05 1.33195999296731e-05 1.36632997964625e-05 1.40719002956757e-05 1.4473300325335e-05 1.48378003359539e-05 1.39425001179916e-05 1.25695996757713e-05 1.03506999948877e-05 0.00223492993973196 0.0225499998778105 0.0255066007375717 0.0268050990998745 0.0284289997071028 -3.4e+38 -3.4e+38 -3.4e+38 -3.4e+38 -3.4e+38 -3.4e+38 -3.4e+38 -3.4e+38 -3.4e+38 -3.4e+38 -3.4e+38 -3.4e+38 -3.4e+38 -3.4e+38 -3.4e+38 -3.4e+38 -3.4e+38 -3.4e+38 -3.4e+38 -3.4e+38 -3.4e+38 -3.4e+38 -3.4e+38 -3.4e+38 -3.4e+38 -3.4e+38
9.45949977904093e-06 9.64391983870883e-06 9.8632599474513e-06 1.0162900252908e-05 1.05155995697714e-05 1.08805998024764e-05 1.09806996988482e-05 1.08130998341949e-05 1.07249998109182e-05 1.06930001493311e-05 1.06731004052563e-05 0.000557570019736886 0.024482099339366 0.0238425992429256 0.0252106003463268 0.0264612007886171 0.0276069007813931 0.0288607999682426 -3.4e+38 -3.4e+38 -3.4e+38 -3.4e+38 -3.4e+38 -3.4e+38 -3.4e+38 -3.4e+38 -3.4e+38 -3.4e+38 -3.4e+38 -3.4e+38 -3.4e+38 -3.4e+38 -3.4e+38 -3.4e+38 -3.4e+38 -3.4e+38 -3.4e+38 -3.4e+38 -3.4e+38 -3.4e+38 -3.4e+38 -3.4e+38 -3.4e+38 -3.4e+38
7.13681993147475e-06 7.27324004401453e-06 7.46514979255153e-06 7.79931997385575e-06 8.1484404290677e-06 8.55903999763541e-06 8.64275989442831e-06 8.38424966786988e-06 8.08300956123276e-06 7.57932002670714e-06 8.08093955129152e-06 0.021086199209094 0.0232494994997978 0.0253628995269537 0.0265996996313334 0.0272413995116949 0.0281736999750137 -3.4e+38 -3.4e+38 -3.4e+38 -3.4e+38 -3.4e+38 -3.4e+38 -3.4e+38 -3.4e+38 -3.4e+38 -3.4e+38 -3.4e+38 -3.4e+38 -3.4e+38 -3.4e+38 -3.4e+38 -3.4e+38 -3.4e+38 -3.4e+38 -3.4e+38 -3.4e+38 -3.4e+38 -3.4e+38 -3.4e+38 -3.4e+38 -3.4e+38 -3.4e+38 -3.4e+38
