results/Predictions/Median/Santonian.asc
NCOLS 360 
NROWS 180 
XLLCORNER -180 
YLLCORNER -90 
CELLSIZE 1 
NODATA_value -3.4e+38 
[rows 0 to 19 of 180, columns 176 to 219 of 360]
4.50018013964382e-08 4.50382984240605e-08 4.50747990043965e-08 4.51112995847325e-08 4.51390000932861e-08 4.51575985493946e-08 4.51763000341998e-08 4.51948984903083e-08 4.52020003649523e-08 4.52053008359599e-08 4.52084982782708e-08 4.52116992732954e-08 4.51989983218937e-08 4.51862014472226e-08 4.51734010198379e-08 4.51548984869987e-08 4.51194992479031e-08 4.50840005328246e-08 4.5048601293729e-08 4.50097985549291e-08 4.49674999458693e-08 4.49253008127926e-08 4.48832011556988e-08 4.48377015516144e-08 4.47912995582556e-08 4.47448016416274e-08 4.46984991242516e-08 4.46537988807449e-08 4.4609201665935e-08 4.45646008984113e-08 4.45226007173005e-08 4.44882992667317e-08 4.44540013688766e-08 4.44197993942907e-08 4.44083987360955e-08 4.44197993942907e-08 4.4431299528469e-08 4.44427001866643e-08 4.44576997438162e-08 4.44739995941745e-08 4.44901999685499e-08 4.45064998189082e-08 4.45114984870543e-08 4.4516600183897e-08
4.53864004157367e-08 4.54251996018229e-08 4.54640982638921e-08 4.55030004786749e-08 4.55301005786168e-08 4.55455015924144e-08 4.55607995775154e-08 4.5576200591313e-08 4.5581199259459e-08 4.55826985046315e-08 4.55843007785006e-08 4.55858000236731e-08 4.55702995338925e-08 4.55546995681289e-08 4.55391990783482e-08 4.55130013676808e-08 4.54548008121947e-08 4.53966997326916e-08 4.53387016818851e-08 4.52787993765469e-08 4.52169999221042e-08 4.51552999436444e-08 4.50936994411677e-08 4.50270007945619e-08 4.4958600398104e-08 4.4890398953612e-08 4.48222010618338e-08 4.47550014825993e-08 4.46879013793477e-08 4.46209007520793e-08 4.45586998409908e-08 4.45105996504935e-08 4.44623999840132e-08 4.4414399269499e-08 4.44270007449177e-08 4.45003003335387e-08 4.45736993981427e-08 4.46473009674264e-08 4.47208989839964e-08 4.47946000292632e-08 4.48684005505129e-08 4.49424000237286e-08 4.49738983832049e-08 4.50054997713778e-08
4.56953017646811e-08 4.57313014123883e-08 4.57673010600956e-08 4.58034001837859e-08 4.58318005769343e-08 4.58524986868269e-08 4.58732003494333e-08 4.5893898459326e-08 4.59022011511934e-08 4.59063009827787e-08 4.5910500290347e-08 4.59146001219324e-08 4.59030005117711e-08 4.58913014256268e-08 4.58796982627518e-08 4.58646987055999e-08 4.57926994101854e-08 4.57116016150394e-08 4.56305997431627e-08 4.55493989193201e-08 4.54678996675284e-08 4.53864998917197e-08 4.53051995918941e-08 4.52169999221042e-08 4.51266011225471e-08 4.5036401274956e-08 4.49463009033479e-08 4.48564989596889e-08 4.47668000447266e-08 4.46773995577132e-08 4.45948984406641e-08 4.45328005582724e-08 4.44709016278466e-08 4.44089991447072e-08 4.44455992010262e-08 4.45809007487696e-08 4.47166002004451e-08 4.48528005847493e-08 4.49856010220628e-08 4.5117499070102e-08 4.51768009668285e-08 4.51643984433758e-08 4.51561987802052e-08 4.51480985930175e-08
4.35255991249051e-08 4.3569301055868e-08 4.36129994341172e-08 4.36567013650802e-08 4.37106990602842e-08 4.37748006731908e-08 4.38391012380634e-08 4.39033982502224e-08 4.3992198328624e-08 4.4089301098893e-08 4.41865992684143e-08 4.42840999426153e-08 4.43853984677389e-08 4.44869989735253e-08 4.45887984312776e-08 4.46845014323571e-08 4.47614993959178e-08 4.48386003881751e-08 4.49158008564154e-08 4.49907986421749e-08 4.50633983462012e-08 4.51362005549072e-08 4.52090986868825e-08 4.52081003743388e-08 4.51824000435863e-08 4.51567991888169e-08 4.51310988580644e-08 4.49817001424435e-08 4.48326993307546e-08 4.46841994516944e-08 4.45270984528179e-08 4.5207201537778e-08 4.51124009259729e-08 4.50177992661338e-08 4.49380017641943e-08 4.40114007460579e-08 4.40935004064613e-08 4.41756995428477e-08 4.41883010182664e-08 4.41776997206489e-08 4.41670984230313e-08 4.41566001541105e-08 4.42903989039678e-08 4.44245991104708e-08
4.17035010968902e-08 4.17511998307418e-08 4.17990015932901e-08 4.18467998031247e-08 4.19053982625428e-08 4.19988985811415e-08 4.20924983757232e-08 4.24567012657917e-08 4.36248015489582e-08 5.6308198992383e-08 6.7262199365814e-08 5.80843000363984e-08 1.66687001978971e-07 4.15117995089531e-07 9.28520989873505e-07 1.22863002616214e-06 1.94397989616846e-06 9.7442498372402e-06 1.3728399608226e-05 3.62811988452449e-05 7.41128969821148e-05 7.49247992644086e-05 6.54912000754848e-05 8.84546025190502e-05 0.000101632002042606 9.57293013925664e-05 7.48363017919473e-05 4.27582017437089e-05 4.48667015007231e-05 3.01448999380227e-05 2.05166998057393e-05 6.89026001055026e-06 3.20026992994826e-06 9.36812000418286e-07 1.09632999567566e-07 5.37012994072938e-08 4.75544013056606e-08 4.66358009987289e-08 4.66434002532878e-08 4.64212988049439e-08 4.3110400582691e-08 4.29636983767523e-08 4.31688000901431e-08 4.33748006400947e-08
2.26848001716462e-07 2.55453005593154e-06 1.32243003463373e-05 3.66009990102611e-05 8.41565997689031e-05 0.000102947000414133 0.000105922998045571 0.000107277002825867 0.000108790001831949 0.000109954002255108 0.000109613996755797 0.000105476996395737 0.000105075996543746 5.62690984224901e-05 2.20436004383373e-06 5.03446983657341e-07 6.82342999880348e-08 4.99169985346271e-08 4.69309000550311e-08 4.70933017027164e-08 4.71950016844858e-08 4.72970000942041e-08 4.73992010086022e-08 4.73537014045178e-08 4.72591992206617e-08 4.71648000655023e-08 4.70706993382919e-08 4.68156997612823e-08 4.65620999534622e-08 4.63098999148315e-08 4.6052299751409e-08 4.57758986271983e-08 4.55012987288228e-08 4.52282016283334e-08 4.50142998431602e-08 4.48585986134731e-08 4.47035013451114e-08 4.45489014566647e-08 4.42754988227989e-08 4.39643983440874e-08 4.36391012215154e-08 4.31344986395743e-08 4.32907008018901e-08 4.3447499820104e-08
5.57991006644443e-05 0.000113813002826646 0.000122470999485813 0.000125035992823541 0.00012762300320901 0.000128019004478119 0.000128013998619281 0.000127681996673346 0.000125709004350938 0.000114055997983087 3.51954986399505e-05 5.94691982769291e-06 4.02739004812247e-07 7.35660989903408e-08 5.47628999925109e-08 5.31071009390871e-08 5.25049017596757e-08 5.26062002847993e-08 5.27078007905857e-08 5.27493000390677e-08 5.27308010589422e-08 5.2712298526103e-08 5.26937995459775e-08 5.24982013416775e-08 5.22447010098404e-08 5.19924014952267e-08 5.17412992451227e-08 5.12809990027563e-08 5.08246991159922e-08 5.03724990608134e-08 4.9916600630695e-08 4.94416987351087e-08 4.89714011564502e-08 4.85054982846123e-08 4.8132299923509e-08 4.78497987899118e-08 4.75688999301838e-08 4.72896992675942e-08 4.64190996751768e-08 4.53722002191626e-08 4.43489014401166e-08 4.33485993767135e-08 4.34851017416804e-08 4.36218989818826e-08
0.000130529006128199 0.000131837005028501 0.000133887995616533 0.000134861998958513 0.000134803005494177 0.000135405993205495 0.000135280002723448 0.000128946005133912 4.21106014982797e-05 1.97551999008283e-05 3.4992099244846e-06 4.63774000536432e-07 8.8752202032083e-08 7.20494028882968e-08 6.78250984265105e-08 6.28647995881693e-08 5.58775994363714e-08 5.58097994485252e-08 5.57420989366619e-08 5.56234986959225e-08 5.54542012309867e-08 5.52854011459658e-08 5.511709844086e-08 5.47563985264787e-08 5.43344000902835e-08 5.39156985723821e-08 5.3500201602219e-08 5.34333004509335e-08 5.33927995149952e-08 5.3410001754628e-08 5.33433990312915e-08 5.34009991781659e-08 5.27060990407335e-08 5.20202014797633e-08 5.14663014428152e-08 5.10403985742869e-08 5.06179986814459e-08 5.01991017642922e-08 5.10303017620117e-08 5.89555995134106e-08 -3.4e+38 -3.4e+38 -3.4e+38 -3.4e+38
0.000129438994918019 0.000130879998323508 0.000131474997033365 0.000126836996059865 0.000119552001706325 8.77701968420297e-05 4.28567000199109e-05 1.93578998732846e-05 7.64671040087705e-06 3.88708986065467e-06 1.88770002296224e-06 3.00505007544416e-07 6.06453980367405e-08 7.05190998928629e-08 8.75956018830948e-08 5.44903002719366e-08 5.40095008716435e-08 5.35329007789187e-08 5.30604999937623e-08 5.35558015712922e-08 5.46925988942348e-08 5.54103998240407e-08 5.46998002448618e-08 5.47518013149784e-08 5.43765992233602e-08 5.43664988583714e-08 5.43563984933826e-08 5.40022995210165e-08 5.90979993830842e-08 5.34063993029577e-08 5.32057988777979e-08 5.43758993387655e-08 8.46645988872297e-08 1.9971600977442e-06 5.18523993378039e-05 -3.4e+38 -3.4e+38 -3.4e+38 -3.4e+38 -3.4e+38 -3.4e+38 -3.4e+38 -3.4e+38 -3.4e+38
0.000111560999357607 0.000109118002001196 7.63019997975789e-05 2.45928004005691e-05 1.84893997356994e-05 1.23722002172144e-05 6.89401986164739e-06 3.58496004082554e-06 2.61314994531858e-06 1.60063996190729e-06 1.10397002117679e-06 6.14777988516835e-08 5.13383007216817e-08 5.08904989260373e-08 5.04467010387089e-08 4.98746999255673e-08 4.89198015429793e-08 4.88264007003636e-08 4.92725007461559e-08 5.33120996237813e-08 6.15265989267755e-08 9.1088800502348e-08 5.80924002235861e-08 4.99534007758484e-06 0.000126985993119888 -3.4e+38 -3.4e+38 -3.4e+38 -3.4e+38 -3.4e+38 -3.4e+38 -3.4e+38 -3.4e+38 -3.4e+38 -3.4e+38 -3.4e+38 -3.4e+38 -3.4e+38 -3.4e+38 -3.4e+38 -3.4e+38 -3.4e+38 -3.4e+38 0.0001023590011755
2.64182999671903e-05 1.53328001033515e-05 1.2860499737144e-05 1.03496995507157e-05 8.60702039062744e-06 5.25297991771367e-06 3.99282998841954e-06 2.22874996325118e-06 2.32212005357724e-06 1.95144002645975e-06 1.50572998336429e-06 2.73328993216637e-07 5.56062005330205e-08 6.31836982734058e-08 7.41340002718971e-08 4.65934988369554e-08 4.56816984240049e-08 5.31436016899534e-05 -3.4e+38 -3.4e+38 -3.4e+38 -3.4e+38 -3.4e+38 -3.4e+38 -3.4e+38 -3.4e+38 -3.4e+38 -3.4e+38 -3.4e+38 -3.4e+38 -3.4e+38 -3.4e+38 -3.4e+38 -3.4e+38 -3.4e+38 -3.4e+38 -3.4e+38 -3.4e+38 -3.4e+38 -3.4e+38 -3.4e+38 -3.4e+38 0.000103698999737389 0.000100766999821644
8.8040302216541e-05 6.73924005241133e-05 5.421239984571e-05 5.91731986787636e-05 7.44420976843685e-05 8.09146004030481e-05 7.70865008234978e-05 9.06173008843325e-05 9.58555028773844e-05 5.22203008586075e-05 0.000108082997030579 0.000118386997201014 -3.4e+38 -3.4e+38 -3.4e+38 -3.4e+38 -3.4e+38 -3.4e+38 -3.4e+38 -3.4e+38 -3.4e+38 -3.4e+38 -3.4e+38 -3.4e+38 -3.4e+38 -3.4e+38 -3.4e+38 -3.4e+38 -3.4e+38 -3.4e+38 -3.4e+38 -3.4e+38 -3.4e+38 -3.4e+38 -3.4e+38 -3.4e+38 -3.4e+38 -3.4e+38 -3.4e+38 -3.4e+38 -3.4e+38 -3.4e+38 9.9764802143909e-05 0.00010209200263489
0.00013749000208918 0.000140725998790003 0.000134443995193578 0.000118283998745028 0.000109617998532485 0.000104225000541192 9.70460023381747e-05 9.16228018468246e-05 8.84382025105879e-05 8.73473982210271e-05 -3.4e+38 -3.4e+38 -3.4e+38 -3.4e+38 -3.4e+38 -3.4e+38 -3.4e+38 -3.4e+38 -3.4e+38 -3.4e+38 -3.4e+38 -3.4e+38 -3.4e+38 -3.4e+38 -3.4e+38 -3.4e+38 -3.4e+38 -3.4e+38 -3.4e+38 -3.4e+38 -3.4e+38 -3.4e+38 -3.4e+38 -3.4e+38 -3.4e+38 -3.4e+38 -3.4e+38 -3.4e+38 0.00010020199988503 9.90011030808091e-05 9.80210970737971e-05 9.83916033874266e-05 0.000101037003332749 0.000103161997685675
-3.4e+38 -3.4e+38 -3.4e+38 -3.4e+38 -3.4e+38 -3.4e+38 -3.4e+38 9.82592027867213e-05 9.58387972787023e-05 9.54626011662185e-05 -3.4e+38 -3.4e+38 -3.4e+38 -3.4e+38 -3.4e+38 -3.4e+38 -3.4e+38 -3.4e+38 -3.4e+38 -3.4e+38 -3.4e+38 -3.4e+38 -3.4e+38 -3.4e+38 -3.4e+38 -3.4e+38 -3.4e+38 -3.4e+38 -3.4e+38 -3.4e+38 -3.4e+38 -3.4e+38 -3.4e+38 -3.4e+38 9.32515977183357e-05 9.51672991504893e-05 9.5417803095188e-05 9.65232975431718e-05 9.78108000708744e-05 9.93040011962876e-05 0.000100461998954415 0.000101999001344666 0.000102823003544472 0.00010374699922977
0.000141252006869763 0.000148342995089479 -3.4e+38 -3.4e+38 -3.4e+38 -3.4e+38 -3.4e+38 -3.4e+38 -3.4e+38 -3.4e+38 -3.4e+38 -3.4e+38 -3.4e+38 -3.4e+38 -3.4e+38 -3.4e+38 -3.4e+38 -3.4e+38 -3.4e+38 -3.4e+38 -3.4e+38 -3.4e+38 -3.4e+38 -3.4e+38 -3.4e+38 -3.4e+38 -3.4e+38 -3.4e+38 -3.4e+38 -3.4e+38 -3.4e+38 -3.4e+38 9.33448027353734e-05 9.20202000997961e-05 9.27938017412089e-05 9.45532010518946e-05 9.54573988565244e-05 9.52689006226137e-05 9.76252995315008e-05 0.000100170997029636 0.000102619997051079 0.000104942999314517 0.000104373000795022 0.000103762002254371
0.000133585999719799 0.000133391993585974 -3.4e+38 -3.4e+38 -3.4e+38 -3.4e+38 -3.4e+38 -3.4e+38 -3.4e+38 -3.4e+38 -3.4e+38 -3.4e+38 -3.4e+38 -3.4e+38 -3.4e+38 -3.4e+38 -3.4e+38 -3.4e+38 -3.4e+38 -3.4e+38 -3.4e+38 -3.4e+38 -3.4e+38 -3.4e+38 -3.4e+38 -3.4e+38 -3.4e+38 -3.4e+38 -3.4e+38 -3.4e+38 0.000115850001748186 0.000110797001980245 0.000107457002741285 0.000103708000096958 0.000101491001260001 0.000102924997918308 0.000103626996860839 0.00010454400035087 0.000106708997918759 0.000109380998765118 0.000110979999590199 0.000112155001261272 0.000111080997157842 0.000109531996713486
-3.4e+38 -3.4e+38 -3.4e+38 -3.4e+38 -3.4e+38 -3.4e+38 -3.4e+38 -3.4e+38 -3.4e+38 -3.4e+38 -3.4e+38 -3.4e+38 -3.4e+38 -3.4e+38 -3.4e+38 -3.4e+38 -3.4e+38 -3.4e+38 -3.4e+38 -3.4e+38 -3.4e+38 -3.4e+38 -3.4e+38 -3.4e+38 -3.4e+38 -3.4e+38 -3.4e+38 -3.4e+38 0.000116028997581452 0.000115886999992654 0.000116374998469837 0.000116636001621373 0.00011669599916786 0.000116764997073915 0.000117504001536872 0.000120475000585429 0.000123870006063953 0.000126985003589652 0.000127844003145583 0.000128132000099868 0.000128412997582927 0.000128679006593302 0.000124397003673948 0.00011966400052188
-3.4e+38 -3.4e+38 -3.4e+38 -3.4e+38 -3.4e+38 -3.4e+38 -3.4e+38 -3.4e+38 -3.4e+38 -3.4e+38 -3.4e+38 -3.4e+38 -3.4e+38 -3.4e+38 -3.4e+38 -3.4e+38 -3.4e+38 -3.4e+38 -3.4e+38 -3.4e+38 -3.4e+38 -3.4e+38 -3.4e+38 -3.4e+38 -3.4e+38 -3.4e+38 0.000140453994390555 0.000128988001961261 0.000121149998449255 0.000114813003165182 0.000111435001599602 0.000118987998575903 0.000126402999740094 0.000134607005747966 0.000134061003336683 0.000136297996505164 0.000136873000883497 0.000138065995997749 0.000137701004859991 0.000137658003950492 0.00013758399290964 0.000136073998874053 0.000134746005642228 0.00013534800382331
-3.4e+38 -3.4e+38 -3.4e+38 -3.4e+38 -3.4e+38 -3.4e+38 -3.4e+38 -3.4e+38 -3.4e+38 -3.4e+38 -3.4e+38 -3.4e+38 -3.4e+38 -3.4e+38 -3.4e+38 -3.4e+38 -3.4e+38 -3.4e+38 -3.4e+38 -3.4e+38 -3.4e+38 -3.4e+38 -3.4e+38 9.38689991016872e-05 0.000105617000372149 0.000119819000246935 0.000135062000481412 0.000136784001369961 0.000137965005706064 0.000139531999593601 0.000144189005368389 0.000146064994623885 0.000146450998727232 0.000147237995406613 0.000147561004268937 0.000147382001159713 0.000147315004142001 0.000147760001709685 0.000147824001032859 0.000147275000927038 0.000147041006130166 0.000147066995850764 0.000147080005262978 0.000147056998685002
-3.4e+38 -3.4e+38 -3.4e+38 -3.4e+38 -3.4e+38 -3.4e+38 -3.4e+38 -3.4e+38 -3.4e+38 -3.4e+38 -3.4e+38 -3.4e+38 -3.4e+38 -3.4e+38 -3.4e+38 -3.4e+38 -3.4e+38 -3.4e+38 -3.4e+38 -3.4e+38 -3.4e+38 8.64902031025849e-05 8.143309969455e-05 9.15120981517248e-05 0.000105576997157186 0.000119597003504168 0.000136714006657712 0.000147837999975309 0.000148182007251307 0.000149051993503235 0.000149294995935634 0.00014871300663799 0.000146289996337146 0.000145547004649416 0.000144838006235659 0.000146617996506393 0.000147257000207901 0.000147590006235987 0.00014858299982734 0.000151656000525691 0.000154492998262867 0.000157937000039965 0.000160045994562097 0.000161760995979421
