results/Predictions/Median/Selandian.asc
NCOLS 360 
NROWS 180 
XLLCORNER -180 
YLLCORNER -90 
CELLSIZE 1 
NODATA_value -3.4e+38 
[rows 140 to 159 of 180, columns 264 to 307 of 360]
3.76083007722627e-05 3.86011015507393e-05 3.93365990021266e-05 3.96034010918811e-05 3.98912998207379e-05 4.01897013944108e-05 4.04907987103797e-05 4.07767001888715e-05 4.11010987590998e-05 4.14095011365134e-05 3.95622009818908e-05 3.49961010215338e-05 3.10167015413754e-05 9.04051994439214e-05 0.059060100466013 0.0667297020554543 0.072611503303051 -3.4e+38 -3.4e+38 -3.4e+38 -3.4e+38 -3.4e+38 -3.4e+38 -3.4e+38 -3.4e+38 -3.4e+38 -3.4e+38 -3.4e+38 -3.4e+38 -3.4e+38 -3.4e+38 -3.4e+38 -3.4e+38 -3.4e+38 -3.4e+38 -3.4e+38 -3.4e+38 -3.4e+38 -3.4e+38 -3.4e+38 -3.4e+38 -3.4e+38 -3.4e+38 -3.4e+38
3.42860985256266e-05 3.53200011886656e-05 3.61847996828146e-05 3.6461598938331e-05 3.67403990821913e-05 3.70271009160206e-05 3.73365983250551e-05 3.76634998247027e-05 3.7993198930053e-05 3.82471989723854e-05 3.55441006831825e-05 3.07381014863495e-05 2.58469008258544e-05 0.0394052006304264 0.0488701984286308 0.0593364015221596 0.0687465965747833 -3.4e+38 -3.4e+38 -3.4e+38 -3.4e+38 -3.4e+38 -3.4e+38 -3.4e+38 -3.4e+38 -3.4e+38 -3.4e+38 -3.4e+38 -3.4e+38 -3.4e+38 -3.4e+38 -3.4e+38 -3.4e+38 -3.4e+38 -3.4e+38 -3.4e+38 -3.4e+38 -3.4e+38 -3.4e+38 -3.4e+38 -3.4e+38 -3.4e+38 -3.4e+38 -3.4e+38
3.12759984808508e-05 3.24930988426786e-05 3.34621981892269e-05 3.3563901524758e-05 3.37226992996875e-05 3.39276994054671e-05 3.41293998644687e-05 3.43977990269195e-05 3.47581008099951e-05 3.51007984136231e-05 3.14313983835746e-05 2.58552008745028e-05 1.83992997335736e-05 0.0258683003485203 0.0279408004134893 0.0306439008563757 0.0304863005876541 -3.4e+38 -3.4e+38 -3.4e+38 -3.4e+38 -3.4e+38 -3.4e+38 -3.4e+38 -3.4e+38 -3.4e+38 -3.4e+38 -3.4e+38 -3.4e+38 -3.4e+38 -3.4e+38 -3.4e+38 -3.4e+38 -3.4e+38 -3.4e+38 -3.4e+38 -3.4e+38 -3.4e+38 -3.4e+38 -3.4e+38 -3.4e+38 -3.4e+38 -3.4e+38 -3.4e+38
2.78486004390288e-05 2.91815995296929e-05 3.02694006677484e-05 3.04540008073673e-05 3.06395995721687e-05 3.0826500733383e-05 3.09796014335006e-05 3.11402982333675e-05 3.13175005430821e-05 3.14880016958341e-05 2.89204999717185e-05 2.47009993472602e-05 1.87840996659361e-05 0.000191853992873803 0.0279463995248079 0.0304208006709814 0.0301232002675533 -3.4e+38 -3.4e+38 -3.4e+38 -3.4e+38 -3.4e+38 -3.4e+38 -3.4e+38 -3.4e+38 -3.4e+38 -3.4e+38 -3.4e+38 -3.4e+38 -3.4e+38 -3.4e+38 -3.4e+38 -3.4e+38 -3.4e+38 -3.4e+38 -3.4e+38 -3.4e+38 -3.4e+38 -3.4e+38 -3.4e+38 -3.4e+38 -3.4e+38 -3.4e+38 -3.4e+38
2.49958993663313e-05 2.64559002971509e-05 2.76614991889801e-05 2.78793995676097e-05 2.80991007457487e-05 2.83206009044079e-05 2.83964000118431e-05 2.83217996184248e-05 2.82336004602257e-05 2.82500004686881e-05 2.66105998889543e-05 2.31320991588291e-05 1.83510001079412e-05 1.40465999720618e-05 1.99048008653335e-05 0.0272084008902311 0.0292230993509293 0.0297273993492126 -3.4e+38 -3.4e+38 -3.4e+38 -3.4e+38 -3.4e+38 -3.4e+38 -3.4e+38 -3.4e+38 -3.4e+38 -3.4e+38 -3.4e+38 -3.4e+38 -3.4e+38 -3.4e+38 -3.4e+38 -3.4e+38 -3.4e+38 -3.4e+38 -3.4e+38 -3.4e+38 -3.4e+38 -3.4e+38 -3.4e+38 -3.4e+38 -3.4e+38 -3.4e+38
2.23188999370905e-05 2.40235003730049e-05 2.5447699954384e-05 2.60202996287262e-05 2.66058996203355e-05 2.72045999736292e-05 2.75038000836503e-05 2.75113998213783e-05 2.75072998192627e-05 2.75736001640325e-05 2.57622996286955e-05 2.19156991079217e-05 1.676740066614e-05 1.19112000902533e-05 1.17359004434547e-05 3.05372996081132e-05 0.0241554006934166 0.0255784001201391 -3.4e+38 -3.4e+38 -3.4e+38 -3.4e+38 -3.4e+38 -3.4e+38 -3.4e+38 -3.4e+38 -3.4e+38 -3.4e+38 -3.4e+38 -3.4e+38 -3.4e+38 -3.4e+38 -3.4e+38 -3.4e+38 -3.4e+38 -3.4e+38 -3.4e+38 -3.4e+38 -3.4e+38 -3.4e+38 -3.4e+38 -3.4e+38 -3.4e+38 -3.4e+38
1.98393008759012e-05 2.1814799765707e-05 2.34431008721003e-05 2.4536000637454e-05 2.56797993642977e-05 2.68769999820506e-05 2.77395993180107e-05 2.82326000160538e-05 2.87341008515796e-05 2.92441000055987e-05 2.62238991126651e-05 2.10914004128426e-05 1.44929999805754e-05 9.84952021099161e-06 9.68133008427685e-06 9.51588026509853e-06 0.0178231000900269 0.0210618004202843 -3.4e+38 -3.4e+38 -3.4e+38 -3.4e+38 -3.4e+38 -3.4e+38 -3.4e+38 -3.4e+38 -3.4e+38 -3.4e+38 -3.4e+38 -3.4e+38 -3.4e+38 -3.4e+38 -3.4e+38 -3.4e+38 -3.4e+38 -3.4e+38 -3.4e+38 -3.4e+38 -3.4e+38 -3.4e+38 -3.4e+38 -3.4e+38 -3.4e+38 -3.4e+38
1.74535998667125e-05 1.95038992387708e-05 2.15963991649915e-05 2.31362992053619e-05 2.47860007220879e-05 2.65532999037532e-05 2.78859006357379e-05 2.87079001282109e-05 2.95537993224571e-05 3.04246004816378e-05 2.67300001723925e-05 2.02816008822992e-05 1.27732000692049e-05 7.77645982452668e-06 7.61942010285566e-06 7.47120020605507e-06 0.0157759003341198 0.0171757005155087 -3.4e+38 -3.4e+38 -3.4e+38 -3.4e+38 -3.4e+38 -3.4e+38 -3.4e+38 -3.4e+38 -3.4e+38 -3.4e+38 -3.4e+38 -3.4e+38 -3.4e+38 -3.4e+38 -3.4e+38 -3.4e+38 -3.4e+38 -3.4e+38 -3.4e+38 -3.4e+38 -3.4e+38 -3.4e+38 -3.4e+38 -3.4e+38 -3.4e+38 -3.4e+38
1.54930003191112e-05 1.66867994266795e-05 1.80340994120343e-05 1.95975007954985e-05 2.121370016539e-05 2.26419997488847e-05 2.36626001424156e-05 2.42136993620079e-05 2.47776006290223e-05 2.53546004387317e-05 2.24139002966695e-05 1.80700008058921e-05 1.24408998090075e-05 8.66986010805704e-06 8.38918003864819e-06 0.015803299844265 0.0168836005032063 0.0172448009252548 -3.4e+38 -3.4e+38 -3.4e+38 -3.4e+38 -3.4e+38 -3.4e+38 -3.4e+38 -3.4e+38 -3.4e+38 -3.4e+38 -3.4e+38 -3.4e+38 -3.4e+38 -3.4e+38 -3.4e+38 -3.4e+38 -3.4e+38 -3.4e+38 -3.4e+38 -3.4e+38 -3.4e+38 -3.4e+38 -3.4e+38 -3.4e+38 -3.4e+38 -3.4e+38
1.35802001750562e-05 1.46403999679023e-05 1.56293008330977e-05 1.66589998116251e-05 1.77567999344319e-05 1.89370002772193e-05 1.99417008843739e-05 2.02159008040326e-05 2.0455499907257e-05 2.07582997973077e-05 1.88643007277278e-05 1.62146006914554e-05 1.20938002510229e-05 9.46709042182192e-06 0.0173342004418373 0.0191043000668287 0.0177960004657507 -3.4e+38 -3.4e+38 -3.4e+38 -3.4e+38 -3.4e+38 -3.4e+38 -3.4e+38 -3.4e+38 -3.4e+38 -3.4e+38 -3.4e+38 -3.4e+38 -3.4e+38 -3.4e+38 -3.4e+38 -3.4e+38 -3.4e+38 -3.4e+38 -3.4e+38 -3.4e+38 -3.4e+38 -3.4e+38 -3.4e+38 -3.4e+38 -3.4e+38 -3.4e+38 0.00277977995574474
1.28282999867224e-05 1.3728399608226e-05 1.46395996125648e-05 1.56375008373288e-05 1.67036996572278e-05 1.7842699890025e-05 1.8604700017022e-05 1.8916300177807e-05 1.92472998605808e-05 1.96176006284077e-05 1.72587006090907e-05 1.43466995723429e-05 1.02621997939423e-05 7.62634999773582e-06 0.0120443003252149 0.0103575000539422 0.00802743993699551 -3.4e+38 -3.4e+38 -3.4e+38 -3.4e+38 -3.4e+38 -3.4e+38 -3.4e+38 -3.4e+38 -3.4e+38 -3.4e+38 -3.4e+38 -3.4e+38 -3.4e+38 -3.4e+38 -3.4e+38 -3.4e+38 -3.4e+38 -3.4e+38 -3.4e+38 -3.4e+38 -3.4e+38 -3.4e+38 0.00144387001637369 0.00152742001228034 0.00173328001983464 0.00194980995729566 0.00220653996802866
1.3057599971944e-05 1.38653003887157e-05 1.48198996612336e-05 1.59581995831104e-05 1.71842002600897e-05 1.85046992555726e-05 1.94401000044309e-05 1.99241003429051e-05 2.04202005988918e-05 2.09286008612253e-05 1.72517993632937e-05 1.24011003208579e-05 7.55202017899137e-06 4.40977009930066e-06 3.86450983569375e-06 0.000219595996895805 0.00646597985178232 0.00589289981871843 0.00544456019997597 0.00508265988901258 0.00470060016959906 -3.4e+38 -3.4e+38 0.00441054999828339 0.00433387979865074 0.00430647982284427 0.004285320173949 0.00427147001028061 0.00429630978032947 0.00399807002395391 0.0037092100828886 0.00345150008797646 0.00310415006242692 0.0027351900935173 0.00240545999258757 0.00208073994144797 0.00185720005538315 0.00168425997253507 0.00151982996612787 0.0013642399571836 0.0013484499650076 0.00137906998861581 0.00141102005727589 0.00144093995913863
1.31767001221306e-05 1.40284000735846e-05 1.49895995491534e-05 1.62213000294287e-05 1.7554200894665e-05 1.91825001820689e-05 2.03132003662176e-05 2.09634999919217e-05 2.16346998058725e-05 2.23275001189904e-05 1.69831000675913e-05 1.0598500011838e-05 5.26087978869327e-06 2.59916009781591e-06 2.65704011326306e-06 2.65202993432467e-06 2.67847008217359e-06 3.35512004312477e-06 3.1875999411568e-05 0.000613540993072093 0.00277471006847918 0.00397947011515498 0.00396698992699385 0.00397393992170691 0.00395641010254622 0.00395256979390979 0.00397121999412775 0.00398996006697416 0.00393619993701577 0.00372601998969913 0.00346088991500437 0.00218447996303439 0.000197590998141095 3.35156005348836e-06 1.44116995670629e-06 1.09164000150486e-06 9.64736955211265e-07 8.20895024844503e-07 7.554419880762e-07 7.33320973722584e-07 7.24062999779562e-07 7.98362975729106e-07 2.32503998631728e-06 5.10848003614228e-05
1.12848001663224e-05 1.16519995572162e-05 1.19567002911936e-05 1.21911998576252e-05 1.23526997413137e-05 1.25871001728228e-05 1.22755000120378e-05 1.1473100130388e-05 1.07223995655659e-05 1.00199004009482e-05 7.09165988155291e-06 3.84264012609492e-06 2.07807011065597e-06 1.10294001842703e-06 1.18329000997619e-06 1.21049004064844e-06 1.27142004657799e-06 1.25835003927932e-06 1.10105997919163e-06 9.48173976667022e-07 8.45668012061651e-07 8.00900011199701e-07 8.4986299953016e-07 9.01826012977835e-07 9.44512009937171e-07 9.81405037236982e-07 1.03232002857112e-06 1.07394998849486e-06 1.11234999167209e-06 1.02429999060405e-06 9.34508022965019e-07 8.73970009251934e-07 8.26944983600697e-07 7.38019025448011e-07 6.61547005620378e-07 5.96278027842345e-07 5.37369999165094e-07 4.81473023228318e-07 4.29229004339504e-07 3.8237598687374e-07 3.4150599503846e-07 3.03022005709863e-07 2.6617598791745e-07 2.33817004868797e-07
9.46740965446224e-06 9.41622965910938e-06 9.27288965613116e-06 8.86113957676571e-06 8.32868954603327e-06 7.63696971262107e-06 6.80318999002338e-06 5.63859020985547e-06 4.54552991868695e-06 3.5036700865021e-06 2.16234002436977e-06 1.37516997256171e-06 7.98419023340102e-07 4.84587985738472e-07 5.10839981870959e-07 5.72365991047263e-07 6.10816016433091e-07 6.05135028308723e-07 5.14877001478453e-07 4.11307013337137e-07 3.4541599802651e-07 3.34577009653003e-07 3.73825002952799e-07 4.17708008626505e-07 4.667759867516e-07 5.02333023177925e-07 5.36071979695407e-07 5.74973000766477e-07 6.26473024567531e-07 5.95848973716784e-07 5.71992984532699e-07 5.49092021628894e-07 5.2179200338287e-07 4.80997982776898e-07 4.32865988386766e-07 3.88313992516487e-07 3.48664997318338e-07 3.09195996806011e-07 2.78979001677726e-07 2.48709000061353e-07 2.13461007092519e-07 1.85863996193802e-07 1.59324997639487e-07 1.34488004732702e-07
7.09370988261071e-06 6.86813018546673e-06 6.44552983430913e-06 5.81726999371313e-06 5.17178978043376e-06 4.64252980236779e-06 3.76893990505778e-06 2.73130990535719e-06 2.04036996365176e-06 1.70061002791044e-06 1.99362989405927e-06 3.72782997146714e-05 0.000186391000170261 0.000620617996901274 0.000688083004206419 9.26163993426599e-05 1.02553997294308e-06 4.96065979405103e-07 3.23171008176359e-07 2.34338997984196e-07 1.75208000996463e-07 1.56287995878301e-07 1.78414993001752e-07 2.01755000261983e-07 2.26316004159344e-07 2.45210998173206e-07 2.70344003183709e-07 2.94030002123691e-07 3.18130986443066e-07 3.0775100867686e-07 2.97708993457491e-07 2.87993998426828e-07 2.78467013004047e-07 2.76891995554251e-07 2.64967013663409e-07 2.50689993208653e-07 2.33468000487846e-07 2.13148993566392e-07 1.97134994550652e-07 1.79191999905015e-07 1.62263006586727e-07 1.49233997603915e-07 1.28636997942522e-07 1.08515003205412e-07
4.08271989726927e-06 4.0015302147367e-06 3.86726014767191e-06 3.41264990311174e-06 2.9829500363121e-06 2.68354006038862e-06 3.43267993230256e-06 0.000207174001843669 0.00266066007316113 0.00214303005486727 0.00160662003327161 0.00124337000306696 0.000901248014997691 0.000689539010636508 0.000757372006773949 0.000832992023788393 0.00089639297220856 0.00047492200974375 5.98980986978859e-05 9.46219017805561e-07 1.57882993789826e-07 1.82269005222224e-07 2.26332005581753e-07 1.98229997749877e-07 2.2750299422114e-07 2.75571011343345e-07 3.03515008681643e-07 3.27445007997085e-07 5.09297990447521e-07 4.94498976877367e-07 6.24337019416998e-07 8.60805016600352e-07 1.49333004628716e-06 1.60919000791182e-06 9.23473976399691e-07 3.88413013752142e-07 3.165440034536e-07 3.24771008308744e-07 5.39433017365809e-07 1.15033003567078e-06 4.23787014369736e-06 7.04476997270831e-06 6.10773986409185e-06 6.05553987043095e-06
7.8980898251757e-05 0.000589272996876389 0.00385155994445086 0.00420353980734944 0.00376166007481515 0.00335312006063759 0.00286761997267604 0.00220569991506636 0.00181887997314334 0.00144134997390211 0.00136412994470447 0.00133003003429621 -3.4e+38 -3.4e+38 -3.4e+38 -3.4e+38 -3.4e+38 -3.4e+38 -3.4e+38 9.13441035663709e-05 9.15294003789313e-05 9.62690974120051e-05 9.67079031397589e-05 9.68903987086378e-05 7.33565029804595e-05 8.89056973392144e-05 0.000100281999038998 0.000102258003607858 0.000112410001747776 0.000116791998152621 0.000115176997496746 0.000115164002636448 0.000119133001135197 0.00014294199354481 0.000137276001623832 9.76629016804509e-05 6.20873979642056e-05 9.93175999610685e-05 0.000184275006176904 0.000102814003184903 0.000169745995663106 0.000164969998877496 0.000146272999700159 0.000132807006593794
-3.4e+38 -3.4e+38 -3.4e+38 -3.4e+38 -3.4e+38 -3.4e+38 -3.4e+38 -3.4e+38 -3.4e+38 -3.4e+38 -3.4e+38 -3.4e+38 -3.4e+38 -3.4e+38 -3.4e+38 -3.4e+38 -3.4e+38 -3.4e+38 -3.4e+38 -3.4e+38 -3.4e+38 -3.4e+38 -3.4e+38 -3.4e+38 -3.4e+38 -3.4e+38 -3.4e+38 -3.4e+38 -3.4e+38 -3.4e+38 0.000127726001664996 0.000131717999465764 0.000138784002047032 0.000160629002493806 0.000187961006304249 -3.4e+38 -3.4e+38 -3.4e+38 -3.4e+38 -3.4e+38 -3.4e+38 -3.4e+38 -3.4e+38 -3.4e+38
-3.4e+38 -3.4e+38 -3.4e+38 -3.4e+38 -3.4e+38 -3.4e+38 -3.4e+38 -3.4e+38 -3.4e+38 -3.4e+38 -3.4e+38 -3.4e+38 -3.4e+38 -3.4e+38 -3.4e+38 -3.4e+38 -3.4e+38 -3.4e+38 -3.4e+38 -3.4e+38 -3.4e+38 -3.4e+38 -3.4e+38 -3.4e+38 -3.4e+38 -3.4e+38 -3.4e+38 -3.4e+38 -3.4e+38 -3.4e+38 -3.4e+38 -3.4e+38 -3.4e+38 -3.4e+38 -3.4e+38 -3.4e+38 -3.4e+38 -3.4e+38 -3.4e+38 -3.4e+38 -3.4e+38 -3.4e+38 -3.4e+38 -3.4e+38
