results/Predictions/Median/Selandian.asc
NCOLS 360 
NROWS 180 
XLLCORNER -180 
YLLCORNER -90 
CELLSIZE 1 
NODATA_value -3.4e+38 
[rows 52 to 77 of 180, columns 174 to 231 of 360]
-3.4e+38 -3.4e+38 0.0953504964709282 0.113067999482155 0.132955998182297 0.15310899913311 0.167221993207932 0.180170997977257 -3.4e+38 -3.4e+38 0.206735000014305 0.205097004771233 0.202436998486519 0.201203003525734 0.213170006871223 -3.4e+38 -3.4e+38 -3.4e+38 0.240099996328354 0.227865993976593 0.216352000832558 0.200178995728493 0.180627003312111 0.163245007395744 0.148292005062103 0.146534994244576 0.148974999785423 0.152150005102158 0.161819994449615 0.168090000748634 0.174967005848885 0.181601002812386 0.182922005653381 0.169809997081757 0.157157003879547 0.143647998571396 0.128631994128227 0.112612999975681 0.0974071025848389 0.0837152004241943 0.080876499414444 0.0818826034665108 0.0832737982273102 0.08420729637146 0.0754493027925491 0.0672743022441864 0.0599246993660927 0.0538274012506008 0.0508500002324581 0.0477945990860462 0.0452689006924629 0.0429201014339924 0.0409176982939243 0.039037898182869 0.0372367016971111 0.0322672985494137 0.0270332004874945 0.023590600118041
-3.4e+38 -3.4e+38 -3.4e+38 -3.4e+38 -3.4e+38 0.193520992994308 0.215083003044128 0.224969998002052 0.23556299507618 0.241414994001389 0.243979007005692 0.243769004940987 0.24421800673008 0.247244998812675 -3.4e+38 -3.4e+38 -3.4e+38 -3.4e+38 0.265017986297607 0.2535719871521 0.241649001836777 0.22885699570179 0.213023006916046 0.196262001991272 0.182134002447128 0.181008994579315 0.184162005782127 0.186878994107246 0.194520995020866 0.200460001826286 0.204701006412506 0.209976002573967 0.209839001297951 0.193130999803543 0.17765599489212 0.162548005580902 0.147290006279945 0.132566004991531 0.117771998047829 0.103793002665043 0.101765997707844 0.104979999363422 0.108856998383999 0.111166998744011 0.0938640013337135 0.0799285992980003 0.0648308023810387 0.0552469007670879 0.053652498871088 0.0518139004707336 0.0499393008649349 0.0492760986089706 0.0489385984838009 0.0481940992176533 0.0480687990784645 0.0419992990791798 0.0355870984494686 0.030638599768281
-3.4e+38 -3.4e+38 -3.4e+38 -3.4e+38 -3.4e+38 -3.4e+38 -3.4e+38 -3.4e+38 0.271764993667603 0.275339990854263 0.280027002096176 0.285252004861832 0.291034013032913 0.29637798666954 0.300821989774704 -3.4e+38 -3.4e+38 -3.4e+38 0.294093996286392 0.282339990139008 0.270617991685867 0.257593005895615 0.24533300101757 0.233721002936363 0.221848994493484 0.219882994890213 0.222681000828743 0.224737003445625 0.232828006148338 0.234781995415688 0.237342998385429 0.241294994950294 0.238860994577408 0.218482002615929 0.202199995517731 0.185949996113777 0.169352993369102 0.152660995721817 0.137327998876572 0.125046998262405 0.125899001955986 0.132703006267548 0.140062004327774 0.147062003612518 0.116511002182961 0.0916462987661362 0.076341301202774 0.0679548978805542 0.065401703119278 0.0630156993865967 0.0613696984946728 0.0596599988639355 0.060021698474884 0.0622691996395588 0.0629737973213196 0.0562958009541035 0.0469954013824463 0.0393396988511086
-3.4e+38 -3.4e+38 -3.4e+38 -3.4e+38 -3.4e+38 -3.4e+38 0.255764007568359 0.272145986557007 0.288107007741928 0.30442601442337 0.3142069876194 0.322544991970062 0.332219988107681 0.340703994035721 0.340718001127243 -3.4e+38 -3.4e+38 -3.4e+38 0.317295998334885 0.305193990468979 0.295175999403 0.282988011837006 0.271910011768341 0.262122988700867 0.252153009176254 0.250073999166489 0.250789999961853 0.253811985254288 0.260378986597061 0.266348987817764 0.268444001674652 0.270384013652802 0.267502009868622 0.248526006937027 0.229083001613617 0.209767997264862 0.191271007061005 -3.4e+38 0.1615120023489 0.147998005151749 0.152447998523712 0.163181006908417 -3.4e+38 0.186326995491982 0.148487001657486 0.121913000941277 0.102783001959324 0.0900857001543045 0.0855431035161018 0.0810426026582718 0.0782037004828453 0.0779934972524643 0.078183501958847 0.0789323002099991 0.0792376026511192 0.0725898966193199 0.064240001142025 0.0556195005774498
-3.4e+38 -3.4e+38 -3.4e+38 0.204842999577522 0.199204996228218 0.202125996351242 0.215983003377914 0.24533699452877 0.282712012529373 0.323852986097336 0.341980993747711 0.350589007139206 0.359775006771088 0.370099991559982 0.363617986440659 -3.4e+38 -3.4e+38 -3.4e+38 -3.4e+38 0.323965013027191 0.314529001712799 0.302444010972977 0.289124995470047 0.280027985572815 0.271921008825302 0.269091993570328 0.267895996570587 0.271843999624252 0.277328014373779 0.280553996562958 0.286327987909317 0.290309011936188 -3.4e+38 0.270992994308472 0.250865012407303 0.231349006295204 0.213084995746613 0.199503004550934 0.186493992805481 0.172946006059647 0.179919004440308 0.194049000740051 0.210080996155739 0.224891006946564 0.198572993278503 0.175185993313789 0.152496993541718 0.136297002434731 0.127222001552582 0.117577001452446 0.108373001217842 0.10317499935627 0.0995834022760391 0.0972265005111694 0.095251701772213 0.091459296643734 0.0871964022517204 0.0818314030766487
0.25993600487709 0.261108994483948 0.25704699754715 0.218518003821373 0.197694003582001 0.202653005719185 0.219262003898621 0.248528003692627 0.284754008054733 -3.4e+38 -3.4e+38 -3.4e+38 -3.4e+38 -3.4e+38 -3.4e+38 -3.4e+38 -3.4e+38 -3.4e+38 -3.4e+38 0.341394007205963 0.332004010677338 0.321886003017426 0.310954988002777 0.299735009670258 0.290708988904953 0.287483006715775 0.289510995149612 0.291471987962723 0.292845994234085 0.29569199681282 0.300599992275238 -3.4e+38 0.303510010242462 0.286413997411728 0.27020999789238 0.254875004291534 0.240206003189087 0.226352006196976 0.212897002696991 0.199866995215416 -3.4e+38 0.228072002530098 0.247916996479034 0.273990988731384 -3.4e+38 0.243927001953125 0.228808999061584 0.210690006613731 0.186018005013466 0.167246997356415 0.148197993636131 0.133683994412422 0.124605998396873 0.118309997022152 0.121143996715546 0.118813998997211 0.114970996975899 0.116467997431755
0.320843011140823 0.335314989089966 0.337278008460999 0.308207988739014 0.280620008707047 0.275435000658035 0.284705996513367 -3.4e+38 -3.4e+38 -3.4e+38 -3.4e+38 -3.4e+38 -3.4e+38 -3.4e+38 -3.4e+38 -3.4e+38 -3.4e+38 -3.4e+38 -3.4e+38 -3.4e+38 0.348697990179062 0.340932995080948 0.331092000007629 0.321444988250732 0.31283900141716 0.310229986906052 0.309574991464615 -3.4e+38 0.308384001255035 0.309992998838425 0.311832994222641 -3.4e+38 0.311089009046555 0.293325006961823 0.276546001434326 0.261249989271164 0.251168996095657 0.244295999407768 0.237362995743752 0.230514004826546 0.243710994720459 0.270325005054474 0.298844009637833 0.327122002840042 -3.4e+38 -3.4e+38 0.294871985912323 0.279076993465424 0.252813011407852 0.226509004831314 0.203202992677689 0.184217005968094 0.165569007396698 0.145923003554344 0.127848997712135 0.125223994255066 0.128433004021645 0.126733005046844
0.380428999662399 0.407388985157013 0.424650013446808 0.411318987607956 0.395361989736557 -3.4e+38 -3.4e+38 -3.4e+38 -3.4e+38 -3.4e+38 -3.4e+38 -3.4e+38 -3.4e+38 -3.4e+38 -3.4e+38 -3.4e+38 -3.4e+38 -3.4e+38 -3.4e+38 -3.4e+38 -3.4e+38 0.358117997646332 0.350616008043289 0.342608004808426 0.334549009799957 0.331333011388779 0.329578995704651 -3.4e+38 -3.4e+38 0.323996007442474 0.323260992765427 0.322804003953934 0.318497985601425 0.30298900604248 0.286224007606506 0.27004998922348 0.262030005455017 0.261559009552002 0.261085987091064 0.262050002813339 0.285014986991882 0.315636992454529 0.348399996757507 0.382984012365341 -3.4e+38 -3.4e+38 -3.4e+38 -3.4e+38 0.325585007667542 0.298438996076584 -3.4e+38 -3.4e+38 0.211541995406151 0.178085997700691 0.143748998641968 0.140126004815102 0.139272004365921 0.136026993393898
-3.4e+38 -3.4e+38 -3.4e+38 -3.4e+38 -3.4e+38 -3.4e+38 -3.4e+38 0.463667988777161 0.456981986761093 0.451741009950638 0.449095010757446 -3.4e+38 -3.4e+38 -3.4e+38 -3.4e+38 -3.4e+38 -3.4e+38 -3.4e+38 -3.4e+38 -3.4e+38 -3.4e+38 -3.4e+38 0.371243000030518 0.364832013845444 0.35785099864006 0.353248000144958 0.349433988332748 -3.4e+38 -3.4e+38 -3.4e+38 -3.4e+38 0.335974007844925 0.331333994865417 0.315809994935989 0.300523996353149 0.28491398692131 0.280000001192093 0.283881992101669 0.288659006357193 0.294369012117386 0.31801301240921 0.347328007221222 0.380230993032455 0.41211399435997 0.410737007856369 -3.4e+38 -3.4e+38 -3.4e+38 -3.4e+38 0.352490991353989 0.327798992395401 -3.4e+38 -3.4e+38 0.234856992959976 0.199651002883911 0.177836000919342 0.168872997164726 0.158067002892494
0.438800990581512 0.460247009992599 0.475773006677628 0.480219006538391 0.483251005411148 0.487480014562607 0.486256986856461 0.485801011323929 0.477001011371613 0.468896001577377 0.465680986642838 0.462572991847992 0.46000000834465 0.457677990198135 0.448743999004364 0.439911991357803 -3.4e+38 -3.4e+38 -3.4e+38 -3.4e+38 -3.4e+38 -3.4e+38 -3.4e+38 0.385800004005432 0.379599988460541 0.375147014856339 0.371053010225296 -3.4e+38 -3.4e+38 -3.4e+38 -3.4e+38 0.351992011070251 0.345835000276566 0.334015995264053 0.321799010038376 0.309634000062943 0.305456012487411 0.308342009782791 0.313993006944656 0.320329010486603 0.340142011642456 0.365217000246048 0.391891986131668 0.419293999671936 0.420107007026672 0.422738999128342 -3.4e+38 -3.4e+38 -3.4e+38 -3.4e+38 -3.4e+38 0.347101002931595 0.31955099105835 0.290948987007141 0.266158014535904 0.240621000528336 0.218853995203972 0.200360998511314
0.45746698975563 0.471653014421463 0.484160989522934 0.49193599820137 0.496176987886429 0.505454003810883 0.504815995693207 0.503796994686127 0.496206998825073 0.484629988670349 0.4792859852314 0.475868999958038 0.471937000751495 0.468360006809235 0.460967004299164 0.452969014644623 0.444738000631332 -3.4e+38 -3.4e+38 -3.4e+38 -3.4e+38 -3.4e+38 -3.4e+38 0.406958013772964 0.401652008295059 0.39724999666214 0.393195986747742 -3.4e+38 -3.4e+38 -3.4e+38 0.373201996088028 0.36778798699379 0.361086010932922 0.352517008781433 0.342896014451981 0.334188014268875 0.331041991710663 0.334890007972717 0.340030014514923 0.345696002244949 0.361683011054993 0.382907003164291 0.403551995754242 0.424347013235092 0.428730994462967 0.433829993009567 -3.4e+38 -3.4e+38 -3.4e+38 -3.4e+38 -3.4e+38 -3.4e+38 0.370108008384705 0.348302990198135 0.324889987707138 0.29457500576973 0.266250014305115 0.248275995254517
0.432141989469528 -3.4e+38 -3.4e+38 -3.4e+38 -3.4e+38 -3.4e+38 -3.4e+38 -3.4e+38 0.485908985137939 0.48318800330162 0.481231987476349 0.479968011379242 0.482562988996506 0.484277993440628 0.475585997104645 0.468872010707855 0.461219012737274 -3.4e+38 -3.4e+38 -3.4e+38 -3.4e+38 -3.4e+38 -3.4e+38 -3.4e+38 0.419322997331619 0.415531992912292 0.411794006824493 0.408046990633011 0.40429100394249 0.397540003061295 0.390401989221573 0.383832007646561 0.377510994672775 0.36999899148941 0.362058013677597 0.355170011520386 0.353302985429764 0.354396998882294 0.356786012649536 0.358449995517731 0.371957004070282 -3.4e+38 0.40606901049614 0.423539012670517 0.429143995046616 0.434484988451004 0.440890997648239 -3.4e+38 -3.4e+38 -3.4e+38 -3.4e+38 -3.4e+38 -3.4e+38 -3.4e+38 0.362619996070862 0.342447996139526 0.320165008306503 0.300022006034851
-3.4e+38 -3.4e+38 -3.4e+38 -3.4e+38 -3.4e+38 -3.4e+38 0.490608006715775 0.483153998851776 0.480419993400574 0.483249008655548 0.482804000377655 0.481824994087219 0.490004986524582 0.497909992933273 0.490440994501114 0.483711004257202 0.476072996854782 -3.4e+38 -3.4e+38 -3.4e+38 -3.4e+38 -3.4e+38 -3.4e+38 -3.4e+38 -3.4e+38 0.433059990406036 0.429634004831314 0.426182985305786 0.422708988189697 0.4149169921875 0.407110989093781 0.399060994386673 0.391786009073257 0.386330991983414 0.382070988416672 -3.4e+38 -3.4e+38 -3.4e+38 0.372810006141663 0.37067499756813 0.381096988916397 0.394881993532181 0.407638013362885 0.421683996915817 0.429163008928299 0.43673899769783 0.442941009998322 -3.4e+38 -3.4e+38 -3.4e+38 -3.4e+38 -3.4e+38 -3.4e+38 -3.4e+38 -3.4e+38 0.388213008642197 0.379036009311676 0.367487013339996
-3.4e+38 -3.4e+38 -3.4e+38 -3.4e+38 -3.4e+38 0.442905992269516 0.445493012666702 0.455707013607025 0.473132014274597 0.488469004631042 0.491979986429214 0.490081012248993 0.499219000339508 0.509114980697632 0.501280009746552 0.49371999502182 0.485080003738403 0.477436989545822 0.471994996070862 -3.4e+38 -3.4e+38 -3.4e+38 -3.4e+38 -3.4e+38 -3.4e+38 -3.4e+38 0.440324008464813 0.437451988458633 0.434626996517181 0.427527993917465 0.419854998588562 0.411911010742188 -3.4e+38 -3.4e+38 -3.4e+38 -3.4e+38 -3.4e+38 0.391671985387802 0.388195008039474 0.384878009557724 0.39190798997879 0.402038991451263 0.412353992462158 0.422495007514954 0.429325997829437 0.435907006263733 0.444095999002457 -3.4e+38 -3.4e+38 -3.4e+38 -3.4e+38 -3.4e+38 -3.4e+38 -3.4e+38 -3.4e+38 -3.4e+38 -3.4e+38 0.407198995351791
-3.4e+38 -3.4e+38 -3.4e+38 -3.4e+38 0.362502992153168 0.357109993696213 0.378628998994827 0.419425994157791 0.459311991930008 0.49787700176239 0.508064985275269 0.511110007762909 0.513742029666901 0.518468022346497 0.506900012493134 0.497566014528275 0.486950993537903 0.47894099354744 0.474938005208969 0.470600992441177 0.46619901061058 0.462341010570526 0.45856899023056 0.45474299788475 0.450621992349625 0.447802007198334 0.445953011512756 -3.4e+38 -3.4e+38 -3.4e+38 -3.4e+38 -3.4e+38 -3.4e+38 -3.4e+38 -3.4e+38 -3.4e+38 -3.4e+38 0.408493012189865 0.405263990163803 0.401901990175247 0.405901998281479 0.411576986312866 0.418123006820679 0.42282098531723 0.428393006324768 0.434848010540009 0.441107004880905 0.44591099023819 -3.4e+38 -3.4e+38 -3.4e+38 -3.4e+38 -3.4e+38 -3.4e+38 -3.4e+38 -3.4e+38 -3.4e+38 -3.4e+38
-3.4e+38 -3.4e+38 -3.4e+38 -3.4e+38 0.293410986661911 0.313223004341125 0.353904992341995 0.393999010324478 0.446833997964859 0.517639994621277 0.534639000892639 0.531608998775482 0.527831017971039 0.523581981658936 0.511938989162445 0.499143004417419 0.48726499080658 0.477219998836517 0.474624007940292 0.471220999956131 0.46747499704361 0.464143991470337 0.46050301194191 0.456847995519638 0.453299999237061 0.452219009399414 0.451119005680084 0.449826002120972 0.448435992002487 -3.4e+38 -3.4e+38 -3.4e+38 -3.4e+38 -3.4e+38 -3.4e+38 -3.4e+38 0.426968991756439 0.423426002264023 0.420248001813889 0.416997998952866 0.417313992977142 0.419366985559464 0.421214014291763 0.423866003751755 0.430045008659363 0.434439986944199 0.438836008310318 0.443152010440826 0.44403201341629 -3.4e+38 -3.4e+38 -3.4e+38 -3.4e+38 -3.4e+38 -3.4e+38 -3.4e+38 -3.4e+38 -3.4e+38
-3.4e+38 -3.4e+38 -3.4e+38 -3.4e+38 0.357457995414734 0.368699014186859 0.387596994638443 0.420210003852844 0.473293989896774 0.5191810131073 0.522134006023407 0.518854022026062 0.52633398771286 0.532718002796173 0.523966014385223 0.514279007911682 0.504423975944519 0.496720999479294 0.488631010055542 0.479072004556656 0.46917599439621 0.46390700340271 0.463014006614685 0.462226986885071 0.461764007806778 0.461600989103317 0.46060699224472 0.458707988262177 0.456788003444672 0.451377987861633 0.44692200422287 0.445109009742737 0.443562000989914 0.443394005298615 0.442790985107422 0.442189991474152 0.441424012184143 0.440643012523651 0.439352989196777 0.43885600566864 0.439060986042023 0.441226989030838 0.442173987627029 0.443675994873047 0.445170998573303 0.446052014827728 0.446869999170303 0.447804003953934 0.448680996894836 0.449782013893127 -3.4e+38 -3.4e+38 -3.4e+38 -3.4e+38 -3.4e+38 -3.4e+38 -3.4e+38 -3.4e+38
-3.4e+38 -3.4e+38 -3.4e+38 0.446887999773026 0.428983002901077 0.416700005531311 0.433658987283707 0.468834012746811 0.506038010120392 0.536395013332367 0.532993972301483 0.517804980278015 0.522836029529572 0.542882978916168 0.535045981407166 0.526919007301331 0.520241022109985 0.511618971824646 0.497599989175797 0.483426004648209 0.469042003154755 0.462742000818253 0.464195996522903 0.466565012931824 0.468068987131119 0.466650009155273 0.463501006364822 0.45924898982048 0.454688996076584 0.452403992414474 0.451579004526138 0.45201900601387 0.452668011188507 0.454005986452103 0.454358011484146 0.455280989408493 0.457204014062881 0.459273993968964 0.460725992918015 0.461571991443634 0.461988002061844 0.46204799413681 0.462444990873337 0.462927997112274 0.459904998540878 0.456995010375977 0.454008996486664 0.451873004436493 0.452841997146606 0.453505992889404 -3.4e+38 -3.4e+38 -3.4e+38 -3.4e+38 -3.4e+38 -3.4e+38 -3.4e+38 -3.4e+38
-3.4e+38 -3.4e+38 -3.4e+38 0.471902996301651 0.477631002664566 0.475098997354507 0.489567995071411 0.5088170170784 0.527613997459412 0.544490993022919 0.536022007465363 0.520923972129822 0.520940005779266 0.54252302646637 0.536754012107849 0.530269026756287 0.523899018764496 0.515290021896362 0.498466014862061 0.482322990894318 0.465977013111115 0.459677010774612 0.463683992624283 0.467105001211166 0.470898002386093 0.468638002872467 0.4653480052948 0.462848991155624 0.461829990148544 0.461656987667084 0.461282014846802 0.460532993078232 0.460179001092911 0.461006999015808 0.463490009307861 0.465631991624832 0.468246012926102 0.470912992954254 0.472133010625839 0.473538994789124 0.474119007587433 0.474070996046066 0.472862005233765 0.471110999584198 0.467070996761322 0.46307098865509 0.458232998847961 0.454706996679306 0.454145014286041 0.453604996204376 0.452396988868713 -3.4e+38 -3.4e+38 -3.4e+38 -3.4e+38 -3.4e+38 -3.4e+38 -3.4e+38
-3.4e+38 -3.4e+38 -3.4e+38 0.432202994823456 0.483397990465164 0.529704988002777 0.542223989963531 0.540212988853455 0.542919993400574 0.546078026294708 0.534528017044067 0.525211989879608 0.521332025527954 0.53014200925827 0.525659024715424 0.520996987819672 -3.4e+38 -3.4e+38 0.492462992668152 0.477806001901627 0.469361990690231 0.467139005661011 0.470185995101929 0.473773002624512 0.477351009845734 0.477037996053696 0.475986987352371 0.474251002073288 0.472712993621826 0.471933007240295 0.472582012414932 0.473641008138657 0.473856002092361 0.476745992898941 0.479254990816116 0.481954008340836 0.480787992477417 0.478249996900558 0.477549999952316 0.476298987865448 0.475650995969772 0.476350009441376 0.476101994514465 0.475003004074097 0.468122988939285 0.463598012924194 0.460269004106522 0.456790000200272 0.453954011201859 0.449735999107361 0.445724010467529 0.443906009197235 -3.4e+38 -3.4e+38 -3.4e+38 -3.4e+38 -3.4e+38 -3.4e+38
-3.4e+38 -3.4e+38 -3.4e+38 0.360969007015228 0.481471002101898 0.572493970394135 0.593199014663696 -3.4e+38 -3.4e+38 -3.4e+38 -3.4e+38 -3.4e+38 -3.4e+38 0.518034994602203 -3.4e+38 -3.4e+38 -3.4e+38 -3.4e+38 -3.4e+38 0.480441987514496 0.477023988962173 0.475896000862122 0.480017989873886 0.484275996685028 0.488921999931335 0.488606005907059 0.486111998558044 0.484843999147415 0.481992989778519 0.479304999113083 0.480121999979019 0.480596005916595 0.483135998249054 0.490714997053146 0.497211992740631 0.503638029098511 0.502894997596741 0.496372997760773 0.491697013378143 0.488456010818481 0.48479101061821 0.488633990287781 0.49192801117897 0.492632001638412 0.487847000360489 0.48199200630188 0.475798010826111 0.468852013349533 0.4583899974823 0.447109013795853 0.439083009958267 0.436241000890732 0.439042001962662 -3.4e+38 -3.4e+38 -3.4e+38 -3.4e+38 -3.4e+38
-3.4e+38 -3.4e+38 0.426692008972168 0.481287002563477 0.533285975456238 0.567496001720428 -3.4e+38 -3.4e+38 -3.4e+38 -3.4e+38 -3.4e+38 -3.4e+38 -3.4e+38 -3.4e+38 -3.4e+38 -3.4e+38 -3.4e+38 -3.4e+38 -3.4e+38 -3.4e+38 0.477629005908966 0.475423991680145 0.477701008319855 0.479265987873077 0.480176985263824 0.479404002428055 0.47954198718071 0.479303985834122 0.481103986501694 0.48701998591423 0.492220014333725 0.49670198559761 0.500316977500916 0.499590009450912 0.498861998319626 0.497364014387131 0.495707005262375 0.491378992795944 0.487066000699997 0.482594013214111 0.476033002138138 0.47631499171257 0.485686987638474 0.495456010103226 0.493335992097855 0.490485996007919 0.485502988100052 0.480136007070541 0.4723199903965 0.46204400062561 0.452948004007339 0.446164011955261 0.443690001964569 0.441170990467072 -3.4e+38 -3.4e+38 -3.4e+38 -3.4e+38
-3.4e+38 -3.4e+38 0.539862990379333 0.550999999046326 0.561176002025604 -3.4e+38 -3.4e+38 -3.4e+38 -3.4e+38 -3.4e+38 -3.4e+38 -3.4e+38 -3.4e+38 -3.4e+38 -3.4e+38 -3.4e+38 -3.4e+38 -3.4e+38 -3.4e+38 -3.4e+38 0.485071986913681 0.482639998197556 0.48234099149704 0.482019007205963 0.481784999370575 0.481700986623764 -3.4e+38 -3.4e+38 -3.4e+38 -3.4e+38 -3.4e+38 -3.4e+38 0.515899002552032 0.50737202167511 0.499238014221191 0.48929300904274 -3.4e+38 -3.4e+38 -3.4e+38 0.483238995075226 0.475293010473251 0.47011798620224 0.478334009647369 0.491257011890411 0.495602011680603 0.497649997472763 0.495644003152847 0.491874992847443 0.485074996948242 0.478567004203796 0.471976011991501 0.467337012290955 0.465824007987976 0.464381009340286 0.461807996034622 -3.4e+38 -3.4e+38 -3.4e+38
-3.4e+38 0.570975005626678 0.568405985832214 0.568135976791382 0.56836599111557 -3.4e+38 -3.4e+38 -3.4e+38 -3.4e+38 -3.4e+38 -3.4e+38 -3.4e+38 -3.4e+38 -3.4e+38 -3.4e+38 -3.4e+38 -3.4e+38 -3.4e+38 -3.4e+38 -3.4e+38 0.489582985639572 0.487055987119675 0.484732985496521 -3.4e+38 -3.4e+38 -3.4e+38 -3.4e+38 -3.4e+38 -3.4e+38 -3.4e+38 -3.4e+38 -3.4e+38 0.509642004966736 0.502448976039886 0.492168992757797 -3.4e+38 -3.4e+38 -3.4e+38 -3.4e+38 -3.4e+38 -3.4e+38 -3.4e+38 -3.4e+38 -3.4e+38 0.478926986455917 0.485621988773346 0.489794999361038 0.491382002830505 0.488218992948532 0.485285997390747 0.48207700252533 0.480035006999969 0.477701008319855 0.47630700469017 0.472304999828339 0.469229012727737 -3.4e+38 -3.4e+38
-3.4e+38 -3.4e+38 0.559240996837616 0.559391975402832 0.559683978557587 -3.4e+38 -3.4e+38 -3.4e+38 -3.4e+38 -3.4e+38 -3.4e+38 -3.4e+38 -3.4e+38 -3.4e+38 -3.4e+38 -3.4e+38 -3.4e+38 -3.4e+38 -3.4e+38 -3.4e+38 -3.4e+38 0.480233997106552 -3.4e+38 -3.4e+38 -3.4e+38 -3.4e+38 -3.4e+38 -3.4e+38 -3.4e+38 -3.4e+38 -3.4e+38 -3.4e+38 -3.4e+38 0.483278006315231 0.477809011936188 -3.4e+38 -3.4e+38 -3.4e+38 -3.4e+38 -3.4e+38 -3.4e+38 -3.4e+38 -3.4e+38 -3.4e+38 -3.4e+38 0.458204001188278 0.466075003147125 0.473661005496979 0.478498011827469 0.481274992227554 0.481804996728897 0.484090000391006 0.483992010354996 0.483603000640869 0.482957988977432 0.481436997652054 0.476621985435486 -3.4e+38
-3.4e+38 -3.4e+38 0.548386991024017 0.548089981079102 -3.4e+38 -3.4e+38 -3.4e+38 -3.4e+38 -3.4e+38 -3.4e+38 -3.4e+38 -3.4e+38 -3.4e+38 -3.4e+38 -3.4e+38 -3.4e+38 -3.4e+38 -3.4e+38 -3.4e+38 -3.4e+38 -3.4e+38 -3.4e+38 -3.4e+38 -3.4e+38 -3.4e+38 -3.4e+38 -3.4e+38 -3.4e+38 -3.4e+38 -3.4e+38 -3.4e+38 -3.4e+38 -3.4e+38 -3.4e+38 -3.4e+38 -3.4e+38 -3.4e+38 -3.4e+38 -3.4e+38 -3.4e+38 -3.4e+38 -3.4e+38 -3.4e+38 -3.4e+38 -3.4e+38 0.434311002492905 0.439761012792587 0.458768993616104 0.463966995477676 0.473241001367569 0.47987499833107 0.486542999744415 0.488972008228302 0.489728987216949 0.490381985902786 0.492330014705658 0.493023991584778 0.493836998939514
