results/Predictions/Median/Selandian.asc
NCOLS 360 
NROWS 180 
XLLCORNER -180 
YLLCORNER -90 
CELLSIZE 1 
NODATA_value -3.4e+38 
[rows 140 to 159 of 180, columns 220 to 263 of 360]
2.41460002143867e-05 2.37620006373618e-05 2.34152994380565e-05 2.30137993639801e-05 2.26100000872975e-05 2.23541992454557e-05 2.22456001210958e-05 2.21379996219184e-05 2.20306992559927e-05 2.20659003389301e-05 2.20830006583128e-05 2.20976999116829e-05 2.21123991650529e-05 2.23421993723605e-05 2.26534993998939e-05 2.30036002903944e-05 2.32897000387311e-05 2.33702994592022e-05 2.34511007874971e-05 2.41762991208816e-05 0.000773147970903665 0.0136540997773409 0.0469744987785816 0.0486145988106728 -3.4e+38 -3.4e+38 0.0482424981892109 0.0469249002635479 0.0465005002915859 0.0460361987352371 0.0457005016505718 0.0456274002790451 0.0380543991923332 0.0307586006820202 0.0086516197770834 0.000108216001535766 2.73831992672058e-05 2.86973991023842e-05 3.03564993373584e-05 3.1684001442045e-05 3.29676004184876e-05 3.43034007528331e-05 3.56937998731155e-05 3.66193016816396e-05
1.95585998881143e-05 1.94008007383673e-05 1.92118004633812e-05 1.90226000995608e-05 1.88285994227044e-05 1.87155001185602e-05 1.86819997907151e-05 1.86485995072871e-05 1.8615099179442e-05 1.86539000424091e-05 1.87170007848181e-05 1.87801997526549e-05 1.88437006727327e-05 1.91780000022845e-05 1.95183001778787e-05 1.98294001165777e-05 2.00437007151777e-05 2.01177008420927e-05 2.02055998670403e-05 2.05000997084426e-05 2.05437008844456e-05 2.57887004408985e-05 0.000527338997926563 0.0295021999627352 0.045423898845911 0.0451676994562149 0.0437266007065773 0.0425762012600899 0.0419632010161877 0.0410525016486645 0.040233701467514 0.0401519984006882 0.0407912991940975 0.0407589003443718 0.0343778990209103 0.0225677005946636 0.000106100997072645 2.49744007305708e-05 2.6656800400815e-05 2.78922998404596e-05 2.93362991214963e-05 3.08806993416511e-05 3.23087006108835e-05 3.32825984514784e-05
1.56889000209048e-05 1.57438007590827e-05 1.56991991389077e-05 1.56851001520408e-05 1.56711994350189e-05 1.56903006427456e-05 1.57398008013843e-05 1.57894992298679e-05 1.58338007167913e-05 1.58841994561953e-05 1.5937499483698e-05 1.59908995556179e-05 1.6044399671955e-05 1.63848999363836e-05 1.6732399672037e-05 1.70645998878172e-05 1.7339400073979e-05 1.74566994246561e-05 1.75586992554599e-05 1.76448993443046e-05 1.77242000063416e-05 1.77964993781643e-05 1.78717000380857e-05 1.83966003532987e-05 2.63264992099721e-05 0.0205100998282433 0.0357719995081425 0.0362760983407497 0.0358863994479179 0.0353136993944645 0.0346332006156445 0.0343291983008385 0.0350680015981197 0.0354274995625019 0.0356041006743908 0.0369259007275105 0.0305128004401922 0.00432165991514921 0.000208565004868433 3.0041399440961e-05 2.59085991274333e-05 2.73586992989294e-05 2.89767995127477e-05 3.01044001389528e-05
1.40447000376298e-05 1.41122000059113e-05 1.40758002089569e-05 1.40394004120026e-05 1.40029997055535e-05 1.39953999678255e-05 1.40166002893238e-05 1.40375996124931e-05 1.40582997119054e-05 1.4057200132811e-05 1.40488000397454e-05 1.40402999022626e-05 1.40317997647799e-05 1.43255001603393e-05 1.46251995829516e-05 1.49310999404406e-05 1.52093998622149e-05 1.53896999108838e-05 1.55721991177415e-05 1.57567992573604e-05 1.59316005010623e-05 1.60963991220342e-05 1.62583000928862e-05 1.64058001246303e-05 1.62802007253049e-05 1.6116100596264e-05 1.97821991605451e-05 0.0259230006486177 0.0334547981619835 0.0323925986886024 0.028702899813652 0.0287357997149229 0.0294378995895386 0.0293058007955551 0.029678700491786 0.0308132991194725 0.0247007999569178 0.0249199997633696 0.0281795002520084 0.00410911999642849 2.29342003876809e-05 2.3892800527392e-05 2.5364099201397e-05 2.6576999516692e-05
1.25408996609622e-05 1.25997003124212e-05 1.47524997373694e-05 0.000836012011859566 1.24866000987822e-05 1.24698999570683e-05 1.24739999591839e-05 1.24777998280479e-05 1.24814996524947e-05 1.24400003187475e-05 1.23836998682236e-05 1.23276995509514e-05 1.22719002320082e-05 1.25251999634202e-05 1.27838002299541e-05 1.3047600077698e-05 1.33044004542171e-05 1.35281998154824e-05 1.37557999551063e-05 1.39871999635943e-05 1.42159997267299e-05 1.44419000207563e-05 1.46714000948123e-05 1.49045999933151e-05 1.48110002555768e-05 1.46013999255956e-05 1.43935003507067e-05 0.00231122993864119 0.0308686997741461 0.0315302014350891 0.0155958002433181 0.0125912996008992 0.00739974994212389 0.0113866003230214 0.00497268978506327 0.00332568003796041 0.016941899433732 0.0324935987591743 0.0336275994777679 0.0389900989830494 0.00520956004038453 2.06386994250352e-05 2.21071004489204e-05 2.35238003369886e-05
1.11543004095438e-05 1.11641002149554e-05 1.10440996650141e-05 1.09251996036619e-05 1.08076001197333e-05 1.85185999725945e-05 1.88907997653587e-05 1.0605200259306e-05 1.05639001048985e-05 1.04842001746874e-05 1.03701995612937e-05 1.02575995697407e-05 1.01461000667769e-05 1.04231003206223e-05 1.07076002677786e-05 1.09540997073054e-05 1.12197003545589e-05 1.14746999315685e-05 1.17372001113836e-05 1.20048998724087e-05 1.22659002954606e-05 1.25159003800945e-05 1.27609000628581e-05 1.30107000586577e-05 1.29783002194017e-05 1.28518004203215e-05 1.27262001115014e-05 1.26016002468532e-05 2.19538997043855e-05 5.962379873381e-05 2.92168006126303e-05 2.77149993053172e-05 2.10298003366916e-05 1.69074992300011e-05 1.21343000500929e-05 1.2370100193948e-05 1.29583995658322e-05 1.36304997795378e-05 1.45721996887005e-05 1.94007006939501e-05 1.65754008776275e-05 1.76104003912769e-05 1.90114005818032e-05 2.07355005841237e-05
9.87475959846051e-06 9.84695998340612e-06 9.68900985753862e-06 9.51757010625442e-06 9.32209968595998e-06 9.13152962311869e-06 8.94576987775508e-06 8.76381000125548e-06 8.58555995364441e-06 8.41582004795782e-06 8.25099959911313e-06 8.11079007689841e-06 7.9866404121276e-06 8.25789993541548e-06 8.59449028212111e-06 8.94687036634423e-06 9.27888959267875e-06 9.52045957092196e-06 9.76747014647117e-06 1.00093002401991e-05 1.0198599738942e-05 1.03826996564749e-05 1.0619500244502e-05 1.08458998511196e-05 1.09095999505371e-05 1.09173997770995e-05 1.09314996734611e-05 1.09348002297338e-05 1.09499997051898e-05 1.09652000901406e-05 1.09804996100138e-05 1.10002001747489e-05 1.1033200280508e-05 1.10663004306844e-05 1.10385999505525e-05 1.12577999971109e-05 1.1713999811036e-05 1.22709998322534e-05 1.27375997180934e-05 1.35394002427347e-05 1.4571100109606e-05 1.56815003720112e-05 1.66951995197451e-05 1.79075996129541e-05
8.90187038748991e-06 8.78406990523217e-06 8.50369997351663e-06 8.2318001659587e-06 7.96857966633979e-06 7.70815040596062e-06 7.45078978070524e-06 7.20198977433029e-06 6.96148981660372e-06 6.7566202233138e-06 6.56588008496328e-06 6.38038000033703e-06 6.19996990280924e-06 6.54021005175309e-06 6.8991298576293e-06 7.27741007722216e-06 7.6391397669795e-06 7.88604029366979e-06 8.14189024822554e-06 8.3818504208466e-06 8.59873034642078e-06 8.79036997503135e-06 8.98629969015019e-06 9.18660043680575e-06 9.29163979890291e-06 9.36449032451492e-06 9.43934992392315e-06 9.5148398031597e-06 9.57422980718547e-06 9.63726961344946e-06 9.70759992924286e-06 9.78638036031043e-06 9.88987994787749e-06 9.96441031020368e-06 1.00373999885051e-05 1.02641997727915e-05 1.0631900295266e-05 1.09516995507875e-05 1.12577999971109e-05 1.1967799764534e-05 1.28084002426476e-05 1.37602000904735e-05 1.47827995533589e-05 1.61149000632577e-05
6.92086996423313e-06 6.68711982143577e-06 6.39948984826333e-06 6.12426993029658e-06 5.86090982324095e-06 5.7138099691656e-06 5.67458982914104e-06 5.63563980904291e-06 5.59695990887121e-06 5.60294984097709e-06 5.62384002478211e-06 5.64479978493182e-06 5.66585003980435e-06 6.07348010817077e-06 6.51051004751935e-06 6.97929999660118e-06 7.40156019674032e-06 7.54849997974816e-06 7.70902988733724e-06 7.87296994531062e-06 8.06134994491003e-06 8.26532959763426e-06 8.47349019750254e-06 8.68690040078945e-06 8.78829996509012e-06 8.85162990016397e-06 8.91162017069291e-06 8.96024994290201e-06 9.01976000022842e-06 9.0919802460121e-06 9.16478984436253e-06 9.24445976124844e-06 9.34389026951976e-06 9.40517020353582e-06 9.48565957514802e-06 9.64915034273872e-06 9.92379955278011e-06 1.01903997347108e-05 1.04725004348438e-05 1.09964003058849e-05 1.16535002234741e-05 1.23521003843052e-05 1.31431997942855e-05 1.43284996738657e-05
5.36083007318666e-06 5.08563016410335e-06 4.82399991597049e-06 4.57586020274903e-06 4.34051980846561e-06 4.26877977588447e-06 4.35270021625911e-06 4.43827002527541e-06 4.52552012575325e-06 4.66739993498777e-06 4.8320598580176e-06 5.00255009683315e-06 5.1790698307741e-06 5.64113997825189e-06 6.14453983871499e-06 6.69522978569148e-06 7.18185992809595e-06 7.2254401857208e-06 7.29754992789822e-06 7.37037998987944e-06 7.49294986235327e-06 7.74343970988411e-06 7.97616030467907e-06 8.2144597399747e-06 8.30265980766853e-06 8.33708963909885e-06 8.37167044664966e-06 8.43002999317832e-06 8.50351989356568e-06 8.57765007822309e-06 8.65242964209756e-06 8.73265980771976e-06 8.82814038050128e-06 8.90849969437113e-06 9.01378007256426e-06 9.18320984055754e-06 9.38325956667541e-06 9.59411954681855e-06 9.70093969954178e-06 1.01203995654942e-05 1.06506004158291e-05 1.1190099939995e-05 1.17109002530924e-05 1.26302002172451e-05
4.31838998338208e-06 4.05075979870162e-06 3.86593001167057e-06 3.67437996828812e-06 3.49194010595966e-06 3.46075989909878e-06 3.57778003490239e-06 3.69619010598399e-06 3.81849986297311e-06 4.01760007662233e-06 4.22382981923874e-06 4.44450006398256e-06 4.69478982267901e-06 5.24165989190806e-06 5.82157008466311e-06 6.46583021080005e-06 7.02589977663592e-06 7.01278986525722e-06 7.02664010532317e-06 7.04051990396692e-06 7.17889997758903e-06 7.41341000320972e-06 7.73979991208762e-06 8.01305031927768e-06 8.13420956546906e-06 8.17071031633532e-06 8.21276989881881e-06 8.28385964268818e-06 8.37378956930479e-06 8.46470993565163e-06 8.55660982779227e-06 8.65430956764612e-06 8.76765989232808e-06 8.8219403551193e-06 8.90069986780873e-06 9.14606971491594e-06 9.3012304205331e-06 9.43387021834496e-06 9.56841995503055e-06 9.87511975836242e-06 1.02885996966506e-05 1.07801997728529e-05 1.12268999146181e-05 1.19722999443184e-05
3.62724995284225e-06 3.36346988660807e-06 3.2611399092275e-06 3.16182990900415e-06 3.06798006022291e-06 3.06079004985804e-06 3.15604006573267e-06 3.25426003655593e-06 3.35552999786159e-06 3.55965994458529e-06 3.76774005417246e-06 3.98142992708017e-06 4.19793013861636e-06 4.85272994410479e-06 5.53690006199758e-06 6.29228998150211e-06 6.93014999342267e-06 6.90143997417181e-06 6.88193995301845e-06 6.84114002069691e-06 6.94855998517596e-06 7.31843010726152e-06 7.67911024013301e-06 8.09592984296614e-06 8.24529979581712e-06 8.32802015793277e-06 8.38363030197797e-06 8.45973045215942e-06 8.56777023727773e-06 8.68541974341497e-06 8.81880987435579e-06 8.92659954843111e-06 9.03742966329446e-06 9.17927991395118e-06 9.32326020119945e-06 9.46950967772864e-06 9.64793980529066e-06 9.81941957434174e-06 9.99380972643849e-06 1.0304999705113e-05 1.06640000012703e-05 1.10362998384517e-05 1.14211998152314e-05 1.21971997941728e-05
3.02076000480156e-06 2.80095991911367e-06 2.76710011348769e-06 2.70316991191066e-06 2.64071991296078e-06 2.65803009824594e-06 2.74168996838853e-06 2.82800010609208e-06 2.91702008325956e-06 3.09779989038361e-06 3.31756996274635e-06 3.51656990460469e-06 3.71793998965586e-06 4.4214898480277e-06 5.26618987350957e-06 6.12342000749777e-06 6.84391989125288e-06 6.79186996421777e-06 6.69250994178583e-06 6.57340979159926e-06 6.74870989314513e-06 7.2246698437084e-06 7.70862970966846e-06 8.13737005955772e-06 8.3250597526785e-06 8.41990004118998e-06 8.51582990435418e-06 8.61286025610752e-06 8.71770043886499e-06 8.87227997736773e-06 9.03061027202057e-06 9.18728983378969e-06 9.33301998884417e-06 9.48108026932459e-06 9.6507801572443e-06 9.85507995210355e-06 1.0057899999083e-05 1.02648000392946e-05 1.04761002148734e-05 1.06757997855311e-05 1.09962002170505e-05 1.1278900274192e-05 1.16185001388658e-05 1.24216003314359e-05
1.76237995219708e-06 1.53870996655314e-06 1.51364997691417e-06 1.49057996168267e-06 1.46517004395719e-06 1.45092997172469e-06 1.4432799844144e-06 1.43567001487099e-06 1.43149998166336e-06 1.54719998590735e-06 1.68407996170572e-06 1.81306995727937e-06 1.93434993889241e-06 2.63341007666895e-06 3.48976004715951e-06 4.567690211843e-06 5.51105995327816e-06 5.52947994947317e-06 5.41112012797385e-06 5.27462998434203e-06 5.48313983017579e-06 5.98570977672352e-06 6.55746998745599e-06 7.17643979442073e-06 7.39800998417195e-06 7.48720003684866e-06 7.57310999688343e-06 7.63211028242949e-06 7.90540980233345e-06 8.18852004158543e-06 8.45603972265963e-06 8.71812972036423e-06 8.87472015165258e-06 8.99488986760844e-06 9.11669030756457e-06 9.24787036638008e-06 9.42311999097001e-06 9.70077962847427e-06 9.73641999735264e-06 9.87940984487068e-06 1.0104599823535e-05 1.03411002783105e-05 1.05851004263968e-05 1.09292996057775e-05
8.65570996211318e-07 7.54668974423112e-07 7.39838981189678e-07 7.28705003893992e-07 7.15467024292593e-07 6.99867996445391e-07 6.85426982727222e-07 6.7128399905414e-07 6.56533984511043e-07 6.92096989496349e-07 7.49149990042497e-07 8.03215016276226e-07 8.65299000452069e-07 1.4545900057783e-06 2.22895005208557e-06 3.29657996189781e-06 4.33885998063488e-06 4.33605009675375e-06 4.24070003646193e-06 4.04091997552314e-06 4.22447010350879e-06 4.85954979012604e-06 5.53690006199758e-06 6.1970499700692e-06 6.44651981929201e-06 6.56563997836201e-06 6.66267987980973e-06 6.75829005558626e-06 7.1066301643441e-06 7.54192979002255e-06 7.91810998634901e-06 8.21816956886323e-06 8.32723981147865e-06 8.41937981022056e-06 8.53070014272816e-06 8.64550020196475e-06 8.76286958373385e-06 8.90866976988036e-06 9.07078992895549e-06 9.21144965104759e-06 9.34604031499475e-06 9.48260003497126e-06 9.61703972279793e-06 9.54072038439335e-06
5.62669015380379e-07 5.09267010784242e-07 5.01136980801675e-07 4.93137974899582e-07 4.85266014038643e-07 4.71102993060413e-07 4.51208990170926e-07 4.32154990903655e-07 4.1390600813429e-07 4.08743005664292e-07 4.01857988663323e-07 3.83285993166282e-07 3.65581996675246e-07 6.54584994208562e-07 1.17002002752997e-06 1.8651099935596e-06 2.55833992923726e-06 2.64106006397924e-06 2.65748008132505e-06 2.57000010606134e-06 2.74678995992872e-06 3.12282008962939e-06 3.51261996911489e-06 3.92492984246928e-06 4.14276019000681e-06 4.27966006100178e-06 4.41283009422477e-06 4.52792983196559e-06 4.84072006656788e-06 5.18141996508348e-06 5.48150001122849e-06 5.78634990233695e-06 6.02500995228183e-06 6.27351982984692e-06 6.53228016744833e-06 6.71681982566952e-06 6.85315990267554e-06 6.94825985192438e-06 7.02622992321267e-06 7.12814016878838e-06 7.21932019587257e-06 7.31125010133837e-06 7.40437008062145e-06 7.27239012121572e-06
4.84727991079126e-07 5.09726987729664e-07 8.96912979442277e-07 0.000366033986210823 0.00104898004792631 0.001071110018529 0.00102166994474828 0.000969214015640318 0.000942171027418226 0.000222845003008842 4.97529015319742e-07 2.09340001333658e-07 1.61000002663059e-07 2.76847998748053e-07 4.80386972867564e-07 7.99762972292228e-07 1.09914003587619e-06 1.17879994832037e-06 1.27177997910621e-06 1.25731003208784e-06 1.3067799500277e-06 1.39336998472572e-06 1.55396003265196e-06 1.67143002727244e-06 1.85201997737749e-06 2.01028001356462e-06 2.16758007809403e-06 2.34333992921165e-06 2.45464002546214e-06 2.60588990386168e-06 2.74648004960909e-06 2.90644993583555e-06 3.01455997941957e-06 3.18926004183595e-06 3.29113004227111e-06 3.43536999025673e-06 3.67601001016737e-06 3.81356994694215e-06 4.00343014916871e-06 4.08899995818501e-06 4.1263901948696e-06 4.16099010180915e-06 4.20224978370243e-06 4.16496004618239e-06
0.00049427297199145 0.00111055001616478 0.00120435003191233 -3.4e+38 -3.4e+38 -3.4e+38 -3.4e+38 -3.4e+38 -3.4e+38 -3.4e+38 -3.4e+38 0.00015239100321196 0.000146359001519158 1.90817991096992e-05 2.7619000775303e-06 5.74436000988499e-07 6.39072027297516e-07 6.67145002353209e-07 6.43019006929535e-07 5.60690978090861e-07 5.13613997554785e-07 5.2768200475839e-07 5.15844988058234e-07 5.04275021739886e-07 6.07989022682887e-07 7.51385982766806e-07 9.46955992731091e-07 1.10749999748805e-06 1.14534998374438e-06 1.17556999157387e-06 1.13231999421259e-06 1.14290003239148e-06 1.18500997814408e-06 1.18868001663941e-06 1.22748997455346e-06 1.2969500176041e-06 1.91025992535288e-06 4.62009011243936e-05 0.000830755976494402 0.000398494012188166 0.000179017995833419 6.05870991421398e-05 1.89251004485413e-05 2.61608001892455e-05
-3.4e+38 -3.4e+38 -3.4e+38 -3.4e+38 -3.4e+38 -3.4e+38 -3.4e+38 -3.4e+38 -3.4e+38 -3.4e+38 -3.4e+38 -3.4e+38 -3.4e+38 0.000266712013399228 0.00043465499766171 0.000676703988574445 0.00096450001001358 0.00103384000249207 0.00109157001134008 0.00112870999146253 0.00110422994475812 0.00119742995593697 0.00110061001032591 0.000191236002137884 9.91829983831849e-06 8.91841011707584e-07 7.01353997101251e-07 6.46587011488009e-07 1.00164004379621e-06 1.34129004436545e-05 2.31088997679763e-05 8.40223001432605e-05 0.000427102000685409 0.000903507985640317 0.00264373002573848 0.00293615995906293 0.0033491300418973 0.00380684994161129 0.00428307009860873 0.00440890016034245 0.00430891988798976 0.004266909789294 -3.4e+38 0.00459216022863984
-3.4e+38 -3.4e+38 -3.4e+38 -3.4e+38 -3.4e+38 -3.4e+38 -3.4e+38 -3.4e+38 -3.4e+38 -3.4e+38 -3.4e+38 -3.4e+38 -3.4e+38 -3.4e+38 -3.4e+38 -3.4e+38 -3.4e+38 -3.4e+38 -3.4e+38 -3.4e+38 -3.4e+38 -3.4e+38 -3.4e+38 -3.4e+38 0.000885333982296288 0.00059268600307405 0.000388793996535242 0.000263950991211459 0.000502058013807982 0.000941602978855371 0.00169038004241884 0.00269797001965344 0.00280849006958306 0.00278964010067284 0.0028577100019902 -3.4e+38 -3.4e+38 -3.4e+38 -3.4e+38 -3.4e+38 -3.4e+38 -3.4e+38 -3.4e+38 -3.4e+38
