results/Predictions/Median/Selandian.asc
NCOLS 360 
NROWS 180 
XLLCORNER -180 
YLLCORNER -90 
CELLSIZE 1 
NODATA_value -3.4e+38 
[rows 100 to 119 of 180, columns 220 to 263 of 360]
0.000528760021552444 0.000534254999365658 0.000532737991306931 0.000531225989107043 0.000529718003235757 0.000529173004906625 0.00053264998132363 0.000536150997504592 0.00053967401618138 0.000541272980626673 0.000564226997084916 0.000543628993909806 0.000618221994955093 0.562821984291077 0.563115000724792 0.56795597076416 0.565815985202789 -3.4e+38 -3.4e+38 -3.4e+38 -3.4e+38 -3.4e+38 -3.4e+38 -3.4e+38 -3.4e+38 -3.4e+38 -3.4e+38 -3.4e+38 -3.4e+38 -3.4e+38 -3.4e+38 0.555857002735138 0.551658987998962 0.547360002994537 0.544781029224396 0.544255018234253 0.544362008571625 0.544468998908997 0.544574975967407 0.544444024562836 0.544234991073608 0.544156014919281 0.544990003108978 0.54468297958374
0.00052595097804442 0.000526816991623491 0.000527799013070762 0.000527617987245321 0.000527438998688012 0.000528223987203091 0.000530773017089814 0.00053333502728492 0.000535907980520278 0.00053734501125291 0.000538402993697673 0.000539463013410568 0.000640693004243076 0.548067986965179 0.550948977470398 0.552030980587006 0.5745729804039 -3.4e+38 -3.4e+38 -3.4e+38 -3.4e+38 -3.4e+38 -3.4e+38 -3.4e+38 -3.4e+38 -3.4e+38 -3.4e+38 -3.4e+38 -3.4e+38 -3.4e+38 -3.4e+38 -3.4e+38 0.559827983379364 0.554302990436554 0.549490988254547 0.546595990657806 0.543649971485138 0.543917000293732 0.544525980949402 0.543672025203705 0.543534994125366 0.539861977100372 0.540386021137238 0.537949979305267
0.000521372014191002 0.000520077999681234 0.00052291399333626 0.000524037983268499 0.00052517099538818 0.00052727700676769 0.000528902979567647 0.000530533026903868 0.000532429025042802 0.000533502025064081 0.00053460500203073 0.00053576601203531 0.000536929990630597 0.000561834021937102 0.00112455000635237 0.000553485995624214 0.397740989923477 -3.4e+38 -3.4e+38 -3.4e+38 -3.4e+38 -3.4e+38 -3.4e+38 -3.4e+38 -3.4e+38 -3.4e+38 -3.4e+38 -3.4e+38 -3.4e+38 -3.4e+38 -3.4e+38 -3.4e+38 -3.4e+38 0.560620009899139 0.55485200881958 0.55060601234436 0.54822301864624 0.546985983848572 0.5468590259552 0.545926988124847 0.542545020580292 0.537540972232819 0.536428987979889 0.528930008411407
0.000518999004270881 0.000517337990459055 0.000519945984706283 0.000522568006999791 0.000525203999131918 0.000524720002431422 0.000522477028425783 0.000523402006365359 0.000524870993103832 0.000526099989656359 0.00052756501827389 0.000529118988197297 0.000530678022187203 0.000533727987203747 0.000536795996595174 0.000541191024240106 0.00524011021479964 0.578812003135681 -3.4e+38 -3.4e+38 -3.4e+38 -3.4e+38 -3.4e+38 -3.4e+38 -3.4e+38 -3.4e+38 -3.4e+38 -3.4e+38 -3.4e+38 -3.4e+38 -3.4e+38 -3.4e+38 -3.4e+38 -3.4e+38 -3.4e+38 0.552069008350372 -3.4e+38 -3.4e+38 -3.4e+38 -3.4e+38 -3.4e+38 0.541785001754761 0.526376008987427 0.482086986303329
0.000519727997016162 0.000518295972142369 0.000519070017617196 0.000519846973475069 0.000520978006534278 0.000521890993695706 0.000521575973834842 0.00052046898053959 0.000518286018632352 0.000518849992658943 0.000596242025494576 0.000597668986301869 0.000524498987942934 0.000527343014255166 0.000530202989466488 0.000533078971784562 0.181292995810509 0.570703983306885 0.580904006958008 0.589457988739014 -3.4e+38 -3.4e+38 -3.4e+38 -3.4e+38 -3.4e+38 -3.4e+38 -3.4e+38 -3.4e+38 -3.4e+38 -3.4e+38 -3.4e+38 -3.4e+38 -3.4e+38 -3.4e+38 -3.4e+38 -3.4e+38 -3.4e+38 -3.4e+38 -3.4e+38 -3.4e+38 0.536809027194977 0.511096000671387 0.0375198982656002 0.0004893530276604
0.000521629001013935 0.000521530979312956 0.000521811016369611 0.000522090995218605 0.000522373011335731 0.000521363981533796 0.000519070017617196 0.000516787986271083 0.000851244025398046 0.0120117999613285 0.550306022167206 0.300601005554199 0.000521379988640547 0.000522049027495086 0.00052483897889033 0.000527643016539514 0.203097000718117 0.561872005462646 -3.4e+38 -3.4e+38 -3.4e+38 -3.4e+38 -3.4e+38 -3.4e+38 -3.4e+38 -3.4e+38 -3.4e+38 -3.4e+38 -3.4e+38 -3.4e+38 -3.4e+38 -3.4e+38 -3.4e+38 -3.4e+38 -3.4e+38 0.528361976146698 0.519649028778076 0.512775003910065 0.507438004016876 0.50789600610733 0.291090995073318 0.0028273300267756 0.000485316006233916 0.000483270996483043
0.000520426023285836 0.000520533008966595 0.000521362002473325 0.000522190006449819 0.000522012996952981 0.000520787027198821 0.000521951005794108 0.000521301990374923 0.333326011896133 0.549328029155731 0.556409001350403 0.553278982639313 0.017739599570632 0.000518828979693353 0.000522045011166483 0.000525015988387167 0.0106141995638609 0.546288013458252 0.573817014694214 -3.4e+38 -3.4e+38 -3.4e+38 -3.4e+38 -3.4e+38 -3.4e+38 -3.4e+38 -3.4e+38 -3.4e+38 -3.4e+38 -3.4e+38 -3.4e+38 -3.4e+38 -3.4e+38 -3.4e+38 0.526458978652954 0.51555597782135 0.493919998407364 0.350533992052078 0.26316100358963 0.102953001856804 0.00172490999102592 0.000474005006253719 0.00047844200162217 0.00047592498594895
0.000526399002410471 0.000525508017744869 0.000525710987858474 0.000522355025168508 0.00051567202899605 0.000514635001309216 0.000516046013217419 0.000544967013411224 0.00318759004585445 0.000653315975796431 0.225564002990723 0.536042988300323 0.55376797914505 0.0630692020058632 0.000519517983775586 0.000521263980772346 0.00376464007422328 0.55265998840332 0.565612971782684 -3.4e+38 -3.4e+38 -3.4e+38 -3.4e+38 -3.4e+38 -3.4e+38 -3.4e+38 -3.4e+38 -3.4e+38 -3.4e+38 -3.4e+38 -3.4e+38 -3.4e+38 -3.4e+38 0.531684994697571 0.521079003810883 0.36455899477005 0.109737999737263 0.0272215008735657 0.00670672999694943 0.00079560000449419 0.000480345013784245 0.000473760010208935 0.000472574000013992 0.000472982996143401
0.000526580028235912 0.000525698997080326 0.000521445006597787 0.000520474975928664 0.000519726017955691 0.000517030013725162 0.00052025297190994 0.00610747002065182 0.000521958980243653 0.000518056971486658 0.000521495996508747 0.377665996551514 0.391452997922897 0.435909986495972 0.000665118976030499 0.000716927985195071 0.0288223996758461 0.551281988620758 -3.4e+38 -3.4e+38 -3.4e+38 -3.4e+38 -3.4e+38 -3.4e+38 -3.4e+38 -3.4e+38 -3.4e+38 -3.4e+38 -3.4e+38 -3.4e+38 -3.4e+38 -3.4e+38 -3.4e+38 0.520317018032074 0.278551995754242 0.0169299002736807 0.000813778024166822 0.000601537991315126 0.000525928975548595 0.000477027002489194 0.000474586006021127 0.000473460007924587 0.000472365005407482 0.000473016989417374
0.000537130981683731 0.000528821023181081 0.000522277026902884 0.00052108900854364 0.000519903027452528 0.000518655986525118 0.000527761003468186 0.00053284497698769 0.000522708985954523 0.000525031995493919 0.00052502698963508 0.000524612027220428 0.00052732799667865 0.000614769989624619 0.00080087297828868 0.00266498001292348 0.0752115026116371 0.553076028823853 -3.4e+38 -3.4e+38 -3.4e+38 -3.4e+38 -3.4e+38 -3.4e+38 -3.4e+38 -3.4e+38 -3.4e+38 -3.4e+38 -3.4e+38 -3.4e+38 -3.4e+38 0.523976981639862 0.517377018928528 0.501010000705719 0.00592454988509417 0.000545689021237195 0.000471906998427585 0.000472666986752301 0.000474036991363391 0.000475457985885441 0.000473166001029313 0.000472884014016017 0.000472229003207758 0.000472840998554602
0.000521829992067069 0.000517657026648521 0.000515281979460269 0.000514008977916092 0.000514323997776955 0.00051495898514986 0.000657555996440351 0.000528446980752051 0.000530934019479901 0.000529738026671112 0.000525998999364674 0.000531519996002316 0.000529775978066027 0.000525825016666204 0.000538309977855533 0.00112837995402515 0.0920298025012016 0.55561900138855 -3.4e+38 -3.4e+38 -3.4e+38 -3.4e+38 -3.4e+38 -3.4e+38 -3.4e+38 -3.4e+38 -3.4e+38 -3.4e+38 -3.4e+38 0.509522020816803 0.502848982810974 0.31318598985672 0.0146626001223922 0.000506769982166588 0.000470292987301946 0.000470335013233125 0.000471064005978405 0.00047179200919345 0.000473379011964425 0.000473327992949635 0.000472243991680443 0.000472199986688793 0.000472157989861444 0.000472746993182227
0.000524380011484027 0.00051753397565335 0.000517003005370498 0.00051485002040863 0.000512954022269696 0.0719162002205849 0.000521538022439927 0.000519990979228169 0.000519877998158336 0.000529119977727532 0.000530652003362775 0.000532219011802226 0.000534671009518206 0.000529399025253952 0.00052708899602294 0.000722486991435289 0.134862005710602 0.553143978118896 -3.4e+38 -3.4e+38 -3.4e+38 -3.4e+38 -3.4e+38 -3.4e+38 -3.4e+38 -3.4e+38 0.329100012779236 0.507099986076355 0.498385012149811 0.000545100017916411 0.516194999217987 0.00125221000052989 0.000470238010166213 0.000470653991214931 0.000469883001642302 0.000469557009637356 0.000470553990453482 0.000470814993605018 0.000472356012323871 0.000472855987027287 0.000473052001325414 0.000472846993943676 0.000472643005196005 0.000472927989903837
0.000520600005984306 0.000515675987116992 0.000515807012561709 0.00051593902753666 0.000516070984303951 0.000577195023652166 0.000519598019309342 0.000520179979503155 0.000526500982232392 0.000523523020092398 0.000536817999090999 0.000533632002770901 0.000536612991709262 0.000532385020051152 0.000529613986145705 0.000564439978916198 0.0173198003321886 0.549551010131836 -3.4e+38 -3.4e+38 -3.4e+38 -3.4e+38 -3.4e+38 -3.4e+38 0.498997002840042 0.000672561989631504 0.000457126006949693 0.000462799012893811 0.000465060991700739 0.000468374986667186 0.000761315983254462 0.000469735998194665 0.000470117985969409 0.000470005004899576 0.000470067985588685 0.000470360013423488 0.000469943013740703 0.000470296014100313 0.000472159998025745 0.000472507992526516 0.000472813990199938 0.000472888990771025 0.000472741987323388 0.000472860003355891
0.000521980982739478 0.000516458007041365 0.000516084022819996 0.000516228028573096 0.000516225991304964 0.000516247004270554 0.00051906198495999 0.000521769979968667 0.000521747977472842 0.000528133008629084 0.000530090997926891 0.000553391000721604 0.000553611025679857 0.000537399027962238 0.000532579026184976 0.000530800025444478 0.0045629502274096 0.545363008975983 -3.4e+38 -3.4e+38 -3.4e+38 -3.4e+38 -3.4e+38 -3.4e+38 0.511282980442047 0.000448868988314644 0.000462202995549887 0.000466136989416555 0.000467537989607081 0.00129977997858077 0.000509698991663754 0.000470519997179508 0.000468638987513259 0.000468759011710063 0.000469024991616607 0.000470839004265144 0.000470375001896173 0.000471468985779211 0.000471309991553426 0.000471395993372425 0.000471562991151586 0.000471729988930747 0.000472493993584067 0.000472937012091279
0.000524898990988731 0.000519568973686546 0.113739997148514 0.532621026039124 0.518916010856628 0.00051777099724859 0.0005210239905864 0.000524188973940909 0.000525086012203246 0.000531189027242362 0.000539708009455353 0.000544475973583758 0.000575667014345527 0.000545773014891893 0.000541114015504718 0.000534756982233375 0.00107351003680378 0.392450004816055 -3.4e+38 -3.4e+38 -3.4e+38 -3.4e+38 -3.4e+38 -3.4e+38 0.257504999637604 0.000455325003713369 0.000465157005237415 0.000468598009319976 0.000538585998583585 0.522076010704041 0.000469105987576768 0.000467714009573683 0.000467548990854993 0.000468515005195513 0.000472673011245206 0.000472262996481732 0.000472195009933785 0.000472129002446309 0.000472064013592899 0.000472515006549656 0.000472043000627309 0.000471362000098452 0.000471659004688263 0.000472287007141858
0.000522379006724805 0.016966300085187 0.54221099615097 -3.4e+38 0.0284534003585577 0.000520767003763467 0.00052267499268055 0.00052516401046887 0.000527355005033314 0.000531253986991942 0.000543232017662376 0.000550022989045829 0.00057160499272868 0.000574241974391043 0.000557688006665558 0.000551561999600381 0.000802843016572297 0.139400005340576 -3.4e+38 -3.4e+38 -3.4e+38 -3.4e+38 -3.4e+38 0.436132997274399 0.000456704990938306 0.000461852992884815 0.000465752993477508 0.000467451987788081 0.000467230012873188 0.526340007781982 0.000466766010504216 0.000466416007839143 0.000465713004814461 0.000466241996036842 0.000468117999844253 0.000468837009975687 0.000471169012598693 0.000470970990136266 0.000470269005745649 0.000469554011942819 0.000469580001663417 0.000470719009172171 0.000471473002107814 0.00047134401393123
0.452421993017197 0.541813015937805 -3.4e+38 -3.4e+38 -3.4e+38 0.000560135988052934 0.000530987977981567 0.000530825986061245 0.000530664983671159 0.000534887018147856 0.000543049012776464 0.000551378994714469 0.000557833991479129 0.000565305992495269 0.000565859023481607 0.000580192019697279 0.00073385500581935 0.399470001459122 -3.4e+38 -3.4e+38 -3.4e+38 -3.4e+38 0.507507026195526 0.506314992904663 0.000460073002614081 0.000460935989394784 0.000462491007056087 0.000463161995867267 0.000463142001535743 0.502680003643036 0.000463753996882588 0.000464623008156195 0.000464329990791157 0.000464056007331237 0.000463456992292777 0.000466391007648781 0.000464009994175285 0.000464865996036679 0.000465883989818394 0.000465383986011147 0.000465507007902488 0.000465922988951206 0.000466121011413634 0.000466861994937062
0.543522000312805 0.549885988235474 -3.4e+38 -3.4e+38 -3.4e+38 0.000762922980356961 0.000534951977897435 0.000534171995241195 0.000533975020516664 0.000535192026291043 0.000543181027751416 0.000551317003555596 0.000559605017770082 0.000565649010241032 0.000575185986235738 0.000588681024964899 0.00074593402678147 0.0371781997382641 0.453426986932755 -3.4e+38 -3.4e+38 0.412761986255646 -3.4e+38 0.000462922995211557 0.000463645003037527 0.000462316005723551 0.000458944006823003 0.000454026012448594 0.000456548994407058 0.477815002202988 0.000459308997960761 0.000459381000837311 0.000457971997093409 0.000458393013104796 0.000458435009932145 0.000459172995761037 0.000459819013485685 0.000461671006632969 0.000461088988231495 0.000461184012237936 0.000460643990663812 0.000461351010017097 0.000461435003671795 0.000463175994809717
-3.4e+38 -3.4e+38 -3.4e+38 -3.4e+38 0.554273009300232 0.000522150017786771 0.000531386001966894 0.00053353700786829 0.000535542028956115 0.000538091990165412 0.000540989974979311 0.000543902977369726 0.000547062023542821 0.000551839009858668 0.000556125014554709 0.000560473010409623 0.00065233901841566 0.00218753004446626 0.0147278998047113 0.183098003268242 0.0130278002470732 0.0410487987101078 -3.4e+38 0.000477466004667804 0.000453554996056482 0.000452103005954996 0.000450049992650747 0.000446104008005932 0.000447930011432618 0.444756001234055 0.000447727012215182 0.000447966012870893 0.000449351995484903 0.000450747000286356 0.000450071995146573 0.000450844003353268 0.000451428000815213 0.00045310499262996 0.000453562010079622 0.000453852000646293 0.000454350985819474 0.00045405700802803 0.000454160996014252 0.00045535500976257
-3.4e+38 -3.4e+38 -3.4e+38 0.536264002323151 0.000780055008362979 0.000495523971039802 0.00051064498256892 0.00052872602827847 0.000539471977390349 0.000541504006832838 0.000543405010830611 0.000545312999747694 0.000547227973584086 0.000547626987099648 0.000546636991202831 0.000548426003661007 0.000590777024626732 0.000591809977777302 0.000530453980900347 0.000481508992379531 0.000471073988592252 0.179462999105453 -3.4e+38 0.0330947004258633 0.00044344799243845 0.000442140008090064 0.000440804986283183 0.000440197007264942 0.000438924005720764 0.115005999803543 0.000438524002674967 0.000439586990978569 0.000437982002040371 0.000436056987382472 0.000434813991887495 0.000435126014053822 0.000437595008406788 0.000440825999248773 0.000442443997599185 0.000443769997218624 0.000443374010501429 0.000443138007540256 0.000443322991486639 0.00044522900134325
