results/Predictions/Median/Selandian.asc
NCOLS 360 
NROWS 180 
XLLCORNER -180 
YLLCORNER -90 
CELLSIZE 1 
NODATA_value -3.4e+38 
[rows 160 to 179 of 180, columns 0 to 43 of 360]
1.11325000773377e-07 1.36969006803156e-07 1.67761001534927e-07 2.01483004502734e-07 2.30994004368767e-07 2.60174005006775e-07 2.88686010208039e-07 3.266029864335e-07 3.44162998544562e-07 3.63466000408152e-07 3.86701998422723e-07 4.0975200477078e-07 4.31375013931756e-07 4.50149002517719e-07 4.67418004745923e-07 4.89813999138278e-07 5.18428009854688e-07 5.44735996754753e-07 5.66882022212667e-07 5.8589199625203e-07 5.94173002355092e-07 6.06723006058019e-07 6.33870001820469e-07 6.57533973935642e-07 6.80272023600992e-07 6.98012001976167e-07 7.13924976025737e-07 7.23213986475457e-07 7.32624016563932e-07 7.42359986816155e-07 7.48889988244628e-07 7.51144000332715e-07 7.53405004161323e-07 7.54276982206648e-07 7.48560012198141e-07 7.39873996735696e-07 7.30680994820432e-07 7.24191011158837e-07 7.18183002845763e-07 7.12147993908729e-07 6.99590998465283e-07 6.87277008637466e-07 6.78491005601245e-07 6.68460984343255e-07
9.72901972318141e-08 1.14202997281154e-07 1.36951996410062e-07 1.56122993644203e-07 1.75417000036759e-07 1.93922005564673e-07 2.09001996154257e-07 2.38621993275956e-07 2.59828993875999e-07 2.82206002566454e-07 3.01206000585807e-07 3.25085011354531e-07 3.37722013910025e-07 3.54366989085975e-07 3.72926990621636e-07 3.91377994901632e-07 4.09604012929776e-07 4.28682000119807e-07 4.48392995622271e-07 4.58843999240344e-07 4.77238984331052e-07 4.83755002278485e-07 4.95452979976108e-07 5.06928984123078e-07 5.18671981808438e-07 5.30687998434587e-07 5.39816994660214e-07 5.46017986380321e-07 5.52289975530584e-07 5.58633985292545e-07 5.6217999144792e-07 5.62875015930331e-07 5.63571006750863e-07 5.64268020752934e-07 5.6390297231701e-07 5.62613024612801e-07 5.58287979401939e-07 5.53996017060854e-07 5.51948971860838e-07 5.46331023087987e-07 5.48341006378905e-07 5.4334100241249e-07 5.33739012098522e-07 5.21192021096795e-07
3.40789006259001e-06 1.71620001765405e-06 1.30423995869933e-06 7.6423498285294e-07 4.75881989814297e-07 3.93648008412129e-07 2.5735599251675e-07 2.20475001810883e-07 1.95536003388952e-07 2.146710045281e-07 2.40949987073691e-07 2.61618993135926e-07 2.7252301038061e-07 2.83884986629346e-07 2.95722998089332e-07 3.07794010723228e-07 3.17029986263151e-07 3.26542988204892e-07 3.36342992568461e-07 3.43904986266352e-07 3.52581992046908e-07 3.63713013484812e-07 3.75577002387217e-07 3.81684998274068e-07 3.87893010156404e-07 3.94202004372346e-07 3.97825999698398e-07 4.02360001316993e-07 4.06947009423675e-07 4.11586000836905e-07 4.14999988151976e-07 4.17130991081649e-07 4.14570990869834e-07 4.12026992080428e-07 4.078000017671e-07 4.03515997504655e-07 3.98370985976726e-07 3.90612001410773e-07 3.87595008533026e-07 3.85589004281428e-07 3.79650998638681e-07 3.71498003914894e-07 3.66361007309024e-07 3.59275986738794e-07
2.64671998593258e-05 1.11542003651266e-05 5.80677988182288e-06 3.9547198866785e-06 2.53418011197937e-06 2.25006010623474e-06 1.29238003410137e-06 2.47894007543437e-07 1.42589996698916e-07 1.53958993109882e-07 1.70931002685393e-07 1.91408005889571e-07 2.04250000024331e-07 2.16540001929388e-07 2.29888996727823e-07 2.42661997162941e-07 2.52002990919209e-07 2.61704002468832e-07 2.69443006573056e-07 2.75610005928684e-07 2.8133399609942e-07 2.87176987967541e-07 2.95408000283715e-07 2.96275004529889e-07 2.97143998295724e-07 2.98016004762758e-07 2.97248988090359e-07 2.94171002224175e-07 2.91816007802481e-07 2.89483011783886e-07 2.88556009309104e-07 2.8890599423903e-07 2.87311991087336e-07 2.8572699761753e-07 2.88491008859637e-07 2.92757988518133e-07 2.96942005206802e-07 2.99483986054838e-07 3.00855987234172e-07 3.03734992712634e-07 3.06640998815055e-07 3.11809003505914e-07 3.1975099545889e-07 3.29046002889299e-07
6.14501987001859e-05 3.06112997350283e-05 1.70750008692266e-05 9.88605006568832e-06 5.56070017410093e-06 3.36360994879215e-06 2.28571002480749e-06 3.04769002923422e-07 1.06496003127177e-07 1.08190000958075e-07 1.26957999668775e-07 1.41322999525073e-07 1.5154499521941e-07 1.59283004563804e-07 1.7624900294777e-07 1.86668003721024e-07 1.96108004502094e-07 2.07330003831885e-07 2.19195001704975e-07 2.24979004315173e-07 2.28649000177938e-07 2.32377999509481e-07 2.36169000800146e-07 2.29739001156304e-07 2.24418997163411e-07 2.23765994178393e-07 2.22452996467837e-07 2.08765001730171e-07 2.01559004153751e-07 1.97245995536832e-07 1.92349006056247e-07 1.93923995084333e-07 1.95046993667347e-07 1.96176998201736e-07 2.04158993710735e-07 2.12524000176018e-07 2.19509999510592e-07 2.26723003038387e-07 2.32180994430564e-07 2.37769995692361e-07 2.75486996770269e-07 5.36324978384073e-06 0.00020540900004562 0.000532997015397996
0.000116584997158498 6.80525990901515e-05 4.33316999988165e-05 2.7114299882669e-05 1.53348992171232e-05 8.75576006365009e-06 4.77825005873456e-06 2.11545989259321e-06 5.27928023075219e-07 8.21725976152266e-08 9.02370018707188e-08 9.7463896508998e-08 1.01925003548331e-07 1.12313003342024e-07 1.23109998639848e-07 1.3173699642266e-07 1.39012001909578e-07 1.50587993630324e-07 1.62074002219015e-07 1.69483996614872e-07 1.74876007008606e-07 1.80439002406274e-07 1.86180002970104e-07 1.7944400099168e-07 1.72951999388715e-07 1.6842899697167e-07 1.64723005013911e-07 1.56545993945656e-07 1.58825002927188e-07 1.58450006892963e-07 1.56349003077594e-07 1.57765001063126e-07 1.59194001980723e-07 1.62031000172647e-07 1.77448001181801e-07 2.94382004994986e-07 3.03995989270334e-06 8.97628979146248e-06 0.000381746998755261 0.000483271986013278 0.000513172009959817 -3.4e+38 -3.4e+38 -3.4e+38
0.000106546998722479 0.000100789999123663 9.74991999100894e-05 6.45788022666238e-05 4.1287701606052e-05 2.879609928641e-05 2.26365991693456e-05 1.7600799765205e-05 8.36984963825671e-06 4.71340990770841e-06 9.73913984125829e-07 1.38266997851133e-07 1.05882001832924e-07 9.53992014274263e-08 7.9041896583476e-08 8.28610993153234e-08 8.91132003744133e-08 9.91614967915666e-08 1.08911002882905e-07 1.15513998366623e-07 1.25111995430416e-07 1.37851003501055e-07 1.41200004577513e-07 1.42006996384225e-07 1.39061995696466e-07 1.34651997996116e-07 1.30429000932963e-07 1.29987995478587e-07 1.40685003202634e-07 1.64165001592664e-07 2.6224500970784e-07 2.33981995734212e-06 4.42581986135338e-05 7.78175017330796e-05 0.000369804009096697 -3.4e+38 -3.4e+38 -3.4e+38 -3.4e+38 -3.4e+38 -3.4e+38 -3.4e+38 -3.4e+38 -3.4e+38
8.86475027073175e-05 8.58377024997026e-05 8.34535967442207e-05 7.7611199230887e-05 7.69859034335241e-05 7.1663198468741e-05 7.12070977897383e-05 6.20282007730566e-05 5.91048992646392e-05 5.8778801758308e-05 5.30307988810819e-05 5.04991003253963e-05 5.32753983861767e-05 5.57587991352193e-05 6.30112990620546e-05 3.05454013869166e-05 2.20520996663254e-05 3.38991012540646e-05 1.24962998597766e-05 5.12867018187535e-06 2.40552003560879e-06 2.56479006566224e-06 3.49810989064281e-06 7.73530973674497e-06 1.43946999742184e-05 5.35375984327402e-05 0.000118844000098761 8.62215019878931e-05 -3.4e+38 -3.4e+38 -3.4e+38 -3.4e+38 -3.4e+38 -3.4e+38 -3.4e+38 -3.4e+38 -3.4e+38 -3.4e+38 -3.4e+38 -3.4e+38 -3.4e+38 -3.4e+38 -3.4e+38 -3.4e+38
8.70677031343803e-05 8.3901897596661e-05 8.06261014076881e-05 7.81584967626259e-05 7.6185300713405e-05 7.53705971874297e-05 7.40128016332164e-05 7.38922972232103e-05 7.54653010517359e-05 7.82432980486192e-05 8.17925974843092e-05 8.52880984894e-05 8.88961003511213e-05 9.28196968743578e-05 9.68593012657948e-05 0.000102044999948703 0.0001117490028264 0.000123481004266068 0.00013671099441126 0.000146209000376984 0.000158356997417286 0.000176200002897531 0.000191344995982945 0.000197424000361934 -3.4e+38 -3.4e+38 -3.4e+38 -3.4e+38 -3.4e+38 -3.4e+38 -3.4e+38 -3.4e+38 -3.4e+38 -3.4e+38 -3.4e+38 -3.4e+38 -3.4e+38 -3.4e+38 -3.4e+38 -3.4e+38 -3.4e+38 -3.4e+38 -3.4e+38 -3.4e+38
8.58459025039338e-05 8.18726985016838e-05 7.89835976320319e-05 7.61652991059236e-05 7.4447802035138e-05 7.32928019715473e-05 7.20031966920942e-05 7.08139996277168e-05 7.09508021827787e-05 7.19809031579643e-05 7.16245995135978e-05 7.2328002715949e-05 7.46514997445047e-05 7.75053995312192e-05 8.04212977527641e-05 8.48362033138983e-05 9.21234022825956e-05 0.000100087003374938 0.000107364998257253 0.000113217000034638 0.00012362799316179 0.000135287002194673 0.000145058002090082 0.000161292002303526 -3.4e+38 -3.4e+38 -3.4e+38 -3.4e+38 -3.4e+38 -3.4e+38 -3.4e+38 -3.4e+38 -3.4e+38 -3.4e+38 -3.4e+38 -3.4e+38 -3.4e+38 -3.4e+38 -3.4e+38 -3.4e+38 -3.4e+38 -3.4e+38 -3.4e+38 -3.4e+38
8.51717995828949e-05 8.25406023068354e-05 7.93915969552472e-05 7.63978023314849e-05 7.42409029044211e-05 7.22744007362053e-05 7.0160000177566e-05 6.87263964209706e-05 6.82375030010007e-05 6.77869975334033e-05 6.7339999077376e-05 6.77564967190847e-05 7.00282980687916e-05 7.20761963748373e-05 7.4191702879034e-05 7.73440988268703e-05 8.23774971649982e-05 8.72633972903714e-05 9.09227019292302e-05 9.82428973657079e-05 0.000108460000774357 0.00011368499690434 0.000121885001135524 0.000119932999950834 0.000109751999843866 9.89740001386963e-05 9.03676991583779e-05 8.79362996784039e-05 8.41721994220279e-05 8.1302598118782e-05 7.95691012172028e-05 7.81545022618957e-05 7.94165971456096e-05 -3.4e+38 -3.4e+38 -3.4e+38 -3.4e+38 -3.4e+38 -3.4e+38 -3.4e+38 -3.4e+38 -3.4e+38 -3.4e+38 -3.4e+38
8.67097987793386e-05 8.45753020257689e-05 8.26457981020212e-05 8.0943398643285e-05 7.82376009738073e-05 7.56951994844712e-05 7.35339999664575e-05 7.12514010956511e-05 6.99627998983487e-05 7.08427978679538e-05 7.06521022948436e-05 7.08962979842909e-05 7.32736007194035e-05 7.51225015847012e-05 7.63920033932664e-05 7.94274965301156e-05 8.15879029687494e-05 8.84920009411871e-05 9.38960001803935e-05 0.000103074999060482 0.000105922998045571 0.000114043003122788 0.0001194590004161 0.000114593996840995 0.000108929998532403 0.000100538003607653 9.2961301561445e-05 9.16550998226739e-05 8.85297995409928e-05 8.49681018735282e-05 8.21821013232693e-05 8.03048023954034e-05 7.93798972154036e-05 7.83869982114993e-05 7.89814002928324e-05 -3.4e+38 -3.4e+38 -3.4e+38 -3.4e+38 -3.4e+38 -3.4e+38 -3.4e+38 -3.4e+38 -3.4e+38
8.91413001227193e-05 8.80797015270218e-05 8.60087966430001e-05 8.46994007588364e-05 8.26616014819592e-05 7.99049012130126e-05 7.69171965657733e-05 7.40413015591912e-05 7.41284966352396e-05 7.42534975870512e-05 7.37619993742555e-05 7.28185987100005e-05 7.39310999051668e-05 7.51550978748128e-05 7.64056967454962e-05 7.92926002759486e-05 8.45485992613249e-05 9.01399980648421e-05 9.27856017369777e-05 9.43448030739091e-05 9.96093003777787e-05 0.000103208003565669 0.000106936997326557 0.000108113999885973 0.000108072999864817 0.000104578000900801 0.000101600002381019 9.87439998425543e-05 9.57353986450471e-05 9.25283966353163e-05 9.00101003935561e-05 8.84127002791502e-05 8.71925003593788e-05 8.59686988405883e-05 8.1557001976762e-05 -3.4e+38 -3.4e+38 -3.4e+38 -3.4e+38 -3.4e+38 -3.4e+38 -3.4e+38 -3.4e+38 -3.4e+38
-3.4e+38 -3.4e+38 -3.4e+38 -3.4e+38 -3.4e+38 -3.4e+38 7.5754098361358e-05 7.466920214938e-05 7.39224997232668e-05 7.31839973013848e-05 7.31374966562726e-05 7.28133964003064e-05 7.39195966161788e-05 7.49082028050907e-05 7.55414002924226e-05 7.80002010287717e-05 8.0678699305281e-05 8.35605023894459e-05 8.67416965775192e-05 9.08088986761868e-05 9.62410995271057e-05 9.94466972770169e-05 0.000103519996628165 0.000102956997579895 9.90162006928585e-05 9.53697017394006e-05 9.24064006539993e-05 9.09485970623791e-05 8.76498015713878e-05 8.4313600382302e-05 8.1706399214454e-05 8.03290968178771e-05 7.94001971371472e-05 7.87452008808032e-05 7.95105006545782e-05 -3.4e+38 -3.4e+38 -3.4e+38 -3.4e+38 -3.4e+38 -3.4e+38 -3.4e+38 -3.4e+38 -3.4e+38
-3.4e+38 -3.4e+38 -3.4e+38 -3.4e+38 -3.4e+38 -3.4e+38 -3.4e+38 -3.4e+38 -3.4e+38 -3.4e+38 -3.4e+38 -3.4e+38 -3.4e+38 -3.4e+38 -3.4e+38 -3.4e+38 -3.4e+38 -3.4e+38 -3.4e+38 -3.4e+38 -3.4e+38 -3.4e+38 -3.4e+38 -3.4e+38 -3.4e+38 -3.4e+38 -3.4e+38 -3.4e+38 -3.4e+38 -3.4e+38 -3.4e+38 -3.4e+38 -3.4e+38 -3.4e+38 -3.4e+38 -3.4e+38 -3.4e+38 -3.4e+38 -3.4e+38 -3.4e+38 -3.4e+38 -3.4e+38 -3.4e+38 -3.4e+38
-3.4e+38 -3.4e+38 -3.4e+38 -3.4e+38 -3.4e+38 -3.4e+38 -3.4e+38 -3.4e+38 -3.4e+38 -3.4e+38 -3.4e+38 -3.4e+38 -3.4e+38 -3.4e+38 -3.4e+38 -3.4e+38 -3.4e+38 -3.4e+38 -3.4e+38 -3.4e+38 -3.4e+38 -3.4e+38 -3.4e+38 -3.4e+38 -3.4e+38 -3.4e+38 -3.4e+38 -3.4e+38 -3.4e+38 -3.4e+38 -3.4e+38 -3.4e+38 -3.4e+38 -3.4e+38 -3.4e+38 -3.4e+38 -3.4e+38 -3.4e+38 -3.4e+38 -3.4e+38 -3.4e+38 -3.4e+38 -3.4e+38 -3.4e+38
-3.4e+38 -3.4e+38 -3.4e+38 -3.4e+38 -3.4e+38 -3.4e+38 -3.4e+38 -3.4e+38 -3.4e+38 -3.4e+38 -3.4e+38 -3.4e+38 -3.4e+38 -3.4e+38 -3.4e+38 -3.4e+38 -3.4e+38 -3.4e+38 -3.4e+38 -3.4e+38 -3.4e+38 -3.4e+38 -3.4e+38 -3.4e+38 -3.4e+38 -3.4e+38 -3.4e+38 -3.4e+38 -3.4e+38 -3.4e+38 -3.4e+38 -3.4e+38 -3.4e+38 -3.4e+38 -3.4e+38 -3.4e+38 -3.4e+38 -3.4e+38 -3.4e+38 -3.4e+38 -3.4e+38 -3.4e+38 -3.4e+38 -3.4e+38
-3.4e+38 -3.4e+38 -3.4e+38 -3.4e+38 -3.4e+38 -3.4e+38 -3.4e+38 -3.4e+38 -3.4e+38 -3.4e+38 -3.4e+38 -3.4e+38 -3.4e+38 -3.4e+38 -3.4e+38 -3.4e+38 -3.4e+38 -3.4e+38 -3.4e+38 -3.4e+38 -3.4e+38 -3.4e+38 -3.4e+38 -3.4e+38 -3.4e+38 -3.4e+38 -3.4e+38 -3.4e+38 -3.4e+38 -3.4e+38 -3.4e+38 -3.4e+38 -3.4e+38 -3.4e+38 -3.4e+38 -3.4e+38 -3.4e+38 -3.4e+38 -3.4e+38 -3.4e+38 -3.4e+38 -3.4e+38 -3.4e+38 -3.4e+38
-3.4e+38 -3.4e+38 -3.4e+38 -3.4e+38 -3.4e+38 -3.4e+38 -3.4e+38 -3.4e+38 -3.4e+38 -3.4e+38 -3.4e+38 -3.4e+38 -3.4e+38 -3.4e+38 -3.4e+38 -3.4e+38 -3.4e+38 -3.4e+38 -3.4e+38 -3.4e+38 -3.4e+38 -3.4e+38 -3.4e+38 -3.4e+38 -3.4e+38 -3.4e+38 -3.4e+38 -3.4e+38 -3.4e+38 -3.4e+38 -3.4e+38 -3.4e+38 -3.4e+38 -3.4e+38 -3.4e+38 -3.4e+38 -3.4e+38 -3.4e+38 -3.4e+38 -3.4e+38 -3.4e+38 -3.4e+38 -3.4e+38 -3.4e+38
-3.4e+38 -3.4e+38 -3.4e+38 -3.4e+38 -3.4e+38 -3.4e+38 -3.4e+38 -3.4e+38 -3.4e+38 -3.4e+38 -3.4e+38 -3.4e+38 -3.4e+38 -3.4e+38 -3.4e+38 -3.4e+38 -3.4e+38 -3.4e+38 -3.4e+38 -3.4e+38 -3.4e+38 -3.4e+38 -3.4e+38 -3.4e+38 -3.4e+38 -3.4e+38 -3.4e+38 -3.4e+38 -3.4e+38 -3.4e+38 -3.4e+38 -3.4e+38 -3.4e+38 -3.4e+38 -3.4e+38 -3.4e+38 -3.4e+38 -3.4e+38 -3.4e+38 -3.4e+38 -3.4e+38 -3.4e+38 -3.4e+38 -3.4e+38
