results/Predictions/Median/Serravallian.asc
NCOLS 360 
NROWS 180 
XLLCORNER -180 
YLLCORNER -90 
CELLSIZE 1 
NODATA_value -3.4e+38 
[rows 0 to 18 of 180, columns 176 to 219 of 360]
2.89309003420612e-08 2.89156005806035e-08 2.89003008191457e-08 2.88849992813311e-08 2.88736003994927e-08 2.88661006209168e-08 2.8858499590001e-08 2.88499997225244e-08 2.88454007346672e-08 2.88425994199315e-08 2.88397004055696e-08 2.88367996148509e-08 2.88447008500725e-08 2.88526003089373e-08 2.88604997678021e-08 2.88710992890628e-08 2.88896995215282e-08 2.89082997539936e-08 2.89269994624419e-08 2.89509003437161e-08 2.89800006214591e-08 2.90092003751852e-08 2.90384001289112e-08 2.90743997766185e-08 2.91127992824158e-08 2.915120056457e-08 2.91896995463503e-08 2.92330000206675e-08 2.92669994905737e-08 2.93010007368366e-08 2.93356006153545e-08 2.93720994193336e-08 2.94085999996696e-08 2.94451005800056e-08 2.94811997036959e-08 2.95167996711143e-08 2.95523996385327e-08 2.9588100858291e-08 2.96204003547018e-08 2.9651500810246e-08 2.96825994894334e-08 2.97137994209606e-08 2.97381994585066e-08 2.97627007483925e-08
2.89132007225135e-08 2.88960002592376e-08 2.88787997959616e-08 2.88615993326857e-08 2.88496000422356e-08 2.88428001482544e-08 2.88360002542731e-08 2.88282997473743e-08 2.88228996225826e-08 2.88187997909972e-08 2.88146999594119e-08 2.88105006518435e-08 2.88187997909972e-08 2.88271007065077e-08 2.88354993216444e-08 2.8846299571228e-08 2.88649992796763e-08 2.88837007644815e-08 2.89022992205901e-08 2.89259993735413e-08 2.89547994469785e-08 2.89835000444327e-08 2.90123001178699e-08 2.90479000852883e-08 2.90858004348138e-08 2.91238002603222e-08 2.91618000858307e-08 2.92055997164198e-08 2.92400006429716e-08 2.92744992691496e-08 2.93096995562792e-08 2.93469000212099e-08 2.93841999621236e-08 2.94214999030373e-08 2.94584996396452e-08 2.94953004242871e-08 2.95319999565891e-08 2.95689002172139e-08 2.96018001222365e-08 2.96334992100356e-08 2.96652995501745e-08 2.96970004143304e-08 2.97217006561823e-08 2.97465003740172e-08
2.88957000549317e-08 2.88766006661945e-08 2.88574995011004e-08 2.88384995883462e-08 2.88258998892843e-08 2.88197998798978e-08 2.88136998705113e-08 2.88066992482072e-08 2.88005992388207e-08 2.87953003663688e-08 2.8789900241577e-08 2.88200006082207e-08 2.88273991344568e-08 2.88347994370497e-08 2.88422992156256e-08 2.88543997584156e-08 2.88807999737628e-08 2.890720018911e-08 2.89336004044571e-08 2.8970699617048e-08 2.90184996032394e-08 2.90664008417707e-08 2.91143003039451e-08 2.9165899917416e-08 2.92187998240934e-08 2.92719004590936e-08 2.93249993177369e-08 2.93445001631198e-08 2.93591000399829e-08 2.93737993928289e-08 2.93858004596359e-08 2.93899997672042e-08 2.93942008511294e-08 2.93984001586978e-08 2.94360997799004e-08 2.94740001294258e-08 2.95119004789512e-08 2.95498008284767e-08 2.9583500094077e-08 2.96157995904878e-08 2.96481008632554e-08 2.96804003596662e-08 2.9705400805824e-08 2.97303994756248e-08
3.6694601135423e-08 3.68920005655582e-08 3.70903983082371e-08 3.72900004208532e-08 3.74215005649603e-08 3.74844013606435e-08 3.75474016323096e-08 3.76105013799588e-08 3.77902011905462e-08 3.80099010044432e-08 3.83742992937641e-08 3.89103007591984e-08 3.90201009281554e-08 3.91301995250615e-08 3.92406001026302e-08 3.93126988740278e-08 3.92697003803733e-08 3.9226598858022e-08 3.91835008883845e-08 3.91659007448197e-08 3.91739014560244e-08 3.91817991385324e-08 3.9189700373754e-08 3.92003016713716e-08 3.92117982528362e-08 3.92232983870144e-08 3.92349015498894e-08 3.91139991506861e-08 3.89936012368253e-08 3.88735017509134e-08 3.87341998475677e-08 3.85367009414495e-08 3.8340299823858e-08 3.8144801095541e-08 3.79106985803901e-08 3.76771005505816e-08 3.75088013981895e-08 3.73414010823581e-08 3.71885988670329e-08 3.70412003292131e-08 3.68942991713084e-08 3.67479984220154e-08 3.65630015153329e-08 3.63788998924974e-08
4.80291006965672e-08 4.84151989610382e-08 4.88045017732475e-08 4.9196799523088e-08 4.9465299412077e-08 4.96080012624134e-08 4.97510015406988e-08 4.98943997229162e-08 5.02772010690933e-08 5.07434982921495e-08 5.12141014041845e-08 5.1586798832659e-08 5.17087990203891e-08 5.18311011887818e-08 5.19536982324098e-08 5.20501011180841e-08 5.20668983483574e-08 5.20837986073275e-08 5.21006988662975e-08 5.20726004538119e-08 5.19996987691229e-08 5.19268006371476e-08 5.18539984284416e-08 5.17273015532282e-08 5.15827984770567e-08 5.14387998862276e-08 5.12950997233474e-08 5.10849993418105e-08 5.08756983208514e-08 5.06672996891666e-08 5.04416988178491e-08 5.01630985638712e-08 4.98741989929385e-08 4.95662995092516e-08 4.92155010078932e-08 4.88323017577841e-08 4.85531010951945e-08 4.82755986297434e-08 4.79795012608975e-08 4.75623984641516e-08 4.71490011477727e-08 4.67391991776367e-08 4.62889993002591e-08 4.58429987304498e-08
5.47841985110153e-08 5.52731016512098e-08 5.57663000222419e-08 5.62639002055221e-08 5.67350006974721e-08 5.71670994986562e-08 5.73465008812946e-08 5.7526399643848e-08 5.81661012688528e-08 5.88814010882288e-08 5.92800013521355e-08 5.96812981257244e-08 6.00021010654928e-08 6.03246022023995e-08 6.06488015364448e-08 6.09366992421201e-08 6.11115993365274e-08 6.12868973348668e-08 6.14627992945316e-08 6.1536901796444e-08 6.15089987832107e-08 6.14811028754048e-08 6.14531998621715e-08 6.12916011277775e-08 6.1085998481758e-08 6.08810992730469e-08 6.06767969202338e-08 6.03494001438776e-08 6.00238010406429e-08 5.96999001345466e-08 5.93492011091712e-08 5.8915698986084e-08 5.8485401410735e-08 5.80581982490003e-08 5.75785001899476e-08 5.7047699897339e-08 5.65216993209106e-08 5.60006014893588e-08 5.54498988947216e-08 5.48932987953776e-08 5.43423013255051e-08 5.37967999036937e-08 5.25845997856322e-08 5.13995992434957e-08
5.52749988003143e-08 5.58218999913151e-08 5.63742013071078e-08 5.69319986709615e-08 5.74695988575513e-08 5.77358001407902e-08 5.78653001070961e-08 5.79952015300478e-08 5.8620198473136e-08 5.91306985597839e-08 5.92655986508817e-08 5.94703983836098e-08 6.01214011908269e-08 6.07797971952095e-08 6.14455970548988e-08 6.20739015744221e-08 6.25722975655663e-08 6.30748004937232e-08 6.35814032534654e-08 6.372700056545e-08 6.36486987559692e-08 6.35705035278988e-08 6.34924006703841e-08 6.32943013556542e-08 6.30570013981924e-08 6.28204972485946e-08 6.25850020696817e-08 6.26349034860141e-08 6.26847977969192e-08 6.25201010961973e-08 6.20614031277e-08 6.09294019682238e-08 6.11484978207955e-08 6.13804971294485e-08 6.16078992266011e-08 6.12820016954174e-08 6.06207990472285e-08 5.99667018263972e-08 5.95406000059029e-08 6.02626002432771e-08 6.07579977440764e-08 6.20754008195945e-08 6.36014974020327e-08 6.10625008334864e-08
5.57702009018612e-08 5.6376201484909e-08 5.69887994572582e-08 5.76079983716227e-08 5.82137005267214e-08 5.83100998596819e-08 5.75933007951335e-08 5.65934996643591e-08 5.7355499905043e-08 5.8095398713931e-08 5.97270002344885e-08 5.96627032223296e-08 6.05986016921634e-08 6.1609803481133e-08 6.19116988787027e-08 6.21604030470735e-08 6.25936991127674e-08 6.30300007742335e-08 6.34694004020275e-08 6.35970991424983e-08 6.34110008945754e-08 6.32455012805622e-08 6.30979997140457e-08 6.2759902164089e-08 6.24485991806978e-08 6.21388025479064e-08 6.18305975308431e-08 6.22469968902806e-08 6.16204971493062e-08 6.14752977412536e-08 6.40458992506865e-08 6.76426026302579e-08 8.4765702013101e-08 1.81093994910952e-07 1.86540000868263e-06 1.9149600120727e-05 7.59458998800255e-05 0.00013850700634066 0.000147059996379539 0.000152093998622149 0.000152149994391948 0.000148352002725005 0.000148371997056529 -3.4e+38
5.25696997044633e-08 5.31756008115281e-08 5.37609992079524e-08 5.4352799594426e-08 5.51497016942903e-08 5.64640991740362e-08 5.78097001380229e-08 5.77160008674582e-08 5.73511016455086e-08 5.80909009784136e-08 5.88402002676958e-08 5.95540008418993e-08 5.85925015172961e-08 5.82542014626597e-08 5.8034100192117e-08 5.83096984030362e-08 6.23263005650188e-08 6.41284998437186e-08 6.33518979498149e-08 6.35367030099587e-08 7.14949024427369e-08 1.07537999838314e-07 1.46716004678638e-07 1.91270009963773e-06 5.78902017878136e-06 2.64083992078668e-05 9.23269035411067e-05 0.000139272000524215 0.000137326002004556 0.000143398996442556 0.000146332997246645 0.000148371997056529 0.000150182997458614 0.000151953994645737 0.000155779998749495 -3.4e+38 -3.4e+38 -3.4e+38 -3.4e+38 -3.4e+38 -3.4e+38 -3.4e+38 -3.4e+38 -3.4e+38
4.92881007119195e-08 5.00924990376461e-08 5.07160002882756e-08 5.37746984718979e-08 5.53549988069335e-08 5.83080002058978e-08 6.77371971846696e-08 6.0167103299591e-08 6.18292972376366e-08 6.51639027182682e-08 6.9317998452334e-08 5.62887016997138e-08 6.20913027660208e-08 9.29351031686565e-08 6.7626201598614e-06 2.86980994133046e-05 0.000135281996335834 0.000148549006553367 -3.4e+38 -3.4e+38 -3.4e+38 -3.4e+38 -3.4e+38 -3.4e+38 -3.4e+38 -3.4e+38 -3.4e+38 -3.4e+38 -3.4e+38 -3.4e+38 -3.4e+38 -3.4e+38 -3.4e+38 -3.4e+38 -3.4e+38 -3.4e+38 -3.4e+38 -3.4e+38 -3.4e+38 -3.4e+38 -3.4e+38 -3.4e+38 -3.4e+38 -3.4e+38
4.77430006640134e-08 4.83259015027215e-08 1.23282995900809e-06 0.00012405299639795 0.000125496997497976 -3.4e+38 -3.4e+38 -3.4e+38 -3.4e+38 -3.4e+38 -3.4e+38 -3.4e+38 -3.4e+38 -3.4e+38 -3.4e+38 -3.4e+38 -3.4e+38 -3.4e+38 -3.4e+38 -3.4e+38 -3.4e+38 -3.4e+38 -3.4e+38 -3.4e+38 -3.4e+38 -3.4e+38 -3.4e+38 -3.4e+38 -3.4e+38 -3.4e+38 -3.4e+38 -3.4e+38 -3.4e+38 -3.4e+38 -3.4e+38 -3.4e+38 -3.4e+38 -3.4e+38 -3.4e+38 -3.4e+38 -3.4e+38 -3.4e+38 -3.4e+38 -3.4e+38
4.73980996673617e-08 4.79499000505257e-08 4.848590151596e-08 5.05704988995603e-08 0.000111594999907538 0.000122821002150886 -3.4e+38 -3.4e+38 -3.4e+38 -3.4e+38 -3.4e+38 -3.4e+38 -3.4e+38 -3.4e+38 -3.4e+38 -3.4e+38 -3.4e+38 -3.4e+38 -3.4e+38 -3.4e+38 -3.4e+38 -3.4e+38 -3.4e+38 -3.4e+38 -3.4e+38 -3.4e+38 -3.4e+38 -3.4e+38 -3.4e+38 -3.4e+38 -3.4e+38 -3.4e+38 -3.4e+38 -3.4e+38 -3.4e+38 -3.4e+38 -3.4e+38 -3.4e+38 -3.4e+38 -3.4e+38 -3.4e+38 -3.4e+38 -3.4e+38 -3.4e+38
6.64194033106469e-08 4.6994401259326e-08 4.73899994801741e-08 4.75322998738648e-08 5.10752009574844e-08 3.13442001242947e-07 0.000150585998198949 0.000163336997502483 -3.4e+38 -3.4e+38 -3.4e+38 -3.4e+38 -3.4e+38 -3.4e+38 -3.4e+38 -3.4e+38 -3.4e+38 -3.4e+38 -3.4e+38 -3.4e+38 -3.4e+38 -3.4e+38 -3.4e+38 -3.4e+38 -3.4e+38 -3.4e+38 -3.4e+38 -3.4e+38 -3.4e+38 -3.4e+38 -3.4e+38 -3.4e+38 -3.4e+38 -3.4e+38 -3.4e+38 -3.4e+38 -3.4e+38 -3.4e+38 -3.4e+38 -3.4e+38 -3.4e+38 -3.4e+38 -3.4e+38 -3.4e+38
4.9575298533e-08 4.84463988925654e-08 4.92206986280053e-08 5.00075003628808e-08 5.25140002594071e-08 5.83359991424004e-08 6.47816023047199e-08 1.25339994383467e-07 0.000126343002193607 0.000173980006366037 -3.4e+38 -3.4e+38 -3.4e+38 -3.4e+38 -3.4e+38 -3.4e+38 -3.4e+38 -3.4e+38 -3.4e+38 -3.4e+38 -3.4e+38 -3.4e+38 -3.4e+38 -3.4e+38 -3.4e+38 -3.4e+38 -3.4e+38 -3.4e+38 -3.4e+38 -3.4e+38 -3.4e+38 -3.4e+38 -3.4e+38 -3.4e+38 -3.4e+38 -3.4e+38 -3.4e+38 -3.4e+38 -3.4e+38 -3.4e+38 -3.4e+38 -3.4e+38 -3.4e+38 -3.4e+38
1.31484002849902e-05 4.9880299002325e-08 5.08751014649533e-08 5.18896996481999e-08 5.48291012592017e-08 5.99792002731192e-08 6.41835029568938e-08 6.61204992979947e-08 6.86532999338851e-08 1.15550001567044e-07 6.01194005867001e-05 0.000183330994332209 0.000189016005606391 -3.4e+38 -3.4e+38 -3.4e+38 -3.4e+38 -3.4e+38 -3.4e+38 -3.4e+38 -3.4e+38 -3.4e+38 -3.4e+38 -3.4e+38 -3.4e+38 -3.4e+38 -3.4e+38 -3.4e+38 -3.4e+38 -3.4e+38 -3.4e+38 -3.4e+38 -3.4e+38 -3.4e+38 -3.4e+38 -3.4e+38 -3.4e+38 -3.4e+38 -3.4e+38 -3.4e+38 -3.4e+38 -3.4e+38 -3.4e+38 -3.4e+38
3.13486998493318e-06 5.06380999354406e-08 5.19956984135206e-08 5.33895985199706e-08 5.65643993866161e-08 6.16854975987735e-08 6.41556994196435e-08 6.66017001549335e-08 6.91890988946398e-08 7.26200966028046e-08 7.62209992899443e-08 1.24096004583407e-07 9.97704992187209e-05 0.000168768994626589 0.000164255005074665 -3.4e+38 -3.4e+38 -3.4e+38 -3.4e+38 -3.4e+38 -3.4e+38 -3.4e+38 -3.4e+38 -3.4e+38 -3.4e+38 -3.4e+38 -3.4e+38 -3.4e+38 -3.4e+38 -3.4e+38 -3.4e+38 -3.4e+38 -3.4e+38 -3.4e+38 -3.4e+38 -3.4e+38 -3.4e+38 -3.4e+38 -3.4e+38 -3.4e+38 -3.4e+38 -3.4e+38 -3.4e+38 -3.4e+38
4.87091007528306e-08 5.03693016185025e-08 5.20860012898083e-08 5.38611999445493e-08 5.75492009602385e-08 6.27827034804795e-08 6.65499015894966e-08 6.77951987881897e-08 7.02736997482134e-08 7.32416012283466e-08 7.38548990852905e-08 7.54032996042042e-08 7.63794005820273e-08 0.000154289999045432 0.000155453002662398 -3.4e+38 -3.4e+38 -3.4e+38 -3.4e+38 -3.4e+38 -3.4e+38 -3.4e+38 -3.4e+38 -3.4e+38 -3.4e+38 -3.4e+38 -3.4e+38 -3.4e+38 -3.4e+38 -3.4e+38 -3.4e+38 -3.4e+38 -3.4e+38 -3.4e+38 -3.4e+38 -3.4e+38 -3.4e+38 -3.4e+38 -3.4e+38 -3.4e+38 -3.4e+38 -3.4e+38 -3.4e+38 -3.4e+38
4.81097011117981e-08 5.01018000420572e-08 5.21764000893654e-08 5.43369012007133e-08 5.85432005095754e-08 6.3113901660472e-08 6.69946018660994e-08 6.90110013579215e-08 7.13366006266369e-08 7.16394978894641e-08 7.24577020605466e-08 7.26534992168126e-08 6.96164974556268e-08 0.000168949001817964 0.000155143992742524 0.000154973997268826 0.000168505997862667 0.000167770995176397 -3.4e+38 -3.4e+38 -3.4e+38 -3.4e+38 -3.4e+38 -3.4e+38 -3.4e+38 -3.4e+38 -3.4e+38 -3.4e+38 -3.4e+38 -3.4e+38 -3.4e+38 -3.4e+38 -3.4e+38 -3.4e+38 -3.4e+38 -3.4e+38 -3.4e+38 -3.4e+38 -3.4e+38 -3.4e+38 -3.4e+38 -3.4e+38 -3.4e+38 -3.4e+38
4.98564993733908e-08 5.23630987459001e-08 5.49956986617417e-08 5.77606016349819e-08 6.19014031144616e-08 6.49616964665256e-08 6.76619009709611e-08 6.97236970381709e-08 7.13963999032785e-08 7.19781994007462e-08 7.22599011737657e-08 7.26234006265258e-08 7.11656014118489e-08 1.5413099390571e-05 0.000170494997291826 0.000163285993039608 0.000161194999236614 0.000161069998284802 0.000158042006660253 -3.4e+38 -3.4e+38 -3.4e+38 -3.4e+38 -3.4e+38 -3.4e+38 -3.4e+38 -3.4e+38 -3.4e+38 -3.4e+38 -3.4e+38 -3.4e+38 -3.4e+38 -3.4e+38 -3.4e+38 -3.4e+38 -3.4e+38 -3.4e+38 -3.4e+38 -3.4e+38 -3.4e+38 -3.4e+38 -3.4e+38 -3.4e+38 -3.4e+38
