results/Predictions/Median/Serravallian.asc
NCOLS 360 
NROWS 180 
XLLCORNER -180 
YLLCORNER -90 
CELLSIZE 1 
NODATA_value -3.4e+38 
[rows 114 to 132 of 180, columns 220 to 263 of 360]
0.000499707995913923 0.000485100987134501 0.531973004341125 -3.4e+38 -3.4e+38 -3.4e+38 0.00517765991389751 0.00045697801397182 0.00048528698971495 0.000493057013954967 0.000490343023557216 0.000486975011881441 0.000486286997329444 0.000494419015012681 0.000497421016916633 0.000499895017128438 0.000502570997923613 0.00050395802827552 0.000505349016748369 0.000502137991134077 0.000502692011650652 0.00050358398584649 0.000504477007780224 0.000506066018715501 0.00050682300934568 0.000505712989252061 0.000505779986269772 0.000505074975080788 0.000503879971802235 0.000503689981997013 0.000501975999213755 0.000500161026138812 0.000496286025736481 0.000491818995214999 0.000487081008031964 0.0004824009956792 0.000479590991744772 0.000472655985504389 0.000461398012703285 0.00045120800496079 0.00044394499855116 0.000434502988355234 0.000425262987846509 0.000414718000683933
0.000497649016324431 0.000491301994770765 0.524251997470856 -3.4e+38 -3.4e+38 0.470075011253357 0.000451211002655327 0.000468176003778353 0.000489212980028242 0.000489533005747944 0.000488283985760063 0.000485144002595916 0.000482903007650748 0.00048825700650923 0.000493538973387331 0.000498028995934874 0.000495116983074695 0.000493629020638764 0.000491895014420152 0.000490163976792246 0.000490261998493224 0.000491583021357656 0.000493042985908687 0.000494546024128795 0.000494199979584664 0.000493238971102983 0.000492279999889433 0.000491323007736355 0.000490163976792246 0.000487785990117118 0.000482761010061949 0.000480635004350916 0.000477207009680569 0.000468773010652512 0.000457763992017135 0.000451210013125092 0.0004485750105232 0.000439366995124146 0.000429156993050128 0.000419131014496088 0.000409324013162404 0.000399745011236519 0.00039146700873971 0.000384749990189448
0.000505256000906229 0.000504054012708366 0.000524942006450146 0.537120997905731 0.519190013408661 0.511856973171234 0.000485322991153225 0.000493297004140913 0.000508598983287811 0.000508175988215953 0.000497880973853171 0.000484999996842816 0.000483320007333532 0.000482828996609896 0.000486505014123395 0.00048532200162299 0.000477335997857153 0.000479529000585899 0.000481522001791745 0.000480117014376447 0.000479709007777274 0.000480213988339528 0.000480538990814239 0.000480863003758714 0.000479929003631696 0.000475628999993205 0.000472064013592899 0.000468182988697663 0.000459387985756621 0.00044794799759984 0.000443959987023845 0.000434841000242159 0.000426960992626846 0.000417233008192852 0.000411574001191184 0.000405230995966122 0.000398236006731167 0.000391362991649657 0.000384610000764951 0.000377171993022785 0.000369735003914684 0.000361620011972263 0.000353682989953086 0.000347257009707391
0.000515803985763341 0.000515587977133691 0.000516197003889829 0.0108099998906255 0.00448320992290974 0.000520751986186951 0.000519551977049559 0.0005217440193519 0.000523947004694492 0.000522236980032176 0.00050952797755599 0.000490625970996916 0.000483621988678351 0.000473180989501998 0.000479546986753121 0.000472754996735603 0.000460920011391863 0.000462441996205598 0.000461229996290058 0.000454766006441787 0.000449971004854888 0.000444989011157304 0.000441476993728429 0.000439346011262387 0.000436898990301415 0.000430957996286452 0.000425095000537112 0.000420277996454388 0.000411974004236981 0.000402506004320458 0.000395704992115498 0.000391318986658007 0.000384810991818085 0.000377170013962314 0.000371283007552847 0.000363522995030507 0.000356401986209676 0.000350446993252262 0.000345497013768181 0.00034035398857668 0.000336314988089725 0.000329867994878441 0.000326979992678389 0.00032258901046589
0.000510387006215751 0.000520332017913461 0.000521972018759698 0.000522123998962343 0.000522275979164988 0.000523246009834111 0.000525037990882993 0.000520709028933197 0.000513316015712917 0.00050703197484836 0.000493192987050861 0.000479375012218952 0.000472520012408495 0.00046944001223892 0.00046450798981823 0.00044765998609364 0.000432552013080567 0.000427866005338728 0.000418042007368058 0.00041448199772276 0.000407084997277707 0.000401431985665113 0.000395857990952209 0.00039036400266923 0.000383419013815001 0.00037848501233384 0.000374421011656523 0.000371425005141646 0.000365374988177791 0.000356333010131493 0.000350730988429859 0.000341428996762261 0.000336708006216213 0.000331435003317893 0.000325014989357442 0.000321133993566036 0.000316171994199976 0.000311147014144808 0.000305905996356159 0.000301368010696024 0.000298908009426668 0.000293908989988267 0.000287169008515775 0.000282021996099502
0.000490059028379619 0.000502660986967385 0.000505383999552578 0.000508804980199784 0.000513912993483245 0.000513947976287454 0.000507608987390995 0.000503928982652724 0.000495892018079758 0.000483782991068438 0.000472062005428597 0.000462988013168797 0.000458533002529293 0.000456293986644596 0.000446232996182516 0.000422131008235738 0.000397291005356237 0.000390811008401215 0.000383709004381672 0.000378169002942741 0.000368386012269184 0.000360517005901784 0.000355847994796932 0.000348881003446877 0.000342346000252292 0.000336920988047495 0.000331471004756168 0.000327841000398621 0.000321653002174571 0.000316063989885151 0.000309956987621263 0.000303828011965379 0.000298224011203274 0.000291111995466053 0.00028426299104467 0.000278113991953433 0.000273323996225372 0.000271399010671303 0.000268103001872078 0.000265312002738938 0.000262040004599839 0.000259041000390425 0.000254139013122767 0.000249942997470498
0.000460065988590941 0.000469268998131156 0.000476298009743914 0.000483426003484055 0.00048946199240163 0.000489051977638155 0.000484124990180135 0.000472037994768471 0.000466285011498258 0.000460888986708596 0.00045326299732551 0.000446313002612442 0.000438287010183558 0.000431557011324912 0.00041639301343821 0.000390386994695291 0.000369054003385827 0.000360467995051295 0.000352748989826068 0.000344091997249052 0.00033625599462539 0.000329294009134173 0.000322492007398978 0.000316496007144451 0.000309975002892315 0.000303487991914153 0.000297705002594739 0.000290891010081396 0.000285146990790963 0.000277501007076353 0.000270218006335199 0.000262163986917585 0.00025753301451914 0.000252350000664592 0.000247616990236565 0.000244452996412292 0.000241004003328271 0.000237529995501973 0.000233162005315535 0.000228553006309085 0.000225180992856622 0.000220632005948573 0.000215285006561317 0.000210098995012231
0.00043351500062272 0.000437999988207594 0.000443069991888478 0.000448864011559635 0.00045481399865821 0.000455339992186055 0.000451549014542252 0.000442818010924384 0.000438296003267169 0.000435161986388266 0.000427213992225006 0.000416763999965042 0.000409077008953318 0.000396149000152946 0.000378096010535955 0.000355419993866235 0.000341178005328402 0.000333728996338323 0.000326162000419572 0.000317861995426938 0.000311287003569305 0.00030037498800084 0.000291181000648066 0.000284450012259185 0.000277181999990717 0.000270104996161535 0.000263552006799728 0.000256992992945015 0.000250507000600919 0.000243018002947792 0.000237770000239834 0.000230470002861694 0.000223745999392122 0.000218704997678287 0.000213223000173457 0.00020821500220336 0.000202223003725521 0.00019641499966383 0.00019040699407924 0.000187521000043489 0.000184845994226635 0.000181437993887812 0.000177908994373865 0.000174486005562358
0.00040545899537392 0.000407042010920122 0.000411306013120338 0.00041561500984244 0.000421217002440244 0.000421945005655289 0.000419716991018504 0.000415680988226086 0.000412558991229162 0.000407331011956558 0.000399184005800635 0.000383975013392046 0.000371363013982773 0.000359180994564667 0.00034291300107725 0.000329252012306824 0.000317959988024086 0.000309168011881411 0.00030105299083516 0.000291686010314152 0.000282924011116847 0.000274394988082349 0.000266760995145887 0.000257723993854597 0.000248439988354221 0.000239867993514054 0.000232259000767954 0.000225066003622487 0.000218390006921254 0.000210862999665551 0.000203686999157071 0.000195497006643564 0.000189626996871084 0.000183929005288519 0.000178482005139813 0.000174571992829442 0.000170950996107422 0.000166573998285457 0.000161339004989713 0.000156816997332498 0.000152584005263634 0.000148448001709767 0.000144457997521386 0.000141231997986324
0.000376332987798378 0.000368807988706976 0.000373899005353451 0.000379059987608343 0.000385507009923458 0.000386342988349497 0.000382564991014078 0.000379678007448092 0.000376813986804336 0.000366101012332365 0.000356367992935702 0.000348708999808878 0.000337822013534606 0.000323521002428606 0.000310550996800885 0.000297299004159868 0.000286485999822617 0.000278357998467982 0.000270485994406044 0.00026284100022167 0.000254963990300894 0.000246888987021521 0.000236273001064546 0.000229426004807465 0.000219716006540693 0.000211435006349348 0.000203948002308607 0.000194929001736455 0.000188934995094314 0.00018243100203108 0.000176365007064305 0.00016895099543035 0.000164495999342762 0.000158120004925877 0.00015274400357157 0.000146384001709521 0.000141361000714824 0.000136090005980805 0.000130714004626498 0.000126596001791768 0.000123164005344734 0.000119825002911966 0.000116267998237163 0.000112939000246115
0.000329792004777119 0.000321692990837619 0.000571214011870325 0.000331507006194443 0.0003338830138091 0.000334120006300509 0.000332043011439964 0.000330884009599686 0.000329725997289643 0.00032482499955222 0.000315351993776858 0.000308459013467655 0.000301546999253333 0.000292412005364895 0.000281666987575591 0.000269076001131907 0.000260188011452556 0.000253592006629333 0.000244888011366129 0.000239614993915893 0.000231384998187423 0.000222287999349646 0.000213495004572906 0.000203606992727146 0.000195019994862378 0.00018749300215859 0.000180927992914803 0.000171720996149816 0.000164736004080623 0.000157735994434915 0.000150463005411439 0.000145265003084205 0.000139424999360926 0.000133808993268758 0.000127102000988089 0.000121375996968709 0.000115734001155943 0.000110800996480975 0.00010602299880702 0.000101935998827685 9.83189966063946e-05 9.47395019466057e-05 9.11246024770662e-05 8.89477014425211e-05
0.000291953998384997 0.000278880994301289 0.000279502011835575 0.000281377986539155 0.000283447006950155 0.000283377012237906 0.000281171000096947 0.000279858999419957 0.000279166008112952 0.000276389997452497 0.000272898992989212 0.000269448995823041 0.000263236986938864 0.000253743986831978 0.000246937008341774 0.000238168999203481 0.000229903002036735 0.000223348004510626 0.000217339998926036 0.000209757999982685 0.000201510993065313 0.000193886997294612 0.000186727993423119 0.000178461006726138 0.000170518993400037 0.00016361300367862 0.000156612004502676 0.000149037994560786 0.000141951997647993 0.00013520399807021 0.000128956002299674 0.000122993995319121 0.000117524999950547 0.000112301000626758 0.000107168998511042 0.000102352001704276 9.77270974544808e-05 9.3114998890087e-05 8.86109992279671e-05 8.48169001983479e-05 8.11490972409956e-05 7.78839967097156e-05 7.4672898335848e-05 7.20403986633755e-05
0.000259266002103686 0.000248096999712288 0.000245739996898919 0.000243406000663526 0.000241094006923959 0.000239248998695984 0.000237728992942721 0.000235188999795355 0.000233236001804471 0.000230717996601015 0.000227773998631164 0.00022473199351225 0.000221733003854752 0.00021434600057546 0.000206989992875606 0.000199072004761547 0.000192812993191183 0.000189515005331486 0.000183163996553048 0.000177669993718155 0.000171399005921558 0.000165486999321729 0.000159520001034252 0.000153568995301612 0.000146937993122265 0.000140934003866278 0.00013448900426738 0.000129173000459559 0.000122867000754923 0.000118137002573349 0.000112390996946488 0.000106947001768276 0.000101828001788817 9.65483995969407e-05 9.12001996766776e-05 8.66409973241389e-05 8.22021975181997e-05 7.7991200669203e-05 7.40834002499469e-05 7.04884005244821e-05 6.72561000101268e-05 6.4172301790677e-05 6.12301009823568e-05 5.90548006584868e-05
0.000226579999434762 0.00021769899467472 0.000212276994716376 0.000204550000489689 0.000197439003386535 0.000193471001693979 0.00019223999697715 0.000190125007065944 0.000187555997399613 0.000185640994459391 0.000183737996849231 0.000181449999217875 0.000178532005520537 0.000174546003108844 0.000170379993505776 0.000166155994520523 0.000161186995683238 0.000156648995471187 0.000152127002365887 0.000147915998240933 0.000143785000545904 0.000139655006933026 0.000136150993057527 0.000131622000481002 0.000127805004012771 0.000122597994050011 0.000117087001854088 0.000112066001747735 0.000108644999272656 0.00010358500003349 9.81409975793213e-05 9.29566012928262e-05 8.79701983649284e-05 8.32514997455291e-05 7.87859025876969e-05 7.46200967114419e-05 7.05936035956256e-05 6.67853964841925e-05 6.31836010143161e-05 5.99113009229768e-05 5.68518007639796e-05 5.39491993549746e-05 5.11955004185438e-05 4.89099002152216e-05
0.000172640997334383 0.000163678007083945 0.000159432995133102 0.000153814995428547 0.000146985999890603 0.000142311997478828 0.000139939002110623 0.000137105002067983 0.000134361005621031 0.000132529996335506 0.000130858999909833 0.000129424006445333 0.00012812799832318 0.00012610899284482 0.000123701000120491 0.000120780001452658 0.000118859999929555 0.000117030002002139 0.000114934999146499 0.000112877998617478 0.000110679000499658 0.000108537002233788 0.000106437000795268 0.000104523998743389 0.000101896999694873 9.88013998721726e-05 9.60182005655952e-05 9.33137998799793e-05 8.9818197011482e-05 8.64542016643099e-05 8.32166988402605e-05 7.99425033619627e-05 7.63428979553282e-05 7.29062012396753e-05 6.96248025633395e-05 6.61508020129986e-05 6.20151986368001e-05 5.8106001233682e-05 5.44436006748583e-05 5.09872006659862e-05 4.77426983707119e-05 4.48454011348076e-05 4.23993005824741e-05 4.04640013584867e-05
0.000125628997921012 0.000118784999358468 0.000113868001790252 0.000109533997601829 0.000105238999822177 0.00010219599789707 0.00010020199988503 9.82471028692089e-05 9.63307029451244e-05 9.51183028519154e-05 9.41414982662536e-05 9.3174799985718e-05 9.22180988709442e-05 9.12881005206145e-05 9.03675027075224e-05 8.94562035682611e-05 8.85729969013482e-05 8.7653002992738e-05 8.67425987962633e-05 8.58416970004328e-05 8.49475982249714e-05 8.40606007841416e-05 8.31970974104479e-05 8.23664013296366e-05 8.09498014859855e-05 7.936389738461e-05 7.78091998654418e-05 7.62850031605922e-05 7.39749011700042e-05 7.18416995368898e-05 6.97758005117066e-05 6.72125970595516e-05 6.38736964901909e-05 6.092969852034e-05 5.81749991397373e-05 5.51316989003681e-05 5.18591987201944e-05 4.87817997054663e-05 4.58948998129927e-05 4.30578984378371e-05 4.04195016017184e-05 3.79431003239006e-05 3.56185992131941e-05 3.37191013386473e-05
7.72919011069462e-05 7.32284970581532e-05 6.97860014042817e-05 6.62587990518659e-05 6.28850975772366e-05 6.07170986768324e-05 5.93123004364315e-05 5.79398983973078e-05 5.65994014323223e-05 5.59982981940266e-05 5.56390004931018e-05 5.52819001313765e-05 5.49268988834228e-05 5.48938005522359e-05 5.47363015357405e-05 5.45793009223416e-05 5.45030998182483e-05 5.46644005225971e-05 5.49647011212073e-05 5.52812016394455e-05 5.55137994524557e-05 5.5661399528617e-05 5.58093015570194e-05 5.59576001251116e-05 5.57847997697536e-05 5.55061014892999e-05 5.52286983293016e-05 5.49526994291227e-05 5.4366399126593e-05 5.37861997145228e-05 5.32121994183399e-05 5.24087990925182e-05 5.09279998368584e-05 4.9489000957692e-05 4.80905982840341e-05 4.62327006971464e-05 4.39719988207798e-05 4.18216986872721e-05 3.96832983824424e-05 3.72012000298128e-05 3.49873989762273e-05 3.28392998198979e-05 3.07683985738549e-05 2.89840991172241e-05
3.98101001337636e-05 3.77703981939703e-05 3.61120000889059e-05 3.45266016665846e-05 3.30110015056562e-05 3.19553982990328e-05 3.13222008117009e-05 3.07016016449779e-05 3.00934007100295e-05 2.99410003208322e-05 2.99367002298823e-05 2.99294006254058e-05 2.992209920194e-05 3.02532007481204e-05 3.05879984807689e-05 3.09265997202601e-05 3.13189993903507e-05 3.18691018037498e-05 3.24288994306698e-05 3.2998501410475e-05 3.35291006194893e-05 3.40303995471913e-05 3.46318993251771e-05 3.52438983100001e-05 3.56185009877663e-05 3.59131008735858e-05 3.62093996955082e-05 3.65027008228935e-05 3.70007001038175e-05 3.75033996533602e-05 3.80105993826874e-05 3.83676997444127e-05 3.82610996894073e-05 3.81530990125611e-05 3.80437013518531e-05 3.73221009795088e-05 3.60234989784658e-05 3.47694003721699e-05 3.37185992975719e-05 3.20373001159169e-05 2.99944003927521e-05 2.80797994491877e-05 2.65120997937629e-05 2.48594005824998e-05
2.16348998947069e-05 2.02690007427009e-05 1.9165800040355e-05 1.81189006980276e-05 1.71699994098162e-05 1.64689008670393e-05 1.6140400475706e-05 1.58101993292803e-05 1.54336994455662e-05 1.5432400687132e-05 1.55551006173482e-05 1.56786991283298e-05 1.58032999024726e-05 1.62361993716331e-05 1.6653599232086e-05 1.71499996213242e-05 1.76913999894168e-05 1.83440006367164e-05 1.90205992112169e-05 1.97221997950692e-05 2.03875006263843e-05 2.10108992177993e-05 2.16534008359304e-05 2.23156002903124e-05 2.28191001951927e-05 2.32803995459108e-05 2.37509993894491e-05 2.41964007727802e-05 2.50436005444499e-05 2.59204007306835e-05 2.66703991655959e-05 2.7525700716069e-05 2.82313994830474e-05 2.89527997665573e-05 2.96296002488816e-05 2.97129990940448e-05 2.93219000013778e-05 2.88350001937943e-05 2.8631700843107e-05 2.72141005552839e-05 2.55634004133753e-05 2.41030993493041e-05 2.26112006203039e-05 2.09292993531562e-05
