results/Predictions/Median/Serravallian.asc
NCOLS 360 
NROWS 180 
XLLCORNER -180 
YLLCORNER -90 
CELLSIZE 1 
NODATA_value -3.4e+38 
[rows 133 to 151 of 180, columns 264 to 307 of 360]
1.58560997078894e-05 1.48941999214003e-05 1.39818002935499e-05 1.31005999719491e-05 1.24048001453048e-05 1.17747003969271e-05 1.12662000901764e-05 1.0866099728446e-05 1.04800001281546e-05 1.01075002021389e-05 9.78841035248479e-06 9.51623042055871e-06 9.25163021747721e-06 8.99439964996418e-06 8.90771025296999e-06 8.81613959791139e-06 8.71925021783682e-06 8.66888967721025e-06 8.76331978361122e-06 8.8440001491108e-06 8.93230026122183e-06 9.25427957554348e-06 9.83565041678958e-06 1.03988004411804e-05 1.09716002043569e-05 1.14895001388504e-05 1.19819997053128e-05 1.2397699720168e-05 1.28773999676923e-05 1.32326003949856e-05 1.35946002046694e-05 1.39599997055484e-05 1.42591998155694e-05 1.43215002026409e-05 1.43878996823332e-05 1.44700998134795e-05 1.45523999890429e-05 1.46520997077459e-05 1.47517002915265e-05 1.48520002767327e-05 1.50721998579684e-05 1.53633991430979e-05 1.57225003931671e-05 1.60898998728953e-05
1.28489000417176e-05 1.22146002468071e-05 1.15944003482582e-05 1.11307999759447e-05 1.05899998743553e-05 9.91322031040909e-06 9.38693028729176e-06 9.00525992619805e-06 8.60815998748876e-06 8.29903001431376e-06 8.03166039986536e-06 7.80055961513426e-06 7.57953011998325e-06 7.36471019990859e-06 7.29207022232004e-06 7.22014010534622e-06 7.14891984898713e-06 7.10754011379322e-06 7.15401984052733e-06 7.20420985089731e-06 7.28725990484236e-06 7.45008992453222e-06 7.73304964241106e-06 8.06179014034569e-06 8.40498978504911e-06 8.70965959620662e-06 9.00609029486077e-06 9.29807993088616e-06 9.62065041676397e-06 9.84986036201008e-06 1.00695997389266e-05 1.0284100426361e-05 1.04816999737523e-05 1.061760031007e-05 1.07551995824906e-05 1.08946996988379e-05 1.10155997390393e-05 1.11175004349207e-05 1.12201996671502e-05 1.13240002974635e-05 1.14885997390957e-05 1.16719002107857e-05 1.18649995783926e-05 1.20840995805338e-05
9.59055978455581e-06 9.42961014516186e-06 9.18783007364254e-06 8.75844034453621e-06 8.34434013086138e-06 7.98116980149643e-06 7.62112995289499e-06 7.33598017177428e-06 7.08124980519642e-06 6.85950999468332e-06 6.66269988869317e-06 6.46956004857202e-06 6.28478983344394e-06 6.10530014455435e-06 6.02537011218374e-06 5.96679001318989e-06 5.91105981584406e-06 5.87668000662234e-06 5.90505987929646e-06 5.93358981859637e-06 5.96224981563864e-06 6.07572019362124e-06 6.28061980023631e-06 6.49181993139791e-06 6.71013003739063e-06 6.89736998538137e-06 7.07583012626856e-06 7.25894005881855e-06 7.47670992495841e-06 7.63599018682726e-06 7.80432037572609e-06 7.97636039351346e-06 8.14176019048318e-06 8.27868007036159e-06 8.41792007122422e-06 8.55950020195451e-06 8.66509981278796e-06 8.73456974659348e-06 8.80450988915982e-06 8.87966962181963e-06 8.99813039723085e-06 9.11044025997398e-06 9.1906804300379e-06 9.31323029362829e-06
6.83205007590004e-06 6.9088500822545e-06 6.90382012180635e-06 6.72662008582847e-06 6.49998992230394e-06 6.26836981609813e-06 6.0948100326641e-06 5.91232992519508e-06 5.73383022128837e-06 5.56446002519806e-06 5.42243014933774e-06 5.29064982401906e-06 5.16207001055591e-06 5.04107993037906e-06 4.99918996865745e-06 4.94503001391422e-06 4.89741978526581e-06 4.87272018290241e-06 4.87011993755004e-06 4.88891009808867e-06 4.91353011966567e-06 4.99197994940914e-06 5.12685983267147e-06 5.26537996847765e-06 5.40764995093923e-06 5.56730992684606e-06 5.74574005440809e-06 5.93145978200482e-06 6.11123005000991e-06 6.26951987214852e-06 6.41934002487687e-06 6.57274995319312e-06 6.70462986818166e-06 6.78849983160035e-06 6.87342981109396e-06 6.9608399826393e-06 7.02890019965707e-06 7.07011986378348e-06 7.11159009370022e-06 7.15328997102915e-06 7.20089019523584e-06 7.25069003237877e-06 7.3008500294236e-06 7.35135017748689e-06
4.79894015370519e-06 5.02877992403228e-06 5.18407978233881e-06 5.07410004502162e-06 5.01880003866972e-06 4.93468996864976e-06 4.771499789058e-06 4.66785013486515e-06 4.5652800508833e-06 4.43697990704095e-06 4.34896992373979e-06 4.27246004619519e-06 4.1975399653893e-06 4.12394001614302e-06 4.10159009334166e-06 4.06464005209273e-06 4.02652995035169e-06 3.99733016820392e-06 4.01808983951923e-06 4.0326399357582e-06 4.05135006076307e-06 4.11707014791318e-06 4.22373977926327e-06 4.32833985541947e-06 4.42516011389671e-06 4.55951021649526e-06 4.71014982394991e-06 4.86575981994974e-06 5.02652983414009e-06 5.15322017236031e-06 5.28310010849964e-06 5.41627014172263e-06 5.53452991880476e-06 5.59977979719406e-06 5.66580001759576e-06 5.73260012970422e-06 5.77360015086015e-06 5.78825984121067e-06 5.80294999963371e-06 5.81768017582363e-06 5.82443999519455e-06 5.8290302149544e-06 5.83362998440862e-06 5.83903010920039e-06
3.30897000822006e-06 3.56356008524017e-06 3.72166005035979e-06 3.70913994629518e-06 3.68477003576118e-06 3.6709200230689e-06 3.66324002243346e-06 3.61207003152231e-06 3.53035989064665e-06 3.46629008163291e-06 3.42609996550891e-06 3.36812991008628e-06 3.32270997205342e-06 3.27791008203349e-06 3.2672101042408e-06 3.25654991684132e-06 3.2463299248775e-06 3.24405004903383e-06 3.2629500310577e-06 3.2814700716699e-06 3.29941008203605e-06 3.34231003762397e-06 3.4111799323e-06 3.48511002812302e-06 3.56617010766058e-06 3.69446001968754e-06 3.83449014407233e-06 3.98766997022904e-06 4.14698979511741e-06 4.27268014391302e-06 4.3938098315266e-06 4.51838013759698e-06 4.62948992208112e-06 4.69144015369238e-06 4.75420984002994e-06 4.81782990391366e-06 4.85584996567923e-06 4.86764020024566e-06 4.87946999783162e-06 4.89131980430102e-06 4.88666000819649e-06 4.8765100473247e-06 4.86638009533635e-06 4.85627015223145e-06
2.27588998313877e-06 2.46570994022477e-06 2.62654998550715e-06 2.67666996478511e-06 2.69821998699626e-06 2.73079990620317e-06 2.76757009487483e-06 2.75324009635369e-06 2.72100010079157e-06 2.70066993834917e-06 2.67940004050615e-06 2.65499011220527e-06 2.63059996541415e-06 2.60561000686721e-06 2.6082600470545e-06 2.61099989984359e-06 2.61387003774871e-06 2.62260005001735e-06 2.64909999714291e-06 2.67516998064821e-06 2.70139003077929e-06 2.74745002570853e-06 2.81198003904137e-06 2.87105990537384e-06 2.93352991320717e-06 3.02229000226362e-06 3.12236011268396e-06 3.22576988764922e-06 3.34560991177568e-06 3.46882006851956e-06 3.59655996362562e-06 3.71190003534139e-06 3.83111000701319e-06 3.89840988646029e-06 3.96688983528293e-06 4.036589871248e-06 4.07695006288122e-06 4.08709001931129e-06 4.09723998018308e-06 4.10737993661314e-06 4.08905998483533e-06 4.06240997108398e-06 4.03594003728358e-06 4.00964017899241e-06
1.65209996794147e-06 1.78280004092812e-06 1.91715002983983e-06 1.97825011127861e-06 2.0363900148368e-06 2.09589006772148e-06 2.12232998819673e-06 2.13324005926552e-06 2.1184200704738e-06 2.10016992241435e-06 2.0944899006281e-06 2.08660003409022e-06 2.08333995033172e-06 2.08009009838861e-06 2.08503001886129e-06 2.08996993933397e-06 2.09604991141532e-06 2.10922007681802e-06 2.13546991290059e-06 2.16153989640588e-06 2.18792001760448e-06 2.22806011151988e-06 2.28271005653369e-06 2.33868991017516e-06 2.39603991758486e-06 2.48071000896743e-06 2.5773799734452e-06 2.67781001639378e-06 2.76914011010376e-06 2.86048998532351e-06 2.95488007395761e-06 3.05240996567591e-06 3.15070997203293e-06 3.21255993185332e-06 3.27561997437442e-06 3.33992011292139e-06 3.37618007506535e-06 3.38378004016704e-06 3.39139000971045e-06 3.3990199881373e-06 3.38020004164719e-06 3.35274989993195e-06 3.32553008774994e-06 3.29851991409669e-06
1.26969996472326e-06 1.39160999879095e-06 1.50135997500911e-06 1.54427004872559e-06 1.58729994836904e-06 1.64161997417978e-06 1.67421001151524e-06 1.68624001162243e-06 1.70588998571475e-06 1.72234001638571e-06 1.72755005678482e-06 1.7246100014745e-06 1.72166994616418e-06 1.71874000898242e-06 1.73010005255492e-06 1.74123999840958e-06 1.75175000549643e-06 1.76543994712119e-06 1.78825996499654e-06 1.809360014704e-06 1.82867995590641e-06 1.85582996437006e-06 1.89116997262317e-06 1.92717993741098e-06 1.96389009943232e-06 2.0255799881852e-06 2.10400003197719e-06 2.18547006625158e-06 2.27007990361017e-06 2.36056007452135e-06 2.45464002546214e-06 2.55247005043202e-06 2.63420997725916e-06 2.6830300612346e-06 2.73275009021745e-06 2.78341008197458e-06 2.81287998404878e-06 2.82048995359219e-06 2.82810992757732e-06 2.83574991044588e-06 2.82262999462546e-06 2.80269000541011e-06 2.78290008282056e-06 2.76324999504141e-06
9.59631051955512e-07 1.06203003724659e-06 1.15775003450835e-06 1.19809999432618e-06 1.24096004583407e-06 1.29641000512493e-06 1.32406000830088e-06 1.33246999212133e-06 1.35290997604898e-06 1.36149003537867e-06 1.36991002364084e-06 1.37594997795532e-06 1.38201005484007e-06 1.38979999064759e-06 1.3996700545249e-06 1.41134000841703e-06 1.42311000672635e-06 1.43723002565821e-06 1.45832996167883e-06 1.47974003539275e-06 1.50148002830974e-06 1.53001997205138e-06 1.565740035403e-06 1.60231002155342e-06 1.63974004863121e-06 1.69362999713485e-06 1.75394995949318e-06 1.81012001121417e-06 1.87246996574686e-06 1.94084009308426e-06 2.01173997993465e-06 2.09124004868499e-06 2.16875992009591e-06 2.22193989429798e-06 2.27640998673451e-06 2.33212995226495e-06 2.36406003750744e-06 2.37152994486678e-06 2.37903009292495e-06 2.38654001805116e-06 2.37209997067112e-06 2.35049992625136e-06 2.32908996622427e-06 2.30787009058986e-06
8.06847026524338e-07 8.83073994373262e-07 9.56054009293439e-07 9.995869731938e-07 1.0455199799253e-06 1.0901600262514e-06 1.1195099887118e-06 1.13380997390777e-06 1.14600004508247e-06 1.15509999432106e-06 1.16806995720253e-06 1.17807996957708e-06 1.18465004561585e-06 1.19126002573466e-06 1.20122001590062e-06 1.21126004160033e-06 1.22137998914695e-06 1.23358995551826e-06 1.25199005651666e-06 1.27067005450954e-06 1.28962994949688e-06 1.31378999412846e-06 1.3434399761536e-06 1.373770032842e-06 1.40478005050682e-06 1.44812997859844e-06 1.49685001815669e-06 1.54721999479079e-06 1.59571004587633e-06 1.65284996000992e-06 1.71519002378773e-06 1.77626998265623e-06 1.83347003712697e-06 1.87379998806136e-06 1.91502999769e-06 1.95717007045459e-06 1.98214002011809e-06 1.98925999939092e-06 1.99639998754719e-06 2.00356998902862e-06 1.9957999484177e-06 1.98313000510097e-06 1.97053009287629e-06 1.95800998881168e-06
6.90269985170744e-07 7.45596992146602e-07 8.04880016858078e-07 8.42633994579955e-07 8.76420983786375e-07 9.10725020730752e-07 9.38917025905539e-07 9.55821974457649e-07 9.73029955275706e-07 9.90550006463309e-07 9.99550024971541e-07 1.00456998097798e-06 1.00961995030957e-06 1.01469004221144e-06 1.02190995221463e-06 1.03261004369415e-06 1.04340995221719e-06 1.0559499514784e-06 1.07357004708319e-06 1.09136999526527e-06 1.10790995222487e-06 1.12836994503596e-06 1.15294994884607e-06 1.17807996957708e-06 1.20375000278727e-06 1.23996005640947e-06 1.28070996652241e-06 1.32281002152013e-06 1.36630001179583e-06 1.41068994707894e-06 1.45096998949157e-06 1.49240997870947e-06 1.54037002175755e-06 1.57776003106846e-06 1.61604998538678e-06 1.65528001616622e-06 1.68071994721686e-06 1.69171005381941e-06 1.70276996414032e-06 1.71281999428174e-06 1.70666999110836e-06 1.69336999533698e-06 1.68018004842452e-06 1.66709003224241e-06
5.94498999362258e-07 6.45859984160779e-07 6.91414982156857e-07 7.17651005288644e-07 7.44882981962292e-07 7.75276021158788e-07 7.97524023710139e-07 8.1095902260131e-07 8.25174993224209e-07 8.39639994865138e-07 8.488769935866e-07 8.56376004776394e-07 8.63941011175484e-07 8.71574002303532e-07 8.79988988344849e-07 8.88485999439581e-07 8.9706401240619e-07 9.06466993910726e-07 9.16743999823666e-07 9.27139012674161e-07 9.41422001687897e-07 9.59739963946049e-07 9.81649009190733e-07 1.00405998182396e-06 1.02699004855822e-06 1.05951005480165e-06 1.09621998944931e-06 1.134200033448e-06 1.17184004011506e-06 1.21169000522059e-06 1.24886003050051e-06 1.28349995520693e-06 1.31578997297765e-06 1.33876994823368e-06 1.36215999191336e-06 1.38595999032987e-06 1.40096994982741e-06 1.40692998229497e-06 1.41584996526944e-06 1.42482997489424e-06 1.41751002047386e-06 1.40483996347029e-06 1.39228995976737e-06 1.3802000466967e-06
5.33906984401256e-07 5.73328975406184e-07 6.10738027262414e-07 6.31551984042744e-07 6.53076995149604e-07 6.75335002142674e-07 6.91411003117537e-07 7.00828024946532e-07 7.104050041562e-07 7.2165602205132e-07 7.28458985577163e-07 7.33776971628686e-07 7.39134009108966e-07 7.44529017993045e-07 7.51510981444881e-07 7.58558996949432e-07 7.65673007663281e-07 7.73690999267274e-07 7.84339988513238e-07 7.95135974840377e-07 8.0607998143023e-07 8.20574996396317e-07 8.38805988223612e-07 8.5744198941029e-07 8.74936006312055e-07 9.00938005088392e-07 9.29714019548555e-07 9.58756004365569e-07 9.8857299235533e-07 1.02295996384782e-06 1.05853996501537e-06 1.09535994852195e-06 1.12964005438698e-06 1.15325997285254e-06 1.17290994694486e-06 1.1922800240427e-06 1.20426000194129e-06 1.20863001029647e-06 1.21302002753509e-06 1.21742004921543e-06 1.21011998999165e-06 1.19900994377531e-06 1.188000055663e-06 1.1770899845942e-06
4.77947992294503e-07 5.09905021317536e-07 5.39457971626689e-07 5.55769020138541e-07 5.72568978896015e-07 5.89878993650927e-07 6.02324007559218e-07 6.09578989951842e-07 6.16920999618742e-07 6.24351002898038e-07 6.28501027222228e-07 6.31551984042744e-07 6.34618004369258e-07 6.37698974514933e-07 6.42708016584947e-07 6.47754973215342e-07 6.53546976536745e-07 6.60000978314201e-07 6.68056998165412e-07 6.76211982408859e-07 6.84465987887961e-07 6.96279016665358e-07 7.1187901085068e-07 7.285070182661e-07 7.45525028378324e-07 7.66230016324698e-07 7.88642978477583e-07 8.11716006410279e-07 8.32844989417936e-07 8.60045986428304e-07 8.89421016836422e-07 9.19800015708461e-07 9.47867988543294e-07 9.66508991950832e-07 9.85515953288996e-07 1.00490001386788e-06 1.0167200343858e-06 1.02070998764248e-06 1.02470994534087e-06 1.02873002560955e-06 1.01969999377616e-06 1.00645002021338e-06 9.93383991954033e-07 9.80699951469433e-07
4.27676013714517e-07 4.5208298615762e-07 4.76189995879395e-07 4.90041998091328e-07 5.03147020936012e-07 5.16513978254807e-07 5.25679013207991e-07 5.30409977272939e-07 5.35183005467843e-07 5.39999973625527e-07 5.41795998287853e-07 5.42577026863e-07 5.43359988114389e-07 5.44143972547317e-07 5.47167985587294e-07 5.50210017991049e-07 5.53268023395503e-07 5.57162024961144e-07 5.63564015010343e-07 5.70040015190898e-07 5.76589002321271e-07 5.84767008149356e-07 5.94639004702913e-07 6.04678007221082e-07 6.14886005223525e-07 6.31715010968037e-07 6.52141977752763e-07 6.7323401253816e-07 6.9501101052083e-07 7.13279973751924e-07 7.32031992356497e-07 7.51280026634049e-07 7.70070016642421e-07 7.86369014349475e-07 8.03014017947135e-07 8.19890999537165e-07 8.26669975140248e-07 8.26395023523219e-07 8.25960000838677e-07 8.2488702446426e-07 8.1071800650534e-07 7.92551020367682e-07 7.74793022628728e-07 7.57434975184879e-07
3.83795992320302e-07 4.02120008402562e-07 4.19644010207776e-07 4.30264009310122e-07 4.39947001495966e-07 4.51062987849582e-07 4.58095001931724e-07 4.60846990790742e-07 4.63616004253709e-07 4.66400990717375e-07 4.66300008383769e-07 4.65236013269532e-07 4.64160990532037e-07 4.6284299060062e-07 4.64081011841699e-07 4.65308005459519e-07 4.66491997030971e-07 4.68931006025741e-07 4.75179007253246e-07 4.81510994632117e-07 4.87927025005774e-07 4.9515199407324e-07 5.02526972923079e-07 5.09591018271749e-07 5.16754994350777e-07 5.30524005171173e-07 5.46905027931643e-07 5.63790990781854e-07 5.81199003590882e-07 5.89963008224004e-07 5.98857980094181e-07 6.09261974204856e-07 6.20669993622869e-07 6.34489992989984e-07 6.48620016363566e-07 6.63066998640716e-07 6.68215989207965e-07 6.63848993553984e-07 6.59510021705501e-07 6.55199983157218e-07 6.38571975741797e-07 6.18479020886298e-07 5.998679739605e-07 5.82632992518484e-07
3.38914986741656e-07 3.53193996716072e-07 3.66101005511155e-07 3.73392992969457e-07 3.81370000468451e-07 3.89094992669925e-07 3.93589004943351e-07 3.95047010215421e-07 3.96509989286642e-07 3.97977999000432e-07 3.94334989550771e-07 3.89050001103897e-07 3.8383601008718e-07 3.7869099855925e-07 3.77117004290994e-07 3.75550996523089e-07 3.73992008917412e-07 3.7380598882919e-07 3.77748989421889e-07 3.81733997301126e-07 3.85762007226731e-07 3.88790994065857e-07 3.90798987837115e-07 3.92816986050093e-07 3.9484498870479e-07 4.07790992085211e-07 4.24988996883258e-07 4.4327001091915e-07 4.64227014163043e-07 4.67353004296456e-07 4.70499998073137e-07 4.73667995493088e-07 4.78596007269516e-07 4.86608996652649e-07 4.93802019718714e-07 5.01100998917536e-07 5.01038982747559e-07 4.93618017571862e-07 4.86306987568241e-07 4.79104983241996e-07 4.64403996147666e-07 4.47725000185528e-07 4.31644991749636e-07 4.15534998410294e-07
2.94508993192721e-07 3.05524991972561e-07 3.15510988002643e-07 3.21391013358152e-07 3.27381997067278e-07 3.33483995973438e-07 3.37213009515835e-07 3.38487012641053e-07 3.39765989565421e-07 3.41310993690058e-07 3.33478993752578e-07 3.23227993703767e-07 3.13035002363904e-07 3.03164995330008e-07 2.98352006211644e-07 2.93614988322588e-07 2.88953998506258e-07 2.85956986090241e-07 2.87767988993437e-07 2.89590985858013e-07 2.91334998792081e-07 2.90671010816368e-07 2.87732007109298e-07 2.84824011487217e-07 2.81944011248925e-07 2.94024005143001e-07 3.1190000981951e-07 3.30552012428598e-07 3.51336012727188e-07 3.49385004483338e-07 3.47444995441037e-07 3.44960994880239e-07 3.43274990655118e-07 3.4494598821766e-07 3.46625000702261e-07 3.48311999687212e-07 3.4345700328231e-07 3.32332007246805e-07 3.22780010719725e-07 3.13686996378237e-07 3.00985988133107e-07 2.87574010826575e-07 2.74759997864749e-07 2.61802995282778e-07
