results/Predictions/Median/Serravallian.asc
NCOLS 360 
NROWS 180 
XLLCORNER -180 
YLLCORNER -90 
CELLSIZE 1 
NODATA_value -3.4e+38 
[rows 76 to 94 of 180, columns 264 to 307 of 360]
0.000452334992587566 0.000453459011623636 0.000453304004622623 0.000455458997748792 0.00045901900739409 0.000460962997749448 0.000464999000541866 0.000471751001896337 0.528190970420837 0.514608025550842 0.503196001052856 -3.4e+38 -3.4e+38 -3.4e+38 -3.4e+38 -3.4e+38 -3.4e+38 -3.4e+38 -3.4e+38 -3.4e+38 -3.4e+38 -3.4e+38 -3.4e+38 0.531014025211334 0.000458038994111121 0.000455558008980006 0.000453390995971859 0.000452565989689901 0.000453518994618207 0.000454480003099889 0.00045575198601 0.104716002941132 0.000476195011287928 -3.4e+38 0.514625012874603 0.000487335986690596 0.000459275004686788 0.000460234994534403 0.520560026168823 -3.4e+38 0.521686971187592 0.000463842996396124 0.000464490993181244 0.00046384398592636
0.000451948988484219 0.000452075008070096 0.000453007989563048 0.000455545989098027 0.000455620989669114 0.000457852002000436 0.000463928008684888 0.00047089799772948 0.000938208017032593 0.487058013677597 0.526255011558533 -3.4e+38 -3.4e+38 -3.4e+38 -3.4e+38 -3.4e+38 -3.4e+38 -3.4e+38 -3.4e+38 -3.4e+38 -3.4e+38 -3.4e+38 -3.4e+38 0.524748980998993 0.000457393005490303 0.000456943002063781 0.000455856003100052 0.000455683009931818 0.525430977344513 0.000457724992884323 0.218898996710777 0.490215003490448 0.489407986402512 -3.4e+38 0.000721520977094769 0.000460592011222616 0.000458791997516528 0.000458558002719656 -3.4e+38 0.508194983005524 0.511635005474091 0.000459091999800876 0.00046301499241963 0.000463884993223473
0.000449220009613782 0.000450076011475176 0.000451688014436513 0.000453709013527259 0.000453743996331468 0.00045808800496161 0.000464170007035136 0.000469330989290029 0.000538969004992396 0.0899010971188545 0.538437008857727 -3.4e+38 -3.4e+38 -3.4e+38 -3.4e+38 -3.4e+38 -3.4e+38 -3.4e+38 -3.4e+38 -3.4e+38 -3.4e+38 -3.4e+38 0.527827978134155 0.527108013629913 0.000460009003290907 0.000457963004009798 0.000458544993307441 0.000458424998214468 0.000579091021791101 0.000461975985672325 0.0174970999360085 0.174455001950264 -3.4e+38 0.00154027994722128 0.000462189986137673 0.000461877003544942 0.00046168701373972 0.260095000267029 0.514647006988525 0.490231990814209 0.450026988983154 0.000462903990410268 0.000464860000647604 0.000467486999696121
0.00045169101213105 0.000450241001090035 0.000451903993962333 0.00045338599011302 0.000456058012787253 0.000460948009276763 0.000465219985926524 0.000472565996460617 0.00360133009962738 0.277404993772507 0.547800004482269 -3.4e+38 -3.4e+38 -3.4e+38 -3.4e+38 -3.4e+38 -3.4e+38 -3.4e+38 -3.4e+38 -3.4e+38 -3.4e+38 -3.4e+38 0.534838974475861 0.517028987407684 0.000466135010356084 0.0858711004257202 0.000684547994751483 0.000467567006126046 0.00306364009156823 0.000729345018044114 0.0223507005721331 -3.4e+38 0.391259014606476 0.000467531004687771 0.516481995582581 0.000463417993159965 0.000462202995549887 0.511817991733551 0.518378973007202 0.51445597410202 -3.4e+38 0.001690509961918 0.000467081990791485 0.000468732003355399
0.00045321200741455 0.000453249987913296 0.000453198998002335 0.000456453009974211 0.000460156996268779 0.000465171993710101 0.000470522994874045 0.00048114699893631 0.00728992000222206 0.51963198184967 0.54218602180481 0.552348017692566 -3.4e+38 -3.4e+38 -3.4e+38 -3.4e+38 -3.4e+38 -3.4e+38 -3.4e+38 -3.4e+38 -3.4e+38 -3.4e+38 0.537899017333984 0.45729398727417 0.0283525008708239 0.529835999011993 0.0264625996351242 0.317465990781784 0.509541988372803 0.162526994943619 0.308205991983414 0.525322020053864 0.000482481991639361 0.000477780005894601 0.000471842009574175 0.000467486999696121 0.490628004074097 0.531946003437042 0.531524002552032 -3.4e+38 0.524227023124695 0.521109998226166 0.000719605013728142 0.000479228998301551
0.000453246990218759 0.000453360989922658 0.000453604996437207 0.000458949012681842 0.000462741008959711 0.000471069011837244 0.000482350995298475 0.000493230007123202 0.169477999210358 0.539654016494751 0.540230989456177 0.545868992805481 -3.4e+38 -3.4e+38 -3.4e+38 -3.4e+38 -3.4e+38 -3.4e+38 -3.4e+38 -3.4e+38 -3.4e+38 0.545699000358582 0.53241902589798 0.401704996824265 0.285515010356903 0.509702026844025 0.312882989645004 0.183303996920586 0.249430999159813 0.513974010944366 0.545898020267487 0.548756003379822 0.0270252004265785 0.000482653005747125 0.000480604998301715 0.000476479006465524 0.526125013828278 0.129337996244431 0.000495805987156928 -3.4e+38 0.000476563989650458 0.000479667010949925 -3.4e+38 0.000554109981749207
0.000454511988209561 0.000455775996670127 0.000457090005511418 0.000461338990135118 0.000469183985842392 0.000482292001834139 0.000494421983603388 0.000501753995195031 0.371167987585068 0.542860984802246 0.542069017887115 0.549076020717621 -3.4e+38 -3.4e+38 -3.4e+38 -3.4e+38 -3.4e+38 -3.4e+38 -3.4e+38 -3.4e+38 -3.4e+38 0.559696018695831 0.53202497959137 0.50332897901535 0.44735398888588 0.514285027980804 0.517490983009338 0.528536021709442 0.542674005031586 0.557144999504089 -3.4e+38 -3.4e+38 0.554048001766205 0.0978740975260735 0.00876333005726337 0.528575003147125 0.50457102060318 0.000479637004900724 0.000479095993796363 0.000478656002087519 0.000482976989587769 0.000487606012029573 0.000495188985951245 0.204869002103806
0.000456685986137018 0.000457440997706726 0.000461379997432232 0.000468254002043977 0.000480118003906682 0.000493482977617532 0.000500341993756592 0.000514206010848284 0.00911183003336191 -3.4e+38 0.547055006027222 0.549894988536835 0.56387597322464 -3.4e+38 -3.4e+38 -3.4e+38 -3.4e+38 -3.4e+38 -3.4e+38 -3.4e+38 0.561272978782654 0.559970021247864 0.549049019813538 0.536417007446289 0.532243013381958 0.536072015762329 0.54278701543808 0.554542005062103 0.555818974971771 -3.4e+38 -3.4e+38 -3.4e+38 0.550288021564484 -3.4e+38 0.532235026359558 0.52388197183609 0.000481702998513356 0.000481199007481337 0.000480930990306661 0.000482412986457348 0.000487815996166319 0.000493309984449297 0.000503311981447041 0.000679152028169483
0.000464342010673136 0.000465944991447031 0.000469030987005681 0.000480120012070984 0.000490882026497275 0.000497505010571331 0.000510359997861087 0.000524212024174631 0.000527028983924538 0.367924004793167 -3.4e+38 0.561618983745575 0.564067006111145 -3.4e+38 -3.4e+38 -3.4e+38 -3.4e+38 -3.4e+38 -3.4e+38 -3.4e+38 -3.4e+38 -3.4e+38 0.564451992511749 0.55663001537323 0.550628006458282 0.553031980991364 0.557078003883362 -3.4e+38 -3.4e+38 -3.4e+38 -3.4e+38 -3.4e+38 0.547348022460938 0.538857996463776 0.000611717987339944 0.000479932990856469 0.00048196199350059 0.000482447998365387 0.000485013995785266 0.000486840988742188 0.000490080972667783 0.000503122981172055 0.000514606013894081 0.000528028002008796
0.000469729013275355 0.00047296000411734 0.000479998998343945 0.000486378994537517 0.000493887986522168 0.000498346984386444 0.000512826023623347 0.000521439011208713 0.000523647991940379 0.000527471012901515 0.00471204984933138 0.540024995803833 -3.4e+38 -3.4e+38 -3.4e+38 -3.4e+38 -3.4e+38 -3.4e+38 -3.4e+38 -3.4e+38 -3.4e+38 -3.4e+38 -3.4e+38 0.568470001220703 0.563947975635529 0.566155016422272 -3.4e+38 -3.4e+38 -3.4e+38 -3.4e+38 -3.4e+38 -3.4e+38 0.560895979404449 0.536014974117279 0.000508247001562268 0.000485155993374065 0.000482970994198695 0.000482917006593198 0.000486834003822878 0.000490556005388498 0.000504005991388112 0.000511779973749071 0.000521790003404021 0.000533871003426611
0.000477336987387389 0.000481474999105558 0.000485750992083922 0.000491839018650353 0.000495598011184484 0.000501843984238803 0.000513357983436435 0.00051668897503987 0.00051740201888606 0.000521395995747298 0.00052400300046429 0.00236610998399556 -3.4e+38 0.560478985309601 0.553013980388641 -3.4e+38 -3.4e+38 -3.4e+38 -3.4e+38 -3.4e+38 -3.4e+38 -3.4e+38 -3.4e+38 -3.4e+38 -3.4e+38 -3.4e+38 -3.4e+38 -3.4e+38 -3.4e+38 -3.4e+38 -3.4e+38 -3.4e+38 0.563641011714935 0.550741016864777 0.000507700024172664 0.000491599028464407 0.000483690004330128 0.000490716018248349 0.00049800897249952 0.000499729998409748 0.000508241006173193 0.000515407999046147 0.000528107979334891 0.000537914980668575
0.000486147997435182 0.000489788013510406 0.00049306801520288 0.000496122986078262 0.000499759975355119 0.00050964200636372 0.000510648998897523 0.000513563980348408 0.000514480983838439 0.000514525978360325 0.00051898299716413 0.00052349700126797 -3.4e+38 -3.4e+38 0.553888022899628 0.550050020217896 0.556940972805023 -3.4e+38 -3.4e+38 -3.4e+38 -3.4e+38 -3.4e+38 -3.4e+38 -3.4e+38 -3.4e+38 -3.4e+38 -3.4e+38 -3.4e+38 -3.4e+38 -3.4e+38 -3.4e+38 -3.4e+38 0.567969977855682 0.55749100446701 0.000515476975124329 0.000502620008774102 0.000496611988637596 0.000500159978400916 0.000503527990076691 0.106071002781391 0.000511271005962044 0.000521139998454601 0.000532092002686113 0.000541811983566731
0.00048871198669076 0.000491124985273927 0.00049484201008454 0.000496738008223474 0.000500102003570646 0.000508632976561785 0.000510802026838064 0.000513452978339046 0.000515901017934084 0.000517804990522563 0.000520194007549435 0.000522757996805012 0.532097995281219 -3.4e+38 -3.4e+38 0.54865700006485 0.548946022987366 -3.4e+38 -3.4e+38 -3.4e+38 -3.4e+38 -3.4e+38 -3.4e+38 -3.4e+38 -3.4e+38 -3.4e+38 -3.4e+38 -3.4e+38 -3.4e+38 -3.4e+38 -3.4e+38 0.567510008811951 0.561273992061615 0.559185981750488 0.000517546024639159 0.00050398800522089 0.000574428006075323 -3.4e+38 0.548422992229462 0.000866609974764287 0.000520400004461408 0.000528493023011833 0.000536519975867122 0.00054406700655818
0.000487253011669964 0.000491423008497804 0.000494971987791359 0.000497339991852641 0.000500328023917973 0.000507806020323187 0.000509810983203351 0.000512461992911994 0.000516395026352257 0.00051964697195217 0.000520271016284823 0.000521363981533796 0.000522459973581135 -3.4e+38 -3.4e+38 -3.4e+38 0.54815798997879 0.549845993518829 -3.4e+38 -3.4e+38 -3.4e+38 -3.4e+38 -3.4e+38 -3.4e+38 -3.4e+38 -3.4e+38 -3.4e+38 -3.4e+38 -3.4e+38 -3.4e+38 -3.4e+38 0.565195977687836 0.55340301990509 0.551998972892761 0.512296974658966 -3.4e+38 0.543753027915955 0.536182999610901 0.00414037983864546 0.000523975002579391 0.000527873984538019 0.000535629980731755 0.000541315996088088 0.000546361028682441
0.000488642021082342 0.000490547972731292 0.000494693988002837 0.000496008025947958 0.000498947978485376 0.000506603973917663 0.00051040097605437 0.000513728999067098 0.000519749009981751 0.000523252005223185 0.000524031987879425 0.00052373600192368 0.000523078022524714 0.000523247988894582 -3.4e+38 -3.4e+38 0.554659008979797 0.545065999031067 0.555078029632568 -3.4e+38 -3.4e+38 -3.4e+38 -3.4e+38 -3.4e+38 -3.4e+38 -3.4e+38 -3.4e+38 -3.4e+38 -3.4e+38 -3.4e+38 0.571590006351471 0.556457996368408 0.53497701883316 0.560023009777069 0.543466985225677 -3.4e+38 0.544588029384613 0.0160147994756699 0.000530051009263843 0.000533528975211084 0.000538946012966335 0.000540191016625613 0.000544256996363401 0.000543228001333773
0.000486177013954148 0.000491944025270641 0.000494514009915292 0.000496968976221979 0.000500076974276453 0.000502331997267902 0.000511718972120434 0.000515006016939878 0.000522333022672683 0.000526914023794234 0.000528082018718123 0.000528584991116077 0.000529089011251926 0.000529438024386764 0.000766686978749931 -3.4e+38 -3.4e+38 0.544591009616852 0.545872986316681 -3.4e+38 -3.4e+38 -3.4e+38 -3.4e+38 -3.4e+38 -3.4e+38 -3.4e+38 -3.4e+38 -3.4e+38 -3.4e+38 -3.4e+38 0.571189999580383 0.520666003227234 0.288318008184433 0.568626999855042 0.563390970230103 0.563175022602081 0.555914998054504 0.544815003871918 0.000540364999324083 0.000542053021490574 0.000544067996088415 0.000545016024261713 0.000548165990039706 0.000543806992936879
0.00048191100358963 0.000488179997773841 0.000494153006002307 0.000499073008541018 0.000499731977470219 0.000503998016938567 0.00050861801719293 0.000517707027029246 0.000522216025274247 0.000531097000930458 0.000533385027665645 0.000534723978489637 0.000536067993380129 0.00053542701061815 0.000538684020284563 0.00317008001729846 -3.4e+38 0.550078988075256 0.5450159907341 -3.4e+38 -3.4e+38 -3.4e+38 -3.4e+38 -3.4e+38 -3.4e+38 -3.4e+38 0.562750995159149 0.561770021915436 0.564651012420654 0.566785991191864 0.560494005680084 0.540087997913361 0.29272198677063 0.539058983325958 0.553538024425507 0.564697027206421 -3.4e+38 0.556930005550385 0.000550557975657284 0.000550646975170821 0.00054991600336507 0.000550160009879619 0.000548108015209436 0.000540948996786028
0.000473318999866024 0.000479598005767912 0.000487115990836173 0.000492324994411319 0.000497312983497977 0.000502698007039726 0.000506720971316099 0.000511155987624079 0.000521552981808782 0.000525609997566789 0.000532088975887746 0.000536382023710757 0.000539401022251695 0.000540469016414136 0.000539453991223127 0.000538002990651876 0.000993177993223071 0.559976994991302 0.549733996391296 0.54612797498703 -3.4e+38 -3.4e+38 -3.4e+38 -3.4e+38 -3.4e+38 -3.4e+38 0.558113992214203 0.559177994728088 0.562873005867004 0.565630972385406 0.562729001045227 0.557847023010254 0.551497995853424 0.544264018535614 0.553807020187378 0.563704013824463 0.573243021965027 0.571520984172821 0.000622759980615228 0.00055190798593685 0.000550492026377469 0.000549182994291186 0.000546339026186615 0.000538828026037663
0.000469769991468638 0.000474586995551363 0.000480643007904291 0.000485077005578205 0.000490023987367749 0.000494298001285642 0.000498873996548355 0.000503597024362534 0.000506966025568545 0.000513556995429099 0.000520661997143179 0.000524001021403819 0.000528265023604035 0.000531438970938325 0.000530615972820669 0.000529797980561852 0.000529221026226878 0.000528493023011833 0.551015973091125 0.550216972827911 0.546011984348297 0.54645699262619 0.537105023860931 0.550544023513794 -3.4e+38 0.551692008972168 0.550109028816223 0.555229008197784 0.561811983585358 0.565581977367401 0.564463019371033 0.565353989601135 0.563490986824036 0.56174099445343 0.558970987796783 0.560302019119263 0.565339982509613 0.572245001792908 0.00107663997914642 0.000551457982510328 0.000548237992916256 0.000546946015674621 0.00054207700304687 0.000536932027898729
