results/Predictions/Median/Sinemurian.asc
NCOLS 360 
NROWS 180 
XLLCORNER -180 
YLLCORNER -90 
CELLSIZE 1 
NODATA_value -3.4e+38 
[rows 120 to 139 of 180, columns 90 to 134 of 360]
0.00048601400339976 0.000481115013826638 0.000473619991680607 0.000466247001895681 0.000458127993624657 0.000452097010565922 0.000444462988525629 0.000433721987064928 0.000421150994952768 0.000410692999139428 0.000401430996134877 0.000392157991882414 0.000382505997549742 0.000374889990780503 0.000363767001545057 0.000353720010025427 0.000342184997862205 0.000329300004523247 0.00032029498834163 0.000309644994558766 0.000301855994621292 0.000291420990834013 0.000280412990832701 0.000268970004981384 0.00025799500872381 0.000247718009632081 0.000238046006415971 0.000229441997362301 0.000221408001380041 0.000209896999876946 0.000199789006728679 0.000190559003385715 0.000181070005055517 0.000173808002728038 0.000164776996825822 0.000157148999278434 0.000149112995131873 0.000139687996124849 0.00013239000691101 0.000126375001855195 0.000118932999612298 0.000111984998511616 0.000105938997876365 0.000100946002930868 9.61885016295128e-05
0.000448264996521175 0.000439575989730656 0.000433759996667504 0.000425882986746728 0.000418389012338594 0.000408394000260159 0.000399512005969882 0.00039089799975045 0.000380617013433948 0.000372387992683798 0.000364637991879135 0.000358860997948796 0.000351013994077221 0.00033748900750652 0.00032808500691317 0.000319527985993773 0.000310742005240172 0.000302469998132437 0.000294308003503829 0.000286154012428597 0.000276781996944919 0.000266126007772982 0.000257609004620463 0.000246604002313688 0.00023539099493064 0.000226864998694509 0.000219919995288365 0.000210675003472716 0.000198962996364571 0.000188674996024929 0.000181451003300026 0.000174782006070018 0.000168172002304345 0.000159746006829664 0.000150962005136535 0.000142486998811364 0.000135084002977237 0.000127381004858762 0.000120719996630214 0.000114073998702224 0.000108157997601666 0.000101890000223648 9.61101977736689e-05 9.06593995750882e-05 8.57178965816274e-05
0.000403726997319609 0.000399862008634955 0.000392167014069855 0.000384476996259764 0.000377949996618554 0.0003704649861902 0.000362830003723502 0.00035792900598608 0.000350649992469698 0.000342876010108739 0.000332641997374594 0.000326187000609934 0.000315007986500859 0.000307834008708596 0.000301213003695011 0.000294299010420218 0.000288501993054524 0.000282696011709049 0.000273634999757633 0.000263430993072689 0.000253676000284031 0.000244394992478192 0.000235319006606005 0.000226564996410161 0.000216693995753303 0.000209478006581776 0.000202764000277966 0.000192396997590549 0.000181020004674792 0.000172975996974856 0.000166743993759155 0.000159279006766155 0.000150915002450347 0.000144988996908069 0.000137192997499369 0.000129626001580618 0.000122914992971346 0.000115886999992654 0.000110305998532567 0.000104395003290847 9.83585996436886e-05 9.27049986785278e-05 8.78060018294491e-05 8.34609018056653e-05 7.93217986938544e-05
0.000359157013008371 0.000353231007466093 0.000347074004821479 0.000341695005772635 0.00033642299240455 0.000330309005221352 0.000322981009958312 0.000316433986881748 0.000308743008645251 0.000301293999655172 0.000295859994366765 0.000290836003841832 0.000283861008938402 0.000276053993729874 0.000268464005785063 0.000261497014435008 0.000253968988545239 0.000245694012846798 0.00023874499311205 0.000231209996854886 0.000222047994611785 0.000215035004657693 0.000208668992854655 0.000200409005628899 0.000194067004485987 0.000186784993275069 0.000177880006958731 0.000170201004948467 0.000162027004989795 0.000154823006596416 0.000146699007018469 0.000139113995828666 0.000131761000375263 0.00012636800238397 0.000120577002235223 0.000114852002297994 0.000109177999547683 0.000103085003502201 9.74978029262275e-05 9.26681968849152e-05 8.77509010024369e-05 8.29393029562198e-05 7.82666975283064e-05 7.3871502536349e-05 7.03637997503392e-05
0.000318842008709908 0.00031282298732549 0.00030722699011676 0.000302319007460028 0.000298083003144711 0.000292056007310748 0.000286149996099994 0.000281056010862812 0.000274852995062247 0.000268995994701982 0.000261662993580103 0.000254257000051439 0.000246520998189226 0.000241411995375529 0.000234763996559195 0.000228350996621884 0.000221634007175453 0.000214187006349675 0.000209343997994438 0.00020406799740158 0.000196747001609765 0.000191732993698679 0.000185804005013779 0.000178620000951923 0.000170511993928812 0.000162172000273131 0.000154487002873793 0.000147236001794226 0.000141038006404415 0.000133755995193496 0.000126544997328892 0.000120527998660691 0.000116502000309993 0.000111831999674905 0.000105863997305278 0.000100621997262351 9.50406974880025e-05 8.9797300461214e-05 8.51517979754135e-05 8.05450981715694e-05 7.65557997510768e-05 7.28106024325825e-05 6.92613975843415e-05 6.58760982332751e-05 6.27533008810133e-05
0.000279370986390859 0.000275197002338246 0.000270682998234406 0.00026473798789084 0.000258246989687905 0.000251199991907924 0.00024565399507992 0.000240351000684313 0.000235013998462819 0.000229596000281163 0.000224304007133469 0.000218738001422025 0.000213246996281669 0.00020895000488963 0.000203407005756162 0.000197372006368823 0.000193254003534093 0.000187718993402086 0.000181067996891215 0.000177773996256292 0.000171737992786802 0.000165107005159371 0.00015787199663464 0.000150477004353888 0.000144324003485963 0.0001380089961458 0.00013211699842941 0.000126479993923567 0.000121441000374034 0.000116602997877635 0.000111070003185887 0.000105487000837456 0.000100119999842718 9.5955198048614e-05 9.19516023714095e-05 8.76507983775809e-05 8.27812982606702e-05 7.81829003244638e-05 7.43467026040889e-05 7.08872976247221e-05 6.77127973176539e-05 6.4681502408348e-05 6.1787803133484e-05 5.90240015299059e-05 5.63844987482298e-05
0.000231672005611472 0.000226645002840087 0.000222392001887783 0.000217766006244346 0.000212564002140425 0.000208705998375081 0.000205004995223135 0.000200854003196582 0.000196327004232444 0.00019120100478176 0.000185173004865646 0.000180792005266994 0.000175227993167937 0.000169816994457506 0.000167475998750888 0.000165407996973954 0.00016173800395336 0.000155614005052485 0.000152163993334398 0.000146228994708508 0.000140143994940445 0.000134312998852693 0.000128786006825976 0.000124225000035949 0.000120917997264769 0.000117700001283083 0.000114333000965416 0.000109253996924963 0.000104400998679921 9.97643001028337e-05 9.52262998907827e-05 9.07923022168688e-05 8.65828988025896e-05 8.29018972581252e-05 7.90857011452317e-05 7.53725034883246e-05 7.20315001672134e-05 6.88392974552698e-05 6.58943972666748e-05 6.30759968771599e-05 6.03787011641543e-05 5.73450997762848e-05 5.41100998816546e-05 5.10579011461232e-05 4.81780007248744e-05
0.000190136997844093 0.000186402001418173 0.00018274100148119 0.000179049005964771 0.000174257002072409 0.000169370992807671 0.000164950994076207 0.000160843002959155 0.000158017996000126 0.000154587993165478 0.00015299599908758 0.00015078300202731 0.000145748999784701 0.000140598000143655 0.000137088994961232 0.000133863999508321 0.000130440006614663 0.000126914004795253 0.00012378700193949 0.00012009799684165 0.000117025003419258 0.00011407199781388 0.000110571003460791 0.000107179999758955 0.000103894002677407 0.000100707999081351 9.74559006863274e-05 9.35576026677154e-05 8.93909964361228e-05 8.54101017466746e-05 8.15727034932934e-05 7.82412971602753e-05 7.53342028474435e-05 7.23335033399053e-05 6.87477004248649e-05 6.6059197706636e-05 6.28755005891435e-05 5.95327983319294e-05 5.65162008570042e-05 5.36527004442178e-05 5.09345009049866e-05 4.86419994558673e-05 4.62839998363052e-05 4.40404983237386e-05 4.19060015701689e-05
0.000150844993186183 0.000147593003930524 0.000144410005304962 0.000141591997817159 0.000138187999255024 0.000133941997773945 0.000129948995891027 0.000126793005620129 0.000123542995424941 0.000120898999739438 0.00011805599933723 0.000115811999421567 0.00011428700236138 0.00011191100202268 0.000109198997961357 0.000106746003439184 0.000104537997685838 0.000102377001894638 0.000100259996543173 9.75264993030578e-05 9.46544969337992e-05 9.18673977139406e-05 8.9162596850656e-05 8.6627398559358e-05 8.41645014588721e-05 8.17719992483035e-05 7.90861013229005e-05 7.64275973779149e-05 7.33639972168021e-05 7.03976984368637e-05 6.75301998853683e-05 6.47589986328967e-05 6.23970991000533e-05 6.05421009822749e-05 5.80306004849263e-05 5.53587997274008e-05 5.28105010744184e-05 5.03798983118031e-05 4.81778988614678e-05 4.60724986623973e-05 4.40533003711607e-05 4.20871001551859e-05 4.01448014599737e-05 3.83022997993976e-05 3.6525001632981e-05
0.000116807001177222 0.000115059003292117 0.000113337999209762 0.000111522997030988 0.000108777996501885 0.00010604700219119 0.00010421899787616 0.000101712998002768 9.94442016235553e-05 9.70231994870119e-05 9.46614018175751e-05 9.2340400442481e-05 9.00281011126935e-05 8.77736965776421e-05 8.5575898992829e-05 8.36246981634758e-05 8.19054985186085e-05 8.02167996880598e-05 7.85627998993732e-05 7.6493903179653e-05 7.43342970963567e-05 7.25353020243347e-05 7.08817970007658e-05 6.91698005539365e-05 6.74991970299743e-05 6.56448974041268e-05 6.35507967672311e-05 6.12656003795564e-05 5.9355101257097e-05 5.74375008000061e-05 5.56974991923198e-05 5.40934015589301e-05 5.24839997524396e-05 5.0922499212902e-05 4.906010144623e-05 4.71548009954859e-05 4.53235006716568e-05 4.35379006376024e-05 4.17535993619822e-05 4.00427998101804e-05 3.84023005608469e-05 3.67087013728451e-05 3.50258997059427e-05 3.35391996486578e-05 3.21156985592097e-05
8.84128967300057e-05 8.68670977069996e-05 8.5348503489513e-05 8.38685009512119e-05 8.21989015094005e-05 8.04594019427896e-05 7.87566968938336e-05 7.70900005591102e-05 7.56627996452153e-05 7.42621996323578e-05 7.28874001652002e-05 7.13952031219378e-05 6.96318020345643e-05 6.79118966218084e-05 6.62344973534346e-05 6.48385030217469e-05 6.37078992440365e-05 6.25968968961388e-05 6.15052995271981e-05 6.00446983298752e-05 5.8769899624167e-05 5.75095000385772e-05 5.62269015063066e-05 5.48925017938018e-05 5.36998013558332e-05 5.26080002600793e-05 5.14700004714541e-05 5.00177011417691e-05 4.85925993416458e-05 4.7503399400739e-05 4.63766009488609e-05 4.51209998573177e-05 4.38995011791121e-05 4.27111008320935e-05 4.13374000345357e-05 3.99380987801123e-05 3.85862003895454e-05 3.72799986507744e-05 3.58858997060452e-05 3.45441985700745e-05 3.32529016304761e-05 3.18915990646929e-05 3.05280009342823e-05 2.93601005978417e-05 2.82778000837425e-05
6.67450003675185e-05 6.56757983961143e-05 6.4623702201061e-05 6.35886026429944e-05 6.23668965999968e-05 6.11024006502703e-05 5.98637016082648e-05 5.86501009820495e-05 5.75511003262363e-05 5.64727015444078e-05 5.54145990463439e-05 5.43595997442026e-05 5.32751982973423e-05 5.22123991686385e-05 5.11705984536093e-05 5.0248399929842e-05 4.94398991577327e-05 4.86444987473078e-05 4.78617002954707e-05 4.7014000301715e-05 4.61552008346189e-05 4.53112988907378e-05 4.44821998826228e-05 4.37232993135694e-05 4.28991006629076e-05 4.20717988163233e-05 4.11961009376682e-05 4.04657002945896e-05 3.963319977629e-05 3.87623003916815e-05 3.78732001991011e-05 3.69613007933367e-05 3.60708982043434e-05 3.52015013049822e-05 3.41685990861151e-05 3.31062001350801e-05 3.21143998007756e-05 3.11971998598892e-05 3.0274199161795e-05 2.94390993076377e-05 2.86020003841259e-05 2.76138998742681e-05 2.65477992797969e-05 2.55229006143054e-05 2.45375995291397e-05
5.06428004882764e-05 4.98970985063352e-05 4.91637983941473e-05 4.84455995319877e-05 4.76298991998192e-05 4.67926984129008e-05 4.59701986983418e-05 4.5162199967308e-05 4.43989010818768e-05 4.36531008745078e-05 4.29200008511543e-05 4.2187501094304e-05 4.14329988416284e-05 4.06920007662848e-05 3.99640994146466e-05 3.93154987250455e-05 3.87426007364411e-05 3.81780009774957e-05 3.76216994482093e-05 3.70601010217797e-05 3.65021005563904e-05 3.59521982318256e-05 3.54100993718021e-05 3.49092988471966e-05 3.43909996445291e-05 3.38803984050173e-05 3.34684991685208e-05 3.30459006363526e-05 3.24930006172508e-05 3.1948700780049e-05 3.13558011839632e-05 3.07172995235305e-05 3.00913998216856e-05 2.94776000373531e-05 2.87735001620604e-05 2.81439006357687e-05 2.75282000075094e-05 2.69258998741861e-05 2.61574004980503e-05 2.53687994700158e-05 2.46428007812938e-05 2.39640994550427e-05 2.29849993047537e-05 2.20362999243662e-05 2.11976002901793e-05
3.8274400139926e-05 3.7706700823037e-05 3.71474015992135e-05 3.65964988304768e-05 3.60484009434003e-05 3.55068987119012e-05 3.49734982592054e-05 3.44481013598852e-05 3.39358994096983e-05 3.34315009240527e-05 3.29344984493218e-05 3.24411012115888e-05 3.19436985591892e-05 3.1454001145903e-05 3.10100003844127e-05 3.05678986478597e-05 3.01945001410786e-05 2.98404993372969e-05 2.95283007289981e-05 2.92046006507007e-05 2.88735991489375e-05 2.85463993350277e-05 2.82228993455647e-05 2.7967500500381e-05 2.77145009022206e-05 2.74637004622491e-05 2.72101005975856e-05 2.68960993707879e-05 2.65919006778859e-05 2.62910998571897e-05 2.59248990914784e-05 2.54960996244336e-05 2.50744997174479e-05 2.46598992816871e-05 2.41964007727802e-05 2.37233998632291e-05 2.32596994464984e-05 2.27848995564273e-05 2.21789996430743e-05 2.16636999539332e-05 2.1194200598984e-05 2.06836994038895e-05 2.00363992917119e-05 1.93908999790438e-05 1.87466994248098e-05
2.90273001155583e-05 2.85871992673492e-05 2.81263000942999e-05 2.76673999906052e-05 2.7311900339555e-05 2.70069995167432e-05 2.66505994659383e-05 2.62988996837521e-05 2.59577991528204e-05 2.56211005762452e-05 2.52888003160479e-05 2.49629993049894e-05 2.46478994085919e-05 2.43771992245456e-05 2.40914996538777e-05 2.38440006796736e-05 2.36500000028173e-05 2.34574999922188e-05 2.32666006922955e-05 2.3059599698172e-05 2.28486005653394e-05 2.26395004574442e-05 2.24322993744863e-05 2.22653998207534e-05 2.20997008000268e-05 2.19353005377343e-05 2.17807992157759e-05 2.16534008359304e-05 2.15266991290264e-05 2.14007995964494e-05 2.12001996260369e-05 2.09270001505502e-05 2.0657400455093e-05 2.03912004508311e-05 2.01214006665396e-05 1.98528996406822e-05 1.95880002138438e-05 1.93266005226178e-05 1.89617003343301e-05 1.86037996172672e-05 1.81791001523379e-05 1.77300007635495e-05 1.71735991898458e-05 1.66804002219578e-05 1.61796997417696e-05
2.18215991480974e-05 2.15056006709347e-05 2.12062004720792e-05 2.09165991691407e-05 2.06985005206661e-05 2.05052001547301e-05 2.03137005883036e-05 2.012389995798e-05 1.99489004444331e-05 1.97754998225719e-05 1.96034998225514e-05 1.94289004866732e-05 1.9243600036134e-05 1.90599002962699e-05 1.88780995813431e-05 1.87428995559458e-05 1.86532997759059e-05 1.8564200217952e-05 1.84755008376669e-05 1.83588999789208e-05 1.8228800399811e-05 1.80703991645714e-05 1.7913400370162e-05 1.78165992110735e-05 1.77199999598088e-05 1.76211997313658e-05 1.75402001332259e-05 1.75111999851651e-05 1.74823999259388e-05 1.74534998222953e-05 1.73279004229698e-05 1.71074007084826e-05 1.68899005075218e-05 1.66749996424187e-05 1.64926004799781e-05 1.63404001796152e-05 1.62014002853539e-05 1.60634008352645e-05 1.5796400475665e-05 1.5539499145234e-05 1.52932007040363e-05 1.50207997648977e-05 1.46649999805959e-05 1.43176002893597e-05 1.397839969286e-05
1.64249995577848e-05 1.62084998009959e-05 1.59947994688991e-05 1.57839003804838e-05 1.5627399989171e-05 1.54897006723331e-05 1.53532000695122e-05 1.52178999996977e-05 1.51086996993399e-05 1.50003997987369e-05 1.48928002090543e-05 1.47713999467669e-05 1.46074999065604e-05 1.44454998007859e-05 1.42852004501037e-05 1.4197399650584e-05 1.41807004183647e-05 1.41639002322336e-05 1.41488999361172e-05 1.40872998599662e-05 1.40097999974387e-05 1.39344001581776e-05 1.38593004521681e-05 1.3844400200469e-05 1.3827199836669e-05 1.38099003379466e-05 1.3809600204695e-05 1.38567002068157e-05 1.39040002977708e-05 1.39514995680656e-05 1.39244002639316e-05 1.3822899745719e-05 1.372180031467e-05 1.3621100151795e-05 1.35706995934015e-05 1.35370000862167e-05 1.35032996695372e-05 1.34695001179352e-05 1.33173998619895e-05 1.31667002278846e-05 1.30174003061256e-05 1.28387000586372e-05 1.25715996546205e-05 1.23095996968914e-05 1.20526001410326e-05
1.23798999993596e-05 1.22307001220179e-05 1.20832000902737e-05 1.193729985971e-05 1.18371999633382e-05 1.17524996312568e-05 1.16683995656786e-05 1.15848997666035e-05 1.15393004307407e-05 1.14939002742176e-05 1.14487002065289e-05 1.13838996185223e-05 1.12609995994717e-05 1.11394001578446e-05 1.1037000149372e-05 1.09931997940294e-05 1.10094997580745e-05 1.10429000415024e-05 1.10763003249303e-05 1.10529999801656e-05 1.10108003354981e-05 1.09688999145874e-05 1.09257998701651e-05 1.09452003016486e-05 1.09645998236374e-05 1.09841002995381e-05 1.10199998744065e-05 1.11052004285739e-05 1.11912004285841e-05 1.12776997411856e-05 1.12997004180215e-05 1.1256500329182e-05 1.12132001959253e-05 1.11698000182514e-05 1.11849003587849e-05 1.12195002657245e-05 1.12556999738445e-05 1.12955003714887e-05 1.12283996713813e-05 1.11613999251858e-05 1.10944001789903e-05 1.09962002170505e-05 1.08021004052716e-05 1.05883000287577e-05 1.03787997431937e-05
9.33435967453988e-06 9.23951029108139e-06 9.13654002943076e-06 9.0310395535198e-06 8.97011977940565e-06 8.92400021257345e-06 8.88501017470844e-06 8.84957989910617e-06 8.82941003510496e-06 8.80928018887062e-06 8.78919036040315e-06 8.7575099314563e-06 8.69121959112817e-06 8.62543038238073e-06 8.56014958117157e-06 8.55423968459945e-06 8.60240015754243e-06 8.64489993546158e-06 8.6874897533562e-06 8.68840015755268e-06 8.67462040332612e-06 8.66086975293001e-06 8.64713001647033e-06 8.67761991685256e-06 8.70820986165199e-06 8.73891985975206e-06 8.78498030942865e-06 8.87097030499717e-06 8.94679033081047e-06 9.0438097686274e-06 9.08379024622263e-06 9.10150993149728e-06 9.08950005396036e-06 9.07581033970928e-06 9.12012001208495e-06 9.18345995160053e-06 9.24723008211004e-06 9.31413978833007e-06 9.298870281782e-06 9.28198005567538e-06 9.26513985177735e-06 9.2218197096372e-06 9.098290320253e-06 8.97641984920483e-06 8.84645032783737e-06
7.03757996234344e-06 6.97940004101838e-06 6.92165986038162e-06 6.86434987073881e-06 6.83928010403179e-06 6.82490008330205e-06 6.81054007145576e-06 6.79496997690876e-06 6.78427022648975e-06 6.77279012961662e-06 6.76109993946739e-06 6.7456398937793e-06 6.71892985337763e-06 6.69231985739316e-06 6.66580990582588e-06 6.67548010824248e-06 6.72140004098765e-06 6.76321997161722e-06 6.7920900619356e-06 6.81376013744739e-06 6.83305006532464e-06 6.83870985085377e-06 6.84418000673759e-06 6.88035015627975e-06 6.91670993546722e-06 6.95326980348909e-06 6.99823021932389e-06 7.07511981090647e-06 7.15285978003521e-06 7.23146013115183e-06 7.28618988432572e-06 7.31877980797435e-06 7.37192021915689e-06 7.39975985197816e-06 7.4672398113762e-06 7.55432984078652e-06 7.62820991440094e-06 7.70169026509393e-06 7.73003012000117e-06 7.75847001932561e-06 7.78700996306725e-06 7.79260972194606e-06 7.72939984017285e-06 7.66670018492732e-06 7.60450984671479e-06
