results/Predictions/Median/Sinemurian.asc
NCOLS 360 
NROWS 180 
XLLCORNER -180 
YLLCORNER -90 
CELLSIZE 1 
NODATA_value -3.4e+38 
[rows 100 to 119 of 180, columns 45 to 89 of 360]
0.000521080975886434 0.000518087006639689 0.000514506013132632 0.000510343001224101 0.000504281022585928 0.000497941975481808 0.000494209001772106 0.000491973012685776 0.000488521007355303 0.000483398995129392 0.000477938010590151 0.000473166001029313 0.000469276012154296 0.000465201010229066 0.000459801987744868 0.000455645000329241 0.000452703010523692 0.000448497012257576 0.000445306010078639 0.000441068987129256 0.000439147988799959 0.000436086003901437 0.000432728993473575 0.000430240004789084 0.000428808998549357 0.000425998994614929 0.000423979014158249 0.000423352990765125 0.000422899989644065 0.000421292003011331 0.000418039999203756 0.000416500988649204 0.00041536899516359 0.000413130008382723 0.000412005989346653 0.000411476008594036 0.000409430998843163 0.000408349005738273 0.00040763700962998 0.000405094004236162 0.000400358985643834 0.000397344003431499 0.000395070004742593 0.000389702996471897 0.000384176993975416
0.000521812005899847 0.000519262976013124 0.000516414002049714 0.000512663973495364 0.000508909986820072 0.000504873984027654 0.000501354981679469 0.000498660025186837 0.000494509004056454 0.000491206010337919 0.000486423989059404 0.00048198999138549 0.000477163004688919 0.000473518011858687 0.000468840007670224 0.000463970005512238 0.000460087001556531 0.000456726003903896 0.000454093998996541 0.000450210995040834 0.000446997990366071 0.000444150995463133 0.000441329000750557 0.000439324998296797 0.000436320988228545 0.000434454996138811 0.000432372995419428 0.000429617008194327 0.000426665996201336 0.000425459002144635 0.000422207987867296 0.000420925993239507 0.000418131006881595 0.000418051989981905 0.000417011004174128 0.000412899011280388 0.000411271990742534 0.000409430009312928 0.00040713298949413 0.000405339000280946 0.000401700002839789 0.00039700701017864 0.000391873996704817 0.000387314998079091 0.000380906014470384
0.000520083005540073 0.000517520995344967 0.00051522598369047 0.000512161001097411 0.000509333971422166 0.000506312004290521 0.00050335202831775 0.000500319001730531 0.000496499997097999 0.000494497013278306 0.000490158970933408 0.00048476000665687 0.000482539995573461 0.00047986299614422 0.000476968009024858 0.000474614003906026 0.000472103012725711 0.000469082006020471 0.000466082012280822 0.000462674011941999 0.000458133989013731 0.000452601001597941 0.000451480009360239 0.000448175997007638 0.000445851008407772 0.000443499011453241 0.000440704985521734 0.000438418996054679 0.000434646004578099 0.000430218002293259 0.000428563012974337 0.000426701008109376 0.000425375998020172 0.000422095006797463 0.00041961099486798 0.000417998991906643 0.000414856011047959 0.000412193010561168 0.000410111009841785 0.000405553000746295 0.000403154990635812 0.000396507995901629 0.000390036002499983 0.000383203994715586 0.000375997013179585
0.000521949026733637 0.000519973982591182 0.000516120984684676 0.000512946979142725 0.000510743004269898 0.000509141013026237 0.000506486976519227 0.000503227987792343 0.000500258000101894 0.000497306988108903 0.000494375999551266 0.00049176998436451 0.000488740974105895 0.000485927012050524 0.000482456001918763 0.000480426009744406 0.00047639399417676 0.000474369997391477 0.000473010004498065 0.000469968013931066 0.000468298007035628 0.000466033001430333 0.000463611999293789 0.000458830007119104 0.000456276000477374 0.00045373899047263 0.000451277999673039 0.00044800600153394 0.000445952988229692 0.000441526004578918 0.000437128008343279 0.000434754008892924 0.000432013999670744 0.000430923013482243 0.000427530991146341 0.000425420992542058 0.00042316599865444 0.000420839001890272 0.000418151001213118 0.000417222996475175 0.000413011992350221 0.000408861989853904 0.000401850003981963 0.000395749986637384 0.000386956991860643
0.000525614013895392 0.000520390982273966 0.000518186017870903 0.000516264990437776 0.000513639999553561 0.000511817983351648 0.00050918001215905 0.000505100004374981 0.000502950977534056 0.000500813010148704 0.000498684006743133 0.000496473978273571 0.000494041014462709 0.000491653976496309 0.000489278987515718 0.000486444012494758 0.000483795010950416 0.00048288400284946 0.000481155002489686 0.000479557988001034 0.0004759969888255 0.000472465006168932 0.000470116006908938 0.000468190002720803 0.000464468990685418 0.000462681986391544 0.000460935989394784 0.000459175003925338 0.000457446003565565 0.0004546050040517 0.000450393999926746 0.000447166996309534 0.000444470002548769 0.000440220988821238 0.000436870992416516 0.000435035995906219 0.000432589004049078 0.000429829000495374 0.000426345999585465 0.000424227007897571 0.000420249009039253 0.000417450995882973 0.000416033988585696 0.000410512991948053 0.000401642988435924
0.000529139011632651 0.000525622977875173 0.000523337977938354 0.000519850000273436 0.000517097010742873 0.00051544199232012 0.000513185979798436 0.000510732992552221 0.000508776982314885 0.000506913987919688 0.000505057978443801 0.000502342008985579 0.000497440982144326 0.000495730026159436 0.000494241015985608 0.000492997991386801 0.000491852988488972 0.000490712001919746 0.000489485973957926 0.00048783200327307 0.000485057011246681 0.000482822011690587 0.000480082991998643 0.000478958012536168 0.000477383000543341 0.000473949010483921 0.000471901992568746 0.000468610000098124 0.0004672410141211 0.000465875986265019 0.000463183998363093 0.000459925009636208 0.000456023000879213 0.000454127002740279 0.000451616011559963 0.000448192004114389 0.000445290992502123 0.000441360985860229 0.000437187001807615 0.000433250010246411 0.000429770996561274 0.000426754995714873 0.000423543009674177 0.000420358002884313 0.000415972986957058
0.000536378007382154 0.000531870988197625 0.000530079007148743 0.000528291973751038 0.000522968010045588 0.000520782021339983 0.00051776401232928 0.000516308995429426 0.000514688028488308 0.000512944010552019 0.000511206977535039 0.000509392004460096 0.00050697400001809 0.000504715018905699 0.000502426992170513 0.000499666028190404 0.000497861008625478 0.000496720022056252 0.000494876992888749 0.00049253401812166 0.000490634993184358 0.000489018973894417 0.000486464996356517 0.000485519994981587 0.000484679010696709 0.000482918985653669 0.000481144990772009 0.00047930798609741 0.000477482011774555 0.000475826003821567 0.000474947999464348 0.000473110994789749 0.000471412000479177 0.000467606994789094 0.000464301992906258 0.000461907009594142 0.000456628011306748 0.000455033994512632 0.000453384011052549 0.000449871004093438 0.000446655001724139 0.000442408985691145 0.000437248003436252 0.000433979002991691 0.000429250008892268
0.000539073022082448 0.000538547988981009 0.000536391977220774 0.000533361977431923 0.000531769008375704 0.000528198026586324 0.00052176701137796 0.000520502973813564 0.000519362976774573 0.000518226006533951 0.000517092004884034 0.000515845022164285 0.000513421022333205 0.000511006976012141 0.000508606026414782 0.000507019984070212 0.000506243028212339 0.000505466014146805 0.000504692026879638 0.000502361974213272 0.000500575988553464 0.000498825975228101 0.000496703025419265 0.000495036016218364 0.000493393978103995 0.000491758983116597 0.000489526020828635 0.000487818993860856 0.000486170989461243 0.000484505988424644 0.000482967996504158 0.000481408991618082 0.000479756999993697 0.000478113011922687 0.000476143002742901 0.000474072992801666 0.000471842009574175 0.000470530008897185 0.000469485996291041 0.00046641199151054 0.000463372009107843 0.000459166010841727 0.00045426600263454 0.000451633997727185 0.000445779995061457
0.000535911007318646 0.000535606988705695 0.000535303028300405 0.000534999999217689 0.000533400976564735 0.000529067998286337 0.000524770002812147 0.000522570975590497 0.000521134003065526 0.000519957975484431 0.000518272980116308 0.000516773026902229 0.000515046005602926 0.000513327016960829 0.000511615013238043 0.000509887002408504 0.000508837983943522 0.000508170982357115 0.000507505028508604 0.000506601005326957 0.000505618983879685 0.000504355004522949 0.000502882990986109 0.00050164497224614 0.000500409980304539 0.000499178015161306 0.000498007982969284 0.000497017987072468 0.000495695974677801 0.000494335021357983 0.000490328995510936 0.000489652971737087 0.000489446974825114 0.000488620018586516 0.000486595992697403 0.000483531010104343 0.000480765011161566 0.000478172994917259 0.000474336004117504 0.000471826991997659 0.000470035010948777 0.000468115991679952 0.000466016004793346 0.000462605006759986 0.000459392991615459
0.000530646997503936 0.000529728014953434 0.000530101999174803 0.000530475983396173 0.000530185992829502 0.000529674987774342 0.000529163982719183 0.00052865402540192 0.000527715019416064 0.000526777992490679 0.000525843002833426 0.000524792994838208 0.000523395021446049 0.000522001995705068 0.000520611996762455 0.0005193289835006 0.00051815202459693 0.000516976986546069 0.000515804975293577 0.000514397979713976 0.00051291601266712 0.000511438003741205 0.000509964011143893 0.000508949975483119 0.000507773016579449 0.000507096003275365 0.000506364973261952 0.000505461997818202 0.000504070019815117 0.000501346017699689 0.000499744026456028 0.000499255023896694 0.000498768000397831 0.000497412984259427 0.000495132000651211 0.000494559993967414 0.00049270800082013 0.000490743026603013 0.000487368990434334 0.000485814001876861 0.00048302800860256 0.000476273999083787 0.000472896994324401 0.00047083300887607 0.000469009013613686
0.000535699015017599 0.00053416402079165 0.000532633974216878 0.000531108002178371 0.000529738026671112 0.000528422009665519 0.000527109019458294 0.000525799987372011 0.000525059003848583 0.000524319999385625 0.000523581984452903 0.000523013004567474 0.000522948976140469 0.00052288401639089 0.000522819987963885 0.000523093971423805 0.000523707014508545 0.00052431202493608 0.000524914998095483 0.000523695023730397 0.000521874986588955 0.000520060013514012 0.000518252025358379 0.000518492015544325 0.000518732005730271 0.000518971995916218 0.000518525019288063 0.000516023021191359 0.000513533013872802 0.00051105598686263 0.000510060985106975 0.000510538986418396 0.00051101902499795 0.000510934973135591 0.000508000026457012 0.000505194009747356 0.000504753028508276 0.000504257972352207 0.000501202011946589 0.000498590001370758 0.000495152024086565 0.000494040024932474 0.00049224600661546 0.000485419004689902 0.000483554002130404
0.00053285202011466 0.000532903999555856 0.000532820995431393 0.000532737991306931 0.000532563019078225 0.000532358011696488 0.000532738980837166 0.000531947996933013 0.000532035017386079 0.000532121979631484 0.000532209989614785 0.000532630016095936 0.000534697028342634 0.000534549006260931 0.000535689003299922 0.000535004015546292 0.000534186023287475 0.000533369020558894 0.000532553996890783 0.000531392986886203 0.000531285011675209 0.000530453980900347 0.000528300006408244 0.000528160016983747 0.000528021017089486 0.000527883996255696 0.000527050986420363 0.000526039977557957 0.000525197014212608 0.000520717003382742 0.000519049004651606 0.000520167988725007 0.000521289010066539 0.000522412010468543 0.000519996974617243 0.000517264998052269 0.000515148974955082 0.000514490006025881 0.000511725025717169 0.000510298006702214 0.000509374018292874 0.000505663978401572 0.000502893992234021 0.00049974798457697 0.000498851994052529
0.000528557982761413 0.000528571021277457 0.000529416021890938 0.0005304139922373 0.000531523022800684 0.000532670994289219 0.000533821992576122 0.000534975028131157 0.000535307975951582 0.000535641971509904 0.000535976025275886 0.000536211009602994 0.000536152976565063 0.000536095001734793 0.000536037026904523 0.000535737024620175 0.00053519697394222 0.000534656981471926 0.000534117978531867 0.000533181999344379 0.000532114994712174 0.000531050027348101 0.000529988028574735 0.000529861019458622 0.000529852986801416 0.000529844022821635 0.000529753975570202 0.000529422017280012 0.000529090000782162 0.000528758973814547 0.000528634001966566 0.000528717006091028 0.000528800010215491 0.000528883014339954 0.000528882024809718 0.000528140983078629 0.000527404015883803 0.00052667100680992 0.000525254989042878 0.000523845024872571 0.000522441987413913 0.000521021021995693 0.00051621301099658 0.000512572005391121 0.000509331992361695
0.000529868993908167 0.000529618002474308 0.000529366021510214 0.000530398974660784 0.000530502002220601 0.000530512013938278 0.000530523015186191 0.000530533026903868 0.000530707009602338 0.000530880992300808 0.000531054974999279 0.000531302997842431 0.000531775993295014 0.000532248988747597 0.00053272198420018 0.000533027981873602 0.000533165002707392 0.000533302023541182 0.000533439975697547 0.000533349986653775 0.000533185026142746 0.000533019017893821 0.000532853999175131 0.000532886013388634 0.000532918027602136 0.000532949983607978 0.000532937992829829 0.000532798003405333 0.000532658013980836 0.000532518024556339 0.00053243397269398 0.000532403995748609 0.000532374018803239 0.000531984027475119 0.000531486002728343 0.000531036988832057 0.000530590012203902 0.000530144025105983 0.000528846983797848 0.000527555996086448 0.000525910989381373 0.000523782975506037 0.000521673006005585 0.000519572990015149 0.000516940024681389
0.000529040000401437 0.000529056007508188 0.00052907201461494 0.000529088021721691 0.000529045006260276 0.000528983015101403 0.000528919976204634 0.000528857985045761 0.000529189012013376 0.00052951998077333 0.000529851007740945 0.000530270976014435 0.000530959980096668 0.000531648984178901 0.000531679019331932 0.000531431986019015 0.000531224999576807 0.000531019002664834 0.000530813005752861 0.00053000298794359 0.000528994016349316 0.000528702978044748 0.00052897201385349 0.00052951299585402 0.000530056015122682 0.000530600023921579 0.000531003985088319 0.000530985998921096 0.00053096900228411 0.000530952995177358 0.000531108991708606 0.000531440018676221 0.000531770987436175 0.000531347992364317 0.000530885998159647 0.000530469988007098 0.00053005397785455 0.000529638025909662 0.000529143027961254 0.000528650009073317 0.000528156000655144 0.000527693016920239 0.000527318974491209 0.000526945979800075 0.000526506977621466
0.000524883973412216 0.000524875009432435 0.000524866976775229 0.000524858012795448 0.000524920003954321 0.000525004987139255 0.000525090028531849 0.000525175011716783 0.000525472976732999 0.000525770999956876 0.000526070012710989 0.000526443007402122 0.000527042022440583 0.000527643016539514 0.00052824302110821 0.00052859797142446 0.00052870501531288 0.000528812000993639 0.000528919976204634 0.000529179989825934 0.000529490003827959 0.00052980100736022 0.000530112010892481 0.000530561024788767 0.000531011028215289 0.000530584016814828 0.000529746990650892 0.000529025972355157 0.000528306991327554 0.000527590978890657 0.000526589981745929 0.000525304989423603 0.000524201022926718 0.000523954979144037 0.00052382901776582 0.00052374298684299 0.000523658003658056 0.000523571972735226 0.000523243972565979 0.000522917020134628 0.000522590009495616 0.000522285990882665 0.000522049027495086 0.000521812995430082 0.000521575973834842
0.000520033994689584 0.000520087021868676 0.000520139001309872 0.000520192028488964 0.000520405010320246 0.000520672008860856 0.000520939007401466 0.000521373993251473 0.000522012007422745 0.000522652000654489 0.000523291004355997 0.000523938972037286 0.00052460900042206 0.000525280018337071 0.000525615003425628 0.00052594201406464 0.000526291027199477 0.000526638992596418 0.000526987016201019 0.000527311989571899 0.000527628988493234 0.000527945987414569 0.000528262986335903 0.000528482021763921 0.000528700009454042 0.000528918986674398 0.000529079989064485 0.000529068987816572 0.00052905798656866 0.000529045995790511 0.000529045995790511 0.000529056997038424 0.000529068987816572 0.000529190001543611 0.000528901990037411 0.000528661999851465 0.000528421020135283 0.000528180971741676 0.000528128002770245 0.000528073986060917 0.000528021017089486 0.000527913973201066 0.000527328986208886 0.000524833973031491 0.00052235001930967
0.000515229010488838 0.000515341991558671 0.000515454972628504 0.000515567022375762 0.000515930005349219 0.000516375002916902 0.000516820990014821 0.00051726697711274 0.000517638982273638 0.000518010987434536 0.000518382992595434 0.000518692017067224 0.000518810993526131 0.000518931017722934 0.000519049994181842 0.000519228982739151 0.000519466993864626 0.000519705004990101 0.000519944005645812 0.00052028801292181 0.000520677014719695 0.00052141398191452 0.000522151007317007 0.00052320898976177 0.000524269009474665 0.000525331997778267 0.000526049989275634 0.000525727984495461 0.000525405979715288 0.000525083974935114 0.000525326991919428 0.000526133982930332 0.000526943011209369 0.000527753029018641 0.00052863301243633 0.000529473996721208 0.000530316028743982 0.000529772019945085 0.000528845994267613 0.000527922995388508 0.00052700302330777 0.000525971001479775 0.000524596020113677 0.000523226975928992 0.000521863985341042
0.000510094978380948 0.000510261976160109 0.00051042897393927 0.000510595971718431 0.000510737998411059 0.000510871992446482 0.000511737016495317 0.000512125028762966 0.00051247701048851 0.000512828992214054 0.000513182021677494 0.000513512990437448 0.000513779988978058 0.000514047977048904 0.000514314975589514 0.000514541985467076 0.000514729006681591 0.00051491498015821 0.000515102001372725 0.000515476975124329 0.000515914987772703 0.000516353989951313 0.000516792992129922 0.000517187989316881 0.000517582986503839 0.000517977983690798 0.000518271990586072 0.00051805900875479 0.0005176339764148 0.00051720900228247 0.000516869011335075 0.000516614003572613 0.000516358995810151 0.000516605970915407 0.000517522974405438 0.000518660992383957 0.000519801978953183 0.00052094500279054 0.000520405999850482 0.000519212975632399 0.000518022978212684 0.000516592990607023 0.000514440005645156 0.000512296974193305 0.00051016197539866
0.000508151017129421 0.000508737983182073 0.000509314006194472 0.000509329023770988 0.000509247009176761 0.000509136996697634 0.000509026984218508 0.000508916971739382 0.000508801022078842 0.000508816970977932 0.000508990022353828 0.000509226985741407 0.000509659003000706 0.00051008997252211 0.000510522979311645 0.000511289981659502 0.000511245976667851 0.000511521997395903 0.000511834979988635 0.000512351980432868 0.000512937025632709 0.000513523002155125 0.00051435298519209 0.000514096987899393 0.000514084007591009 0.000514072016812861 0.000514095008838922 0.000514224986545742 0.000514355022460222 0.000514485989697278 0.00051452498883009 0.000513069971930236 0.000511571008246392 0.000510314013808966 0.000509641016833484 0.000509255973156542 0.000509499979671091 0.000510237994603813 0.000507624994497746 0.000506516022142023 0.000505584001075476 0.000505578005686402 0.000504996976815164 0.000505000003613532 0.000503960996866226
