results/Predictions/Median/Sinemurian.asc
NCOLS 360 
NROWS 180 
XLLCORNER -180 
YLLCORNER -90 
CELLSIZE 1 
NODATA_value -3.4e+38 
[rows 80 to 99 of 180, columns 45 to 89 of 360]
0.000451378989964724 0.000449646002380177 0.000448562990641221 0.000446427002316341 0.000445896992459893 0.000444044999312609 0.000442454009316862 0.000441765005234629 0.000440614006947726 0.000439057010225952 0.000438977003796026 0.000438846996985376 0.000438713002949953 0.000438713002949953 0.000438388990005478 0.000437103008152917 0.000436099013313651 0.000434649002272636 0.000433206994784996 0.000432092987466604 0.000431091000791639 0.000429914012784138 0.000428609986556694 0.000427863007644191 0.000427571008913219 0.000427288003265858 0.000426809012424201 0.000426688988227397 0.000426571001298726 0.000426337006501853 0.000426399987190962 0.000426638987846673 0.000426563987275586 0.000426921003963798 0.00042691599810496 0.000427099002990872 0.000428714993176982 0.000430273998063058 0.000430223997682333 0.000432353001087904 0.000431513006333262 0.000431946013122797 0.000432467990322039 0.000432733009802178 0.000432766013545915
0.00046426898916252 0.00046200500219129 0.000459739996585995 0.000457438000012189 0.000454101013019681 0.000451122992672026 0.000449743994977325 0.000447727012215182 0.000445357989519835 0.000443069002358243 0.000441418000264093 0.000440294010331854 0.000439605006249622 0.000438918999861926 0.000438457995187491 0.000437595008406788 0.000436776987044141 0.000435280002420768 0.000433790992246941 0.000432595988968387 0.000431664986535907 0.000430971995228902 0.000430279993452132 0.000429704989073798 0.00042892899364233 0.000428013998316601 0.000427696999395266 0.000427766004577279 0.000427924009272829 0.000428036990342662 0.000428105995524675 0.000428132014349103 0.000427819992182776 0.000427346996730193 0.000427794002462178 0.000427838996984065 0.000428269006079063 0.000428569997893646 0.000428236002335325 0.000428174011176452 0.000429139006882906 0.000430462998338044 0.000430765008786693 0.000431555003160611 0.000432958011515439
0.000478858011774719 0.000476718996651471 0.000474325002869591 0.000472006009658799 0.000470400002086535 0.000467342004412785 0.000464567012386397 0.00046176600153558 0.000459267990663648 0.000456598994787782 0.000451627012807876 0.000449371000286192 0.000446819991338998 0.000444470002548769 0.000441751006292179 0.000440976000390947 0.000438713002949953 0.000437729002442211 0.000436701986473054 0.000436319009168074 0.000435955007560551 0.000434440997196361 0.000433693989180028 0.000432728993473575 0.000431527005275711 0.000431079010013491 0.000431038992246613 0.000430076994234696 0.000429534004069865 0.000428991013905033 0.000428500003181398 0.000428061990533024 0.000428319006459787 0.000427983002737164 0.00042765200487338 0.000427322986070067 0.000427157006924972 0.000427518010837957 0.000428061990533024 0.000428011000622064 0.000428855011705309 0.000429397012339905 0.000430065992986783 0.000430877000326291 0.000431135995313525
0.000481772003695369 0.000480488000903279 0.000479176989756525 0.000477969995699823 0.000476587010780349 0.000475493987323716 0.000474391010357067 0.000472251995233819 0.000469485006760806 0.000467050995212048 0.000464471988379955 0.000461958989035338 0.000459525996120647 0.000454894994618371 0.000451597006758675 0.000449790008133277 0.000447922997409478 0.00044477399205789 0.00044347599032335 0.00044241501018405 0.000440491014160216 0.000438713002949953 0.000436670001363382 0.000435813999501988 0.000434866000432521 0.000432958011515439 0.000431230990216136 0.000430023996159434 0.00042903600842692 0.000428497005486861 0.000428011000622064 0.000427922990638763 0.000427146995207295 0.000426716986112297 0.000426468002842739 0.000426039012381807 0.000425712991273031 0.000425389007432386 0.000425172998802736 0.000424967991420999 0.000424758007284254 0.000424747006036341 0.000424739992013201 0.000424711994128302 0.000424745987402275
0.000490538019221276 0.000489605008624494 0.000488672987557948 0.000487734010675922 0.000486212986288592 0.000484618009068072 0.000482186005683616 0.000481249007862061 0.000479473994346336 0.000477885012514889 0.000474644999485463 0.000471876002848148 0.00046940500033088 0.000467205012682825 0.000464368000393733 0.000461662013549358 0.000458611990325153 0.000456609996035695 0.000453974993433803 0.000451544008683413 0.00044915999751538 0.000445128011051565 0.00044279798748903 0.000442163000116125 0.000439760013250634 0.000438843009760603 0.000436953996540979 0.000436149013694376 0.000435463996836916 0.000434779009083286 0.000434078014222905 0.00043288100278005 0.000432002008892596 0.000431549997301772 0.000429798994446173 0.00042794700129889 0.000426868995418772 0.000426067010266706 0.000425031001213938 0.000423893012339249 0.000422451004851609 0.000422003009589389 0.000421754986746237 0.000421714998083189 0.000421436998294666
0.000490006001200527 0.000489568978082389 0.000489132013171911 0.000488695979584008 0.000487698998767883 0.000486517994431779 0.000485338998259977 0.000484163989312947 0.000482623989228159 0.000481199997011572 0.000480307004181668 0.000478180008940399 0.000476721994346008 0.000474072992801666 0.000470798986498266 0.000467611011117697 0.000465073011582717 0.000461855001049116 0.000458741007605568 0.000455033994512632 0.000451144005637616 0.000449092010967433 0.000447936996351928 0.000445268990006298 0.00044400300248526 0.000442251999629661 0.000441181007772684 0.000440283009083942 0.000437913986388594 0.000435558002209291 0.000433281995356083 0.000431621010648087 0.000430354004492983 0.000428706000093371 0.000427151011535898 0.00042565498733893 0.000424141006078571 0.00042274099541828 0.000421806005761027 0.000420700001996011 0.000419944990426302 0.000418417010223493 0.000418051989981905 0.000418051989981905 0.000417375005781651
0.000483817013446242 0.000483507988974452 0.000483200012240559 0.000482892995933071 0.000482241011923179 0.000481705996207893 0.000480860006064177 0.000479887996334583 0.000478775997180492 0.000477866997243837 0.000476813991554081 0.000474998989375308 0.000474111002404243 0.000472462008474395 0.000470520986709744 0.000468704995000735 0.000466655008494854 0.000464006006950513 0.000461702002212405 0.000459500995930284 0.000456248002592474 0.00045283100917004 0.000449440005468205 0.000446126010501757 0.000443458993686363 0.00044007899123244 0.000437117007095367 0.000434565998148173 0.000432069005910307 0.000429809995694086 0.000429145991802216 0.000427550985477865 0.000426264014095068 0.000424314988777041 0.000422342011006549 0.000420774013036862 0.000418465991970152 0.000416878989199176 0.000416354014305398 0.000415082991821691 0.000414579990319908 0.000414445996284485 0.000414315989473835 0.00041379700996913 0.000412141002016142
0.000488361984025687 0.000488263991428539 0.000488166988361627 0.000487921002786607 0.000486967008328065 0.00048563300515525 0.000484888994833454 0.000483610987430438 0.000482684990856797 0.000481165014207363 0.000480296002933756 0.000479117996292189 0.000478586996905506 0.000473980006063357 0.000471051986096427 0.000468602986074984 0.000466222991235554 0.000461811985587701 0.000457568996353075 0.000452982989372686 0.000448525010142475 0.000444322999101132 0.000440161995356902 0.000439391005784273 0.000435144989751279 0.00043094001011923 0.000427804014179856 0.000424948986619711 0.000422693003201857 0.000419240008341148 0.000416291994042695 0.000413425004808232 0.00041079000220634 0.0004078249912709 0.000405082013458014 0.000402289995690808 0.000399782991735265 0.000397739990148693 0.000396021991036832 0.000394283008063212 0.000392554007703438 0.000391075998777524 0.000390322005841881 0.000389571010600775 0.000388823013054207
0.000486022006953135 0.000485894997837022 0.000485521013615653 0.00048529400373809 0.000484641990624368 0.000483718002215028 0.000482670991914347 0.000482381990877911 0.000480693997815251 0.000480330985737965 0.000478789996122941 0.000477855995995924 0.000475879991427064 0.000473122985567898 0.000471943989396095 0.00046821401338093 0.000464406999526545 0.000461310002719983 0.000457666988950223 0.000452556007076055 0.000447470985818654 0.000443658005679026 0.000440458999946713 0.000437442009570077 0.000430020998464897 0.000423355988459662 0.000420383992604911 0.000415660004364327 0.000411910004913807 0.000406803999794647 0.000402420002501458 0.000398648990085348 0.000394903006963432 0.00039140900480561 0.000388476008083671 0.00038460799260065 0.000383219012292102 0.000380904995836318 0.000378956989152357 0.00037637900095433 0.00037337199319154 0.000370794004993513 0.000368531007552519 0.000367872999049723 0.000366764987120405
0.000480523012811318 0.00048075700760819 0.000481069000670686 0.000480082002468407 0.000480796996271238 0.000481430994113907 0.000481260009109974 0.000481090013636276 0.000479971000459045 0.000478070985991508 0.000476167013403028 0.000474306987598538 0.000472545012598857 0.000470714003313333 0.000467878009658307 0.000464271986857057 0.000460818002466112 0.000457024987554178 0.000448814011178911 0.000442257995018736 0.000435422000009567 0.000428183004260063 0.000422445009462535 0.000417494011344388 0.000412786001106724 0.000405297992983833 0.000399635988287628 0.000392643996747211 0.000387862994102761 0.000384037004550919 0.000379108008928597 0.000372848997358233 0.000368987006368116 0.000362919992767274 0.000356692005880177 0.000351533992215991 0.000345586013281718 0.000340616999892518 0.000336830999003723 0.000333675008732826 0.000330456998199224 0.000329364993376657 0.000328188005369157 0.000326903013046831 0.000327296991599724
0.000479473994346336 0.000478792993817478 0.000478202011436224 0.000478234986076131 0.000478208996355534 0.000478135014418513 0.000478063011541963 0.00047851400449872 0.000478425994515419 0.00047825399087742 0.00047681899741292 0.000475754000945017 0.000474789994768798 0.000472776999231428 0.000470956001663581 0.000468857993837446 0.000461638002889231 0.000457683985587209 0.000450515013653785 0.000443321012426168 0.000437489012256265 0.000429286010330543 0.00042480300180614 0.000417167000705376 0.000412366993259639 0.000406066013965756 0.000399006996303797 0.00039225400541909 0.000386975007131696 0.000381193007342517 0.000375409988919273 0.0003689439909067 0.000362652994226664 0.000356341013684869 0.000350382004398853 0.000344141008099541 0.000339124992024153 0.000334203999955207 0.000330206006765366 0.000327505986206234 0.000324952998198569 0.000323135987855494 0.000323302985634655 0.000322717009112239 0.000321705010719597
0.000481653987662867 0.000481241993838921 0.000482067000120878 0.000482655013911426 0.000481894006952643 0.000482248986372724 0.000482025003293529 0.000481706985738128 0.000481016002595425 0.000479845009976998 0.000478427013149485 0.000477277004392818 0.000475982000352815 0.000476040993817151 0.000474787986604497 0.000475386012112722 0.000471971987280995 0.00046711100731045 0.000463373988168314 0.000459227012470365 0.000455536006484181 0.000450922001618892 0.000444945995695889 0.000441448006313294 0.000438127986853942 0.000434666988439858 0.00042514898814261 0.000420906988438219 0.000415619986597449 0.000411374989198521 0.000404899008572102 0.000397382013034075 0.000390138011425734 0.000383019010769203 0.00037940198672004 0.000371177011402324 0.000364993989933282 0.000359503988875076 0.000356000004103407 0.000352389004547149 0.000348894012859091 0.000345828011631966 0.000343174993759021 0.000341070001013577 0.000339310994604602
0.000485794007545337 0.000486567994812503 0.000485780008602887 0.000485730008222163 0.000485672004288062 0.000485222990391776 0.000484774995129555 0.000484329008031636 0.000483857002109289 0.000482934003230184 0.000481557013699785 0.000480048009194434 0.000477889989269897 0.000477975001558661 0.000477296009194106 0.000476048007840291 0.000473858992336318 0.000472271989565343 0.000469618011265993 0.000465285993414 0.000461693009128794 0.000457501999335364 0.000452336011221632 0.000448194012278691 0.000442071002908051 0.000439814990386367 0.000436163012636825 0.000431182008469477 0.000427296996349469 0.000424297002609819 0.000420369004132226 0.000416129012592137 0.000411588000133634 0.000405697006499395 0.000400516990339383 0.000393536000046879 0.000387756008422002 0.000382700003683567 0.000380150013370439 0.000376542011508718 0.000371920003090054 0.000369323010090739 0.000366424996173009 0.000363328988896683 0.000361170998075977
0.000491278013214469 0.000490979000460356 0.000490795995574445 0.000490388018079102 0.000490797974634916 0.000490925973281264 0.000489805999677628 0.000488369027152658 0.000487071985844523 0.000485324999317527 0.000483571988297626 0.000482711009681225 0.000480991991935298 0.000479629990877584 0.00047845600056462 0.000477824010886252 0.00047686998732388 0.000475451990496367 0.000474414991913363 0.000471403007395566 0.000467901001684368 0.000463992008008063 0.000459472998045385 0.000455010012956336 0.000451539002824575 0.000448679988039657 0.000445429992396384 0.000441468000644818 0.000437542010331526 0.000433562992839143 0.000430643005529419 0.000428594998084009 0.00042655601282604 0.000423160992795601 0.000418849987909198 0.000415084999985993 0.000413978006690741 0.000412193010561168 0.000408511987188831 0.000402711011702195 0.000397361000068486 0.000392241985537112 0.000389655993785709 0.00038636100362055 0.000384051993023604
0.000494214007630944 0.000493114988785237 0.000492484017740935 0.000490996986627579 0.000490600999910384 0.000490238016936928 0.000489549012854695 0.000488775025587529 0.000488721998408437 0.000487806013552472 0.000485588010633364 0.000483446987345815 0.000481511990074068 0.000480666989460588 0.000480040005641058 0.000479428010294214 0.000477427005534992 0.000475356995593756 0.00047438099863939 0.000471564009785652 0.000468724989332259 0.000464613985968754 0.000461168994661421 0.000458385999081656 0.000454980006907135 0.000452098000096157 0.00044897900079377 0.000445367011707276 0.000442599994130433 0.000438977003796026 0.000436020985944197 0.000432094995630905 0.000429262989200652 0.000426448008511215 0.000423725985456258 0.000420016993302852 0.000415374001022428 0.000413548987125978 0.000412208988564089 0.00040881399763748 0.000405964005040005 0.000405378988943994 0.000403117999667302 0.000401127996155992 0.000400244985939935
0.000500387977808714 0.000499356014188379 0.000497661007102579 0.00049542699707672 0.000494610983878374 0.000493189028929919 0.000490799022372812 0.00048917398089543 0.000488532008603215 0.00048695199075155 0.000486148986965418 0.000484893011162058 0.000482965988339856 0.000481920986203477 0.000480824994156137 0.000478578003821895 0.000477252993732691 0.000475254986668006 0.000473524007247761 0.000472379004349932 0.000468287995317951 0.000464104989077896 0.000458933995105326 0.000451998988864943 0.000449140992714092 0.000446702004410326 0.00044376400182955 0.000441464013420045 0.000438140996266156 0.000435449997894466 0.000432845990872011 0.000430823012720793 0.000427071994636208 0.000422531011281535 0.000419835996581241 0.000416842987760901 0.00041531800525263 0.000413423986174166 0.000410773005569354 0.000408994994359091 0.000407874991651624 0.00040719099342823 0.000406595005188137 0.000406428996939212 0.000406419014325365
0.000511039979755878 0.000509365985635668 0.000507551012560725 0.000505718984641135 0.000503943010699004 0.000502480019349605 0.000500896014273167 0.000499051006045192 0.000497432018164545 0.000495504995342344 0.000493742001708597 0.000491805025376379 0.00048830098239705 0.000484218006022274 0.000481196999317035 0.000476579996757209 0.000472265994176269 0.000467017001938075 0.000459987000795081 0.000455603993032128 0.000452595995739102 0.000448448001407087 0.000444016011897475 0.000439794006524608 0.00043797999387607 0.000434969988418743 0.000433073000749573 0.00042968601337634 0.000426053011324257 0.00042328899144195 0.000420099997427315 0.000418387993704528 0.000417873001424596 0.00041669700294733 0.000414884998463094 0.000413392001064494 0.000412333989515901 0.000411826011259109 0.000411198008805513 0.000409969012252986 0.000409531989134848 0.000408121995860711 0.000408096006140113 0.000408002990297973 0.000406292005209252
0.000523245020303875 0.000521277019288391 0.000518004992045462 0.000514666025992483 0.000511531019583344 0.000507780001498759 0.000503951974678785 0.000500858994200826 0.000497090979479253 0.000493352010380477 0.000489562982693315 0.000487067009089515 0.000482801988255233 0.000477624009363353 0.000471242005005479 0.000465621007606387 0.000459998991573229 0.000455434987088665 0.000450599996838719 0.000445748009951785 0.000441164011135697 0.000437556998804212 0.00043378199916333 0.000430796993896365 0.000428281986387447 0.000427908991696313 0.000426660000812262 0.000424750993261114 0.000422471988713369 0.00041989900637418 0.000418051989981905 0.000417589995777234 0.000416945986216888 0.000415131013141945 0.000414529989939183 0.000413584988564253 0.000413006986491382 0.00041087600402534 0.00041006100946106 0.000409881002269685 0.000409292988479137 0.000409275991842151 0.000409030995797366 0.00040680798701942 0.00040592098957859
0.000519134977366775 0.000516135012730956 0.000513152976054698 0.000509585021063685 0.000506758980918676 0.000503263028804213 0.000499835005030036 0.000496444990858436 0.00049246201524511 0.000488939986098558 0.000485469994600862 0.000481343013234437 0.000476607994642109 0.000470892002340406 0.000464545999420807 0.000459348986623809 0.000454001012258232 0.000449985993327573 0.000444158009486273 0.000440803996752948 0.000436711998190731 0.000433250999776646 0.000430107000283897 0.000428308005211875 0.000427927996497601 0.000427547987783328 0.000424830999691039 0.00042227900121361 0.000420063006458804 0.000418400013586506 0.00041800900362432 0.000417105999076739 0.000415338989114389 0.000413945002947003 0.000412780995247886 0.000411585991969332 0.000410476990509778 0.000410503998864442 0.00040958498721011 0.000408311985665932 0.000408094987506047 0.00040766698657535 0.000407015002565458 0.00040535899461247 0.000401886005420238
0.000517932989168912 0.000514633022248745 0.00050942599773407 0.000506246986333281 0.000501375005114824 0.00049733801279217 0.000494216976221651 0.000490484992042184 0.000486219010781497 0.000481344992294908 0.000477863999549299 0.000474017986562103 0.000467837991891429 0.000463900010799989 0.000459915987448767 0.000455450004665181 0.000450213003205135 0.000446099002147093 0.000442213000496849 0.000438718998339027 0.000436503003584221 0.000433870998676866 0.0004313160025049 0.000429383013397455 0.000427371996920556 0.000424772006226704 0.00042276200838387 0.000421100994572043 0.000419754011090845 0.000418793002609164 0.000417753995861858 0.000415933987824246 0.000414040987379849 0.000413180008763447 0.000412917986977845 0.000412105000577867 0.000411604007240385 0.000409055006457493 0.000408490013796836 0.000407879007980227 0.000406747014494613 0.000402709993068129 0.00040046899812296 0.000396961986552924 0.000394261995097622
