results/Predictions/Median/Sinemurian.asc
NCOLS 360 
NROWS 180 
XLLCORNER -180 
YLLCORNER -90 
CELLSIZE 1 
NODATA_value -3.4e+38 
[rows 120 to 139 of 180, columns 315 to 359 of 360]
0.000212700993870385 0.000207895995117724 0.000204472002224065 0.000201818998903036 0.000202412993530743 0.000205577001906931 0.000209409001399763 0.000211877995752729 0.000218472996493801 0.000223758004722185 0.000229170997045003 0.000234716993873008 0.000241165005718358 0.000246254989178851 0.00025257098604925 0.000259282998740673 0.000264133996097371 0.000269031996140257 0.000274591002380475 0.000280857988400385 0.000287628994556144 0.000294541008770466 0.000301032006973401 0.000307279988192022 0.00031689798925072 0.000323018000926822 0.000332675990648568 0.000340798986144364 0.000355977012077346 0.00036342500243336 0.000367419997928664 0.000373952992958948 0.000380668992875144 0.000386805011657998 0.000392279005609453 0.000397599011193961 0.000402990990551189 0.00041425199015066 0.000417420000303537 0.000428561004810035 0.000435752008343115 0.00044306498602964 0.000446518009994179 -3.4e+38 -3.4e+38
0.000197001994820312 0.000193150000995956 0.000186817997018807 0.000181694005732425 0.000178571994183585 0.000176985995494761 0.000175413995748386 0.000173855005414225 0.0001769630034687 0.000180125993210822 0.00018333199841436 0.00018683000234887 0.000190138001926243 0.000192824998521246 0.000195550004718825 0.000198565001483075 0.000202825001906604 0.000207657998544164 0.000212605998967774 0.000219371999264695 0.000226941992877983 0.000234178005484864 0.000240056004258804 0.000246332987444475 0.000255040999036282 0.000264253001660109 0.000270941993221641 0.000281726999673992 0.00029548499151133 0.000304823013721034 0.000313030992401764 0.00032165099401027 0.000330114009557292 0.000338685000315309 0.000347877998137847 0.000355900992872193 0.00036444200668484 0.000371369009371847 0.000379219010937959 0.000385672989068553 0.000387876993045211 0.000396863004425541 0.000404274993343279 -3.4e+38 -3.4e+38
0.00018067000200972 0.000172204992850311 0.000164448007126339 0.000157574002514593 0.000154148001456633 0.000150467007188126 0.000147172002471052 0.000142500997753814 0.000142161006806418 0.000142731005325913 0.00014351999561768 0.000143423007102683 0.000144378005643375 0.000145896003232338 0.000147914004628547 0.000150152001879178 0.000152676002471708 0.000155415997141972 0.000158205002662726 0.000162038006237708 0.00016630400205031 0.000170682993484661 0.000175177003256977 0.000182242001756094 0.000189814993063919 0.000197240995476022 0.000202814000658691 0.000211614998988807 0.000218190005398355 0.000228870005230419 0.000240195004153065 0.000251910998485982 0.000260995991993695 0.000270813005045056 0.000282747991150245 0.00029418698977679 0.000303123990306631 0.000313916010782123 0.000322778010740876 0.000334449985530227 0.000346132990671322 0.000356961012585089 0.000367330998415127 -3.4e+38 -3.4e+38
0.000168643004144542 0.000160153998876922 0.000155428002472036 0.000148873004945926 0.000145429003168829 0.000142402001074515 0.000137896000524051 0.000131603999761865 0.000129168998682871 0.000126778002595529 0.000125833001220599 0.000125285994727165 0.000125852006021887 0.000126443002955057 0.000127334002172574 0.000128525993204676 0.000130029002320953 0.000131473992951214 0.000132710003526881 0.000134647998493165 0.000136717993882485 0.000138811999931931 0.000140627002110705 0.000143448996823281 0.00014714700228069 0.000152067994349636 0.000156759997480549 0.00016188999870792 0.000167188001796603 0.000172660002135672 0.000178627000423148 0.00018443500448484 0.000192462000995874 0.000200298993149772 0.000207717006560415 0.000216518994420767 0.000225918003707193 0.000236534993746318 0.000247672986006364 0.000258801999734715 0.000271500000962988 0.000278782012173906 0.000291183998342603 -3.4e+38 -3.4e+38
0.000157004993525334 0.000151494998135604 0.000146171994856559 0.000141540993354283 0.000137205002829432 0.000132155997562222 0.000127660998259671 0.000122348996228538 0.000118974996439647 0.000115695002023131 0.000112504996650387 0.000109986998722889 0.000109255997813307 0.00010850399849005 0.000107810003100894 0.000107501000456978 0.000107599997136276 0.000107699997897726 0.000107799001852982 0.000108530999568757 0.000109460997919086 0.000110398003016599 0.000111342997115571 0.000113335998321418 0.000115515998913907 0.000118825999379624 0.000121591998322401 0.000125046994071454 0.000128558996948414 0.000130721993627958 0.000133214998641051 0.00013774300168734 0.000143219003803097 0.000148492006701417 0.000153097993461415 0.000159093004185706 0.000165985999046825 0.00017420899530407 0.000181844006874599 0.000189814003533684 0.000198132998775691 0.00020681599562522 0.00021612600539811 -3.4e+38 -3.4e+38
0.000145917001646012 0.000142496995977126 0.000138393996166997 0.000132942994241603 0.000129124993691221 0.000124216006952338 0.000119584998174105 0.000114608003059402 0.000110932000097819 0.000106733001302928 0.000102691003121436 9.96257003862411e-05 9.84051002888009e-05 9.71995032159612e-05 9.53191993176006e-05 9.38395969569683e-05 9.28992012632079e-05 9.19683006941341e-05 9.10466987988912e-05 9.08540023374371e-05 9.11668976186775e-05 9.14920019567944e-05 9.18184014153667e-05 9.31374015635811e-05 9.44755011005327e-05 9.58329983404838e-05 9.69921966316178e-05 9.94576985249296e-05 0.000102008001704235 0.00010438200115459 0.000107036001281813 0.000109989996417426 0.000113025998871308 0.000115850001748186 0.000119035998068284 0.000122666999232024 0.000127620005514473 0.000132771005155519 0.00013836300058756 0.000144061996252276 0.000148773004184477 0.000153083994518965 0.000157967006089166 -3.4e+38 -3.4e+38
0.000133114997879602 0.000129852996906266 0.000126432001707144 0.000123474994325079 0.000119818003440741 0.00011532200005604 0.00011003999679815 0.000106166997284163 0.000102318001154345 9.93838984868489e-05 9.62780977715738e-05 9.36259020818397e-05 9.13409021450207e-05 8.9822402514983e-05 8.77451966516674e-05 8.58341009006836e-05 8.44473979668692e-05 8.30830031190999e-05 8.17406034911983e-05 8.0755002272781e-05 8.01291971583851e-05 7.9716497566551e-05 7.93138024164364e-05 7.99771005404182e-05 8.06460011517629e-05 8.11681966297328e-05 8.20088971522637e-05 8.32477016956545e-05 8.39338972582482e-05 8.50953001645394e-05 8.65994006744586e-05 8.87100031832233e-05 9.08912988961674e-05 9.33628034545109e-05 9.574530122336e-05 9.79023025138304e-05 0.000100937999377493 0.0001040670031216 0.000107860003481619 0.000111287998151965 0.000114253998617642 0.000117577998025808 0.00012154399883002 -3.4e+38 -3.4e+38
0.000120327997137792 0.000118953998025972 0.000116686998808291 0.000115198003186379 0.000110863002191763 0.000105863000499085 0.000102618003438693 9.9433702416718e-05 9.56443982431665e-05 9.19954036362469e-05 8.84936016518623e-05 8.54984973557293e-05 8.37080006022006e-05 8.17624968476593e-05 7.99923000158742e-05 7.8696699347347e-05 7.77903987909667e-05 7.64334035920911e-05 7.48922975617461e-05 7.34685963834636e-05 7.21003016224131e-05 7.07573999534361e-05 6.94394984748214e-05 6.88697982695885e-05 6.83046964695677e-05 6.78853975841776e-05 6.78709984640591e-05 6.84639016981237e-05 6.90770975779742e-05 6.96958013577387e-05 7.06611026544124e-05 7.15646019671112e-05 7.2825001552701e-05 7.4579096690286e-05 7.64763026381843e-05 7.79611000325531e-05 7.88522011134773e-05 8.05219970061444e-05 8.27878975542262e-05 8.58756029629149e-05 8.90785013325512e-05 9.20310994843021e-05 9.48515007621609e-05 -3.4e+38 -3.4e+38
0.000107056999695487 0.000107719999505207 0.00010817500151461 0.000105664003058337 0.000102967002021614 0.000100372999440879 9.8715303465724e-05 9.62334015639499e-05 9.14320989977568e-05 8.68701026774943e-05 8.36855033412576e-05 7.96388994785957e-05 7.74907966842875e-05 7.57528978283517e-05 7.40542018320411e-05 7.27316000848077e-05 7.17661023372784e-05 7.08134029991925e-05 6.98734002071433e-05 6.90824017510749e-05 6.83453035890125e-05 6.73960967105813e-05 6.63597966195084e-05 6.55242984066717e-05 6.46992994006723e-05 6.3918596424628e-05 6.32540977676399e-05 6.31482980679721e-05 6.28835987299681e-05 6.27763001830317e-05 6.30264985375106e-05 6.33103991276585e-05 6.35956021142192e-05 6.38822020846419e-05 6.49567009531893e-05 6.63707978674211e-05 6.78158030495979e-05 6.86350031173788e-05 6.96100032655522e-05 7.05990023561753e-05 7.16793001629412e-05 7.29617022443563e-05 7.40722971386276e-05 -3.4e+38 -3.4e+38
9.65759973041713e-05 9.64864011621103e-05 9.73272035480477e-05 9.49742025113665e-05 9.25437998375855e-05 9.33905030251481e-05 9.16592034627683e-05 8.76486010383815e-05 8.41826986288652e-05 8.1636302638799e-05 7.88050965638831e-05 7.64953001635149e-05 7.4367897468619e-05 7.22972035873681e-05 7.05435013514943e-05 6.91730019752868e-05 6.79165023029782e-05 6.65771003696136e-05 6.51872978778556e-05 6.4133397245314e-05 6.31974035059102e-05 6.21942017460242e-05 6.12338990322314e-05 6.03801017859951e-05 5.95380988670513e-05 5.87079011893366e-05 5.80345003982075e-05 5.78016006329563e-05 5.75695012230426e-05 5.72817007196136e-05 5.67845017940272e-05 5.64977999601979e-05 5.62124987482093e-05 5.60787993890699e-05 5.62866989639588e-05 5.6109198339982e-05 5.59321997570805e-05 5.59414002054837e-05 5.6500401115045e-05 5.72466015000828e-05 5.81763997615781e-05 5.9121499361936e-05 6.008179843775e-05 -3.4e+38 -3.4e+38
8.79180006450042e-05 8.80794978002086e-05 8.68218994583003e-05 8.58267012517899e-05 8.58678977238014e-05 8.39369022287428e-05 8.30009012133814e-05 8.15859020804055e-05 8.05719027994201e-05 7.76663000578992e-05 7.46587975299917e-05 7.19699019100517e-05 6.94861009833403e-05 6.69548971927725e-05 6.45157997496426e-05 6.26030014245771e-05 6.11744035268202e-05 6.04115994065069e-05 6.00704006501473e-05 5.88473994866945e-05 5.7656601711642e-05 5.64898982702289e-05 5.56285995116923e-05 5.46408009540755e-05 5.36705010745209e-05 5.20262983627617e-05 5.14378989464603e-05 5.10110003233422e-05 5.01797003380489e-05 4.98086010338739e-05 4.95427011628635e-05 4.93804000143427e-05 4.92186009068973e-05 4.90573002025485e-05 4.96719985676464e-05 4.98269982927013e-05 4.97455002914649e-05 4.972990063834e-05 5.00300993735436e-05 5.02533002872951e-05 5.02922011946794e-05 5.04386989632621e-05 5.07853001181502e-05 -3.4e+38 -3.4e+38
7.86870004958473e-05 7.85372976679355e-05 7.77852983446792e-05 7.93586004874669e-05 7.96075983089395e-05 7.90193007560447e-05 7.84375006332994e-05 7.73670035414398e-05 7.54067004891112e-05 7.29898019926623e-05 7.09212981746532e-05 6.82124009472318e-05 6.61489029880613e-05 6.41416991129518e-05 6.19900019955821e-05 5.99738013988826e-05 5.84490007895511e-05 5.69631993130315e-05 5.55820006411523e-05 5.45346010767389e-05 5.3577601647703e-05 5.26373987668194e-05 5.17309017595835e-05 5.07250006194226e-05 4.97383007314056e-05 4.87707002321258e-05 4.79246991744731e-05 4.70033010060433e-05 4.62251009594183e-05 4.49110993940849e-05 4.47206002718303e-05 4.42279997514561e-05 4.34104003943503e-05 4.27521008532494e-05 4.2329298594268e-05 4.22874982177746e-05 4.22543998865876e-05 4.23478013544809e-05 4.27970007876866e-05 4.3250900489511e-05 4.36080008512363e-05 4.35824003943708e-05 4.35567999375053e-05 -3.4e+38 -3.4e+38
6.75273986416869e-05 6.8129702412989e-05 7.01409007888287e-05 7.32279004296288e-05 7.33584020053968e-05 7.3448900366202e-05 7.23455013940111e-05 7.19094969099388e-05 6.99407974025235e-05 6.72417008900084e-05 6.45594991510734e-05 6.22539009782486e-05 6.0179201682331e-05 5.81556014367379e-05 5.59461004741024e-05 5.42140987818129e-05 5.29196986462921e-05 5.12972983415239e-05 5.01850008731708e-05 4.94898013130296e-05 4.89254016429186e-05 4.83233998238575e-05 4.74781991215423e-05 4.64701988676097e-05 4.54836990684271e-05 4.46019002993125e-05 4.35781985288486e-05 4.25528996856883e-05 4.18058007198852e-05 4.10077009291854e-05 4.04464990424458e-05 3.99228993046563e-05 3.94025992136449e-05 3.88402986573055e-05 3.77752985514235e-05 3.76276984752622e-05 3.70802008546889e-05 3.60136000381317e-05 3.58374018105678e-05 3.58194993168581e-05 3.5498000215739e-05 3.54898002115078e-05 3.55767988367006e-05 -3.4e+38 -3.4e+38
5.94937009736896e-05 6.17519035586156e-05 6.52606977382675e-05 6.65909028612077e-05 6.54073010082357e-05 6.46686967229471e-05 6.43598032183945e-05 6.21236031292938e-05 6.05573004577309e-05 5.87231988902204e-05 5.57630992261693e-05 5.31201985722873e-05 5.09773999510799e-05 4.84357005916536e-05 4.77651010442059e-05 4.70341001346242e-05 4.61435993202031e-05 4.51464984507766e-05 4.44286997662857e-05 4.3672898755176e-05 4.31461994594429e-05 4.23337005486246e-05 4.12650988437235e-05 4.05050996050704e-05 3.97174007957801e-05 3.89449014619458e-05 3.83072001568507e-05 3.79623015760444e-05 3.71905989595689e-05 3.65956002497114e-05 3.62143982783891e-05 3.59293990186416e-05 3.5597800888354e-05 3.51786984538194e-05 3.47690984199289e-05 3.43538995366544e-05 3.40264014084823e-05 3.36550001520663e-05 3.34292017214466e-05 3.3207699743798e-05 3.29864014929626e-05 3.27349007420707e-05 3.18364000122529e-05 -3.4e+38 -3.4e+38
5.36482984898612e-05 5.73512006667443e-05 5.72889985051006e-05 5.79721017857082e-05 5.81187014176976e-05 5.61619017389603e-05 5.47380986972712e-05 5.43606984138023e-05 5.22734007972758e-05 4.96372013003565e-05 4.63858996226918e-05 4.49049002781976e-05 4.37913004134316e-05 4.30752006650437e-05 4.15756985603366e-05 4.03099984396249e-05 3.92594993172679e-05 3.8290600059554e-05 3.72397007595282e-05 3.63291001121979e-05 3.54787989635952e-05 3.48346002283506e-05 3.42708990501706e-05 3.38022982759867e-05 3.32021008944139e-05 3.27097986883018e-05 3.2196898246184e-05 3.1892199331196e-05 3.14759017783217e-05 3.09208990074694e-05 3.06467009068001e-05 3.05526009469759e-05 3.04077002510894e-05 3.0210900149541e-05 3.02382995869266e-05 3.02581993310014e-05 3.01841992040863e-05 2.97554997814586e-05 2.97155002044747e-05 2.97883998428006e-05 2.95386998914182e-05 2.92911990982248e-05 2.89308991341386e-05 -3.4e+38 -3.4e+38
4.56466987088788e-05 4.53647990070749e-05 4.6836899855407e-05 4.64933000330348e-05 4.57804017059971e-05 4.48093996965326e-05 4.44985998910852e-05 4.28396997449454e-05 4.04632992285769e-05 3.97135008824989e-05 3.87555992347188e-05 3.7508099921979e-05 3.59924015356228e-05 3.50570990121923e-05 3.37591991410591e-05 3.27845991705544e-05 3.19179016514681e-05 3.0936898838263e-05 2.98163995466894e-05 2.90596999548143e-05 2.86767008219613e-05 2.80023996310774e-05 2.72951001534238e-05 2.67517007159768e-05 2.62192006630357e-05 2.57077008427586e-05 2.53307007369585e-05 2.51427991315722e-05 2.50075991061749e-05 2.47835996560752e-05 2.46333001996391e-05 2.45856008405099e-05 2.45378996623913e-05 2.44786006078357e-05 2.43781996687176e-05 2.43890008277958e-05 2.44218008447206e-05 2.4299599317601e-05 2.42901005549356e-05 2.43630001932615e-05 2.44881994149182e-05 2.46544004767202e-05 2.47253992711194e-05 -3.4e+38 -3.4e+38
3.39508005708922e-05 3.41794002451934e-05 3.43329011229798e-05 3.49118017766159e-05 3.42474013450556e-05 3.39317011821549e-05 3.30043985741213e-05 3.2540501706535e-05 3.14288008667063e-05 3.10096002067439e-05 2.98149006994208e-05 2.88068004010711e-05 2.80099993688054e-05 2.69199008471332e-05 2.60156994045246e-05 2.5170600565616e-05 2.44481998379342e-05 2.3614700694452e-05 2.27358996198745e-05 2.22516991925659e-05 2.18064997170586e-05 2.12581999221584e-05 2.06328004423995e-05 2.01861003006343e-05 1.97484005184378e-05 1.93200994544895e-05 1.89736001630081e-05 1.88345002243295e-05 1.87124005606165e-05 1.85909993888345e-05 1.85082008101745e-05 1.84476994036231e-05 1.83872998604784e-05 1.8327100406168e-05 1.83493993972661e-05 1.83992997335736e-05 1.84494001587154e-05 1.84995005838573e-05 1.86531997314887e-05 1.88977992365835e-05 1.90330993063981e-05 1.90531991393073e-05 1.90374994417652e-05 -3.4e+38 -3.4e+38
2.63448000623612e-05 2.64660993707366e-05 2.65579001279548e-05 2.64821992459474e-05 2.63163001363864e-05 2.57191004493507e-05 2.48286996793468e-05 2.44699003815185e-05 2.40559002122609e-05 2.32101992878597e-05 2.25467993004713e-05 2.19108005694579e-05 2.12317991099553e-05 2.04820007638773e-05 1.98180005099857e-05 1.94106996787013e-05 1.89269994734786e-05 1.80740007635904e-05 1.7297299564234e-05 1.68421993294032e-05 1.64237007993506e-05 1.58786006068112e-05 1.5311499737436e-05 1.48848002936575e-05 1.44699997690623e-05 1.41030996019254e-05 1.37671004267759e-05 1.36334001581417e-05 1.35009995574364e-05 1.33699004436494e-05 1.32851000671508e-05 1.32458999360097e-05 1.32067998492857e-05 1.31932001750101e-05 1.32309996843105e-05 1.32896002469352e-05 1.33626999740954e-05 1.34355996124214e-05 1.36139997266582e-05 1.3832500371791e-05 1.40544998430414e-05 1.4279999959399e-05 1.45092999446206e-05 -3.4e+38 -3.4e+38
1.59585997607792e-05 1.61505995492917e-05 1.62439991981955e-05 1.64512002811534e-05 1.68142996699316e-05 1.66832996910671e-05 1.62611995619955e-05 1.59519004228059e-05 1.58546008606208e-05 1.55421003000811e-05 1.50773003042559e-05 1.50362002386828e-05 1.47277996802586e-05 1.42848002724349e-05 1.37387996801408e-05 1.31210999825271e-05 1.2515600246843e-05 1.19381002150476e-05 1.14261001726845e-05 1.10524997580796e-05 1.0721099897637e-05 1.03812999441288e-05 1.00048000604147e-05 9.7020802058978e-06 9.40850986808073e-06 9.16199041967047e-06 8.98194957699161e-06 8.88613976712804e-06 8.79136041476158e-06 8.69759969646111e-06 8.64887988427654e-06 8.64443973114248e-06 8.64000958245015e-06 8.63558034325251e-06 8.65617039380595e-06 8.68516963237198e-06 8.71427982929163e-06 8.74348006618675e-06 8.848979632603e-06 8.95576977200108e-06 9.09677964955335e-06 9.24990035855444e-06 9.40559039008804e-06 -3.4e+38 -3.4e+38
9.44992007134715e-06 9.70986002357677e-06 9.95080972643336e-06 1.02427002275363e-05 1.03000002127374e-05 1.02751000667922e-05 1.02108997452888e-05 1.03656002465868e-05 1.02666999737266e-05 1.02178000815911e-05 1.0049800039269e-05 9.845920430962e-06 9.51621041167527e-06 9.17472971195821e-06 8.85839017428225e-06 8.54262998473132e-06 8.21015964902472e-06 7.89080968388589e-06 7.57943007556605e-06 7.34060995455366e-06 7.1296899477602e-06 6.92482990416465e-06 6.72586020300514e-06 6.56641987006878e-06 6.41061978967628e-06 6.2415501815849e-06 6.09836979492684e-06 6.02166983298957e-06 5.94594985159347e-06 5.87117983741337e-06 5.83469000048353e-06 5.83575001655845e-06 5.83681003263337e-06 5.83787004870828e-06 5.85571979172528e-06 5.87923977946048e-06 5.90284980717115e-06 5.92655987929902e-06 6.01020019530552e-06 6.09502012594021e-06 6.18105013927561e-06 6.26828978056437e-06 6.34635989626986e-06 -3.4e+38 -3.4e+38
