results/Predictions/Median/Thanetian.asc
NCOLS 360 
NROWS 180 
XLLCORNER -180 
YLLCORNER -90 
CELLSIZE 1 
NODATA_value -3.4e+38 
[rows 140 to 159 of 180, columns 0 to 43 of 360]
2.98325994663173e-06 2.98874010695727e-06 3.02972989629779e-06 3.07148002320901e-06 3.13641999127867e-06 3.2153600386664e-06 3.2962800560199e-06 3.37923006554774e-06 3.30864008901699e-06 3.24650000038673e-06 3.17170997732319e-06 3.10621999233263e-06 3.11168992084276e-06 3.11732992486213e-06 0.000707677972968668 0.00736678997054696 0.00817735958844423 0.00852502975612879 0.000124422993394546 4.08285995945334e-06 4.22798984800465e-06 4.3721897782234e-06 4.523700226855e-06 4.80709013572778e-06 5.09286019223509e-06 5.38512995262863e-06 5.65270011065877e-06 5.78433991904603e-06 5.88539978707558e-06 5.98823999098386e-06 6.05120021646144e-06 6.0719798966602e-06 6.07589981882484e-06 6.07983020017855e-06 6.10006009083008e-06 6.14545979260583e-06 6.19642014498822e-06 6.24779022473376e-06 6.28885982223437e-06 6.3071602198761e-06 6.32551018497907e-06 6.34707021163194e-06 6.3782099459786e-06 6.4096298046934e-06
2.13066005017026e-06 2.15447994378337e-06 2.17906995203521e-06 2.17871001950698e-06 2.21274990508391e-06 2.25912003770645e-06 2.30039995585685e-06 2.33364994528529e-06 2.31075000556302e-06 2.27504006033996e-06 2.25639996642713e-06 2.25025996769546e-06 2.31720991905604e-06 2.39584005612414e-06 2.49032996180176e-06 0.00579473981633782 0.00731715001165867 0.00830375030636787 0.00891552958637476 0.000546758994460106 3.86685997000313e-06 3.75300010091451e-06 3.63522008228756e-06 3.77732999368163e-06 3.94162998418324e-06 4.16131979363854e-06 4.2522501644271e-06 4.30690988650895e-06 4.35762012784835e-06 4.41121983385528e-06 4.44081979367184e-06 4.46183003077749e-06 4.48292985311127e-06 4.5041301746096e-06 4.52311996923527e-06 4.54141991212964e-06 4.55979989055777e-06 4.57824990007794e-06 4.60303999716416e-06 4.61347008240409e-06 4.6404297791014e-06 4.67915015178733e-06 4.72070996693219e-06 4.75974002256407e-06
1.5059099496284e-06 1.53072005559807e-06 1.55606994667323e-06 1.56060002609593e-06 1.58534999172844e-06 1.58370994540746e-06 1.63096001415397e-06 1.653720005379e-06 1.64005996339256e-06 1.63174001954758e-06 1.62380001711426e-06 1.6435100178569e-06 1.75021000359266e-06 1.86386000677885e-06 1.98751990865276e-06 0.00262581999413669 0.00502990977838635 -3.4e+38 -3.4e+38 0.00522754015401006 0.00511199003085494 3.3128701034002e-05 2.86627005152695e-06 3.01475006381224e-06 3.08963990391931e-06 3.22182995660114e-06 3.23935000778874e-06 3.29201998283679e-06 3.32241006617551e-06 3.33805996888259e-06 3.34657988787512e-06 3.34696005666046e-06 3.34732999363041e-06 3.35952995555999e-06 3.3627400171099e-06 3.36572998094198e-06 3.36871994477406e-06 3.37170990860614e-06 3.38332006322162e-06 3.39498001267202e-06 3.40666997544758e-06 3.42345992976334e-06 3.45784997080045e-06 3.49638003172004e-06
0.00117793004028499 1.92847005564545e-06 1.16803005312249e-06 1.17771003260714e-06 1.21001994557446e-06 1.23631002679758e-06 1.22998994811496e-06 1.20847994367068e-06 1.18141997518251e-06 1.17214995043469e-06 1.17534000310116e-06 1.78160996711085e-06 1.69862996699521e-05 0.000153503002366051 0.00051228899974376 0.00494553986936808 0.00503680994734168 -3.4e+38 -3.4e+38 -3.4e+38 0.00472198007628322 0.00215572002343833 2.88356000055501e-06 2.23714005187503e-06 2.25247003982076e-06 2.26845008910459e-06 2.28511999011971e-06 2.33264995586069e-06 2.36988989854581e-06 2.39426003645349e-06 2.40875010604213e-06 2.41317002291908e-06 2.41759994423774e-06 2.42204009737179e-06 2.4248399768112e-06 2.42709006670339e-06 2.43206000050122e-06 2.4468599804095e-06 2.47607999881438e-06 2.50561993198062e-06 2.52568997893832e-06 2.54342990047007e-06 2.57095007327734e-06 2.59876992458885e-06
0.00142515997868031 1.84225996235909e-06 9.06910997855448e-07 9.10477979232382e-07 9.15536986667576e-07 9.23633990623784e-07 9.00195004760462e-07 8.9316097273695e-07 9.03045020095306e-07 9.12574023459456e-07 8.74027989539172e-07 -3.4e+38 -3.4e+38 0.0034272400662303 0.00447433022782207 -3.4e+38 -3.4e+38 -3.4e+38 -3.4e+38 -3.4e+38 0.00409515015780926 0.000286802998743951 1.72924001162755e-06 1.63489994520205e-06 1.6478900306538e-06 1.59505998453824e-06 1.59142996380979e-06 1.6210400417549e-06 1.65121002737578e-06 1.68193002991757e-06 1.70349005657044e-06 1.71552005667763e-06 1.72762997863174e-06 1.74209003489523e-06 1.75184004547191e-06 1.75674995261943e-06 1.76269998064527e-06 1.76996002210217e-06 1.7941199530469e-06 1.8186200350101e-06 1.84346004061808e-06 1.86651004696614e-06 1.89727995802969e-06 1.92183006220148e-06
0.000899481994565576 3.48586981999688e-05 7.2339298640145e-07 7.13486997483415e-07 7.13260021711903e-07 7.20722994174139e-07 7.18431977020373e-07 7.26947973817005e-07 7.40380983188516e-07 7.25665984191437e-07 7.04687977304275e-07 -3.4e+38 -3.4e+38 -3.4e+38 -3.4e+38 -3.4e+38 -3.4e+38 -3.4e+38 -3.4e+38 0.00163478998001665 0.00187407003249973 0.000446738995378837 1.25811004636489e-06 1.25515998661285e-06 1.2384200545057e-06 1.20381002943759e-06 1.18581999686285e-06 1.21737002700684e-06 1.2438199519238e-06 1.26726001781208e-06 1.28295005197288e-06 1.29064994780492e-06 1.29834995732381e-06 1.30602995795925e-06 1.31301999317657e-06 1.31981005324633e-06 1.32662000851269e-06 1.33345997710421e-06 1.355130052616e-06 1.37714005177259e-06 1.39950998345739e-06 1.42368003253068e-06 1.45266994877602e-06 1.47753996770916e-06
0.000484760996187106 0.000758910027798265 6.12508983977023e-06 5.68162022318575e-07 5.78014009988692e-07 6.01925023602234e-07 6.11218979429395e-07 6.31316993349174e-07 6.48633999844606e-07 6.55761027701374e-07 6.60777004668489e-07 0.00150503998156637 -3.4e+38 -3.4e+38 -3.4e+38 -3.4e+38 -3.4e+38 -3.4e+38 0.00214583007618785 0.00209002988412976 0.00230620009824634 0.00222452008165419 0.000390841014450416 1.81415998667944e-05 2.3911600237625e-06 1.78913001036562e-06 1.32162995214458e-06 1.13513999622228e-06 1.16982005238242e-06 1.09841005269118e-06 1.09025995698175e-06 1.15318005100562e-06 1.15987995741307e-06 1.07154994566372e-06 1.01651005479653e-06 1.02503997823078e-06 1.03393995232182e-06 1.04290995750489e-06 1.06366996988072e-06 1.08483004623849e-06 1.10641997252969e-06 1.12963004994526e-06 1.15653995180764e-06 1.18409002425324e-06
4.63775990056092e-07 4.80907999644842e-07 4.60926997902789e-07 4.54646993830465e-07 4.68505987782919e-07 4.98692998007755e-07 5.20032017448102e-07 5.48297009572707e-07 5.67929987482785e-07 5.88269017498533e-07 5.56976010557264e-06 0.00141129002440721 -3.4e+38 -3.4e+38 -3.4e+38 -3.4e+38 -3.4e+38 0.0017897899961099 0.00208390993066132 0.00216986006125808 0.00211578002199531 0.00209762994199991 -3.4e+38 0.00194802996702492 0.00191244995221496 0.00187412998639047 -3.4e+38 -3.4e+38 -3.4e+38 -3.4e+38 -3.4e+38 0.00190568994730711 0.00191014003939927 0.0018952899845317 0.000777903012931347 7.96246979462012e-07 8.05979993856454e-07 8.15831981526571e-07 8.35051025660505e-07 8.54724987675581e-07 8.74863019362238e-07 8.95929019861796e-07 9.18897001156438e-07 9.42455017138855e-07
3.8481599062834e-07 3.83953988603025e-07 3.83703991246875e-07 3.81304005259153e-07 3.89769013509067e-07 4.1514999793435e-07 4.40726012129744e-07 4.6871500103407e-07 0.000622244027908891 0.00123497005552053 0.00136684998869896 -3.4e+38 -3.4e+38 -3.4e+38 -3.4e+38 -3.4e+38 -3.4e+38 0.00148161000106484 0.0016217699740082 0.00163137004710734 0.00157977000344545 0.00152995996177197 0.00150041002780199 0.00146922003477812 0.00143160996958613 0.000406868988648057 6.53823008178733e-05 1.78406007762533e-05 0.000159050003276207 0.000275683007203043 2.96276994049549e-05 3.51502990270092e-06 1.01321995771286e-06 6.92689980041905e-07 6.52016979074688e-07 6.61543026581057e-07 6.71207999403123e-07 6.81015990267042e-07 6.98135011134582e-07 7.15685985142045e-07 7.33681019937649e-07 7.52857999941625e-07 7.74908983203204e-07 7.97607981439796e-07
3.20097996109325e-07 3.23965991810837e-07 3.2536598837396e-07 3.19853000974035e-07 3.31259997210509e-07 3.49364000840069e-07 3.696399915043e-07 0.000246639014221728 0.00105004000943154 -3.4e+38 -3.4e+38 -3.4e+38 -3.4e+38 -3.4e+38 0.00120632001198828 0.00114891002885997 0.00118323997594416 0.00121071003377438 0.00120992003940046 0.000244722992647439 6.09315975452773e-07 5.05807975059724e-07 4.95243000386836e-07 4.9120302492156e-07 4.87186980535625e-07 4.83194014577748e-07 4.82059988371475e-07 4.87539978166751e-07 4.93064987949765e-07 4.98633028200857e-07 5.0541302698548e-07 5.1202397344241e-07 5.18722004017036e-07 5.25507005022519e-07 5.35868025508535e-07 5.47020022167999e-07 5.5799301890147e-07 5.69187022847473e-07 5.85805992159294e-07 6.02212992362183e-07 6.19082015873573e-07 6.36916013263544e-07 6.56781992347533e-07 6.77271998483775e-07
2.69865012114678e-07 2.76561991086055e-07 2.77195994158319e-07 2.73897995839434e-07 2.85576987835157e-07 3.03137994706049e-07 3.21785989854106e-07 0.000729173014406115 0.000745625991839916 -3.4e+38 -3.4e+38 -3.4e+38 -3.4e+38 0.000893997028470039 0.000977288000285625 0.00102438998874277 0.0010085899848491 0.000980488955974579 0.000801700982265174 9.85340011538938e-05 4.11406006151083e-07 4.02282012146316e-07 3.95383011664308e-07 3.96816005832079e-07 3.9825499698054e-07 3.99319986854607e-07 4.00125998112344e-07 4.03679990768069e-07 4.07958992809654e-07 4.12626008028383e-07 4.1807200545918e-07 4.24336008109094e-07 4.30694001352094e-07 4.3714800312955e-07 4.47345996690274e-07 4.57852991075924e-07 4.69115008172594e-07 4.80656979107152e-07 4.96676022976317e-07 5.13703980686842e-07 5.31317027707701e-07 5.49862988918903e-07 5.70077020256576e-07 5.89341027534829e-07
2.30268000223077e-07 2.38263993423971e-07 2.40338010826235e-07 2.39427009773863e-07 2.49717999167842e-07 2.64468013710939e-07 5.45092973425199e-07 0.000636038021184504 0.000654038973152637 -3.4e+38 -3.4e+38 0.00064290699083358 0.000728524988517165 0.000794366002082825 0.000867236987687647 0.000882634019944817 0.000857761013321579 0.000839678978081793 0.000815679028164595 0.00079775502672419 0.00075881602242589 0.00044110999442637 4.96239008498378e-05 3.27533001609481e-07 3.30522993863269e-07 3.33539986741016e-07 3.36715004323196e-07 3.40416988819925e-07 3.4467601039978e-07 3.48974992903095e-07 3.53823992327307e-07 3.59239010094825e-07 3.65445998795622e-07 3.72035998452702e-07 3.82908012852567e-07 3.95472000036534e-07 4.07875006658287e-07 4.20589998384457e-07 4.36107995938073e-07 4.51159991143868e-07 4.67348996835426e-07 4.84048996440833e-07 5.01124986840296e-07 5.19073978466622e-07
1.93969995621046e-07 2.01408994371377e-07 2.08412998858876e-07 2.09326998401593e-07 2.18394006878952e-07 2.30764996445032e-07 0.000418084004195407 0.000555336999241263 -3.4e+38 -3.4e+38 0.000617915007751435 0.000628245004918426 0.000660776975564659 0.000704148027580231 0.000734407978598028 0.000758130976464599 0.000736906018573791 0.000717350980266929 0.000662093982100487 0.000645290012471378 0.000632214010693133 0.000594308017753065 0.000470797996968031 0.000645990017801523 2.75400992677532e-07 2.78240008810826e-07 2.83490010133391e-07 2.87342999172324e-07 2.91230008997445e-07 2.92955007807905e-07 2.9674899337806e-07 3.02692996001497e-07 3.09287997879437e-07 3.16716011639073e-07 3.27116993048548e-07 3.40159004963425e-07 3.53647010342684e-07 3.67331011830174e-07 3.82335997528571e-07 3.97446996203143e-07 4.13157010825671e-07 4.28897010351648e-07 4.44355009676656e-07 4.60172998373309e-07
1.63235000627537e-07 1.70736996096821e-07 1.72772004702892e-07 1.72374001294884e-07 1.80328996179924e-07 1.9165800324572e-07 0.00042566200136207 -3.4e+38 -3.4e+38 -3.4e+38 -3.4e+38 0.000626220018602908 0.00066263199551031 0.000704611011315137 0.000738664995878935 -3.4e+38 0.000698937976267189 0.000651329988613725 0.000573746976442635 0.000551967998035252 0.000540892011485994 0.000436261994764209 0.000522107002325356 0.000168906000908464 2.34997997949904e-07 2.41992012206538e-07 2.48437999061935e-07 2.52732007766099e-07 2.56304986123723e-07 2.58623003901448e-07 2.62393001548844e-07 2.67454993263527e-07 2.72737992190741e-07 2.79711002804106e-07 2.89817990051233e-07 3.01320000062333e-07 3.11849987610913e-07 3.24526013173454e-07 3.39469011123583e-07 3.55087991010805e-07 3.70056000065233e-07 3.84902989480906e-07 3.98499992115831e-07 4.12322009424315e-07
1.3737199822117e-07 1.44539995972082e-07 1.4323900643376e-07 1.41955993626652e-07 1.48943001931912e-07 2.20930999716984e-07 0.000356159987859428 0.000412649998907 0.000478022004244849 -3.4e+38 -3.4e+38 -3.4e+38 -3.4e+38 -3.4e+38 -3.4e+38 -3.4e+38 0.000636300013866276 0.000566444010473788 0.000491371029056609 0.000443129014456645 0.00044869800331071 0.000224129995331168 2.07278006314482e-07 1.94967000766155e-07 2.01218995243835e-07 2.10446003734432e-07 2.17693994386536e-07 2.22267004801324e-07 2.25571000100899e-07 2.28317006190082e-07 2.32266998523301e-07 2.36465993452839e-07 2.52591007665615e-07 2.58232006444814e-07 2.56260989317525e-07 2.66689994532499e-07 2.77545012750124e-07 2.88214010879528e-07 2.9968001058478e-07 3.14792998779012e-07 3.29720990066562e-07 3.44088988413205e-07 3.57389012606291e-07 3.69918012665948e-07
1.1661899890214e-07 1.23103006899328e-07 1.27890999124247e-07 1.27408995354017e-07 1.34141998842097e-07 1.52580000190028e-07 0.000252275000093505 0.000337436009431258 0.00035315498826094 0.000340531987603754 0.000318295991746709 -3.4e+38 -3.4e+38 -3.4e+38 0.000312530988594517 0.00032244500471279 0.000332688010530546 0.000345736014423892 0.00025793700478971 1.81558004896942e-06 1.71923005609642e-07 1.69809993622039e-07 1.67761996294757e-07 1.75487997466917e-07 1.83569994760546e-07 1.91476999589213e-07 1.99753003471415e-07 2.03740995630142e-07 2.06690003778931e-07 2.10047005566594e-07 2.13651006220061e-07 2.1661999483058e-07 2.19631004938492e-07 2.23656002162897e-07 2.30256006261698e-07 2.37573999584129e-07 2.451259888403e-07 2.52919988952272e-07 2.63224990249e-07 2.74271997113829e-07 2.8599498591575e-07 2.97852011499344e-07 3.09053007185867e-07 3.21419008741941e-07
1.02907996790691e-07 1.06153002832343e-07 1.10492997862366e-07 1.16221997359389e-07 1.22456000894999e-07 1.29097998069483e-07 2.52167012604332e-07 0.000292940996587276 0.000306876987451687 0.000305522000417113 0.000288481009192765 0.000279469008091837 0.000285824004095048 0.0002852359903045 0.000271019001957029 1.51971005379892e-06 1.59726994297671e-07 1.42168005368148e-07 1.47592004395847e-07 1.50925998809726e-07 1.53521995116535e-07 1.56119000394028e-07 1.58714996700837e-07 1.66416000979552e-07 1.74920998574635e-07 1.82549996452508e-07 1.91045003816726e-07 1.94088002558601e-07 1.9730599376544e-07 2.01434005475676e-07 2.04220000910027e-07 2.05606994541085e-07 2.07002997854033e-07 2.08409005608701e-07 2.11200998023742e-07 2.14497006822967e-07 2.1784400416891e-07 2.21242999032256e-07 2.28434998916782e-07 2.35860994735049e-07 2.43528006649285e-07 2.51952997132321e-07 2.6225399096802e-07 2.72953002422582e-07
9.53229033484604e-08 9.96140983033911e-08 1.0310400000435e-07 1.06515003039931e-07 1.1435800217896e-07 1.18933002113408e-07 1.2317200059897e-07 1.30801993236673e-07 2.36527000652131e-07 2.33083994771732e-07 1.37623999307834e-07 1.2121499537443e-07 1.21840002975659e-07 1.2475200605877e-07 1.27289993656632e-07 1.28891997519531e-07 1.28950006228479e-07 1.28625003981142e-07 1.28267004129157e-07 1.32305999045457e-07 1.38020993745158e-07 1.4397799930066e-07 1.50161000078697e-07 1.5780000239829e-07 1.66674993806737e-07 1.74893997950676e-07 1.81836995238882e-07 1.8543599367149e-07 1.89125003657864e-07 1.93174997775714e-07 1.95205998920756e-07 1.95154996163183e-07 1.95138994740773e-07 1.95292003013492e-07 1.95038992956142e-07 1.94652997720368e-07 1.94315006751822e-07 1.94052006463608e-07 1.98394005224145e-07 2.02832993068114e-07 2.07371996907568e-07 2.13133006354838e-07 2.22547996031608e-07 2.32378994269311e-07
8.34914999359171e-08 8.83100028659101e-08 9.34071024971672e-08 9.82013972361528e-08 1.0348699674978e-07 1.0738600053628e-07 1.1050600079443e-07 1.16271003491875e-07 1.16351003498494e-07 1.1479300354722e-07 1.13257001999045e-07 1.16138998862425e-07 1.18502001100751e-07 1.20351003829455e-07 1.22518002854122e-07 1.28216001371584e-07 1.3235100482234e-07 1.35844999249457e-07 1.39058002446291e-07 1.47237997794036e-07 1.58378000492121e-07 1.70107000485586e-07 1.81863001103011e-07 1.94931004671162e-07 2.08939994195134e-07 2.22750003331385e-07 2.34864998560624e-07 2.41993006966368e-07 2.4952100829978e-07 2.58146002352078e-07 2.65365002860563e-07 2.7104701416647e-07 2.76849988267713e-07 2.82776994708911e-07 2.86984999320339e-07 2.90412998538159e-07 2.93880987101147e-07 2.97391011372383e-07 3.01114994272211e-07 3.04884991919607e-07 3.08632991163904e-07 3.1385800980388e-07 3.23221996723078e-07 3.32864999563753e-07
7.42901988814992e-08 7.81437989871847e-08 8.38711002870696e-08 8.86482993678328e-08 9.32516002194461e-08 9.6972200935852e-08 9.98312970068582e-08 1.02840999716136e-07 1.06434001168054e-07 1.0793200289072e-07 1.09391997682451e-07 1.11253001477962e-07 1.14317998622937e-07 1.17467997995391e-07 1.20704001460581e-07 1.2623300449377e-07 1.34816005470384e-07 1.43359997650805e-07 1.51343996890319e-07 1.65957004583106e-07 1.84265005032103e-07 2.04529001734954e-07 2.26452996798798e-07 2.41840012904504e-07 2.60388986816906e-07 2.80361007298779e-07 2.99826012906124e-07 3.14185001570877e-07 3.28979012920172e-07 3.43352013487674e-07 3.57953013008228e-07 3.73246990648113e-07 3.89989992299888e-07 4.05184010787707e-07 4.15821006072292e-07 4.24990986402918e-07 4.34364011425714e-07 4.43944998096413e-07 4.45447994934511e-07 4.4695499923364e-07 4.48468000513458e-07 4.51076999752331e-07 4.57006990473019e-07 4.63015993545923e-07
