results/Predictions/Median/Thanetian.asc
NCOLS 360 
NROWS 180 
XLLCORNER -180 
YLLCORNER -90 
CELLSIZE 1 
NODATA_value -3.4e+38 
[rows 52 to 77 of 180, columns 177 to 235 of 360]
-3.4e+38 0.165190994739532 0.17247000336647 -3.4e+38 -3.4e+38 -3.4e+38 -3.4e+38 -3.4e+38 0.216121003031731 0.220684006810188 -3.4e+38 -3.4e+38 -3.4e+38 0.207131996750832 0.197330996394157 0.181182995438576 0.171048998832703 0.162493005394936 0.14818799495697 0.130562007427216 0.116406001150608 0.106716997921467 0.104561001062393 0.108058996498585 0.114465996623039 0.128792002797127 0.119854003190994 0.109058000147343 0.0992143005132675 0.0910969972610474 0.0815818011760712 0.0732131972908974 0.0669516995549202 0.0603047981858253 0.0529665015637875 0.0468011014163494 0.0412475988268852 0.0401057004928589 0.0402566008269787 0.0404106006026268 0.0421638004481792 0.0394591987133026 0.0365954004228115 0.0339576005935669 0.0322891995310783 0.0341417007148266 0.035878598690033 0.037338200956583 0.035861499607563 0.0319379009306431 0.0288929007947445 0.0259261000901461 0.0222418997436762 0.0188656002283096 0.0160518009215593 0.0136256003752351 0.0152367996051908 0.0169898997992277 0.0183352995663881
-3.4e+38 -3.4e+38 -3.4e+38 -3.4e+38 -3.4e+38 -3.4e+38 -3.4e+38 -3.4e+38 0.202675998210907 0.219441995024681 -3.4e+38 -3.4e+38 -3.4e+38 0.230932995676994 0.224279001355171 0.211622998118401 0.201739996671677 0.193408995866776 0.181062996387482 0.166373997926712 0.151813998818398 0.137682005763054 0.138344004750252 0.14096400141716 0.145027995109558 0.156869992613792 0.146377995610237 0.138889998197556 0.130290001630783 0.119510002434254 0.105506002902985 0.0959592014551163 0.0855598971247673 0.0752322003245354 0.0655784979462624 0.0562268011271954 0.0480796992778778 0.0470133982598782 0.0479052998125553 0.0520600005984306 0.0579451993107796 0.0532177984714508 0.0491557009518147 0.0449810996651649 0.0425751991569996 0.0435483008623123 0.0447147004306316 0.0458586998283863 0.0450475998222828 0.0426187999546528 0.040336299687624 0.0383764989674091 0.0345900990068913 0.0305288005620241 0.0267388001084328 0.0235869996249676 0.0244960002601147 0.0258626993745565 0.0273940991610289
-3.4e+38 -3.4e+38 -3.4e+38 -3.4e+38 -3.4e+38 0.178624004125595 0.172700002789497 0.184047996997833 0.201820001006126 0.22341400384903 -3.4e+38 -3.4e+38 -3.4e+38 0.252514004707336 0.251064002513885 0.244473993778229 0.236440002918243 0.229124993085861 0.219197005033493 0.208663001656532 0.198063999414444 0.188235998153687 0.183608993887901 0.180754005908966 0.180460005998611 0.187509998679161 0.178785994648933 0.171647995710373 0.162765994668007 0.149617001414299 0.131478995084763 0.116501003503799 0.103477999567986 0.089888297021389 0.076140396296978 0.0673699006438255 0.0594631992280483 0.0597634986042976 0.0626519992947578 0.0675854980945587 0.0767847970128059 0.0710750967264175 0.0655248984694481 0.0603091008961201 0.0575511008501053 0.0550925992429256 0.054653100669384 0.0546283982694149 0.0544607006013393 0.0550559014081955 0.0557941012084484 0.0562224984169006 0.0520345009863377 0.0477880984544754 0.0440666005015373 0.0405529998242855 0.0386647991836071 0.0385732017457485 0.0391112007200718
-3.4e+38 -3.4e+38 -3.4e+38 0.207561999559402 0.200964003801346 0.197797000408173 0.193990007042885 0.207241997122765 0.22783699631691 0.250030994415283 0.273162007331848 -3.4e+38 -3.4e+38 -3.4e+38 0.274177998304367 0.269147008657455 0.263689994812012 0.258345007896423 0.248529002070427 0.240048006176949 0.234408006072044 0.227853998541832 0.221606001257896 0.215204000473022 0.211814999580383 0.215209007263184 0.204980999231339 0.195619001984596 0.188804000616074 0.175530001521111 0.149152994155884 0.135533004999161 0.122837997972965 0.110105998814106 0.0959701985120773 0.0875791981816292 0.0791241973638535 0.0810346007347107 0.0855252966284752 0.0918274968862534 0.105250999331474 0.098937101662159 -3.4e+38 -3.4e+38 -3.4e+38 -3.4e+38 0.0719005018472672 -3.4e+38 0.0661759972572327 0.0670972019433975 0.0687448009848595 0.0696346014738083 0.0677191019058228 0.0649250969290733 0.0645046010613441 0.0646987035870552 0.0614527016878128 0.0592637993395329 0.0589291006326675
0.195299997925758 0.206065997481346 0.215793997049332 0.226192995905876 0.237397000193596 0.249161005020142 0.260690003633499 0.275036007165909 0.287061005830765 0.300300985574722 -3.4e+38 -3.4e+38 -3.4e+38 -3.4e+38 -3.4e+38 0.285324990749359 0.278742998838425 0.272579997777939 0.264452010393143 0.259113997220993 0.253697991371155 0.247859001159668 0.243370994925499 0.240440994501114 0.236368998885155 0.237987995147705 0.228992998600006 0.223873004317284 0.220294997096062 0.211095005273819 0.184667006134987 0.159436002373695 0.144150003790855 0.134711995720863 0.125317007303238 0.116315998136997 -3.4e+38 0.109347000718117 0.119336001574993 0.131314992904663 0.14486600458622 0.141847997903824 0.139962002635002 -3.4e+38 -3.4e+38 -3.4e+38 -3.4e+38 -3.4e+38 0.0849144980311394 0.0781154036521912 0.0767955034971237 0.0740713030099869 0.076586902141571 0.0800317972898483 0.0845903009176254 0.0926774963736534 0.0894075036048889 0.0902078971266747 0.0907979011535645
0.200948998332024 0.215535998344421 0.231670007109642 0.254303991794586 0.283365994691849 0.313068002462387 0.343452006578445 -3.4e+38 -3.4e+38 -3.4e+38 -3.4e+38 -3.4e+38 -3.4e+38 -3.4e+38 -3.4e+38 -3.4e+38 0.296326011419296 0.289445996284485 0.282730013132095 0.278452008962631 0.274017989635468 0.268999993801117 0.265808999538422 0.264115989208221 0.263819992542267 0.261687010526657 0.258821994066238 0.257283002138138 0.254173994064331 0.24677699804306 0.224361002445221 -3.4e+38 -3.4e+38 0.169007003307343 0.164140999317169 0.161719992756844 0.15828999876976 0.162141993641853 0.175493001937866 0.188245996832848 0.202374994754791 -3.4e+38 0.20082700252533 0.19938500225544 0.196302995085716 -3.4e+38 -3.4e+38 -3.4e+38 -3.4e+38 -3.4e+38 0.0854189991950989 0.0799918994307518 0.0856300964951515 0.0983247980475426 0.112101003527641 0.128190994262695 0.130108997225761 0.131219998002052 0.132553994655609
0.252932012081146 0.26655900478363 0.27827200293541 0.298429995775223 0.328067988157272 -3.4e+38 -3.4e+38 -3.4e+38 -3.4e+38 -3.4e+38 -3.4e+38 -3.4e+38 -3.4e+38 -3.4e+38 -3.4e+38 -3.4e+38 0.317221999168396 0.311305999755859 0.305797010660172 0.300664007663727 0.295385003089905 0.289516985416412 0.286484003067017 0.285605996847153 0.283874005079269 0.283271014690399 0.283488005399704 0.284799009561539 0.286038994789124 0.283024996519089 0.263175994157791 0.243640005588531 -3.4e+38 -3.4e+38 0.214744001626968 0.211574003100395 0.2066860049963 0.21204100549221 0.229757994413376 0.246640995144844 0.264456987380981 0.262277007102966 0.26808100938797 0.275214999914169 0.275406002998352 0.241903007030487 -3.4e+38 -3.4e+38 -3.4e+38 -3.4e+38 -3.4e+38 0.0937730967998505 0.0917889028787613 0.0938749015331268 0.095279298722744 0.0968312993645668 0.116180002689362 0.140975996851921 0.169717997312546
0.307826012372971 -3.4e+38 -3.4e+38 -3.4e+38 -3.4e+38 -3.4e+38 -3.4e+38 -3.4e+38 -3.4e+38 -3.4e+38 -3.4e+38 -3.4e+38 -3.4e+38 -3.4e+38 -3.4e+38 -3.4e+38 -3.4e+38 0.334381997585297 0.328734010457993 0.322681993246078 0.315802007913589 -3.4e+38 0.307749003171921 -3.4e+38 0.307552009820938 0.306793987751007 0.30970698595047 0.313928991556168 0.317113995552063 0.314608991146088 0.298693001270294 0.282907992601395 0.267127990722656 0.266341000795364 0.26724499464035 0.264593005180359 0.262295007705688 0.273972988128662 0.294135987758636 0.315438985824585 0.340362995862961 0.340755999088287 0.352632999420166 -3.4e+38 -3.4e+38 0.332998007535934 0.301661014556885 0.275552988052368 -3.4e+38 -3.4e+38 -3.4e+38 -3.4e+38 0.0990445017814636 0.0870554968714714 0.0799997970461845 0.0821103975176811 0.114023000001907 0.153740003705025 0.211375996470451
0.355121999979019 0.359753012657166 0.36175400018692 0.37568598985672 0.40447199344635 0.432202994823456 0.451404988765717 0.444622993469238 0.430211007595062 0.411660999059677 0.397821009159088 0.38392099738121 -3.4e+38 -3.4e+38 -3.4e+38 -3.4e+38 -3.4e+38 -3.4e+38 0.346758008003235 0.341030985116959 0.335225999355316 -3.4e+38 -3.4e+38 -3.4e+38 -3.4e+38 0.327412992715836 -3.4e+38 0.332004994153976 0.333829998970032 0.331099003553391 0.317393988370895 0.306071013212204 0.301346004009247 0.302376985549927 0.302278012037277 0.301816999912262 0.302511990070343 0.317028999328613 0.338631004095078 0.358406007289886 0.381484001874924 0.389656990766525 0.402287006378174 0.414862006902695 -3.4e+38 -3.4e+38 0.365750014781952 0.338584989309311 0.301548004150391 0.251599013805389 -3.4e+38 -3.4e+38 -3.4e+38 0.11430200189352 0.101164996623993 0.0974415987730026 0.138494998216629 0.186524003744125 0.254736006259918
0.36761000752449 0.373311996459961 0.38034200668335 0.396542996168137 0.426766991615295 0.449802994728088 0.46781599521637 0.457076013088226 0.434269994497299 0.412654995918274 0.392675012350082 0.388300001621246 0.385082989931107 -3.4e+38 -3.4e+38 -3.4e+38 -3.4e+38 -3.4e+38 -3.4e+38 0.356523007154465 0.351687997579575 -3.4e+38 -3.4e+38 -3.4e+38 -3.4e+38 -3.4e+38 0.343531012535095 0.340968012809753 0.339655995368958 -3.4e+38 -3.4e+38 0.318019986152649 0.325060993432999 0.334960013628006 0.334174990653992 0.331252008676529 0.325818002223969 0.337619990110397 0.354503989219666 0.370929002761841 0.388723999261856 0.400590002536774 0.412512987852097 0.424722999334335 0.429237008094788 -3.4e+38 -3.4e+38 -3.4e+38 0.343378990888596 0.309208005666733 0.275498002767563 -3.4e+38 -3.4e+38 -3.4e+38 0.174430996179581 0.156294003129005 0.198168992996216 0.243728995323181 0.297235012054443
0.380555003881454 0.387216985225677 0.386655002832413 0.396986991167068 0.430063009262085 0.459966987371445 0.48394700884819 0.469300985336304 0.440396010875702 0.412885993719101 0.399486988782883 0.396674990653992 0.394932001829147 -3.4e+38 -3.4e+38 -3.4e+38 -3.4e+38 -3.4e+38 -3.4e+38 0.371107012033463 0.367881000041962 -3.4e+38 -3.4e+38 -3.4e+38 -3.4e+38 0.362217992544174 0.35673400759697 0.351184993982315 0.345701992511749 0.337352007627487 -3.4e+38 0.331589013338089 0.357003003358841 0.370272994041443 -3.4e+38 -3.4e+38 -3.4e+38 -3.4e+38 0.371762990951538 0.383639991283417 0.397049009799957 0.409299999475479 0.421232014894485 0.432821989059448 0.439428985118866 -3.4e+38 -3.4e+38 -3.4e+38 -3.4e+38 0.3644640147686 0.340826004743576 0.321377009153366 -3.4e+38 -3.4e+38 0.282761007547379 0.261936992406845 0.288239002227783 0.314484000205994 0.33899199962616
-3.4e+38 -3.4e+38 -3.4e+38 0.350767999887466 0.383661985397339 0.426726013422012 0.470259994268417 0.464567005634308 0.443246006965637 0.422383993864059 0.409435003995895 0.404507994651794 0.399964988231659 -3.4e+38 -3.4e+38 -3.4e+38 -3.4e+38 -3.4e+38 -3.4e+38 0.37900298833847 0.377442002296448 0.375283002853394 0.374471008777618 0.374734997749329 0.375028014183044 0.374709010124207 0.370692998170853 0.365983009338379 0.361952006816864 0.355342000722885 -3.4e+38 -3.4e+38 -3.4e+38 -3.4e+38 -3.4e+38 0.368600010871887 0.363851010799408 0.366742998361588 0.372393012046814 0.377606004476547 0.384321004152298 0.394493997097015 0.405418008565903 0.415021002292633 0.422558009624481 -3.4e+38 -3.4e+38 -3.4e+38 -3.4e+38 -3.4e+38 -3.4e+38 0.345952987670898 0.332112014293671 0.32048299908638 0.307475000619888 0.294270008802414 0.314195990562439 0.33330899477005 0.353165000677109
-3.4e+38 0.300404995679855 0.310452997684479 0.330853998661041 0.364183008670807 0.396122008562088 0.455547988414764 0.459704011678696 0.444218993186951 0.430274993181229 0.42025899887085 0.412752985954285 0.405862003564835 0.398981004953384 -3.4e+38 -3.4e+38 -3.4e+38 -3.4e+38 -3.4e+38 -3.4e+38 0.385648995637894 0.384481996297836 0.384571999311447 0.384750008583069 0.384790986776352 0.385013997554779 0.382409006357193 0.380544990301132 0.378675997257233 -3.4e+38 -3.4e+38 -3.4e+38 -3.4e+38 0.374484986066818 0.37550100684166 0.373340010643005 0.372175008058548 0.370855987071991 0.370072990655899 0.368600994348526 0.370519012212753 0.379278004169464 0.38756999373436 -3.4e+38 -3.4e+38 -3.4e+38 -3.4e+38 -3.4e+38 -3.4e+38 -3.4e+38 -3.4e+38 -3.4e+38 0.354241013526917 0.343944013118744 0.33391198515892 0.323487013578415 0.338382989168167 0.351491004228592 0.365456998348236
0.340153992176056 0.315270006656647 0.331400007009506 0.350392997264862 0.372393012046814 0.404188990592957 0.458086013793945 0.465254992246628 0.453280985355377 0.442070007324219 0.429764002561569 0.421770989894867 0.415302991867065 0.409512013196945 0.404051005840302 0.401266992092133 0.398465007543564 0.395303994417191 0.39384201169014 0.394804000854492 0.395731002092361 0.396919995546341 0.39674898982048 0.396371990442276 0.395410001277924 0.394133001565933 -3.4e+38 -3.4e+38 -3.4e+38 -3.4e+38 -3.4e+38 -3.4e+38 0.372162997722626 0.375925987958908 0.377943992614746 0.378706991672516 0.37813800573349 0.373833000659943 0.369451999664307 0.368528991937637 0.36829999089241 0.37533900141716 0.381585985422134 0.389990985393524 -3.4e+38 -3.4e+38 -3.4e+38 -3.4e+38 -3.4e+38 -3.4e+38 -3.4e+38 -3.4e+38 -3.4e+38 -3.4e+38 0.35232400894165 0.342433005571365 0.355154007673264 0.367116004228592 0.376208007335663
0.395866006612778 0.379685997962952 0.377310007810593 0.388691008090973 0.40174600481987 0.441666007041931 0.481555014848709 0.482715994119644 0.47019100189209 0.459396004676819 0.448855996131897 0.441835999488831 0.434166997671127 0.42577400803566 0.420482993125916 0.414505988359451 0.408551007509232 0.402635008096695 0.401324987411499 0.404417008161545 0.409092992544174 0.414036989212036 0.413080990314484 0.409155011177063 0.406574010848999 -3.4e+38 -3.4e+38 -3.4e+38 -3.4e+38 -3.4e+38 -3.4e+38 -3.4e+38 0.38672998547554 0.38638100028038 0.3872190117836 0.387654989957809 0.387892991304398 0.386081010103226 0.383904010057449 0.381287008523941 0.378419011831284 0.383114993572235 0.387699007987976 0.391950011253357 0.398052006959915 -3.4e+38 -3.4e+38 -3.4e+38 -3.4e+38 -3.4e+38 -3.4e+38 -3.4e+38 -3.4e+38 -3.4e+38 -3.4e+38 0.359203010797501 0.369803011417389 0.379792004823685 0.390987008810043
0.454885005950928 0.450024008750916 0.43802198767662 0.43987700343132 0.46042001247406 0.480836987495422 0.500554978847504 0.500253021717072 0.489351987838745 0.478487014770508 0.466632008552551 0.463887989521027 0.461097985506058 0.457387000322342 0.44922000169754 0.426268994808197 0.418094992637634 0.407685995101929 0.407003998756409 0.413632988929749 0.420998990535736 0.430007010698318 0.427293986082077 0.421085000038147 0.415008991956711 0.409173011779785 0.407521992921829 0.405187994241714 0.402826011180878 0.401089996099472 0.401199996471405 0.401308000087738 0.401225000619888 0.399437010288239 0.400997012853622 0.402673989534378 0.404247999191284 0.401167005300522 0.396553993225098 0.391939997673035 0.387327998876572 0.390103995800018 0.392434000968933 0.395137012004852 0.399257004261017 0.408573985099792 -3.4e+38 -3.4e+38 -3.4e+38 -3.4e+38 -3.4e+38 -3.4e+38 -3.4e+38 -3.4e+38 -3.4e+38 -3.4e+38 -3.4e+38 0.392778992652893 0.404677987098694
0.426281005144119 0.428979992866516 0.437869012355804 0.454629004001617 0.461387991905212 0.469781994819641 0.495941013097763 0.499617993831635 0.495149999856949 0.492500007152557 0.489775002002716 0.479319006204605 0.469045996665955 0.457415014505386 0.445493996143341 0.428222000598907 0.420334011316299 0.411962002515793 0.412299990653992 0.419757008552551 0.426948010921478 0.435097992420197 0.432568997144699 0.427760988473892 0.422964006662369 0.41789698600769 0.418404996395111 0.418424993753433 0.418624013662338 0.419701993465424 0.424097001552582 0.427749007940292 0.431668013334274 0.42850199341774 0.424198001623154 0.41805100440979 0.412818998098373 0.411038011312485 0.411036998033524 0.410629004240036 0.409036993980408 0.40972301363945 0.41007000207901 0.410576999187469 0.412701994180679 0.419932991266251 0.428993999958038 -3.4e+38 -3.4e+38 -3.4e+38 -3.4e+38 -3.4e+38 -3.4e+38 -3.4e+38 -3.4e+38 -3.4e+38 -3.4e+38 -3.4e+38 -3.4e+38
0.403728008270264 0.425334990024567 0.4636569917202 0.486191004514694 0.487123012542725 0.48845899105072 0.489874005317688 0.502008020877838 0.504939019680023 0.510446012020111 0.514658987522125 0.495586007833481 0.477777987718582 0.458085000514984 0.439934998750687 0.42790898680687 0.421918988227844 0.415811002254486 0.417259991168976 0.424425005912781 0.431266009807587 0.437894999980927 0.435703009366989 0.430878013372421 0.425507009029388 0.421577990055084 0.424228012561798 0.42781001329422 0.430025994777679 0.433557987213135 0.440943002700806 0.448247998952866 0.455431997776031 0.452239006757736 0.439038008451462 0.424867987632751 0.410944998264313 0.411956995725632 0.416985988616943 0.422823011875153 0.427601993083954 0.425601005554199 0.423574000597 0.421521991491318 0.420973002910614 0.430765002965927 0.440690994262695 0.448339998722076 -3.4e+38 -3.4e+38 -3.4e+38 -3.4e+38 -3.4e+38 -3.4e+38 -3.4e+38 -3.4e+38 -3.4e+38 -3.4e+38 -3.4e+38
0.427677005529404 0.443111002445221 0.480592995882034 0.497182011604309 0.496663987636566 0.495784997940063 0.493490993976593 0.499168992042542 0.50466400384903 0.509615004062653 0.515693008899689 0.498786985874176 0.480592012405396 -3.4e+38 0.44013899564743 0.430584996938705 0.42417699098587 0.42280501127243 0.425727009773254 0.42917799949646 0.438598990440369 0.445865988731384 0.44539999961853 0.442959010601044 0.440066993236542 0.437362998723984 0.440126985311508 0.442900002002716 0.445257008075714 0.448354005813599 0.45456600189209 0.458824008703232 0.463095009326935 0.459827989339828 0.446774005889893 0.433647990226746 0.421828001737595 0.424279987812042 0.430148988962173 0.437952011823654 0.445167005062103 0.437530010938644 0.430572986602783 0.42332598567009 0.421330988407135 0.433730989694595 0.444305002689362 0.455179005861282 -3.4e+38 -3.4e+38 -3.4e+38 -3.4e+38 -3.4e+38 -3.4e+38 -3.4e+38 -3.4e+38 -3.4e+38 -3.4e+38 -3.4e+38
0.477140992879868 0.471193999052048 0.486146986484528 0.49414199590683 0.492830991744995 0.49141201376915 0.489408999681473 0.49269101023674 0.492480009794235 0.493488997220993 0.493449985980988 -3.4e+38 -3.4e+38 -3.4e+38 0.445784986019135 0.435927987098694 0.427379995584488 0.43163800239563 0.434881001710892 0.434664994478226 0.450906991958618 0.463847011327744 0.466742008924484 0.466520011425018 0.465644001960754 0.466004014015198 0.466540992259979 0.468338012695312 0.468531996011734 0.467698007822037 0.464601993560791 0.46026799082756 0.457213014364243 0.453763991594315 0.450150012969971 0.446518987417221 0.44437900185585 0.446642994880676 0.452143996953964 0.458849012851715 0.463896989822388 0.449878990650177 0.435676008462906 0.422504007816315 0.415726006031036 0.431023001670837 0.443307012319565 0.456674009561539 0.462298005819321 -3.4e+38 -3.4e+38 -3.4e+38 -3.4e+38 -3.4e+38 -3.4e+38 -3.4e+38 -3.4e+38 -3.4e+38 -3.4e+38
0.515923976898193 0.508112013339996 0.4998399913311 -3.4e+38 -3.4e+38 -3.4e+38 -3.4e+38 0.489190995693207 0.48285499215126 0.475805997848511 -3.4e+38 -3.4e+38 -3.4e+38 -3.4e+38 -3.4e+38 0.441049993038177 0.431944012641907 0.438405007123947 0.44216200709343 0.441550999879837 0.460786998271942 0.482087999582291 0.491705000400543 0.494715988636017 0.497853010892868 0.500530004501343 0.497581005096436 0.493472009897232 0.489421010017395 0.482879996299744 0.473188012838364 0.463245004415512 0.451103985309601 -3.4e+38 -3.4e+38 0.458550989627838 0.463773012161255 0.468360006809235 0.471982002258301 0.476150006055832 0.48054501414299 0.460685014724731 0.441101014614105 0.421014010906219 0.410497009754181 0.427332013845444 0.441935002803802 0.457717001438141 0.464780002832413 0.464931011199951 -3.4e+38 -3.4e+38 -3.4e+38 -3.4e+38 -3.4e+38 -3.4e+38 -3.4e+38 -3.4e+38 -3.4e+38
0.502430975437164 -3.4e+38 -3.4e+38 -3.4e+38 -3.4e+38 -3.4e+38 -3.4e+38 -3.4e+38 -3.4e+38 -3.4e+38 -3.4e+38 -3.4e+38 -3.4e+38 -3.4e+38 -3.4e+38 -3.4e+38 0.43707999587059 0.430476009845734 0.433234989643097 0.440234988927841 0.452398002147675 0.469406008720398 0.478188991546631 0.482959002256393 0.491243988275528 0.499246001243591 0.497381985187531 0.496802002191544 0.494758009910583 0.489665985107422 0.480677008628845 0.466827005147934 0.454288989305496 -3.4e+38 -3.4e+38 -3.4e+38 0.452582001686096 0.456178992986679 0.460938006639481 0.465907990932465 0.470757991075516 0.456667989492416 0.442350000143051 0.428721010684967 0.4201799929142 0.431423008441925 0.442627996206284 0.451963007450104 0.458290994167328 0.461894005537033 0.463270992040634 -3.4e+38 -3.4e+38 -3.4e+38 -3.4e+38 -3.4e+38 -3.4e+38 -3.4e+38 -3.4e+38
0.497936010360718 -3.4e+38 -3.4e+38 -3.4e+38 -3.4e+38 -3.4e+38 -3.4e+38 -3.4e+38 -3.4e+38 -3.4e+38 -3.4e+38 -3.4e+38 -3.4e+38 -3.4e+38 -3.4e+38 -3.4e+38 0.444729000329971 0.438461989164352 0.438284993171692 0.442761987447739 0.448682010173798 -3.4e+38 -3.4e+38 -3.4e+38 0.484616994857788 0.495844006538391 0.498986005783081 0.499339997768402 0.496726006269455 0.491650998592377 0.482425004243851 0.470281004905701 -3.4e+38 -3.4e+38 -3.4e+38 -3.4e+38 -3.4e+38 -3.4e+38 -3.4e+38 -3.4e+38 0.459194988012314 0.451249986886978 0.443100988864899 0.439040988683701 0.444074988365173 0.445084005594254 0.445327013731003 0.445755004882812 0.452004998922348 0.457816988229752 0.460242986679077 0.461629986763 -3.4e+38 -3.4e+38 -3.4e+38 -3.4e+38 -3.4e+38 -3.4e+38 -3.4e+38
-3.4e+38 -3.4e+38 -3.4e+38 -3.4e+38 -3.4e+38 -3.4e+38 -3.4e+38 -3.4e+38 -3.4e+38 -3.4e+38 -3.4e+38 -3.4e+38 -3.4e+38 -3.4e+38 -3.4e+38 -3.4e+38 -3.4e+38 0.442400991916656 0.441444993019104 -3.4e+38 -3.4e+38 -3.4e+38 -3.4e+38 -3.4e+38 0.477764010429382 0.48726698756218 0.489208996295929 0.489881008863449 0.488902002573013 0.483738005161285 0.476267993450165 -3.4e+38 -3.4e+38 -3.4e+38 -3.4e+38 -3.4e+38 -3.4e+38 -3.4e+38 -3.4e+38 -3.4e+38 -3.4e+38 0.447980999946594 0.445131987333298 0.45644599199295 0.464742988348007 0.466910988092422 0.469071000814438 0.468910992145538 0.469913005828857 0.469060987234116 0.466055005788803 0.46374899148941 0.462832003831863 -3.4e+38 -3.4e+38 -3.4e+38 -3.4e+38 -3.4e+38 -3.4e+38
-3.4e+38 -3.4e+38 -3.4e+38 -3.4e+38 -3.4e+38 -3.4e+38 -3.4e+38 -3.4e+38 -3.4e+38 -3.4e+38 -3.4e+38 -3.4e+38 -3.4e+38 -3.4e+38 -3.4e+38 -3.4e+38 -3.4e+38 -3.4e+38 -3.4e+38 -3.4e+38 -3.4e+38 -3.4e+38 -3.4e+38 -3.4e+38 0.467584997415543 0.474119991064072 0.473053008317947 0.47120600938797 0.470209002494812 0.467382997274399 0.461993992328644 -3.4e+38 -3.4e+38 -3.4e+38 -3.4e+38 -3.4e+38 -3.4e+38 -3.4e+38 -3.4e+38 -3.4e+38 -3.4e+38 -3.4e+38 0.451489001512527 0.464554011821747 0.474355012178421 0.479995995759964 0.485457003116608 0.490795999765396 0.492343991994858 0.490355998277664 0.488573998212814 0.485697001218796 0.483507990837097 -3.4e+38 -3.4e+38 -3.4e+38 -3.4e+38 -3.4e+38 -3.4e+38
-3.4e+38 -3.4e+38 -3.4e+38 -3.4e+38 -3.4e+38 -3.4e+38 -3.4e+38 -3.4e+38 -3.4e+38 -3.4e+38 -3.4e+38 -3.4e+38 -3.4e+38 -3.4e+38 -3.4e+38 -3.4e+38 -3.4e+38 -3.4e+38 -3.4e+38 -3.4e+38 -3.4e+38 -3.4e+38 -3.4e+38 -3.4e+38 -3.4e+38 0.459376990795135 0.456284999847412 0.452641993761063 0.449629992246628 -3.4e+38 -3.4e+38 -3.4e+38 -3.4e+38 -3.4e+38 -3.4e+38 -3.4e+38 -3.4e+38 -3.4e+38 -3.4e+38 -3.4e+38 -3.4e+38 -3.4e+38 -3.4e+38 0.463324010372162 0.479750990867615 0.489699989557266 0.502195000648499 0.51103001832962 0.514048993587494 0.5088250041008 0.504513025283813 0.49848198890686 0.498652994632721 0.498809993267059 -3.4e+38 -3.4e+38 -3.4e+38 -3.4e+38 -3.4e+38
