results/Predictions/Median/Thanetian.asc
NCOLS 360 
NROWS 180 
XLLCORNER -180 
YLLCORNER -90 
CELLSIZE 1 
NODATA_value -3.4e+38 
[rows 100 to 119 of 180, columns 264 to 307 of 360]
0.000471403996925801 0.000473280000733212 0.000486965000163764 0.000495776999741793 0.000499052985105664 0.000502778973896056 0.000505090982187539 0.000507161021232605 0.000508816970977932 0.000510478974319994 0.000512685975991189 0.000514401996042579 0.000512752973008901 0.000511110003571957 0.000509770994540304 0.000508436991367489 0.000507107004523277 0.000505876028910279 0.000506588025018573 0.000507301010657102 0.000508017023093998 0.000508759985677898 0.00050952797755599 0.00051029899623245 0.000511071993969381 0.000511872000060976 0.000512683007400483 0.000513496983330697 0.000514313986059278 0.000516188971232623 0.000517418025992811 0.000520427012816072 0.000522295013070107 0.000523380003869534 0.000524465984199196 0.00052555202273652 0.000526297022588551 0.000526700983755291 0.000529271026607603 0.000536106002982706 0.00053953001042828 0.000539916974958032 0.000541506975423545 0.000541858025826514
0.000467879988718778 0.000468840997200459 0.0004688200133387 0.000471800012746826 0.00047293899115175 0.000473874009912834 0.00048829399747774 0.00049451197264716 0.000496105989441276 0.000496590975672007 0.000505674979649484 0.000507535005453974 0.000504515017382801 0.0005068369791843 0.000509097008034587 0.000511369027663022 0.000513651990331709 0.000515572028234601 0.000515981984790415 0.000514753977768123 0.000513529987074435 0.000512332015205175 0.000511160993482918 0.000509992998559028 0.000508829019963741 0.000507619988638908 0.000508412020280957 0.000509207020513713 0.000510091020260006 0.000511093996465206 0.000513526028953493 0.00051520299166441 0.000515074003487825 0.000515011022798717 0.000516149972099811 0.000518110988195986 0.000520344008691609 0.000521701003890485 0.000523061025887728 0.000524425006005913 0.000524779024999589 0.000526055984664708 0.00052912998944521 0.000533027981873602
0.000462719006463885 0.000463450996903703 0.000466806988697499 0.000467742996988818 0.000472245999844745 0.00047199398977682 0.000471367995487526 0.000470703991595656 0.000472488987725228 0.000472078012535349 0.000471095991088077 0.000470505008706823 0.000472832005470991 0.000493388972245157 0.000495893997140229 0.000496483989991248 0.00050614500651136 0.000507697986904532 0.000504445983096957 0.000507061020471156 0.000509926001541317 0.000513061007950455 0.00051402801182121 0.000514162995386869 0.000513886974658817 0.000513652979861945 0.000513436971232295 0.000513228005729616 0.00051301799248904 0.000512972997967154 0.000512927013915032 0.000513163977302611 0.000514402985572815 0.000513917009811848 0.000515557010658085 0.000518869026564062 0.000521380978170782 0.000523080991115421 0.000524786009918898 0.00052649702411145 0.000527326017618179 0.000527861004229635 0.000528396980371326 0.000528933014720678
0.000464620999991894 0.000463704986032099 0.000463384989416227 0.000463900010799989 0.000464036012999713 0.000464173004729673 0.000464617012767121 0.000464081997051835 0.000463848991785198 0.000464376993477345 0.000466169003630057 0.000467920996015891 0.00046934699639678 0.000472723011625931 0.000473046005936339 0.000473475985927507 0.000473908003186807 0.000474414991913363 0.00047514500329271 0.000475317006930709 0.000477169989608228 0.000495578977279365 0.000500817026477307 0.000501981994602829 0.000508112017996609 0.000509141013026237 0.000510199985001236 0.000508896016981453 0.000510625017341226 0.000510848010890186 0.000510743993800133 0.000510648009367287 0.000510615995153785 0.000511872000060976 0.000515353982336819 0.000518860993906856 0.000520439993124455 0.00052113801939413 0.00052237999625504 0.000523879018146545 0.00052512000547722 0.000524505972862244 0.000524549977853894 0.000525239971466362
0.000460448994999751 0.000460701005067676 0.000461015006294474 0.000461527000879869 0.000462627998786047 0.000463776988908648 0.000464090000605211 0.000464771001134068 0.000464668002678081 0.000464078009827062 0.000463825999759138 0.00046360501437448 0.000463384989416227 0.00046363499131985 0.000464087002910674 0.000464540993561968 0.000465149991214275 0.000465499993879348 0.000468281010398641 0.000469591002911329 0.000472392013762146 0.000473597989184782 0.0004778940055985 0.000475104985525832 0.000475712993647903 0.000481304014101624 0.000483973999507725 0.000489048019517213 0.000502424023579806 0.000505533011164516 0.000504770025145262 0.000507747987285256 0.000508410972543061 0.000509877980221063 0.000510917976498604 0.000511961989104748 0.000512861995957792 0.000513616017997265 0.000514372019097209 0.000515129999257624 0.000515959982294589 0.000516816973686218 0.000517676002345979 0.000518537010066211
0.000462288007838652 0.000461174000520259 0.00046017998829484 0.000459684990346432 0.000459192000562325 0.000458699010778219 0.000458250986412168 0.000457988993730396 0.000458111986517906 0.000458235008409247 0.000458422000519931 0.000458630995126441 0.000459006987512112 0.000460506998933852 0.000462453986983746 0.000463444011984393 0.00046372800716199 0.000464181997813284 0.000465143995825201 0.000466107012471184 0.000467070000013337 0.000467631005449221 0.000467967998702079 0.000468912010546774 0.000470978004159406 0.000472868006909266 0.000475973996799439 0.000479153997730464 0.000483943003928289 0.000485132011817768 0.000485482014482841 0.000486355012981221 0.000490530976094306 0.000493252009619027 0.000494811974931508 0.000506045995280147 0.000505155010614544 0.000503095972817391 0.000508431985508651 0.000513167993631214 0.000514801009558141 0.000516458007041365 0.000518120010383427 0.000519785971846431
0.00046323100104928 0.000462939002318308 0.000462797004729509 0.000462333002360538 0.00046120400656946 0.000460123002994806 0.000460361014120281 0.00046052600373514 0.000460309005575255 0.000460022012703121 0.000459634989965707 0.00045921400305815 0.000458986993180588 0.000459281000075862 0.000459545000921935 0.000460015988210216 0.000461006013210863 0.000462238007457927 0.000463712000055239 0.000464654003735632 0.000465021992567927 0.000465290009742603 0.000466442987089977 0.000468168989755213 0.000469616003101692 0.000471559003926814 0.000473538006190211 0.000475275999633595 0.000476495013572276 0.000477516994578764 0.000478869013022631 0.000481730996398255 0.000485035998281091 0.000486828008433804 0.000488814024720341 0.000489149009808898 0.000489934987854213 0.000489888014271855 0.000488643010612577 0.000489770027343184 0.000491195998620242 0.000492828025016934 0.000495849002618343 0.000505895004607737
0.000464884011307731 0.000464415003079921 0.000464025011751801 0.000463873002445325 0.000463720003608614 0.000463370000943542 0.000462116993730888 0.000461693009128794 0.00046126899542287 0.000461610994534567 0.000461349001852795 0.000460843002656475 0.000460682989796624 0.000460554001620039 0.00046038199798204 0.000459781003883108 0.000459180999314412 0.000459508009953424 0.000460490002296865 0.000460581009974703 0.000460671988548711 0.000460876995930448 0.000463409000076354 0.000463839998701587 0.00046481701429002 0.00046629601274617 0.000467409001430497 0.000468801008537412 0.00047288800124079 0.000474997010314837 0.000477999012218788 0.000479139998788014 0.000477522000437602 0.000478834990644827 0.000477746012620628 0.000475215987535194 0.00047526799608022 0.000478761008707806 0.000479098001960665 0.000480029993923381 0.000483342999359593 0.000487579003674909 0.00048835197230801 0.000488071003928781
0.000468410988105461 0.000467262987513095 0.00046628899872303 0.000465829012682661 0.000465368997538462 0.000464909011498094 0.000464487005956471 0.000464104989077896 0.00046403199667111 0.000463914999272674 0.000463756005046889 0.000463289994513616 0.000462825992144644 0.000462361000245437 0.000462402997072786 0.000461871008155867 0.000460840004961938 0.000460634008049965 0.000461410993011668 0.000462191004771739 0.000462972006062046 0.000464032986201346 0.000465377990622073 0.000465830991743132 0.00046600800123997 0.00046750801266171 0.000470286991912872 0.000471256003947929 0.000472237996291369 0.000473402003990486 0.000473525986308232 0.000470900995424017 0.000471829989692196 0.000470216007670388 0.000469696009531617 0.000468648999230936 0.000467403006041422 0.000466005993075669 0.000465646997326985 0.000466527999378741 0.000466844998300076 0.000468339014332741 0.000468940008431673 0.000469690014142543
0.000472788000479341 0.000472207990242168 0.000470939005026594 0.000470972008770332 0.000470461993245408 0.000469952006824315 0.00046946998918429 0.000469016988063231 0.000468563986942172 0.000468110985821113 0.000467511010356247 0.000466861994937062 0.000466611993033439 0.000465790013549849 0.000465591001557186 0.000464595999801531 0.000464112003101036 0.000463690987089649 0.000463458010926843 0.000463225995190442 0.000462994008557871 0.000463459989987314 0.000464726006612182 0.000465479010017589 0.000466525991214439 0.000467023986857384 0.000467820995254442 0.000468496000394225 0.000469176011392847 0.000467042991658673 0.000467006000690162 0.000466728000901639 0.000466007011709735 0.000466694997157902 0.000462853990029544 0.000459541013697162 0.000458822003565729 0.000459572009276599 0.000461827003164217 0.000463437987491488 0.000463420990854502 0.000463758013211191 0.000464095995994285 0.000465316988993436
0.000477513996884227 0.000476932997116819 0.000475949986139312 0.000475951994303614 0.000476143992273137 0.00047633599024266 0.000476630986668169 0.000477029010653496 0.000477052992209792 0.000477030989713967 0.000476818007882684 0.000476416986202821 0.000474956992547959 0.000472354993689805 0.000471170002128929 0.000468543992610648 0.000468548008939251 0.000468584999907762 0.0004666069871746 0.000464143988210708 0.000463262986158952 0.000463091011624783 0.000463744014268741 0.00046398100676015 0.000465393008198589 0.000465452001662925 0.000465472985524684 0.000466285011498258 0.000466861994937062 0.000468176993308589 0.000466513010906056 0.000464315991848707 0.000463119009509683 0.000460412004031241 0.000459626986412331 0.000458841997897252 0.000456954992841929 0.000456303998362273 0.000457824993645772 0.000458505004644394 0.00045844100532122 0.000458065012935549 0.000457690010080114 0.000457315996754915
0.000480868009617552 0.000478608999401331 0.00047873001312837 0.000478834001114592 0.000478936999570578 0.0004790409875568 0.000479106995044276 0.000479428999824449 0.00047872299910523 0.000478575006127357 0.000478169007692486 0.000477677007438615 0.000477185996714979 0.000476694985991344 0.000475106004159898 0.000474239990580827 0.000473335006972775 0.00047104200348258 0.000469293998321518 0.000467370002297685 0.00046553200809285 0.000465713004814461 0.000467409990960732 0.000467926991404966 0.0004683879960794 0.000468710990389809 0.000468812009785324 0.000470363011118025 0.000471976993139833 0.000467387988464907 0.000464932003524154 0.000463500997284427 0.000461087998701259 0.000459829985629767 0.000460318988189101 0.000457727001048625 0.000456621986813843 0.00045699201291427 0.00045720799244009 0.000454888999229297 0.000454035995062441 0.000453671003924683 0.000479509995784611 0.000452946987934411
0.000485391006805003 0.000485222990391776 0.000485269003547728 0.000484740012325346 0.000483917014207691 0.000483095995150506 0.000482337985886261 0.00048164400504902 0.000480951013742015 0.000480260001495481 0.000479476992040873 0.000477566994959489 0.000475509004900232 0.00047588799498044 0.000476287998026237 0.000475815002573654 0.000473863998195156 0.000472090003313497 0.000471362000098452 0.000471484992885962 0.000471607985673472 0.000471795006887987 0.000472046987852082 0.000472298008389771 0.000472351995995268 0.00047164800344035 0.000470898987259716 0.000468816986540332 0.000468293001176789 0.00046852498780936 0.00046535101137124 0.000461474002804607 0.000460117997135967 0.000460907991509885 0.00046169399865903 0.00045772100565955 0.000456953013781458 0.000457438000012189 0.000592682976275682 0.0289044994860888 0.0208751000463963 0.513127028942108 0.509409010410309 0.000455083994893357
0.00048745798994787 0.000486837001517415 0.00048620899906382 0.000485558004584163 0.000484907999634743 0.000484260002849624 0.000483893003547564 0.000483804004034027 0.000483715994050726 0.000482381990877911 0.000478897010907531 0.000477433000924066 0.000477833003969863 0.000477310008136556 0.000475075998110697 0.000473299995064735 0.00047276500845328 0.000472304993309081 0.000472293992061168 0.000472238985821605 0.000472182990051806 0.000472212996101007 0.000472329003969207 0.000472445011837408 0.000472560990601778 0.000472049985546619 0.000466678000520915 0.000465162011096254 0.000465013989014551 0.00046500499593094 0.000461674993857741 0.000458227004855871 0.000458519003586844 0.00045869400491938 0.000453634012956172 0.000451951986178756 0.000452450010925531 0.000453729997389019 0.528850972652435 0.529587984085083 0.519582986831665 0.518477976322174 0.53049099445343 0.355879008769989
0.00048414699267596 0.000484647986013442 0.00048478099051863 0.000484577001770958 0.00048423299449496 0.000483548996271566 0.000482903997180983 0.000482325995108113 0.000481750001199543 0.00048117499682121 0.000480671005789191 0.000480166985653341 0.000479710986837745 0.000479232985526323 0.000476551009342074 0.000474631990073249 0.000473374006105587 0.000473374006105587 0.000473271007649601 0.000472913990961388 0.000472557003377005 0.000472048006486148 0.00047138798981905 0.000468994985567406 0.00046884999028407 0.000468226993689314 0.000465691991848871 0.000462955998955294 0.000461799005279317 0.00046142700011842 0.000458221009466797 0.000456843001302332 0.000455600995337591 0.000454752997029573 0.000454219989478588 0.000454274006187916 0.000452481996035203 0.000450632011052221 0.330190986394882 0.525593996047974 0.516008973121643 0.516982018947601 0.518240988254547 0.514928996562958
0.000480596994748339 0.000480615010019392 0.000480315007735044 0.000478438014397398 0.000477939989650622 0.000478320987895131 0.000478603004012257 0.000477058987598866 0.000476749002700672 0.000476440996862948 0.000476095010526478 0.00047573700430803 0.000475375010864809 0.000474631000543013 0.000472796993562952 0.000471342005766928 0.000470347993541509 0.000469502003397793 0.000468784011900425 0.000467365985969082 0.000465896999230608 0.000464695011032745 0.000464582990389317 0.000464471988379955 0.000464360986370593 0.000464193988591433 0.000464631011709571 0.000460790004581213 0.000459113012766466 0.000457802991149947 0.000456871988717467 0.000456953013781458 0.000456628011306748 0.000453982996987179 0.000451086991233751 0.000449637998826802 0.000447836995590478 0.000449254002887756 0.000454363005701452 0.512697994709015 0.515685975551605 0.510091006755829 0.515029013156891 0.526093006134033
0.000475325010484084 0.000475401990115643 0.000475453998660669 0.000473886990221217 0.000472031009849161 0.000470494996989146 0.000470380997285247 0.000469249003799632 0.000469018006697297 0.000468787009594962 0.000467686011688784 0.000466233002953231 0.000464785989606753 0.000463342992588878 0.000461832998553291 0.000460603012470528 0.000459305010735989 0.000457899994216859 0.000457484013168141 0.00045759801287204 0.000457710993941873 0.000457943009678274 0.000458291993709281 0.000458639988210052 0.000457972986623645 0.000457690010080114 0.000456556997960433 0.000455425004474819 0.00045391998719424 0.00045371800661087 0.000453209999250248 0.0004512149898801 0.000449070998001844 0.000447235011961311 0.000445406010840088 0.000442140997620299 0.000439502997323871 0.00043790799099952 0.000437976006651297 0.137580007314682 0.514940023422241 0.505311012268066 0.505405008792877 0.520106971263885
0.000467358011519536 0.000468026992166415 0.000467612000647932 0.000466078985482454 0.000465410994365811 0.000464743992779404 0.000463879987364635 0.00046281999675557 0.000461762014310807 0.000460707989986986 0.000460542010841891 0.000460478011518717 0.000460337003460154 0.000459630013210699 0.000459239992778748 0.000458858005004004 0.000459003989817575 0.000459128001239151 0.000458561000414193 0.000456670008134097 0.000454941997304559 0.000453777000075206 0.000453171000117436 0.000452561012934893 0.000451948988484219 0.000450844003353268 0.000449576007667929 0.000448309991043061 0.000446621008450165 0.000444170989794657 0.000443513010395691 0.000442791992099956 0.000440719013568014 0.000438329996541142 0.000437779992353171 0.000435622991062701 0.000433259003330022 0.000428350002039224 0.000425576989073306 0.000459061004221439 0.505993008613586 0.505159974098206 0.501600980758667 0.506049990653992
0.000452072999905795 0.000453924003522843 0.000455556000815704 0.000456100999144837 0.000456640991615131 0.000457176996860653 0.000457096990430728 0.000456431007478386 0.00045557098928839 0.000453751010354608 0.000454016990261152 0.000454166001873091 0.00045324899838306 0.00045278700417839 0.000451850995887071 0.000450513995019719 0.000449151993962005 0.000447941012680531 0.00044612301280722 0.000444679986685514 0.000443241005996242 0.000442229997133836 0.000441643001977354 0.000440441013779491 0.000439110008301213 0.000437009992310777 0.000435358990216628 0.000433892011642456 0.000430760002927855 0.000429817009717226 0.000428983999881893 0.000426762999268249 0.000427093997132033 0.000423020013840869 0.000418957002693787 0.00041490700095892 0.000407562998589128 0.000411545013776049 0.000410728011047468 0.000412307999795303 0.4862399995327 0.493160009384155 0.484180986881256 0.476175010204315
0.000433614011853933 0.000435396999819204 0.000437117007095367 0.000437992013758048 0.000439669995103031 0.000439814000856131 0.0004422570054885 0.000441995012806728 0.000439631985500455 0.00043513800483197 0.000432834000093862 0.000432725006248802 0.00043086800724268 0.000430804997449741 0.000430704007158056 0.000429111998528242 0.000426532991696149 0.000425692996941507 0.000422542012529448 0.000420264987042174 0.00041857099859044 0.000417412986280397 0.000416716997278854 0.00041590299224481 0.000414856011047959 0.000412229011999443 0.000409244996262714 0.00040628100396134 0.000403337005991489 0.00040075700962916 0.000392929010558873 0.000390656990930438 0.000386185012757778 0.000379273988073692 0.000374997005565092 0.00037115000304766 0.000370927999028936 0.000373482995200902 0.00037806000909768 0.000378278986318037 0.456313997507095 0.46865901350975 0.45941299200058 0.449326008558273
