results/Predictions/Median/Thanetian.asc
NCOLS 360 
NROWS 180 
XLLCORNER -180 
YLLCORNER -90 
CELLSIZE 1 
NODATA_value -3.4e+38 
[rows 0 to 19 of 180, columns 132 to 175 of 360]
5.17411997691397e-08 5.16570999309351e-08 5.15730000927306e-08 5.14853013555694e-08 5.13937017387889e-08 5.13023010739744e-08 5.12110993611259e-08 5.10970004086175e-08 5.09752986488365e-08 5.08539983457013e-08 5.07330000232287e-08 5.06570998481948e-08 5.05813986251269e-08 5.05058004307557e-08 5.04421997504778e-08 5.04147017466039e-08 5.03871007140333e-08 5.03595991574457e-08 5.03438002397161e-08 5.03397998841137e-08 5.03357000525284e-08 5.03316996969261e-08 5.03371992977009e-08 5.03458998935002e-08 5.03546004892996e-08 5.0363301085099e-08 5.0387800598628e-08 5.041239958814e-08 5.0436899101669e-08 5.04647985621887e-08 5.05024999597481e-08 5.05403008332905e-08 5.0578101706833e-08 5.06224004936939e-08 5.06732007465871e-08 5.07241004754633e-08 5.07750002043394e-08 5.08303017454637e-08 5.08869995030636e-08 5.09438002893603e-08 5.100070055164e-08 5.10489996941033e-08 5.10975013412462e-08 5.11458999596925e-08
5.14876994373026e-08 5.13660012302353e-08 5.1244601451117e-08 5.11243989365084e-08 5.1005400791837e-08 5.08867010751146e-08 5.07682003103582e-08 5.05850010767972e-08 5.03809012286638e-08 5.01777002170911e-08 4.99546004562035e-08 4.98284009609051e-08 4.97024998935558e-08 4.95769008068692e-08 4.95391994093097e-08 4.96857985865518e-08 4.9709001359588e-08 4.97322005799106e-08 4.97674008670401e-08 4.9814598668263e-08 4.98618994981825e-08 4.99092003281021e-08 4.99479000382053e-08 4.99838002099295e-08 5.00196009056708e-08 5.00555010773951e-08 5.00930994462578e-08 5.01307013678343e-08 5.0168299736697e-08 5.02068004948342e-08 5.02481007913502e-08 5.02894010878663e-08 5.03308008603653e-08 5.03803008200521e-08 5.04380004429095e-08 5.04957000657669e-08 5.05534991646073e-08 5.06170998448852e-08 5.06827007029642e-08 5.07484010370263e-08 5.08142008470713e-08 5.08556006195704e-08 5.08970003920695e-08 5.09384001645685e-08
5.12353999226889e-08 5.10766007266739e-08 5.09182989105739e-08 5.07661006565741e-08 5.06199988592471e-08 5.04744015472625e-08 5.03291985864962e-08 4.97085999029423e-08 4.88800004916357e-08 4.87003006810482e-08 4.86165987467757e-08 4.84731010885753e-08 4.83300013343069e-08 4.81872994839705e-08 4.81759983017582e-08 4.83118007821304e-08 4.82613984331692e-08 4.82109996369218e-08 4.83682001117813e-08 4.8798998619759e-08 4.92338010360527e-08 4.94902998582347e-08 4.95615992690546e-08 4.96242016367887e-08 4.96868999277922e-08 4.97497012474923e-08 4.98001000437398e-08 4.98505983159703e-08 4.99011001409144e-08 4.99501986439554e-08 4.99949983634451e-08 5.00398016356485e-08 5.00847008311212e-08 5.0139298934937e-08 5.02037984517756e-08 5.02683015213279e-08 5.03329005141495e-08 5.04048003335811e-08 5.04792012634425e-08 5.0553701669287e-08 5.06284010270974e-08 5.06627984009356e-08 5.06972988034704e-08 5.07317992060052e-08
5.2346099010947e-08 5.21571017486622e-08 5.19688008182584e-08 5.17471008265602e-08 5.14925986294656e-08 5.12393008023082e-08 5.09872002396605e-08 5.05408017659192e-08 5.0033801102245e-08 4.95246013088035e-08 4.82753996777774e-08 4.77535984089172e-08 4.75569983393598e-08 4.73611017071107e-08 4.71722998440782e-08 4.70025014465136e-08 4.68332999048471e-08 4.66646987717922e-08 4.65144012196106e-08 4.63821017149257e-08 4.62502001141729e-08 4.61186999700658e-08 4.6015898647056e-08 4.59227997851031e-08 4.58298998751161e-08 4.57424000899209e-08 4.57248994223391e-08 4.57073987547574e-08 4.56900011158723e-08 4.56743016741257e-08 4.56639988044572e-08 4.56536994875023e-08 4.56434996465305e-08 4.56597000209058e-08 4.57025990385773e-08 4.57479991666787e-08 4.58253985868851e-08 4.60136995172888e-08 4.62399007972181e-08 4.64672993416571e-08 4.66957992273365e-08 4.69023007099167e-08 4.71096015530748e-08 4.73180001847595e-08
5.34503001858866e-08 5.31609991583082e-08 5.28732009286159e-08 5.25612016133437e-08 5.22252996404404e-08 5.1891500874035e-08 5.15599012373968e-08 5.10075004456212e-08 5.02752008912921e-08 4.95533996058839e-08 4.88419011901442e-08 4.80251998169479e-08 4.6775298301327e-08 4.6320799640398e-08 4.60115998635047e-08 4.57288003019585e-08 4.51994992545224e-08 4.46467005588147e-08 4.42933014710434e-08 4.41346017510114e-08 4.39763994108944e-08 4.38187015561198e-08 4.36813003545922e-08 4.35509015517255e-08 4.34208011768078e-08 4.32910987058222e-08 4.31777991138915e-08 4.3086100021128e-08 4.29980993033041e-08 4.29181987726679e-08 4.28618989189999e-08 4.28058015700117e-08 4.27497006683097e-08 4.27426982696488e-08 4.27844994987936e-08 4.28264996799044e-08 4.28684003850321e-08 4.30212985236267e-08 4.32120010884773e-08 4.3403499461192e-08 4.36561009564684e-08 4.39031992982564e-08 4.41315002319698e-08 4.43608989542099e-08
5.57231984998907e-08 5.58146986406882e-08 5.58869999167655e-08 5.5624600037163e-08 5.51667014292434e-08 5.47126006722465e-08 5.42621982901892e-08 5.38871987032508e-08 5.35385993316595e-08 5.31922985658184e-08 5.26320995675178e-08 5.19590983572016e-08 5.12948012953984e-08 5.06389987720013e-08 5.00198993336198e-08 4.91472995634012e-08 4.81485002978843e-08 4.75914987418946e-08 4.72963996855924e-08 4.70284007292321e-08 4.67619010180442e-08 4.64969005520288e-08 4.62664999645312e-08 4.60482993958067e-08 4.58310012163565e-08 4.56148008254331e-08 4.53936017663636e-08 4.51735004958209e-08 4.49545005665186e-08 4.47478001319723e-08 4.45756995759439e-08 4.43570016273043e-08 4.40256009426321e-08 4.3825501450101e-08 4.37665015340372e-08 4.37077005699393e-08 4.36345004573013e-08 4.37304983336162e-08 4.38658993573426e-08 4.39987992706392e-08 4.41321006405815e-08 4.43639009972685e-08 4.47463008867999e-08 4.51320012473388e-08
5.82721000341735e-08 5.8298098792875e-08 5.83242005802731e-08 5.83582995261622e-08 5.79238985665143e-08 5.74008005571613e-08 5.74711016554375e-08 5.78362993053361e-08 5.82813015626016e-08 5.82142014593501e-08 5.79842982517675e-08 5.773830125122e-08 5.749430087576e-08 5.72173988189206e-08 5.73542990878195e-08 5.75611984743318e-08 5.76075009917076e-08 5.7396800201559e-08 5.69025004892865e-08 5.65059004031809e-08 5.61120998554543e-08 5.57210988461065e-08 5.54228982707627e-08 5.51562990835919e-08 5.48909007136444e-08 5.46267990841898e-08 5.42148015370003e-08 5.38057989274421e-08 5.33999013896391e-08 5.29465999932199e-08 5.23471008762044e-08 5.17545011291531e-08 5.11684987714034e-08 5.06137993738776e-08 4.98700991613532e-08 4.91374017030921e-08 4.88751012994726e-08 4.89241003265306e-08 4.90448996970372e-08 4.91661005241895e-08 4.92875997792908e-08 4.95013985357673e-08 4.97161991575013e-08 4.99318986157959e-08
5.87846997746055e-08 5.94798983399869e-08 5.90903006525423e-08 5.90992996762907e-08 5.90936011235499e-08 5.90879984940784e-08 5.90823994173206e-08 5.90313007364784e-08 5.89649999938047e-08 5.88989017558106e-08 5.88327999651028e-08 5.89506008452645e-08 5.90687001533752e-08 5.91869984134519e-08 5.93163989037748e-08 5.94788005514602e-08 5.96416995790605e-08 5.98935017137592e-08 6.02979000063897e-08 6.04142016413789e-08 6.05308017043171e-08 6.06475012432384e-08 6.04646999136094e-08 6.01831970925559e-08 5.99030016701363e-08 5.96239999595127e-08 5.9862699686164e-08 5.94552993504749e-08 5.88191007011574e-08 5.84606993925263e-08 5.87272985796972e-08 5.75548000369963e-08 5.7477699044739e-08 5.75900003241259e-08 5.73160008343621e-08 5.6649401614095e-08 5.5990700076336e-08 5.58178996357128e-08 5.58056001409568e-08 5.55619017461595e-08 5.52487016136638e-08 5.53711991813088e-08 5.54939987296166e-08 5.5617000782604e-08
1.078249965758e-06 6.79175002460397e-07 1.0470199640622e-06 5.37803998668096e-06 6.09228982284549e-06 6.29827991360798e-06 2.35222000810609e-06 1.10558994492749e-06 2.84971008568391e-07 1.52284002297165e-07 8.8484199523009e-08 7.55760964921137e-08 6.51799965112332e-08 6.04500982603895e-08 6.02676024641369e-08 6.04087020406041e-08 6.05501000450204e-08 6.0692002534779e-08 6.07331003266154e-08 6.08006018865126e-08 6.08958998782327e-08 6.09913968219189e-08 6.11264994176963e-08 6.08275030344885e-08 5.97113967160112e-08 5.79347982920808e-08 5.75161998028761e-08 5.70935014820861e-08 5.66740006036071e-08 5.6583999707982e-08 5.79262007249781e-08 5.93001985293995e-08 6.02379017777821e-08 6.07622965276278e-08 6.1244996629739e-08 6.07576993161274e-08 6.04675989279713e-08 8.92038016786501e-08 5.95809979131445e-06 8.6440600455262e-08 6.62088979197506e-08 6.7250198299007e-08 6.87187977632675e-08 7.21991995078497e-08
0.000141344004077837 0.000140322998049669 0.000141686003189534 0.000143009005114436 0.000141885000630282 0.000141056007123552 0.000140556003316306 0.000141942000482231 0.000141583004733548 0.000142621996928938 0.000140781005029567 0.000143455996294506 0.00014359199849423 0.000142499004141428 0.00014305800141301 0.000145860001794063 0.000137683004140854 8.12251964816824e-05 4.25274993176572e-05 1.81439008883899e-05 2.73114005722164e-06 2.53367011282535e-06 7.40873986160295e-07 1.6939800673299e-07 1.03007005236577e-06 1.07278999905702e-07 6.77108999980192e-08 5.67150983954434e-08 5.07275004224539e-08 4.87567000106992e-08 4.773449902018e-08 5.0412200636174e-08 1.1865199667227e-07 8.49078034548256e-08 7.3478297224483e-08 9.41614004545954e-08 8.24975003865802e-08 4.82029975046316e-07 2.81962002190994e-06 1.35096996700668e-07 1.00549996773225e-07 1.19898004413699e-07 1.3845499324816e-07 1.88550998814208e-07
-3.4e+38 -3.4e+38 -3.4e+38 -3.4e+38 -3.4e+38 -3.4e+38 -3.4e+38 -3.4e+38 -3.4e+38 -3.4e+38 0.000140243995701894 0.000144542005727999 0.000147612998262048 0.000147708997246809 0.000148157007060945 0.000148252001963556 0.000149359999340959 0.000150224994285963 0.000150966996443458 0.000149194005643949 0.000145376005093567 0.000140756004839204 0.000134108006022871 0.000131016000523232 0.000120384000183549 0.000116540002636611 0.000111380002635997 0.000109599997813348 5.42369016329758e-05 0.000100195000413805 5.49871001567226e-05 5.12543010700028e-05 5.83811997785233e-05 3.38063982781023e-05 3.27058005495928e-05 2.14898991544032e-05 1.28946003314923e-05 3.55622000824951e-06 3.62583000423911e-06 2.74749004347541e-06 2.76893001682765e-06 2.45559999711986e-06 2.10005009648739e-06 2.3665900243941e-06
-3.4e+38 -3.4e+38 -3.4e+38 -3.4e+38 -3.4e+38 -3.4e+38 -3.4e+38 -3.4e+38 -3.4e+38 -3.4e+38 -3.4e+38 -3.4e+38 -3.4e+38 -3.4e+38 -3.4e+38 -3.4e+38 -3.4e+38 -3.4e+38 -3.4e+38 -3.4e+38 -3.4e+38 -3.4e+38 -3.4e+38 -3.4e+38 -3.4e+38 -3.4e+38 -3.4e+38 -3.4e+38 -3.4e+38 -3.4e+38 -3.4e+38 -3.4e+38 -3.4e+38 -3.4e+38 -3.4e+38 0.000112656001874711 0.000112569003249519 0.000114062997454312 0.000108858002931811 0.000105010003608186 0.000109719003376085 0.000108464002551045 6.13891024840996e-05 2.15042000490939e-05
-3.4e+38 -3.4e+38 -3.4e+38 -3.4e+38 -3.4e+38 -3.4e+38 -3.4e+38 -3.4e+38 -3.4e+38 -3.4e+38 -3.4e+38 -3.4e+38 -3.4e+38 -3.4e+38 -3.4e+38 -3.4e+38 -3.4e+38 -3.4e+38 -3.4e+38 -3.4e+38 -3.4e+38 -3.4e+38 -3.4e+38 -3.4e+38 -3.4e+38 -3.4e+38 -3.4e+38 -3.4e+38 -3.4e+38 -3.4e+38 -3.4e+38 -3.4e+38 -3.4e+38 -3.4e+38 -3.4e+38 -3.4e+38 -3.4e+38 -3.4e+38 -3.4e+38 -3.4e+38 -3.4e+38 -3.4e+38 -3.4e+38 -3.4e+38
-3.4e+38 -3.4e+38 -3.4e+38 -3.4e+38 -3.4e+38 -3.4e+38 -3.4e+38 -3.4e+38 -3.4e+38 -3.4e+38 -3.4e+38 -3.4e+38 -3.4e+38 -3.4e+38 -3.4e+38 -3.4e+38 -3.4e+38 -3.4e+38 -3.4e+38 -3.4e+38 -3.4e+38 -3.4e+38 -3.4e+38 -3.4e+38 -3.4e+38 -3.4e+38 -3.4e+38 -3.4e+38 -3.4e+38 -3.4e+38 -3.4e+38 -3.4e+38 -3.4e+38 -3.4e+38 -3.4e+38 -3.4e+38 -3.4e+38 -3.4e+38 -3.4e+38 -3.4e+38 -3.4e+38 -3.4e+38 -3.4e+38 -3.4e+38
-3.4e+38 -3.4e+38 -3.4e+38 -3.4e+38 -3.4e+38 -3.4e+38 -3.4e+38 -3.4e+38 -3.4e+38 -3.4e+38 -3.4e+38 -3.4e+38 -3.4e+38 -3.4e+38 -3.4e+38 -3.4e+38 -3.4e+38 -3.4e+38 -3.4e+38 -3.4e+38 -3.4e+38 -3.4e+38 -3.4e+38 -3.4e+38 -3.4e+38 -3.4e+38 -3.4e+38 -3.4e+38 -3.4e+38 -3.4e+38 -3.4e+38 -3.4e+38 -3.4e+38 -3.4e+38 -3.4e+38 -3.4e+38 -3.4e+38 -3.4e+38 -3.4e+38 -3.4e+38 -3.4e+38 -3.4e+38 -3.4e+38 -3.4e+38
-3.4e+38 -3.4e+38 -3.4e+38 -3.4e+38 -3.4e+38 -3.4e+38 -3.4e+38 -3.4e+38 -3.4e+38 -3.4e+38 -3.4e+38 -3.4e+38 -3.4e+38 -3.4e+38 -3.4e+38 -3.4e+38 -3.4e+38 -3.4e+38 -3.4e+38 -3.4e+38 -3.4e+38 -3.4e+38 -3.4e+38 -3.4e+38 -3.4e+38 -3.4e+38 -3.4e+38 -3.4e+38 -3.4e+38 -3.4e+38 -3.4e+38 -3.4e+38 -3.4e+38 -3.4e+38 -3.4e+38 -3.4e+38 -3.4e+38 -3.4e+38 -3.4e+38 -3.4e+38 -3.4e+38 -3.4e+38 -3.4e+38 -3.4e+38
-3.4e+38 -3.4e+38 -3.4e+38 -3.4e+38 -3.4e+38 -3.4e+38 -3.4e+38 -3.4e+38 -3.4e+38 -3.4e+38 -3.4e+38 -3.4e+38 -3.4e+38 -3.4e+38 -3.4e+38 -3.4e+38 -3.4e+38 -3.4e+38 -3.4e+38 -3.4e+38 -3.4e+38 -3.4e+38 -3.4e+38 -3.4e+38 -3.4e+38 -3.4e+38 -3.4e+38 -3.4e+38 -3.4e+38 -3.4e+38 -3.4e+38 -3.4e+38 -3.4e+38 -3.4e+38 -3.4e+38 -3.4e+38 -3.4e+38 -3.4e+38 -3.4e+38 -3.4e+38 -3.4e+38 -3.4e+38 -3.4e+38 -3.4e+38
-3.4e+38 -3.4e+38 -3.4e+38 -3.4e+38 -3.4e+38 -3.4e+38 -3.4e+38 -3.4e+38 -3.4e+38 -3.4e+38 -3.4e+38 -3.4e+38 -3.4e+38 -3.4e+38 0.000106756997411139 0.000106635001429822 0.000109273998532444 0.000113340996904299 0.000119465999887325 0.000119434997031931 -3.4e+38 -3.4e+38 -3.4e+38 -3.4e+38 -3.4e+38 -3.4e+38 -3.4e+38 -3.4e+38 -3.4e+38 -3.4e+38 -3.4e+38 -3.4e+38 -3.4e+38 -3.4e+38 -3.4e+38 -3.4e+38 -3.4e+38 -3.4e+38 -3.4e+38 -3.4e+38 -3.4e+38 -3.4e+38 -3.4e+38 -3.4e+38
-3.4e+38 -3.4e+38 -3.4e+38 -3.4e+38 -3.4e+38 -3.4e+38 -3.4e+38 -3.4e+38 -3.4e+38 -3.4e+38 -3.4e+38 -3.4e+38 -3.4e+38 -3.4e+38 0.000106453997432254 0.000107744999695569 0.000111196000943892 0.000113802998384926 0.000118019001092762 0.000119101998279803 -3.4e+38 -3.4e+38 -3.4e+38 -3.4e+38 -3.4e+38 -3.4e+38 -3.4e+38 -3.4e+38 -3.4e+38 -3.4e+38 -3.4e+38 -3.4e+38 -3.4e+38 -3.4e+38 -3.4e+38 -3.4e+38 -3.4e+38 -3.4e+38 -3.4e+38 -3.4e+38 -3.4e+38 -3.4e+38 -3.4e+38 -3.4e+38
-3.4e+38 -3.4e+38 -3.4e+38 -3.4e+38 -3.4e+38 -3.4e+38 -3.4e+38 -3.4e+38 -3.4e+38 -3.4e+38 -3.4e+38 -3.4e+38 0.000105897001049016 0.000105075996543746 0.000104252998426091 0.000109474996861536 0.000110339999082498 0.000117310999485198 0.000119923002785072 0.000121564000437502 -3.4e+38 -3.4e+38 -3.4e+38 -3.4e+38 -3.4e+38 -3.4e+38 -3.4e+38 -3.4e+38 -3.4e+38 -3.4e+38 -3.4e+38 -3.4e+38 -3.4e+38 -3.4e+38 -3.4e+38 -3.4e+38 -3.4e+38 -3.4e+38 -3.4e+38 -3.4e+38 -3.4e+38 -3.4e+38 -3.4e+38 -3.4e+38
