results/Predictions/Median/Thanetian.asc
NCOLS 360 
NROWS 180 
XLLCORNER -180 
YLLCORNER -90 
CELLSIZE 1 
NODATA_value -3.4e+38 
[rows 120 to 139 of 180, columns 44 to 87 of 360]
0.000342299987096339 0.000342093990184367 0.000341959006618708 0.000341825012583286 0.000341690989444032 0.000342020008247346 0.000342504004947841 0.000342988001648337 0.000343474006513134 0.000344411993864924 0.000345351989381015 0.000346295011695474 0.000347318011336029 0.000348575005773455 0.000350410002283752 0.000354374991729856 0.000354515999788418 0.000354819989297539 0.000360228994395584 0.000365821993909776 0.000370766996638849 0.000375531992176548 0.00037914898712188 0.000381441001081839 0.000383003003662452 0.000384571991162375 0.000386147992685437 0.000387923006201163 0.000388958986150101 0.000391515000956133 0.00039444598951377 0.000402306992327794 0.000408113992307335 0.000414195994380862 0.000416113005485386 0.000426898011937737 0.00042936101090163 0.000431713997386396 0.000436280010035262 0.00044081499800086 0.000441693991888314 0.000442427000962198 0.000442066986579448 0.000439913012087345
0.000315111014060676 0.000313611002638936 0.000312671007122844 0.000311732990667224 0.000310798990540206 0.000311534007778391 0.000312829011818394 0.000314130011247471 0.000315382989356294 0.000317130994517356 0.00031769199995324 0.000319666985888034 0.00032191799255088 0.00032497599022463 0.000328065012581646 0.000331182003719732 0.000334837008267641 0.000338659010594711 0.000342301005730405 0.000343857012921944 0.000345431995810941 0.000347218010574579 0.000348628003848717 0.000350237009115517 0.00035157598904334 0.000352919014403597 0.000354268006049097 0.000356247997842729 0.000360604986781254 0.000365015992429107 0.000369480985682458 0.00037257801159285 0.000373679009499028 0.000374780996935442 0.000377705000573769 0.000381062011001632 0.000382072990760207 0.000382902013370767 0.000383734004572034 0.000389049993827939 0.000393441005144268 0.000402589997975156 0.000403240992454812 0.000403196987463161
0.000275539001449943 0.000273331010248512 0.000271809985861182 0.000268856005277485 0.000267330993665382 0.000267441995674744 0.00026799101033248 0.000268539995886385 0.000269090989604592 0.000270334014203399 0.000272917997790501 0.000273521000053734 0.000274333986453712 0.000276548991678283 0.00027878099353984 0.000280790991382673 0.00028286300948821 0.00028909501270391 0.000293813005555421 0.000296460988465697 0.0002993649977725 0.000303315988276154 0.000308196991682053 0.000313155993353575 0.000317363999783993 0.00032041801023297 0.000322551000863314 0.000325136003084481 0.000328107998939231 0.000331852992530912 0.000335674994857982 0.000339188001817092 0.0003399710112717 0.000343207007972524 0.000347072986187413 0.000346862012520432 0.000348862988175824 0.000352441013092175 0.000356192991603166 0.000358418008545414 0.000360797013854608 0.000361249985871837 0.000362123013474047 0.000363514991477132
0.000241340007050894 0.000238273001741618 0.000236740001128055 0.000235418003285304 0.000234103994444013 0.000233462997130118 0.000233045997447334 0.000232630001846701 0.000232214006246068 0.00023261399473995 0.000233015001867898 0.000233416998526081 0.000234018007176928 0.000235219005844556 0.000236427003983408 0.000237642001593485 0.00023956700169947 0.000242220994550735 0.00024490398936905 0.000247616990236565 0.000251655990723521 0.000256171013461426 0.000259319989709184 0.00026286399224773 0.000267282011918724 0.000270763994194567 0.000274218997219577 0.000277662998996675 0.000280979991657659 0.000283939007204026 0.000286749011138454 0.000288976996671408 0.000290805997792631 0.000294069002848119 0.000296473997877911 0.000299026985885575 0.000301758002024144 0.000304513989249244 0.000307295005768538 0.000308129994664341 0.000309685012325644 0.000309806986479089 0.00031041499460116 0.000309569993987679
0.000213453997275792 0.000211060993024148 0.000210326004889794 0.00020902999676764 0.00020691599638667 0.000204794007004239 0.000203204006538726 0.000202177005121484 0.000201154995011166 0.000200941998627968 0.000200730006326921 0.000200502996449359 0.000200334005057812 0.000200780006707646 0.000201226997887716 0.000201674003619701 0.00020277600560803 0.000204544005100615 0.000206091004656628 0.000207744000363164 0.000209669000469148 0.000211902995943092 0.000214159997995012 0.000216442000237294 0.000218949004192837 0.000221484995563515 0.000224050992983393 0.000226709002163261 0.000229587007197551 0.000232460006373003 0.000234574006753974 0.000238256994634867 0.000240897003095597 0.000243097005295567 0.000245317001827061 0.000247012008912861 0.000248535012360662 0.000250496988883242 0.000253298989264295 0.000254893995588645 0.00025713600916788 0.000258713000221178 0.000259280001046136 0.000258476997260004
0.000190596998436376 0.000188064004760236 0.000185597004019655 0.000182870993739925 0.000180475995875895 0.000179013004526496 0.000177681999048218 0.000176361994817853 0.000175050998223014 0.000174290995346382 0.00017337899771519 0.000172307001776062 0.000171464998857118 0.000171295992913656 0.000171127001522109 0.000170958999660797 0.000171370003954507 0.000171937004779465 0.000172485000803135 0.000173287000507116 0.000174107000930235 0.000175604000105523 0.000177113004610874 0.000178635993506759 0.000180567003553733 0.000182518997462466 0.000184492004336789 0.000186716002644971 0.00018966500647366 0.000192659994354472 0.000195703003555536 0.000198106994503178 0.000199968999368139 0.000202245006221347 0.000204399999347515 0.000205988995730877 0.000207488003070466 0.000208997997106053 0.000211514998227358 0.000213606006582268 0.000214921004953794 0.000215047999517992 0.000214818996028043 0.000213527004234493
0.000171268999110907 0.000168471000506543 0.0001659359986661 0.00016423400666099 0.000162829994224012 0.000160259995027445 0.000157476999447681 0.000155558998812921 0.000153846005559899 0.00015257099585142 0.000151305997860618 0.000150052001117729 0.000148998995427974 0.000148520994116552 0.000148045000969432 0.000147569997352548 0.000147320999531075 0.000147295999340713 0.000147272003232501 0.00014724800712429 0.000147746002767235 0.000148421997437254 0.000149100000271574 0.000149781000800431 0.000151468993863091 0.000153236993355677 0.000155025001731701 0.000156583002535626 0.000157344999024644 0.0001581099932082 0.000158879993250594 0.000159887000336312 0.000162562006153166 0.000165282006491907 0.000167061996762641 0.000167791004059836 0.000168555998243392 0.000169324004673399 0.00017009700241033 0.000170308005181141 0.000170532002812251 0.00017153299995698 0.000172365995240398 0.000172679996467195
0.00015147500380408 0.000149155996041372 0.000146516002132557 0.000143894998473115 0.000141322001582012 0.000139284995384514 0.000137441005790606 0.000135536000016145 0.000133630004711449 0.000132057000882924 0.000130503001855686 0.000128967003547587 0.000127631006762385 0.000126847997307777 0.000126069993712008 0.000125296995975077 0.00012465899635572 0.000124152997159399 0.00012364900612738 0.000123146994155832 0.000123139005154371 0.000123295001685619 0.000123450998216867 0.000123606994748116 0.0001240239944309 0.000124441998195834 0.000124861995573156 0.000125431994092651 0.000126615006593056 0.000127584993606433 0.000129377993289381 0.000131695996969938 0.000133288005599752 0.000134032001369633 0.000134332003653981 0.000135306996526197 0.00013641599798575 0.000137534996611066 0.000138661998789757 0.00013901200145483 0.000139362004119903 0.000139712996315211 0.000139737006975338 0.000138852003146894
0.000128942003357224 0.000126806000480428 0.000125275997561403 0.000123481004266068 0.000121049997687805 0.000119315998745151 0.000117889998364262 0.000116388997412287 0.000114898000902031 0.000113643000076991 0.000112793000880629 0.000111882996861823 0.000110303997644223 0.000109266999061219 0.000108439999166876 0.000107681997178588 0.000106728002720047 0.000105863000499085 0.000105097002233379 0.000104591003037058 0.000104614999145269 0.000104815000668168 0.000104657003248576 0.00010447199747432 0.000104516002465971 0.000104560996987857 0.000104605001979508 0.00010498699703021 0.00010597600339679 0.000105910003185272 0.000105837003502529 0.000106633997347672 0.000107466999907047 0.000107665000541601 0.000108580003143288 0.000109672997496091 0.00011037899821531 0.000110644003143534 0.000110907996713649 0.000110743996629026 0.000110581000626553 0.000110417000541929 0.000110203996882774 0.00010984500113409
0.000109690998215228 0.000107694002508651 0.000105771003291011 0.000103883001429494 0.000102028003311716 0.000100504003057722 9.96425005723722e-05 9.87883031484671e-05 9.7941498097498e-05 9.66813968261704e-05 9.52905975282192e-05 9.39197998377495e-05 9.26651991903782e-05 9.17134966584854e-05 9.08302972675301e-05 8.99570004548877e-05 8.90591036295518e-05 8.82153035490774e-05 8.73793978826143e-05 8.65515030454844e-05 8.6053398263175e-05 8.56651968206279e-05 8.52787998155691e-05 8.4894199972041e-05 8.48299969220534e-05 8.47659030114301e-05 8.47018018248491e-05 8.47221017465927e-05 8.49932985147461e-05 8.51937002153136e-05 8.53945020935498e-05 8.57967970659956e-05 8.64035027916543e-05 8.65191977936774e-05 8.65385009092279e-05 8.64868998178281e-05 8.68681017891504e-05 8.77268030308187e-05 8.85506015038118e-05 8.88533977558836e-05 8.91572999535128e-05 8.94621989573352e-05 8.97092977538705e-05 8.94541008165106e-05
9.25167987588793e-05 9.14660995476879e-05 8.97083009476773e-05 8.79844010341913e-05 8.62187007442117e-05 8.46586990519427e-05 8.31818033475429e-05 8.1730802776292e-05 8.03051007096656e-05 7.91131024016067e-05 7.7938697359059e-05 7.6781798270531e-05 7.57566012907773e-05 7.50850012991577e-05 7.43280979804695e-05 7.34947971068323e-05 7.26571015547961e-05 7.18152004992589e-05 7.09831001586281e-05 7.01606986694969e-05 6.96243005222641e-05 6.9183501182124e-05 6.87455976731144e-05 6.83105026837438e-05 6.80731973261572e-05 6.78368014632724e-05 6.7601096816361e-05 6.7439403210301e-05 6.7497203417588e-05 6.75547998980619e-05 6.76120980642736e-05 6.77456991979852e-05 6.79556978866458e-05 6.81660967529751e-05 6.83766993461177e-05 6.8654102506116e-05 6.89544031047262e-05 6.92554021952674e-05 6.92573012202047e-05 6.91306995577179e-05 6.90043016220443e-05 6.88782020006329e-05 6.88563013682142e-05 6.90368033247069e-05
7.40039977245033e-05 7.26279977243394e-05 7.11648026481271e-05 6.97311988915317e-05 6.83265025145374e-05 6.71520028845407e-05 6.6214102844242e-05 6.52894013910554e-05 6.43621970084496e-05 6.34188036201522e-05 6.25566972303204e-05 6.17062978562899e-05 6.09130984230433e-05 6.02651998633519e-05 5.9624100686051e-05 5.89898991165683e-05 5.83461987844203e-05 5.76933998672757e-05 5.70478987356182e-05 5.64096990274265e-05 5.59444997634273e-05 5.56099985260516e-05 5.52775018149987e-05 5.49469004909042e-05 5.47128001926467e-05 5.44795984751545e-05 5.43058995390311e-05 5.42117013537791e-05 5.41660010640044e-05 5.41152985533699e-05 5.3967200074112e-05 5.38642998435535e-05 5.39428983756807e-05 5.40553010068834e-05 5.41677000001073e-05 5.42472007509787e-05 5.4315500165103e-05 5.43587011634372e-05 5.41660992894322e-05 5.41441986570135e-05 5.41223016625736e-05 5.41004010301549e-05 5.40168985025957e-05 5.39095017302316e-05
5.87003996770363e-05 5.78161998419091e-05 5.69110015931074e-05 5.60199987376109e-05 5.51431003259495e-05 5.43552996532526e-05 5.36035004188307e-05 5.28128985024523e-05 5.20329995197244e-05 5.13285995111801e-05 5.06206997670233e-05 4.99226989632007e-05 4.9277201469522e-05 4.87674005853478e-05 4.82629002362955e-05 4.77860994578805e-05 4.73840009362902e-05 4.70240011054557e-05 4.65611010440625e-05 4.60902010672726e-05 4.56929992651567e-05 4.53260981885251e-05 4.49623003078159e-05 4.4631800847128e-05 4.44817014795262e-05 4.43321987404488e-05 4.41832016804256e-05 4.39692012150772e-05 4.37632006651256e-05 4.35617002949584e-05 4.34120011050254e-05 4.3332500354154e-05 4.33228015026543e-05 4.33130990131758e-05 4.3312698835507e-05 4.32999004260637e-05 4.32691995229106e-05 4.32127017120365e-05 4.3132298742421e-05 4.3183499656152e-05 4.32347987953108e-05 4.32861997978762e-05 4.32956003351137e-05 4.31016997026745e-05
4.50668994744774e-05 4.45465011580382e-05 4.39526993432082e-05 4.33667992183473e-05 4.27886989200488e-05 4.22586999775376e-05 4.16893017245457e-05 4.11756991525181e-05 4.07162988267373e-05 4.03066005674191e-05 3.99011005356442e-05 3.94997005059849e-05 3.91106004826725e-05 3.87887012038846e-05 3.84695013053715e-05 3.8152800698299e-05 3.78473014279734e-05 3.75525014533196e-05 3.72600989066996e-05 3.69699009752367e-05 3.6758301575901e-05 3.65732012141962e-05 3.63891012966633e-05 3.62058999598958e-05 3.6043598811375e-05 3.5850298445439e-05 3.56581003870815e-05 3.54894982592668e-05 3.54012991010677e-05 3.53233990608715e-05 3.52456991095096e-05 3.51687012880575e-05 3.51970993506256e-05 3.51054986822419e-05 3.50141999660991e-05 3.49805995938368e-05 3.4898901503766e-05 3.47831010003574e-05 3.46675988112111e-05 3.46824999724049e-05 3.46974011335988e-05 3.47124005202204e-05 3.4688098821789e-05 3.45465996360872e-05
3.41638988174964e-05 3.39301986969076e-05 3.3688800613163e-05 3.34510987158865e-05 3.3216299925698e-05 3.28804999298882e-05 3.25102009810507e-05 3.21439983963501e-05 3.17820013151504e-05 3.15424003929365e-05 3.12888987537008e-05 3.10723989969119e-05 3.08158014377113e-05 3.05727007798851e-05 3.03314991469961e-05 3.00922001770232e-05 2.9867400371586e-05 2.96569996862672e-05 2.94539004244143e-05 2.92608001473127e-05 2.91538999590557e-05 2.90755997411907e-05 2.89975996565772e-05 2.89197996607982e-05 2.87948005279759e-05 2.86702997982502e-05 2.85462992906105e-05 2.84502002614317e-05 2.84362995444098e-05 2.84224006463774e-05 2.84083998849383e-05 2.83651006611763e-05 2.82923992926953e-05 2.82380005955929e-05 2.81897991953883e-05 2.81331995211076e-05 2.80678996205097e-05 2.8002699764329e-05 2.79376999969827e-05 2.79879004665418e-05 2.80381991615286e-05 2.80886997643393e-05 2.81049997283844e-05 2.80187996395398e-05
2.57015999522991e-05 2.56105995504186e-05 2.55015002039727e-05 2.53927992162062e-05 2.52846002695151e-05 2.51281999226194e-05 2.49566001002677e-05 2.47861007665051e-05 2.46168001467595e-05 2.44778002524981e-05 2.43396007135743e-05 2.42020996665815e-05 2.40614008362172e-05 2.39095006691059e-05 2.37718995776959e-05 2.36459000007017e-05 2.35338993661571e-05 2.34356994042173e-05 2.33378996199463e-05 2.32406000577612e-05 2.31823996728053e-05 2.31372996495338e-05 2.30921996262623e-05 2.30472996918252e-05 2.29979996220209e-05 2.29360994126182e-05 2.28649005293846e-05 2.28170993068488e-05 2.28389999392675e-05 2.28609005716862e-05 2.28827993851155e-05 2.28650005738018e-05 2.28075004997663e-05 2.27500004257308e-05 2.26928004849469e-05 2.26665997615783e-05 2.26552001549862e-05 2.26439005928114e-05 2.263249916723e-05 2.26564006879926e-05 2.26802003453486e-05 2.27041000471218e-05 2.27153996092966e-05 2.26889005716657e-05
1.94193999050185e-05 1.94145995919826e-05 1.93740997929126e-05 1.9333800082677e-05 1.92935003724415e-05 1.92532006622059e-05 1.92128009075532e-05 1.91725994227454e-05 1.9132399756927e-05 1.90637001651339e-05 1.89953007065924e-05 1.89270995178958e-05 1.88576996151824e-05 1.87841997103533e-05 1.87109999387758e-05 1.86381003004499e-05 1.85878998308908e-05 1.85592998604989e-05 1.85226999747101e-05 1.84863001777558e-05 1.84528998943279e-05 1.84205000550719e-05 1.83883003046503e-05 1.83560005098116e-05 1.83322008524556e-05 1.83083993761102e-05 1.82846997631714e-05 1.82816002052277e-05 1.83405991265317e-05 1.83999000000767e-05 1.84592990990495e-05 1.8469199858373e-05 1.84295004146406e-05 1.8389899196336e-05 1.83504998858552e-05 1.83747997652972e-05 1.84204000106547e-05 1.84662003448466e-05 1.85121007234557e-05 1.85463995876489e-05 1.8569000530988e-05 1.85916996997548e-05 1.86149991350248e-05 1.8640399503056e-05
1.44098003147519e-05 1.44680998346303e-05 1.45122003232245e-05 1.45564999911585e-05 1.46008997035096e-05 1.46459997267812e-05 1.46913998833043e-05 1.47370001286617e-05 1.47827995533589e-05 1.47704995470122e-05 1.47582995850826e-05 1.4746099623153e-05 1.47280998135102e-05 1.46926995512331e-05 1.46573001984507e-05 1.46219999805908e-05 1.45977001011488e-05 1.45841004268732e-05 1.45705998875201e-05 1.45571002576617e-05 1.45268995765946e-05 1.44913001349778e-05 1.44557998282835e-05 1.44203004310839e-05 1.44215000545955e-05 1.442259963369e-05 1.44238001666963e-05 1.44329997056047e-05 1.44802997965598e-05 1.45280000651837e-05 1.45758003782248e-05 1.4594000276702e-05 1.45822996273637e-05 1.45706999319373e-05 1.45591002365109e-05 1.45926996992785e-05 1.4641599591414e-05 1.46906004374614e-05 1.47397995533538e-05 1.47696000567521e-05 1.47993996506557e-05 1.4829200154054e-05 1.48601002365467e-05 1.48938997881487e-05
1.1157700100739e-05 1.12175002868753e-05 1.12638999780756e-05 1.13090000013472e-05 1.13522000901867e-05 1.13986998258042e-05 1.14465001388453e-05 1.14945996756433e-05 1.15428001663531e-05 1.15374996312312e-05 1.15323000500211e-05 1.15270995593164e-05 1.15238999569556e-05 1.15270004243939e-05 1.15300999823376e-05 1.15331004053587e-05 1.15432003440219e-05 1.15603997983271e-05 1.15775001177099e-05 1.15946995720151e-05 1.1600500329223e-05 1.16025003080722e-05 1.16044002425042e-05 1.16064002213534e-05 1.16586998046841e-05 1.1711200386344e-05 1.17639001473435e-05 1.18177003969322e-05 1.18581001515849e-05 1.18948000817909e-05 1.1931600056414e-05 1.19568003356108e-05 1.19702999654692e-05 1.19837995953276e-05 1.19973001346807e-05 1.2042800335621e-05 1.20991999210673e-05 1.21557995953481e-05 1.22127003123751e-05 1.22415003716014e-05 1.22703995657503e-05 1.22992996693938e-05 1.23336003525765e-05 1.23842000903096e-05
8.47594037622912e-06 8.52952962304698e-06 8.59338979353197e-06 8.65772017277777e-06 8.72252985573141e-06 8.78168975759763e-06 8.83916982274968e-06 8.89703005668707e-06 8.95525954547338e-06 8.96047004061984e-06 8.96568963071331e-06 8.97090012585977e-06 8.98205962585052e-06 9.01112980500329e-06 9.04028001968982e-06 9.06892000784865e-06 9.0875701062032e-06 9.10608014237368e-06 9.12463019631105e-06 9.14321026357356e-06 9.15566033654613e-06 9.16606040846091e-06 9.1764695753227e-06 9.18688965612091e-06 9.24019968806533e-06 9.29380985326134e-06 9.34774016059237e-06 9.39912024477962e-06 9.44216026255162e-06 9.48541037359973e-06 9.52883965510409e-06 9.57083011599025e-06 9.62265039561316e-06 9.68369022302795e-06 9.71796998783248e-06 9.78052958089393e-06 9.85295991995372e-06 9.93006960925413e-06 1.00097004178679e-05 1.00357001429074e-05 1.00617999123642e-05 1.00904999271734e-05 1.01375999292941e-05 1.02587000583299e-05
