results/Predictions/Median/Tithonian.asc
NCOLS 360 
NROWS 180 
XLLCORNER -180 
YLLCORNER -90 
CELLSIZE 1 
NODATA_value -3.4e+38 
[rows 57 to 75 of 180, columns 0 to 43 of 360]
0.000519561988767236 0.000519766996148974 0.000519601977430284 0.000520177010912448 0.000520183995831758 0.00051963102305308 0.000519466993864626 0.000519900990184397 0.000519644003361464 0.000519288005307317 0.000519044988323003 0.000519153021741658 0.000519876019097865 0.000520845991559327 0.000521818001288921 0.000523018999956548 0.000524099974427372 0.000524808012414724 0.00052551698172465 0.00052587001118809 0.000526184972841293 0.000526342017110437 0.00052657799096778 0.000526683987118304 0.000527648022398353 0.000527810014318675 0.000528195989318192 0.000528773001860827 0.000529351993463933 0.00052993098506704 0.00053084798855707 0.000531347992364317 0.000532420992385596 0.000533634971361607 0.000534877995960414 0.000536132021807134 0.00053738901624456 0.00053865002701059 0.00053962500533089 0.000540600973181427 0.000541060988325626 0.000541136018000543 0.000541170011274517 0.00054120400454849
0.000524637987837195 0.000524876988492906 0.000525115989148617 0.000525341019965708 0.000525482988450676 0.000525571987964213 0.000525661977007985 0.000525752024259418 0.000525759998708963 0.000525767973158509 0.00052577699534595 0.000526081013958901 0.000527273979969323 0.000528469972778112 0.000529668992385268 0.00053057202603668 0.000530456018168479 0.000530340999830514 0.000530743971467018 0.000531179015524685 0.000531330006197095 0.000531001016497612 0.000530672026798129 0.000530547986272722 0.000530930003151298 0.000531815981958061 0.000533061975147575 0.000534994003828615 0.000535662984475493 0.000536167004611343 0.000536972016561776 0.0005380809889175 0.00053919100901112 0.000540304987225682 0.000541264016646892 0.000542172987479717 0.000542101974133402 0.000541959016118199 0.000541587010957301 0.000541215995326638 0.000542210997082293 0.000542548019438982 0.000542383990250528 0.00054222100879997
0.000529460026882589 0.000529839016962796 0.000529629993252456 0.000530364981386811 0.000530835008248687 0.000531079014763236 0.000531323021277785 0.000531567027792335 0.000531947996933013 0.000532058998942375 0.000532037985976785 0.000532321981154382 0.000533524027559906 0.000534476013854146 0.000534759019501507 0.000534690974745899 0.000534273975063115 0.000533855985850096 0.000533438986167312 0.000532896025106311 0.00053301197476685 0.000533647020347416 0.000534283986780792 0.000535400991793722 0.000537942978553474 0.000540027976967394 0.000540275010280311 0.000540570996236056 0.000540867971722037 0.000541165005415678 0.000541766989044845 0.000542675028555095 0.00054358399938792 0.000544495997019112 0.000544690992683172 0.000544606009498239 0.000544521026313305 0.00054443598492071 0.000544344016816467 0.000544251990504563 0.000544158974662423 0.000544000009540468 0.000543635978829116 0.000543272995855659
0.00053482101066038 0.000535394996404648 0.000535667990334332 0.000535933999344707 0.000536273000761867 0.000536575971636921 0.000536871026270092 0.000537164974957705 0.000537874992005527 0.000537981977686286 0.000537752988748252 0.000537616026122123 0.000537755026016384 0.000537894025910646 0.000538033025804907 0.000537820975296199 0.000537260028067976 0.000536952982656658 0.000537053972948343 0.000537495012395084 0.000538503983989358 0.000540131994057447 0.000541764020454139 0.000542842026334256 0.000543621019460261 0.000544424983672798 0.000545135990250856 0.00054556701797992 0.000545997987501323 0.000546430004760623 0.000546749972272664 0.000546958995983005 0.000547168019693345 0.000547376985196024 0.000547307019587606 0.000547143979929388 0.00054698099847883 0.000546819006558508 0.000546431983821094 0.000546045019291341 0.000545658986084163 0.000544534996151924 0.00054293597349897 0.000543626025319099
0.000537790998350829 0.000538006017450243 0.000538222026079893 0.000538439024239779 0.000538793974556029 0.000538680993486196 0.000538456020876765 0.000538231979589909 0.000538495020009577 0.000538967025931925 0.000539440021384507 0.000540119013749063 0.000540242006536573 0.000540231994818896 0.000541422981768847 0.00054220698075369 0.00054234400158748 0.000542482011951506 0.000542620022315532 0.000543248024769127 0.000544039998203516 0.000544833019375801 0.000545626971870661 0.000546462018974125 0.000546757015399635 0.000546906027011573 0.000546992989256978 0.000546891998965293 0.000546791008673608 0.000546780996955931 0.00054674397688359 0.000546478026080877 0.000546213006600738 0.000545939023140818 0.00054548098705709 0.000545178016182035 0.00054487498709932 0.000544572016224265 0.00054380897199735 0.000542555004358292 0.000541439978405833 0.000540435023140162 0.000539280998054892 0.000538151012733579
0.000542577996384352 0.000542712979950011 0.000542678986676037 0.000542457972187549 0.000541982997674495 0.000541588000487536 0.000541678979061544 0.000541193003300577 0.000541219022125006 0.000541243993211538 0.000541448011063039 0.000541749992407858 0.000542247027624398 0.000543171016033739 0.000544378999620676 0.000545122020412236 0.000545398972462863 0.000545676972251385 0.000545953982509673 0.000546518014743924 0.000547177973203361 0.000547838979400694 0.000548500975128263 0.00054852501489222 0.000548549985978752 0.00054857402574271 0.000548509007785469 0.00054817198542878 0.000547864998225123 0.000547829025890678 0.000546651019249111 0.00054473098134622 0.000543013971764594 0.000543003028724343 0.000544191978406161 0.000544300011824816 0.000545308983419091 0.000545290997251868 0.000543890986591578 0.000542100984603167 0.000541194982361048 0.000539554981514812 0.000536561012268066 0.000534532009623945
0.000546358001884073 0.000546558003406972 0.00054675800492987 0.000546957016922534 0.00054699502652511 0.000546977971680462 0.000546962022781372 0.000546942988876253 0.00054656999418512 0.000546195020433515 0.000545839022379369 0.00054599397117272 0.00054625200573355 0.000546509982086718 0.000546768016647547 0.000546821975149214 0.000546715978998691 0.000547314004506916 0.00054791197180748 0.000547988980542868 0.000547961972188205 0.000547936011571437 0.000547909992747009 0.000547364994417876 0.000546820985618979 0.000546276976820081 0.000545665971003473 0.0005448890151456 0.00054460798855871 0.000544141978025436 0.000543380971066654 0.0005423299735412 0.000541281013283879 0.000540235021617264 0.000540044973604381 0.000539651024155319 0.000539434025995433 0.000538817024789751 0.000536319974344224 0.000533836020622402 0.000531618017703295 0.000530085992068052 0.000528590986505151 0.000525320007000118
0.000548910989891738 0.000548822979908437 0.000548919022548944 0.00054901500698179 0.000549226999282837 0.00054947700118646 0.000549726013559848 0.000549976015463471 0.000549488991964608 0.000549002026673406 0.000548515992704779 0.000548263022210449 0.000548463023733348 0.000548609998077154 0.000548756972420961 0.000548876996617764 0.000548971001990139 0.000549064017832279 0.000549158023204654 0.000548955984413624 0.000548732001334429 0.000548810989130288 0.000548887997865677 0.000548193987924606 0.000547498988453299 0.000546804978512228 0.00054606597404927 0.000545197981409729 0.000544329988770187 0.000543462985660881 0.000542186025995761 0.000540502020157874 0.000538153981324285 0.000536107982043177 0.000534716004040092 0.000535346975084394 0.000534556980710477 0.000533769023604691 0.000531418016180396 0.000528433010913432 0.000525464012753218 0.000522684014867991 0.000521227018907666 0.000517183972988278
0.000551285978872329 0.000551366014406085 0.00055144599173218 0.000551526027265936 0.000551801000256091 0.000552140991203487 0.000552480982150882 0.000552820973098278 0.000552389014046639 0.000551956996787339 0.000551526027265936 0.000551191973499954 0.000551150995306671 0.000551110017113388 0.000551068980712444 0.00055110000539571 0.000551200995687395 0.00055130198597908 0.000551330973394215 0.000551283010281622 0.000551834993530065 0.000552067009266466 0.000551762990653515 0.00054988800548017 0.000548859010450542 0.000548126001376659 0.000546665978617966 0.000543991976883262 0.000543344009201974 0.000541649991646409 0.000539680011570454 0.000537390995305032 0.000535114028025419 0.00053283799206838 0.000530863006133586 0.000528871023561805 0.000526794989127666 0.0005248460220173 0.000521906011272222 0.000519099994562566 0.000515641004312783 0.000513276027049869 0.000510435027536005 0.000507420976646245
0.000548494979739189 0.000548759009689093 0.0005490219919011 0.000549286021851003 0.000549465999938548 0.000549619027879089 0.00054977199761197 0.000549925025552511 0.000549971999134868 0.000551060016732663 0.000552090001292527 0.00055309699382633 0.000553475983906537 0.00055407197214663 0.000554784026462585 0.000555301026906818 0.000554714002646506 0.000554119003936648 0.000553524005226791 0.000554007012397051 0.000552471028640866 0.000551437027752399 0.000549912976566702 0.000548598996829242 0.000547290022950619 0.000545984017662704 0.000543950009159744 0.000540766981430352 0.000538303982466459 0.000536502979230136 0.000533994985744357 0.000531303987372667 0.000528309028595686 0.000525332987308502 0.00052219198551029 0.000518782995641232 0.000515761028509587 0.000512122001964599 0.000508337980136275 0.000504668976645917 0.000501026981510222 0.000497362983878702 0.000493736006319523 0.000491303973831236
0.000554773025214672 0.000555846025235951 0.000556921004317701 0.000557998020667583 0.000558929983526468 0.000559666019398719 0.000559572014026344 0.000559478008653969 0.000559630978386849 0.000560023996513337 0.000560150016099215 0.000560152984689921 0.000559547974262387 0.000558943022042513 0.000558339001145214 0.000557688996195793 0.000556992017664015 0.000556297018192708 0.000556494982447475 0.000555896025616676 0.00055484299082309 0.000553718011360615 0.000552596990019083 0.000550759024918079 0.000548920012079179 0.000547106028534472 0.000544740003533661 0.000540557026397437 0.000536780979018658 0.000533376995008439 0.00052972900448367 0.00052617397159338 0.000522224989254028 0.00051883002743125 0.000514779996592551 0.000510628975462168 0.000506513984873891 0.000502172973938286 0.000497352972161025 0.000493646017275751 0.000490100996103138 0.000486553995870054 0.000482730014482513 0.000479853013530374
0.000557032006327063 0.000558211002498865 0.000559180974960327 0.000559082021936774 0.000558794010430574 0.000558444007765502 0.000558094994630665 0.000557745981495827 0.000557486026082188 0.000557260005734861 0.000557506980840117 0.000557617982849479 0.000557132007088512 0.000557139981538057 0.000556843995582312 0.000556121987756342 0.000554975995328277 0.000553889025468379 0.000552884011995047 0.000551112985704094 0.000549389980733395 0.000547672971151769 0.000545963004697114 0.000543189991731197 0.000540770997758955 0.000538585009053349 0.000536011997610331 0.000531707017216831 0.00052776001393795 0.000523843977134675 0.000520276022143662 0.000516884028911591 0.000514385988935828 0.000510165991727263 0.000505223986692727 0.00050076498882845 0.000496061984449625 0.00049034901894629 0.000487520010210574 0.000482873991131783 0.000479073001770303 0.000475717009976506 0.000472955987788737 0.000470647995825857
0.000556736020371318 0.000557744002435356 0.000558760017156601 0.000559778010938317 0.000560149026568979 0.000560306012630463 0.000559090985916555 0.000557775027118623 0.000556765997316688 0.000556078972294927 0.000555393984541297 0.000554886995814741 0.000554909987840801 0.000555681996047497 0.000555909005925059 0.00055629201233387 0.000554658996406943 0.000552862999029458 0.000552023004274815 0.000549688003957272 0.000547245028428733 0.000545123999472708 0.00054368597920984 0.000541258021257818 0.000536083010956645 0.000532268022652715 0.000529900018591434 0.000526220013853163 0.000522411020938307 0.000518738990649581 0.000513814971782267 0.000509575009346008 0.000505000003613532 0.000501453992910683 0.000495836022309959 0.000490700011141598 0.00048661298933439 0.000482064991956577 0.000478497997391969 0.000475999986520037 0.000472830986836925 0.000469860999146476 0.000467472011223435 0.000464671989902854
0.000560533022508025 0.000560534012038261 0.000560060027055442 0.000561011023819447 0.000561737979296595 0.000562227971386164 0.000562720000743866 0.000563211971893907 0.000560300017241389 0.000559614971280098 0.000560651009436697 0.000561603985261172 0.000562052999157459 0.000561335997190326 0.000560567015781999 0.000558991974685341 0.000556634971871972 0.000554137979634106 0.000551361998077482 0.000548203010112047 0.000545457005500793 0.000542426016181707 0.000540074019227177 0.000535783008672297 0.000534222985152155 0.000531275989487767 0.000525355979334563 0.000521639012731612 0.000515563006047159 0.000510577985551208 0.00050650502089411 0.000502935028634965 0.000498180976137519 0.000494191015604883 0.000489428988657892 0.000485074007883668 0.000480732007417828 0.00047822599299252 0.000476106011774391 0.000473002990474924 0.000468904996523634 0.000466297002276406 0.000463306991150603 0.000462583993794397
0.000557429972104728 0.000556414015591145 0.000556627986952662 0.000558194995392114 0.00055885297479108 0.000558832020033151 0.000558221014216542 0.000558561005163938 0.000558646977879107 0.000558733008801937 0.000558818981517106 0.000558771018404514 0.000558312982320786 0.000557245977688581 0.00055520300520584 0.000552662997506559 0.000550823984667659 0.00054977199761197 0.000548392010387033 0.000545107992365956 0.000542703026439995 0.000539658998604864 0.000537329993676394 0.000532796024344862 0.000527422991581261 0.00052344799041748 0.000515430001541972 0.000511762977112085 0.000508620985783637 0.000505150994285941 0.000501621980220079 0.000496449007187039 0.00049161200877279 0.000487285986309871 0.000483915995573625 0.000481061986647546 0.000477875990327448 0.000475437002023682 0.000473733991384506 0.000471375009510666 0.000469402002636343 0.000467825011583045 0.000466247001895681 0.000464862998342142
0.000560444022994488 0.000561534019652754 0.000562781991902739 0.00056250102352351 0.000561574997846037 0.000560813001357019 0.000560736982151866 0.000560662010684609 0.00056056200992316 0.000559971027541906 0.000559605017770082 0.000559455016627908 0.000557616993319243 0.000555787002667785 0.000553963996935636 0.000550353026483208 0.000545785995200276 0.000544028007425368 0.000541421992238611 0.00053943000966683 0.000537773012183607 0.000534550985321403 0.000530865974724293 0.000524647010024637 0.000518942018970847 0.000515285006258637 0.000513261999003589 0.000508578028529882 0.000503775023389608 0.000499735004268587 0.000495128973852843 0.000490840990096331 0.000486906006699428 0.000483895011711866 0.000480933988001198 0.000478815985843539 0.000477177003631368 0.000476785993669182 0.000475812004879117 0.000473446998512372 0.000472106010420248 0.000470945989945903 0.000469805992906913 0.000468604994239286
0.000555669015739113 0.000553034013137221 0.000554558995645493 0.000556089973542839 0.000557001971174031 0.000558061990886927 0.000558416999410838 0.00055736000649631 0.000555208011064678 0.000553252000827342 0.000551195000298321 0.000549364020116627 0.00054791901493445 0.000547558011021465 0.000547197996638715 0.000546653987839818 0.000545008981134742 0.000542685971595347 0.000540376000571996 0.000537545012775809 0.000534382998012006 0.000530479999724776 0.000528122996911407 0.000523948983754963 0.000519660010468215 0.000515711028128862 0.000511483987793326 0.000506817013956606 0.000504876021295786 0.000502421986311674 0.000496634980663657 0.000491959974169731 0.000489100988488644 0.000486845994601026 0.000485461991047487 0.000484429008793086 0.000483198004076257 0.000482153001939878 0.000480088987387717 0.000480527000036091 0.000479234993690625 0.000477224995847791 0.000475253007607535 0.000473966007120907
0.000556152022909373 0.000554109981749207 0.000551540986634791 0.000550077995285392 0.000550355005543679 0.000550607976038009 0.000550861994270235 0.000551115022972226 0.000550831027794629 0.000549100979696959 0.000548011972568929 0.000546808005310595 0.000545251998119056 0.000543702975846827 0.000541725021321326 0.000539008993655443 0.000536350009497255 0.000535092025529593 0.000533159007318318 0.00053145200945437 0.000528947974089533 0.000526460004039109 0.000525083974935114 0.000522135989740491 0.000519016000907868 0.000515936990268528 0.000513734004925936 0.000509965990204364 0.000508443976286799 0.000502945971675217 0.000498664972838014 0.000497021013870835 0.000495873973704875 0.000494729029014707 0.00049332098569721 0.000490788021124899 0.000488860008772463 0.000487201992655173 0.000485491007566452 0.000484163989312947 0.0004836639855057 0.000482024013763294 0.000481433002278209 0.000480783986859024
0.000562612025532871 0.00055877398699522 0.000554642989300191 0.000552663987036794 0.000550040975213051 0.000549428979866207 0.00054851797176525 0.000548491021618247 0.000546356022823602 0.000544383015949279 0.000542695983313024 0.000541851972229779 0.00054059101967141 0.000538795022293925 0.000537413987331092 0.000535991974174976 0.000534278980921954 0.000532327976543456 0.000530386983882636 0.000529212993569672 0.000528657983522862 0.000526109011843801 0.000523393973708153 0.000520346977282315 0.000518310989718884 0.00051628501387313 0.000515014980919659 0.000513779988978058 0.000510214013047516 0.000508076976984739 0.000506006006617099 0.000504271010868251 0.000502007023897022 0.000500397989526391 0.000499117013532668 0.000497422006446868 0.00049523200141266 0.000494008010718971 0.00049109902465716 0.000489171012304723 0.00048830098239705 0.000486912002088502 0.000485889991978183 0.000482981005916372
