results/Predictions/Median/Tithonian.asc
NCOLS 360 
NROWS 180 
XLLCORNER -180 
YLLCORNER -90 
CELLSIZE 1 
NODATA_value -3.4e+38 
[rows 76 to 94 of 180, columns 88 to 131 of 360]
0.000449142011348158 0.00044908799463883 0.000449148006737232 0.000449218990979716 0.000449423008831218 0.000449362007202581 0.000449481012765318 0.000449509010650218 0.000449751009000465 0.000449888000730425 0.000450546009233221 0.000452825013780966 0.000453051005024463 0.000453346001449972 0.000453849992481992 0.000454357010312378 0.000455214001704007 0.000454844994237646 0.000454002991318703 0.000453162007033825 0.000452418986242265 0.000452968990430236 0.000453543005278334 0.000453163986094296 0.000452896987553686 0.000453599990578368 0.000453818996902555 0.000456445995951071 0.000458611990325153 0.000457754998933524 0.000459392991615459 0.000462569005321711 0.000465059012640268 0.000467684003524482 0.000480507995234802 0.000502272974699736 0.000508470984641463 0.000507724995259196 0.000512840982992202 0.000519742025062442 0.000519497029017657 0.542255997657776 -3.4e+38 -3.4e+38
0.000454955006716773 0.000454882014309987 0.00045489298645407 0.000454988999990746 0.000455086003057659 0.000455181987490505 0.000455425004474819 0.000455712986877188 0.000455859990324825 0.000455994013464078 0.000456281995866448 0.00045535500976257 0.000454438006272539 0.00045407799188979 0.000454513006843626 0.000454953988082707 0.000455150002380833 0.00045545501052402 0.000454825989436358 0.000455047003924847 0.000453929009381682 0.00045428000157699 0.000454282999271527 0.00045591700472869 0.000456382986158133 0.00045831999159418 0.000456145993666723 0.000458511000033468 0.00046025900519453 0.000462567986687645 0.000464309006929398 0.000467784004285932 0.000471245992230251 0.000481144990772009 0.000503098999615759 0.000511533988174051 0.00050655601080507 0.000510873971506953 0.000515711028128862 0.000523790018633008 0.000513245002366602 0.000728334998711944 -3.4e+38 -3.4e+38
0.000455425004474819 0.00045523900189437 0.000455013010650873 0.000454747001640499 0.000454480992630124 0.00045421501272358 0.000453821994597092 0.000453298009233549 0.000452953012427315 0.000452518987003714 0.000452320004114881 0.00045200198655948 0.000451492000138387 0.000451434985734522 0.000451694999355823 0.000451959989732131 0.000452269014203921 0.000452757987659425 0.000452757987659425 0.00045310499262996 0.000452990992926061 0.000453451997600496 0.000454083987278864 0.00045458399108611 0.000454958993941545 0.000455467990832403 0.000456095993285999 0.000457321992143989 0.000458321010228246 0.000461444986285642 0.000465543998870999 0.000474016997031868 0.000479554990306497 0.000496918975841254 0.000508341006934643 0.000516256026457995 0.00051179900765419 0.000509354984387755 0.000514928018674254 0.000520579982548952 0.000514781975653023 0.000513382023200393 0.530108988285065 -3.4e+38
0.000454607012216002 0.000454137014457956 0.000453590007964522 0.000452859996585175 0.000452298991149291 0.000452220992883667 0.000452055013738573 0.000451494008302689 0.000451472005806863 0.00045171901001595 0.000451961997896433 0.000451856991276145 0.00045075299567543 0.000450449995696545 0.000450624007498845 0.00045021899859421 0.000449726998340338 0.000450299005024135 0.00045056501403451 0.00045107101323083 0.000451458996394649 0.000451088999398053 0.000452662992756814 0.000453229993581772 0.000453438988188282 0.000455233996035531 0.000457507994724438 0.000461513001937419 0.000465861987322569 0.000472926010843366 0.00048074300866574 0.000484084011986852 0.000497205008286983 0.000505890988279134 0.000516637985128909 0.000518723973073065 0.000517292995937169 0.000516788975801319 0.000516286003403366 0.000519116001669317 0.000521147972904146 0.000516269996296614 0.000501235015690327 0.541818022727966
0.000452809006674215 0.000452829990535975 0.000452865991974249 0.000452915992354974 0.000452757987659425 0.000452620995929465 0.000451442989287898 0.000450858991825953 0.000450844992883503 0.00045081801363267 0.000448989012511447 0.0004482289950829 0.000448579987278208 0.000449846003903076 0.000451578001957387 0.00045138000859879 0.00045024199062027 0.000450771010946482 0.000452242005849257 0.000453073007520288 0.000453237007604912 0.000453809014288709 0.000456845009466633 0.000458336988231167 0.000461479008663446 0.000463825010228902 0.000469026010250673 0.000476563989650458 0.000481830997159705 0.000488433986902237 0.000489193014800549 0.000504628987982869 0.000510823971126229 0.000512822007294744 0.000515002000611275 0.000517490028869361 0.000517493986990303 0.000517998007126153 0.000518493005074561 0.000518978980835527 0.000514803978148848 0.00051536998944357 0.000502126989886165 0.186928004026413
0.000454001012258232 0.000453632004791871 0.000453362008556724 0.000453418993856758 0.000453499989816919 0.000453401007689536 0.000453076005214825 0.000452726002549753 0.000452376989414915 0.00045203001354821 0.000451839005108923 0.000452767009846866 0.000453073007520288 0.000453274988103658 0.000454247987363487 0.000454638997325674 0.000455781992059201 0.000457743997685611 0.000459387985756621 0.000459962000604719 0.000461560004623607 0.00046405999455601 0.000468243000796065 0.00047090501175262 0.0004749360086862 0.000480921997223049 0.000484758988022804 0.000487073004478589 0.000488809018861502 0.000491162005346268 0.000487718003569171 0.000500287977047265 0.000503422983456403 0.000510366982780397 0.000510605983436108 0.000507487973663956 0.000508714991156012 0.000509479024913162 0.000511082005687058 0.000515573017764837 0.000511038990225643 0.000492712017148733 0.000491651997435838 0.000493101018946618
0.000456799985840917 0.000456564011983573 0.000456484005553648 0.000455959001556039 0.000455436995252967 0.000454978988273069 0.000454624008852988 0.000453468994237483 0.000454613007605076 0.000454628985607997 0.000455503002740443 0.000456422014394775 0.000457585003459826 0.000459250004496425 0.000460857001598924 0.000462397001683712 0.000463912991108373 0.000466047989903018 0.000471523002488539 0.000475089007522911 0.000477385008707643 0.000478770001791418 0.000480963004520163 0.000482022005598992 0.000485233002109453 0.000488578982185572 0.000488644989673048 0.000490227015689015 0.000490532023832202 0.000489913974888623 0.000487634009914473 0.00049790897173807 0.000504198018461466 0.000504567986354232 0.00050631002523005 0.000505307980347425 0.000510149984620512 0.000506847980432212 0.000493097002618015 0.0004891810240224 0.000490829988848418 0.000490200996864587 0.000488118996145204 0.000488311983644962
0.000468320999061689 0.000467676989501342 0.000467075995402411 0.000466517987661064 0.000465960009023547 0.000465860997792333 0.000466416007839143 0.000466661003883928 0.000466669007437304 0.000467670994112268 0.000468484999146312 0.0004683299921453 0.000470021012006328 0.000470764993224293 0.000472360989078879 0.000473966007120907 0.00047557899961248 0.000478853995446116 0.000480445014545694 0.000480126996990293 0.00048049699398689 0.000480354996398091 0.000478969013784081 0.000479332986287773 0.000478428992209956 0.000479236012324691 0.000476785993669182 0.00047906200052239 0.000480638991575688 0.000481702998513356 0.000481872004456818 0.000482397008454427 0.000482736999401823 0.000482968986034393 0.00048320199130103 0.000483434996567667 0.000483122013974935 0.000482628005556762 0.000482241011923179 0.000482008996186778 0.000482845003716648 0.000482422008644789 0.000482103001559153 0.000482041999930516
0.000484404008602723 0.000482883013319224 0.00048148600035347 0.00048063398571685 0.000480623013572767 0.000479251990327612 0.000479181995615363 0.000479949987493455 0.000481338007375598 0.000481705996207893 0.000483357987832278 0.000483539013657719 0.000483665993670002 0.000484012998640537 0.000486704986542463 0.000486017990624532 0.000486764998640865 0.000486139004351571 0.000481852010125294 0.000478809990454465 0.000477535009849817 0.000477385008707643 0.000474769010907039 0.000474616012070328 0.00047334999544546 0.000470127997687086 0.000467534002382308 0.000467978999949992 0.000470891012810171 0.000472399988211691 0.000472773012006655 0.000474405998829752 0.000476721994346008 0.000477824010886252 0.000478486006613821 0.000479375012218952 0.000478762987768278 0.000477358000352979 0.000475976994493976 0.000475403998279944 0.000474897999083623 0.00047412101412192 0.000473346008220688 0.00047300400910899
0.00050360697787255 0.000502770009916276 0.000501298985909671 0.000499885005410761 0.000498667999636382 0.000498058972880244 0.000497139000799507 0.000496264023240656 0.000495266984216869 0.000493762025143951 0.000493234023451805 0.000493224011734128 0.000492702005431056 0.000492469000164419 0.00049272901378572 0.000490180973429233 0.000486978999106213 0.000483648007502779 0.000481113995192572 0.00047808900126256 0.000476488989079371 0.000471603008918464 0.000468154001282528 0.000464417011244223 0.000463264994323254 0.000461266987258568 0.000461407005786896 0.000461360003100708 0.000461885996628553 0.000461854011518881 0.000464023003587499 0.00046411799849011 0.000465474993688986 0.000465576013084501 0.000465677003376186 0.000465779012301937 0.000465780001832172 0.000465746998088434 0.000465715012978762 0.000465497985715047 0.000465268996777013 0.000465421006083488 0.000465890014311299 0.000466956000309438
0.000478728994494304 0.000478306988952681 0.000477544002933428 0.000475834996905178 0.000475322012789547 0.000475840992294252 0.000475090986583382 0.000474341009976342 0.000473732012324035 0.000472849991638213 0.00047274399548769 0.000473346008220688 0.000473668013000861 0.000475820008432493 0.000476902991067618 0.000477674999274313 0.000478792993817478 0.000476982997497544 0.000475412991363555 0.000473861990030855 0.000472320010885596 0.00046817198744975 0.000461590010672808 0.000458180991699919 0.000456576002761722 0.00045611200039275 0.000455669010989368 0.000456960988231003 0.000457118992926553 0.000457238988019526 0.00045735901221633 0.000457777001429349 0.000457629008451477 0.000458944996353239 0.000459425005828962 0.000459464004961774 0.000459230999695137 0.000460259994724765 0.00046038901200518 0.00046051200479269 0.000462004012661055 0.000462313008029014 0.000463397009298205 0.000463292992208153
0.000456087989732623 0.000456253997981548 0.000456492009107023 0.000456384994322434 0.00045670400140807 0.000456845009466633 0.00045703598880209 0.000457471003755927 0.000457907997770235 0.000458349008113146 0.000457638001535088 0.000457896006992087 0.000456565001513809 0.000457485992228612 0.00045883801067248 0.000459408998722211 0.000460718991234899 0.000461991003248841 0.000464022014057264 0.000462730007711798 0.000461793009890243 0.000460242008557543 0.000458330992842093 0.000457038986496627 0.000456765992566943 0.000456187000963837 0.000455973990028724 0.000456140987807885 0.0004563000111375 0.000456431997008622 0.000457104004453868 0.00045669698738493 0.000456824986031279 0.000457565009128302 0.000458789989352226 0.000459197995951399 0.000459142989711836 0.000460290000773966 0.000461307005025446 0.000461718009319156 0.000462541007436812 0.000463650998426601 0.000465093005914241 0.00046662800014019
0.000446035002823919 0.000446644000476226 0.00044764400809072 0.000448239996330813 0.000448284001322463 0.000448823004262522 0.000449373008450493 0.000449724000645801 0.0004498380003497 0.00045068099279888 0.000451105006504804 0.000450625986559317 0.000451161991804838 0.0004517050110735 0.000452248990768567 0.000452458014478907 0.000452757987659425 0.000453145010396838 0.000453104003099725 0.000453298998763785 0.00045345799298957 0.000454708992037922 0.000455144006991759 0.000455636996775866 0.000455990986665711 0.000455628003692254 0.000456690991995856 0.000457185000414029 0.000458071008324623 0.000458480993984267 0.000458891008747742 0.000459124014014378 0.000459114991826937 0.000459847011370584 0.000460801995359361 0.000461844989331439 0.000462860014522448 0.000464360986370593 0.000465804012492299 0.00046649100841023 0.000467581005068496 0.000469452992547303 0.00047249800991267 0.000475473992992193
0.000437133014202118 0.000438691989984363 0.000439380004536361 0.000440108007751405 0.000440386997070163 0.000440386997070163 0.000440386997070163 0.000441256997874007 0.000442071992438287 0.00044293500832282 0.000443077005911618 0.000443589990027249 0.000444392993813381 0.000444525998318568 0.000445890007540584 0.000447018013801426 0.000447925005573779 0.00044883499504067 0.000449749000836164 0.000450669002020732 0.000451594998594373 0.000452453008620068 0.000452757987659425 0.000453120999736711 0.000453576998552307 0.000454433989943936 0.000456987007055432 0.000458791007986292 0.000458788010291755 0.000459036004031077 0.000459944014437497 0.000460426002973691 0.000460501993075013 0.000461624003946781 0.000461674993857741 0.000462722993688658 0.000464209995698184 0.000465710996650159 0.000467223988380283 0.000468748999992386 0.000473088992293924 0.000476944987894967 0.000485202996060252 0.000486094999359921
0.00042997399577871 0.000431330990977585 0.000432767003076151 0.000434157002018765 0.00043580899364315 0.000437340000644326 0.000438087008660659 0.000438713002949953 0.000438713002949953 0.000438713002949953 0.000439244991866872 0.000440039992099628 0.000440344010712579 0.000441128999227658 0.000441487005446106 0.000441820011474192 0.000442547985585406 0.00044416100718081 0.000445904996013269 0.000447661994257942 0.000448734994279221 0.000448912993306294 0.000450060004368424 0.00045203699846752 0.000452776002930477 0.000453093991382048 0.000453957007266581 0.000455249013612047 0.000457843998447061 0.000459553994005546 0.000462236988823861 0.000464574986835942 0.000465118006104603 0.000465273013105616 0.000465800985693932 0.000467109988676384 0.000467678997665644 0.000468075013486668 0.000469916994916275 0.000472948013339192 0.000476996006909758 0.000484293996123597 0.000492573017254472 0.000510965997818857
0.000433437991887331 0.000433982000686228 0.000434343994129449 0.000434521993156523 0.000434707006206736 0.000434880988905206 0.000435447000199929 0.000436142989201471 0.000436840986367315 0.000437542010331526 0.000438357994426042 0.000438546005170792 0.000438666989794001 0.000438713002949953 0.000438947987277061 0.000440164003521204 0.00044015800813213 0.000441100011812523 0.000442182994447649 0.000443046999862418 0.000444450008217245 0.000446049001766369 0.000447722006356344 0.00044936899212189 0.00045095500536263 0.000452682987088338 0.000452999986009672 0.000454393011750653 0.000455567991593853 0.000456834997748956 0.000462130992673337 0.000464053999166936 0.000466357014374807 0.000467294012196362 0.000467812991701066 0.000469385005999357 0.000470158993266523 0.000471100996946916 0.00047283701132983 0.000474811997264624 0.000478486006613821 0.000485436990857124 0.000494242005515844 0.000516540021635592
0.000433967012213543 0.000434037006925792 0.000434034009231254 0.000433612993219867 0.000433840992627665 0.000434070010669529 0.000434521003626287 0.000434951012721285 0.00043489399831742 0.000434679008321837 0.000434601010056213 0.000434524001320824 0.000435080000897869 0.00043554900912568 0.000435691006714478 0.000436586007708684 0.000436975999036804 0.000438099988969043 0.000438713002949953 0.000438810995547101 0.000439897004980594 0.000441179989138618 0.000442004995420575 0.000441985001089051 0.000443224009359255 0.000446724996436387 0.000448748003691435 0.000452133012004197 0.000453273998573422 0.000455189991043881 0.000456678011687472 0.000459839007817209 0.000462200987385586 0.000465318997157738 0.000468907994218171 0.000469580991193652 0.00047217498649843 0.000473197986138985 0.000474831002065912 0.00047688398626633 0.00048179499572143 0.000489349011331797 0.000500167021527886 0.000519414024893194
0.000434170011430979 0.000434157002018765 0.000434174988185987 0.000434224988566712 0.000434273999417201 0.000434115994721651 0.000433881010394543 0.000433676003012806 0.000433472014265135 0.000433267996413633 0.000433153996709734 0.000433039997005835 0.000432925997301936 0.000433031003922224 0.000433484994573519 0.000434235000284389 0.000434673012932763 0.000435202004155144 0.000435910013038665 0.000436764996265993 0.000437625014455989 0.000438713002949953 0.000439394993009046 0.000439847994130105 0.000440870004240423 0.000441264011897147 0.000442276999820024 0.000443563010776415 0.000445432000560686 0.0004483450029511 0.00045156799023971 0.000452826992841437 0.000453624001238495 0.000455181987490505 0.000458711001556367 0.000459962000604719 0.000462080002762377 0.000464118988020346 0.000465916004031897 0.000467765989014879 0.000473986001452431 0.000481172988656908 0.000489505007863045 0.000513254024554044
0.000434140994912013 0.000433767010690644 0.000433437002357095 0.000433153007179499 0.000432869012001902 0.000432586006354541 0.000432375003583729 0.000432197994086891 0.000432002998422831 0.000431818014476448 0.000431666994700208 0.0004315180121921 0.000431288004620001 0.000431174004916102 0.000431361986557022 0.00043165500392206 0.000431910011684522 0.000432180007919669 0.000432505999924615 0.000432831991929561 0.000433245004387572 0.000434818997746333 0.000436553993495181 0.000438298011431471 0.000438713002949953 0.000439119001384825 0.000439792987890542 0.000441014009993523 0.000441073003457859 0.000441948999650776 0.000443436001660302 0.000444934004917741 0.000446254998678342 0.000447399012045935 0.000449501996627077 0.000452757987659425 0.000455180997960269 0.000458391004940495 0.000460326002212241 0.000461760995676741 0.000467486999696121 0.000473404012154788 0.000482341012684628 0.000504281022585928
