results/Predictions/Median/Tithonian.asc
NCOLS 360 
NROWS 180 
XLLCORNER -180 
YLLCORNER -90 
CELLSIZE 1 
NODATA_value -3.4e+38 
[rows 54 to 80 of 180, columns 180 to 239 of 360]
-3.4e+38 0.178569003939629 0.185044005513191 0.195189997553825 0.196026995778084 0.192709997296333 0.189698994159698 0.186229005455971 0.170585006475449 0.156127005815506 0.142720997333527 -3.4e+38 -3.4e+38 -3.4e+38 -3.4e+38 0.153413996100426 0.14988799393177 0.147299006581306 0.143052995204926 0.143696993589401 -3.4e+38 -3.4e+38 -3.4e+38 -3.4e+38 0.161441996693611 0.166729003190994 0.164197996258736 0.151122003793716 0.139119997620583 0.126968994736671 0.120552003383636 0.12304499745369 0.125413000583649 0.130162999033928 -3.4e+38 -3.4e+38 -3.4e+38 -3.4e+38 -3.4e+38 -3.4e+38 -3.4e+38 -3.4e+38 -3.4e+38 -3.4e+38 -3.4e+38 0.184420004487038 0.185018002986908 0.181627005338669 0.179984003305435 0.173804998397827 0.167472004890442 0.159951001405716 0.156405001878738 0.157129004597664 0.159519001841545 0.160982996225357 0.165315002202988 0.171611994504929 0.177830994129181 0.183991000056267
-3.4e+38 0.195710003376007 0.206177994608879 0.22154900431633 -3.4e+38 0.218577995896339 0.215590000152588 0.212069004774094 0.192670002579689 0.175189003348351 0.157763004302979 0.147178992629051 0.159342005848885 0.165970996022224 0.173219993710518 0.176685005426407 0.174521997570992 0.17264199256897 0.171827003359795 -3.4e+38 -3.4e+38 0.175997003912926 0.175347000360489 0.182136997580528 0.18784199655056 0.193660005927086 0.193966999650002 0.185238003730774 0.176346004009247 0.168503999710083 0.162330001592636 0.164818003773689 0.173296004533768 0.177147001028061 0.184029996395111 0.187429994344711 0.193159997463226 -3.4e+38 -3.4e+38 -3.4e+38 -3.4e+38 -3.4e+38 -3.4e+38 -3.4e+38 0.220332995057106 0.216000005602837 0.215176001191139 0.214144006371498 0.208094000816345 0.204337999224663 0.194368004798889 0.189576998353004 0.188648000359535 0.188648000359535 0.191906005144119 0.192971006035805 0.199865996837616 0.204751998186111 0.211273998022079 0.219580993056297
0.204625993967056 0.214063003659248 0.224711999297142 0.239092007279396 0.241555005311966 0.241466000676155 0.241234004497528 0.241108000278473 0.222779005765915 0.205149993300438 0.187512993812561 0.17722199857235 0.18784199655056 0.200727000832558 0.211408004164696 0.213658004999161 0.207600995898247 0.20440100133419 0.198713004589081 0.201756000518799 0.205341994762421 0.210051000118256 0.21670800447464 0.214956998825073 0.212794005870819 0.210740000009537 -3.4e+38 -3.4e+38 0.229646995663643 0.241012006998062 0.243772000074387 0.238572999835014 0.239159002900124 0.238188996911049 0.236585006117821 0.234363004565239 0.234789997339249 0.236542001366615 0.236298993229866 0.236315995454788 0.237731993198395 0.238554999232292 0.235771998763084 0.233885005116463 0.231958001852036 0.229720994830132 0.227386996150017 0.228317007422447 0.228606000542641 0.22257399559021 0.217378005385399 0.215377002954483 0.212851002812386 0.216695994138718 0.219142004847527 0.222059994935989 0.22706900537014 0.23071700334549 0.234399005770683 0.238181993365288
0.222950994968414 0.233546003699303 0.243598997592926 0.255674988031387 0.260951995849609 0.263570994138718 0.266932010650635 0.270494997501373 0.253980994224548 -3.4e+38 -3.4e+38 0.210390001535416 0.221520006656647 0.228729993104935 0.23827899992466 0.241448000073433 0.237305998802185 0.229467004537582 0.222699999809265 0.230951994657516 0.241486996412277 0.251702010631561 0.261361986398697 0.252732008695602 0.243288993835449 -3.4e+38 -3.4e+38 -3.4e+38 0.288908988237381 0.320124000310898 0.333768993616104 0.324901014566422 0.315329998731613 0.305081009864807 0.293684005737305 0.285445004701614 0.279249012470245 0.278088003396988 0.268745988607407 0.260657995939255 0.252171993255615 0.246482998132706 0.24269500374794 0.238900005817413 0.236817002296448 0.23701299726963 0.240376994013786 0.243844002485275 0.244825005531311 0.244210004806519 0.243160992860794 0.243090003728867 0.243598997592926 0.247058004140854 0.250665992498398 0.255041986703873 -3.4e+38 0.257411986589432 0.25722399353981 0.257016003131866
-3.4e+38 0.248800992965698 0.264584004878998 0.277139008045197 0.277927994728088 0.277368992567062 0.273912996053696 0.273090988397598 0.259865999221802 -3.4e+38 -3.4e+38 0.233339995145798 0.242581993341446 0.255120009183884 0.267334997653961 0.272273987531662 0.269623011350632 0.26860299706459 0.264917999505997 0.267527014017105 0.272394001483917 0.280373990535736 0.289164990186691 0.29033100605011 0.291422009468079 0.292439013719559 0.297455012798309 0.317285001277924 0.334363996982574 0.354149013757706 0.359697014093399 0.3541159927845 0.347270995378494 0.338737994432449 0.327677994966507 0.316381007432938 0.309280008077621 0.305878013372421 0.299389988183975 0.294564992189407 0.287984997034073 0.281924992799759 0.276959002017975 0.272556006908417 0.268893003463745 0.267111986875534 0.267957985401154 0.268905013799667 -3.4e+38 -3.4e+38 -3.4e+38 -3.4e+38 -3.4e+38 -3.4e+38 -3.4e+38 -3.4e+38 -3.4e+38 -3.4e+38 -3.4e+38 0.279902994632721
-3.4e+38 0.270137012004852 0.288805991411209 0.310396999120712 0.306311994791031 0.294865012168884 0.283095985651016 0.274031013250351 -3.4e+38 -3.4e+38 0.260495007038116 0.260123997926712 0.270848989486694 0.281289011240005 0.294454008340836 0.302572995424271 0.304405987262726 0.306598007678986 0.307624012231827 0.305947005748749 0.304809987545013 0.308898985385895 0.315362989902496 0.329782009124756 0.341439992189407 0.354057997465134 0.363853991031647 0.372857004404068 0.381646990776062 0.38900500535965 0.389409005641937 0.383823990821838 0.377676993608475 0.371888011693954 0.362783998250961 0.352717012166977 0.342768013477325 0.335141003131866 0.33271399140358 0.328685998916626 0.325197994709015 0.321280002593994 0.314417004585266 0.307599991559982 0.301254987716675 -3.4e+38 -3.4e+38 -3.4e+38 -3.4e+38 -3.4e+38 -3.4e+38 -3.4e+38 -3.4e+38 -3.4e+38 -3.4e+38 -3.4e+38 -3.4e+38 -3.4e+38 -3.4e+38 -3.4e+38
-3.4e+38 0.294312000274658 0.311356008052826 0.329154998064041 0.32438400387764 0.31257700920105 0.300918012857437 0.291216999292374 0.282552987337112 0.27079701423645 0.262699991464615 0.259824007749557 0.275292009115219 0.293229013681412 0.313279986381531 0.323549002408981 0.331003993749619 0.336847007274628 0.342871010303497 0.345322012901306 0.343032002449036 0.34409898519516 0.355019986629486 0.36940398812294 0.386689007282257 0.401304006576538 0.414537996053696 0.416040003299713 0.420143991708755 0.420484989881516 0.416161000728607 0.411058992147446 0.405279010534286 0.399751991033554 0.392910003662109 0.383724004030228 0.373017996549606 0.364529997110367 0.359254002571106 0.356003999710083 0.353828012943268 -3.4e+38 -3.4e+38 -3.4e+38 -3.4e+38 -3.4e+38 -3.4e+38 -3.4e+38 -3.4e+38 -3.4e+38 -3.4e+38 -3.4e+38 -3.4e+38 -3.4e+38 -3.4e+38 -3.4e+38 -3.4e+38 -3.4e+38 -3.4e+38 -3.4e+38
-3.4e+38 -3.4e+38 0.326373994350433 0.331856995820999 0.330529004335403 0.32558199763298 0.326427012681961 0.32582500576973 0.297004014253616 0.275426000356674 0.267349988222122 0.262834012508392 0.268548995256424 0.284081012010574 0.313387989997864 0.335215985774994 -3.4e+38 0.360913991928101 0.374808996915817 0.383650988340378 0.387782990932465 0.392563998699188 0.399771004915237 0.412016987800598 0.423671007156372 0.438403993844986 -3.4e+38 0.448601990938187 0.447463989257812 0.444550007581711 0.440515995025635 0.435665011405945 0.428429007530212 0.421389013528824 -3.4e+38 -3.4e+38 0.395399987697601 0.386698007583618 0.381182998418808 -3.4e+38 -3.4e+38 -3.4e+38 -3.4e+38 -3.4e+38 -3.4e+38 -3.4e+38 -3.4e+38 -3.4e+38 -3.4e+38 -3.4e+38 -3.4e+38 -3.4e+38 -3.4e+38 -3.4e+38 -3.4e+38 -3.4e+38 -3.4e+38 -3.4e+38 -3.4e+38 -3.4e+38
-3.4e+38 -3.4e+38 0.340880006551743 0.334578007459641 0.332926005125046 0.342240005731583 0.350149005651474 0.355544000864029 0.309817999601364 0.297596007585526 0.283244997262955 0.278919994831085 0.278880000114441 0.280295014381409 0.317142993211746 -3.4e+38 0.361041992902756 0.384523987770081 0.408044010400772 0.421712011098862 0.433739006519318 0.44496101140976 0.458068013191223 0.459022998809814 -3.4e+38 -3.4e+38 0.477632999420166 0.475466996431351 0.472680985927582 0.470362991094589 0.466461002826691 0.4582259953022 -3.4e+38 -3.4e+38 -3.4e+38 -3.4e+38 -3.4e+38 -3.4e+38 -3.4e+38 -3.4e+38 -3.4e+38 -3.4e+38 -3.4e+38 -3.4e+38 -3.4e+38 -3.4e+38 -3.4e+38 -3.4e+38 -3.4e+38 -3.4e+38 -3.4e+38 -3.4e+38 -3.4e+38 -3.4e+38 -3.4e+38 -3.4e+38 -3.4e+38 -3.4e+38 -3.4e+38 -3.4e+38
-3.4e+38 -3.4e+38 0.371755987405777 0.363707989454269 0.367763996124268 0.376468986272812 0.380059003829956 0.38518500328064 0.35810199379921 0.335067003965378 0.329542994499207 0.324777007102966 0.321480005979538 0.317950010299683 0.314227014780045 0.325439006090164 0.35045999288559 0.38086000084877 0.414240002632141 0.435128003358841 0.452059000730515 0.472532987594604 0.489627003669739 0.488323003053665 -3.4e+38 -3.4e+38 -3.4e+38 0.492504000663757 0.488348990678787 0.483143001794815 -3.4e+38 -3.4e+38 -3.4e+38 -3.4e+38 0.449153006076813 0.437667012214661 -3.4e+38 -3.4e+38 -3.4e+38 0.415560990571976 0.409541994333267 0.404269009828568 -3.4e+38 -3.4e+38 -3.4e+38 -3.4e+38 -3.4e+38 -3.4e+38 -3.4e+38 -3.4e+38 -3.4e+38 -3.4e+38 -3.4e+38 -3.4e+38 -3.4e+38 -3.4e+38 -3.4e+38 -3.4e+38 -3.4e+38 -3.4e+38
-3.4e+38 -3.4e+38 0.416220992803574 0.402662992477417 0.404154986143112 0.408255994319916 0.412082999944687 0.416177004575729 0.409749001264572 0.401897996664047 0.397850006818771 0.385793000459671 0.364466995000839 0.354898989200592 0.344996005296707 0.344848990440369 0.356774985790253 0.382887989282608 0.432123988866806 -3.4e+38 -3.4e+38 0.49508398771286 0.515520989894867 0.514340996742249 -3.4e+38 -3.4e+38 -3.4e+38 -3.4e+38 -3.4e+38 -3.4e+38 -3.4e+38 -3.4e+38 -3.4e+38 0.473468005657196 0.462359994649887 0.459912985563278 0.457197993993759 0.458620011806488 0.446723997592926 0.432200998067856 0.420318990945816 0.412813007831573 0.411998987197876 -3.4e+38 -3.4e+38 -3.4e+38 -3.4e+38 -3.4e+38 -3.4e+38 -3.4e+38 -3.4e+38 -3.4e+38 -3.4e+38 -3.4e+38 -3.4e+38 -3.4e+38 -3.4e+38 -3.4e+38 -3.4e+38 -3.4e+38
-3.4e+38 -3.4e+38 0.45789098739624 0.446604013442993 0.439667999744415 0.434922993183136 0.430546998977661 0.427917003631592 0.43163999915123 0.436500996351242 -3.4e+38 0.433847993612289 0.394924998283386 0.383949995040894 0.375652998685837 0.37526199221611 0.383698999881744 0.401991009712219 -3.4e+38 -3.4e+38 -3.4e+38 0.503561019897461 0.523028016090393 0.522947013378143 -3.4e+38 -3.4e+38 -3.4e+38 -3.4e+38 -3.4e+38 -3.4e+38 -3.4e+38 -3.4e+38 -3.4e+38 -3.4e+38 0.484266996383667 0.478841006755829 0.474655985832214 0.470973014831543 0.459524989128113 0.450056999921799 0.439669013023376 0.431259989738464 0.429491013288498 -3.4e+38 -3.4e+38 -3.4e+38 -3.4e+38 -3.4e+38 -3.4e+38 -3.4e+38 -3.4e+38 -3.4e+38 -3.4e+38 -3.4e+38 -3.4e+38 -3.4e+38 -3.4e+38 -3.4e+38 -3.4e+38 -3.4e+38
-3.4e+38 0.497159987688065 0.494349986314774 0.48998698592186 0.475217014551163 0.456963986158371 0.437611997127533 0.427067011594772 0.431048989295959 0.434983998537064 -3.4e+38 -3.4e+38 -3.4e+38 0.415125012397766 0.411103010177612 0.418318003416061 0.42595300078392 0.432411998510361 0.444353997707367 0.460222989320755 0.47825101017952 0.497260004281998 0.517302989959717 0.51997298002243 -3.4e+38 -3.4e+38 -3.4e+38 -3.4e+38 -3.4e+38 -3.4e+38 -3.4e+38 -3.4e+38 -3.4e+38 -3.4e+38 0.500792980194092 0.493019998073578 -3.4e+38 -3.4e+38 -3.4e+38 -3.4e+38 0.466780006885529 0.461856991052628 0.45474499464035 -3.4e+38 -3.4e+38 -3.4e+38 -3.4e+38 -3.4e+38 -3.4e+38 -3.4e+38 -3.4e+38 -3.4e+38 -3.4e+38 -3.4e+38 -3.4e+38 -3.4e+38 -3.4e+38 -3.4e+38 -3.4e+38 -3.4e+38
0.526995003223419 0.531033992767334 0.534096002578735 0.536752998828888 0.514400005340576 0.484337985515594 0.453337997198105 -3.4e+38 0.428658992052078 -3.4e+38 -3.4e+38 -3.4e+38 -3.4e+38 -3.4e+38 0.50111597776413 0.497083008289337 0.484311997890472 0.471677988767624 0.47620901465416 0.483013987541199 0.490828990936279 0.498394012451172 0.507961988449097 0.513435006141663 0.51877897977829 -3.4e+38 -3.4e+38 -3.4e+38 -3.4e+38 -3.4e+38 -3.4e+38 -3.4e+38 -3.4e+38 -3.4e+38 0.511332988739014 0.505650997161865 0.509667992591858 -3.4e+38 -3.4e+38 -3.4e+38 0.495332986116409 0.494610995054245 -3.4e+38 -3.4e+38 -3.4e+38 -3.4e+38 -3.4e+38 -3.4e+38 -3.4e+38 -3.4e+38 -3.4e+38 -3.4e+38 -3.4e+38 -3.4e+38 -3.4e+38 -3.4e+38 -3.4e+38 -3.4e+38 -3.4e+38 -3.4e+38
0.547515988349915 0.550873994827271 0.552761018276215 0.553207993507385 0.540019989013672 0.525067985057831 0.507529973983765 -3.4e+38 -3.4e+38 -3.4e+38 -3.4e+38 -3.4e+38 -3.4e+38 -3.4e+38 0.521462023258209 0.515827000141144 0.509835004806519 0.505635976791382 0.502956986427307 0.510151982307434 0.515946984291077 0.522229015827179 0.529250979423523 0.528150022029877 0.529155015945435 0.530084013938904 -3.4e+38 -3.4e+38 -3.4e+38 -3.4e+38 -3.4e+38 -3.4e+38 -3.4e+38 -3.4e+38 -3.4e+38 0.516755998134613 0.51886397600174 0.520267009735107 0.508933007717133 0.507920026779175 0.506026029586792 0.503962993621826 0.49542498588562 -3.4e+38 -3.4e+38 -3.4e+38 -3.4e+38 -3.4e+38 -3.4e+38 -3.4e+38 -3.4e+38 -3.4e+38 0.50331699848175 0.503682017326355 -3.4e+38 -3.4e+38 -3.4e+38 -3.4e+38 -3.4e+38 -3.4e+38
-3.4e+38 0.562798023223877 0.564049005508423 0.565714001655579 0.561441004276276 0.554584980010986 0.547330975532532 0.539790987968445 0.539400994777679 -3.4e+38 -3.4e+38 -3.4e+38 -3.4e+38 -3.4e+38 0.535242021083832 0.534027993679047 0.533183991909027 0.536913990974426 0.54143100976944 0.544001996517181 0.547168016433716 0.54966801404953 0.551503002643585 0.547738015651703 0.543619990348816 0.53880500793457 -3.4e+38 -3.4e+38 -3.4e+38 -3.4e+38 -3.4e+38 -3.4e+38 -3.4e+38 -3.4e+38 -3.4e+38 -3.4e+38 -3.4e+38 0.520357012748718 0.519411027431488 0.516677021980286 0.512422025203705 0.509706020355225 0.509967029094696 0.510010004043579 -3.4e+38 -3.4e+38 -3.4e+38 -3.4e+38 -3.4e+38 -3.4e+38 0.526215970516205 0.526768982410431 0.527325987815857 0.527517020702362 0.527800977230072 0.52810800075531 -3.4e+38 -3.4e+38 -3.4e+38 -3.4e+38
-3.4e+38 0.561572015285492 0.56504100561142 0.567865014076233 0.567984998226166 0.566389977931976 0.566486001014709 0.564930021762848 0.560428977012634 0.554509997367859 0.548211991786957 0.542356014251709 0.546572029590607 0.548711001873016 0.548963010311127 0.548979997634888 0.549089014530182 0.556078970432281 0.564679980278015 0.567119002342224 0.566528975963593 0.566585004329681 0.567088007926941 0.561819970607758 0.555404007434845 -3.4e+38 -3.4e+38 -3.4e+38 -3.4e+38 -3.4e+38 -3.4e+38 -3.4e+38 -3.4e+38 -3.4e+38 -3.4e+38 -3.4e+38 -3.4e+38 -3.4e+38 -3.4e+38 -3.4e+38 0.525086998939514 0.524069011211395 0.527604997158051 0.53177398443222 0.535031020641327 -3.4e+38 -3.4e+38 -3.4e+38 -3.4e+38 0.549785017967224 0.550015985965729 0.550242006778717 0.550567984580994 0.550589025020599 0.55061000585556 0.55062997341156 0.550944983959198 -3.4e+38 -3.4e+38 -3.4e+38
0.541145026683807 0.547716021537781 0.553524971008301 0.558815002441406 0.562022984027863 0.564477026462555 0.568087995052338 0.571452021598816 0.563757002353668 0.556165993213654 0.554298996925354 0.550626993179321 0.550511002540588 0.55628901720047 0.561909019947052 0.563463985919952 0.56149697303772 0.563950002193451 0.568862020969391 -3.4e+38 -3.4e+38 -3.4e+38 -3.4e+38 -3.4e+38 -3.4e+38 -3.4e+38 -3.4e+38 -3.4e+38 -3.4e+38 -3.4e+38 0.544164001941681 0.546075999736786 0.548511028289795 -3.4e+38 -3.4e+38 -3.4e+38 -3.4e+38 -3.4e+38 -3.4e+38 -3.4e+38 -3.4e+38 -3.4e+38 -3.4e+38 -3.4e+38 -3.4e+38 -3.4e+38 -3.4e+38 -3.4e+38 0.568821012973785 0.569655001163483 0.569738984107971 0.569822013378143 0.569905996322632 0.570080995559692 0.57005101442337 0.570002019405365 0.570236027240753 -3.4e+38 -3.4e+38 0.571816980838776
0.529372990131378 0.534997999668121 0.539676010608673 0.545112013816833 0.553376972675323 0.559707999229431 0.567059993743896 0.574257016181946 -3.4e+38 -3.4e+38 0.56741601228714 0.564772009849548 0.561653017997742 0.558403015136719 0.565795004367828 0.56810998916626 -3.4e+38 -3.4e+38 -3.4e+38 -3.4e+38 -3.4e+38 -3.4e+38 -3.4e+38 -3.4e+38 -3.4e+38 -3.4e+38 -3.4e+38 -3.4e+38 -3.4e+38 0.557694971561432 0.556940019130707 0.557789027690887 0.558929979801178 0.559964001178741 0.558991014957428 0.556209027767181 -3.4e+38 -3.4e+38 -3.4e+38 -3.4e+38 -3.4e+38 -3.4e+38 -3.4e+38 -3.4e+38 -3.4e+38 -3.4e+38 0.578631997108459 0.580718994140625 0.583343982696533 0.583616018295288 0.582943022251129 0.582266986370087 0.581713974475861 0.581457018852234 0.58118999004364 0.580913007259369 0.580587983131409 -3.4e+38 0.581896007061005 0.582554996013641
0.506644010543823 0.515667021274567 0.522225022315979 0.52727198600769 0.534489989280701 0.543353974819183 0.552071988582611 0.559185028076172 0.559230983257294 0.558277010917664 0.555265009403229 -3.4e+38 -3.4e+38 -3.4e+38 -3.4e+38 -3.4e+38 -3.4e+38 -3.4e+38 -3.4e+38 -3.4e+38 -3.4e+38 -3.4e+38 -3.4e+38 -3.4e+38 -3.4e+38 -3.4e+38 -3.4e+38 -3.4e+38 0.567957997322083 0.566721975803375 0.566016972064972 0.566536009311676 0.567052006721497 0.567561984062195 0.567008018493652 0.566100001335144 0.565191984176636 -3.4e+38 -3.4e+38 -3.4e+38 -3.4e+38 -3.4e+38 -3.4e+38 -3.4e+38 -3.4e+38 0.585022985935211 0.586356997489929 0.587687015533447 0.589012026786804 0.589103996753693 0.588783979415894 0.588213980197906 0.587471008300781 0.586769998073578 0.586456000804901 0.586229979991913 0.586124002933502 0.586510002613068 0.58697897195816 0.587724983692169
-3.4e+38 -3.4e+38 -3.4e+38 -3.4e+38 -3.4e+38 0.521870017051697 0.531544983386993 0.540435016155243 0.548757970333099 0.55467700958252 0.557256996631622 0.558547019958496 0.55859500169754 0.558628022670746 -3.4e+38 -3.4e+38 -3.4e+38 -3.4e+38 -3.4e+38 -3.4e+38 -3.4e+38 -3.4e+38 -3.4e+38 -3.4e+38 -3.4e+38 -3.4e+38 -3.4e+38 -3.4e+38 0.572682976722717 0.572398006916046 0.572773993015289 0.573139011859894 0.573500990867615 0.573800981044769 0.573709011077881 0.573939979076385 0.573484003543854 0.573203027248383 -3.4e+38 -3.4e+38 -3.4e+38 -3.4e+38 -3.4e+38 -3.4e+38 -3.4e+38 -3.4e+38 0.592166006565094 0.592884004116058 0.593699991703033 0.5935919880867 0.593105971813202 0.592518985271454 0.592040002346039 0.592121005058289 0.591563999652863 0.591498017311096 0.591472983360291 0.591539025306702 0.591488003730774 -3.4e+38
-3.4e+38 -3.4e+38 -3.4e+38 -3.4e+38 -3.4e+38 -3.4e+38 -3.4e+38 -3.4e+38 -3.4e+38 0.547396004199982 0.556594014167786 0.564853012561798 0.56292998790741 0.560325980186462 0.557165026664734 -3.4e+38 -3.4e+38 -3.4e+38 -3.4e+38 -3.4e+38 -3.4e+38 -3.4e+38 -3.4e+38 -3.4e+38 -3.4e+38 -3.4e+38 -3.4e+38 -3.4e+38 0.57508397102356 0.576319992542267 0.576928019523621 0.577023983001709 0.577422022819519 0.577503025531769 0.578204989433289 0.579267024993896 0.57929402589798 0.579930007457733 0.582462012767792 -3.4e+38 -3.4e+38 -3.4e+38 -3.4e+38 -3.4e+38 -3.4e+38 -3.4e+38 -3.4e+38 0.595297992229462 0.595429003238678 0.594974994659424 0.594325006008148 0.593671023845673 0.593801021575928 0.594308972358704 0.594812989234924 0.594449996948242 0.594483971595764 0.594125986099243 -3.4e+38 -3.4e+38
-3.4e+38 -3.4e+38 -3.4e+38 -3.4e+38 -3.4e+38 -3.4e+38 0.524748980998993 0.521710991859436 0.531444013118744 0.538715004920959 0.547918975353241 0.554659008979797 0.553987979888916 0.553264975547791 0.552489995956421 0.553762018680573 -3.4e+38 -3.4e+38 -3.4e+38 -3.4e+38 -3.4e+38 -3.4e+38 -3.4e+38 -3.4e+38 -3.4e+38 -3.4e+38 -3.4e+38 -3.4e+38 -3.4e+38 0.577368021011353 0.578387975692749 0.578719973564148 0.578233003616333 0.5781130194664 0.578869998455048 0.579856991767883 0.581556975841522 0.583431005477905 0.58626002073288 -3.4e+38 -3.4e+38 -3.4e+38 -3.4e+38 -3.4e+38 -3.4e+38 -3.4e+38 -3.4e+38 -3.4e+38 -3.4e+38 0.596607029438019 0.596328020095825 0.596045017242432 0.595883011817932 0.594986021518707 0.59408301115036 0.593299984931946 -3.4e+38 -3.4e+38 -3.4e+38 -3.4e+38
-3.4e+38 -3.4e+38 -3.4e+38 -3.4e+38 -3.4e+38 0.528641998767853 0.522704005241394 0.515697002410889 0.525673985481262 0.532670021057129 0.539792001247406 0.544790983200073 0.5451819896698 0.545880019664764 0.547577977180481 0.552753984928131 -3.4e+38 0.564409017562866 0.570243000984192 -3.4e+38 -3.4e+38 -3.4e+38 -3.4e+38 -3.4e+38 -3.4e+38 -3.4e+38 -3.4e+38 -3.4e+38 -3.4e+38 -3.4e+38 0.576534986495972 0.576215028762817 0.576485991477966 0.576548993587494 0.57729697227478 0.578576028347015 0.581068992614746 0.582536995410919 0.585021018981934 0.587773025035858 -3.4e+38 -3.4e+38 -3.4e+38 -3.4e+38 -3.4e+38 -3.4e+38 -3.4e+38 -3.4e+38 -3.4e+38 -3.4e+38 -3.4e+38 0.593931019306183 0.59410297870636 0.593104004859924 -3.4e+38 -3.4e+38 -3.4e+38 -3.4e+38 -3.4e+38 -3.4e+38
-3.4e+38 -3.4e+38 -3.4e+38 -3.4e+38 -3.4e+38 0.523373007774353 0.523571014404297 0.523589015007019 0.531307995319366 0.536952018737793 0.540108978748322 0.54439902305603 0.543595016002655 0.543492019176483 0.54604297876358 0.550044000148773 -3.4e+38 0.560598015785217 0.564898014068604 0.569023013114929 -3.4e+38 -3.4e+38 -3.4e+38 -3.4e+38 -3.4e+38 -3.4e+38 -3.4e+38 -3.4e+38 -3.4e+38 -3.4e+38 -3.4e+38 -3.4e+38 0.57480001449585 0.574814975261688 0.575426995754242 0.576779007911682 0.578175008296967 0.579917013645172 0.582387983798981 0.584529995918274 -3.4e+38 -3.4e+38 -3.4e+38 -3.4e+38 -3.4e+38 -3.4e+38 -3.4e+38 -3.4e+38 -3.4e+38 -3.4e+38 -3.4e+38 -3.4e+38 -3.4e+38 -3.4e+38 -3.4e+38 -3.4e+38 -3.4e+38 -3.4e+38 -3.4e+38 -3.4e+38
-3.4e+38 -3.4e+38 -3.4e+38 -3.4e+38 -3.4e+38 0.524067997932434 0.523485004901886 0.529340028762817 0.53618997335434 0.540777981281281 0.543159008026123 0.543070018291473 0.543913006782532 0.544649004936218 0.545293986797333 0.54737401008606 0.551985025405884 0.554692983627319 0.557264983654022 0.563347995281219 0.568915009498596 -3.4e+38 -3.4e+38 -3.4e+38 -3.4e+38 -3.4e+38 -3.4e+38 -3.4e+38 -3.4e+38 -3.4e+38 -3.4e+38 -3.4e+38 -3.4e+38 0.57328599691391 0.573457002639771 0.574316024780273 0.575429022312164 0.576946020126343 0.577889025211334 0.579612970352173 -3.4e+38 -3.4e+38 -3.4e+38 -3.4e+38 -3.4e+38 -3.4e+38 -3.4e+38 -3.4e+38 -3.4e+38 -3.4e+38 -3.4e+38 -3.4e+38 -3.4e+38 -3.4e+38 -3.4e+38 -3.4e+38 -3.4e+38 -3.4e+38 -3.4e+38 -3.4e+38
-3.4e+38 -3.4e+38 -3.4e+38 -3.4e+38 -3.4e+38 -3.4e+38 0.518622994422913 0.522593975067139 0.526693999767303 -3.4e+38 0.531311988830566 0.532127022743225 0.534630000591278 0.538684010505676 0.540584981441498 0.541746020317078 0.545098006725311 0.547922015190125 0.549794018268585 0.555063009262085 0.563413023948669 -3.4e+38 -3.4e+38 -3.4e+38 -3.4e+38 -3.4e+38 -3.4e+38 -3.4e+38 -3.4e+38 -3.4e+38 -3.4e+38 -3.4e+38 -3.4e+38 -3.4e+38 -3.4e+38 0.57182502746582 0.570913970470428 0.570321977138519 0.571268022060394 0.572211980819702 0.572825014591217 -3.4e+38 -3.4e+38 -3.4e+38 -3.4e+38 -3.4e+38 -3.4e+38 -3.4e+38 -3.4e+38 -3.4e+38 -3.4e+38 -3.4e+38 -3.4e+38 -3.4e+38 -3.4e+38 -3.4e+38 -3.4e+38 -3.4e+38 -3.4e+38 -3.4e+38
