results/Predictions/Median/Tithonian.asc
NCOLS 360 
NROWS 180 
XLLCORNER -180 
YLLCORNER -90 
CELLSIZE 1 
NODATA_value -3.4e+38 
[rows 38 to 56 of 180, columns 44 to 87 of 360]
3.51888993463945e-05 3.56119016942102e-05 3.54648982465733e-05 3.55281008523889e-05 3.55515003320761e-05 3.57796016032808e-05 3.60646008630283e-05 3.63305989594664e-05 3.65761989087332e-05 3.70257985196076e-05 3.74808987544384e-05 3.80819001293276e-05 3.86895990232006e-05 3.91508983739186e-05 3.97112999053206e-05 4.02371988457162e-05 4.06149993068539e-05 4.06893996114377e-05 4.07635016017593e-05 4.08261985285208e-05 4.07920015277341e-05 4.07256011385471e-05 4.06592989747878e-05 4.05930986744352e-05 4.06830986321438e-05 4.0769900806481e-05 4.08525993407238e-05 4.09052008762956e-05 4.08667983720079e-05 4.08283995056991e-05 4.07900006393902e-05 4.07027982873842e-05 4.05669998144731e-05 4.04316015192308e-05 4.0296701627085e-05 4.02059013140388e-05 4.01297984353732e-05 4.00538010580931e-05 3.98566007788759e-05 3.93923983210698e-05 3.89335982617922e-05 3.84800987376366e-05 3.80257006327156e-05 3.76142015738878e-05
4.96323991683312e-05 4.99866000609472e-05 4.9672100431053e-05 4.93596999149304e-05 4.89500998810399e-05 4.88328005303629e-05 4.8798399802763e-05 4.87120014440734e-05 4.86177013954148e-05 4.91159007651731e-05 4.94917003379669e-05 4.99320012750104e-05 5.04722011100966e-05 5.10204990860075e-05 5.1547700422816e-05 5.2080398745602e-05 5.23669004905969e-05 5.24028000654653e-05 5.24388015037403e-05 5.25352006661706e-05 5.23503986187279e-05 5.20456014783122e-05 5.1784998504445e-05 5.1532198995119e-05 5.15389001520816e-05 5.15456013090443e-05 5.15442989126313e-05 5.15097999596037e-05 5.13400991621893e-05 5.12801016157027e-05 5.11780017404817e-05 5.09681012772489e-05 5.06335018144455e-05 5.02110997331329e-05 4.97916007589083e-05 4.95487001899164e-05 4.93646002723835e-05 4.91807986691128e-05 4.89193007524591e-05 4.82801006000955e-05 4.76491986773908e-05 4.70256018161308e-05 4.63807009509765e-05 4.57069982076064e-05
6.99943993822671e-05 6.99954980518669e-05 6.8896399170626e-05 6.79904987919144e-05 6.64124963805079e-05 6.59631987218745e-05 6.55781987006776e-05 6.51954978820868e-05 6.48150016786531e-05 6.50677029625513e-05 6.53086026431993e-05 6.57173004583456e-05 6.63875034661032e-05 6.71632005833089e-05 6.73382965032943e-05 6.76773997838609e-05 6.77167990943417e-05 6.75694027449936e-05 6.7422202846501e-05 6.72754977131262e-05 6.6910099121742e-05 6.64652980049141e-05 6.6021500970237e-05 6.55807016300969e-05 6.53352035442367e-05 6.508530350402e-05 6.48239001748152e-05 6.45707987132482e-05 6.43403982394375e-05 6.41108999843709e-05 6.38822020846419e-05 6.34597963653505e-05 6.28829002380371e-05 6.23407031525858e-05 6.17788973613642e-05 6.13294032518752e-05 6.07319016125984e-05 6.01403007749468e-05 5.95544006500859e-05 5.87198992434423e-05 5.7897199440049e-05 5.70859992876649e-05 5.62208988412749e-05 5.54284997633658e-05
9.93467983789742e-05 9.83076024567708e-05 9.54550996539183e-05 9.2630296421703e-05 9.00665036169812e-05 8.91403033165261e-05 8.82730964804068e-05 8.74141987878829e-05 8.6563901277259e-05 8.64942994667217e-05 8.65092006279156e-05 8.73934986884706e-05 8.84527980815619e-05 8.94348995643668e-05 8.96397032192908e-05 8.97264981176704e-05 8.9091197878588e-05 8.84030014276505e-05 8.80798033904284e-05 8.7740299932193e-05 8.70841031428427e-05 8.63933964865282e-05 8.56866972753778e-05 8.49740972626023e-05 8.40388966025785e-05 8.30849967314862e-05 8.23246009531431e-05 8.16574029158801e-05 8.12525977380574e-05 8.08496988611296e-05 8.04489973234013e-05 7.97579996287823e-05 7.87843018770218e-05 7.78227986302227e-05 7.68731988500804e-05 7.60160983190872e-05 7.51952029531822e-05 7.43831988074817e-05 7.3580100433901e-05 7.26447979104705e-05 7.17215007171035e-05 7.0809997851029e-05 6.98106014169753e-05 6.8531502620317e-05
0.000138661998789757 0.000136058006319217 0.000132365996250883 0.000127799998153932 0.000123110003187321 0.000121370998385828 0.000120543998491485 0.000118885000119917 0.000117003000923432 0.000117550000140909 0.000118228002975229 0.000118846000987105 0.000119318996439688 0.000119352996989619 0.00011938699753955 0.000118288000521716 0.000117048999527469 0.000116340001113713 0.000115641996671911 0.000114670998300426 0.000113629001134541 0.000112695997813717 0.000111692999780644 0.000110786997538526 0.000109045999124646 0.000107327003206592 0.000105815001006704 0.00010443900100654 0.000104036000266206 0.000103395002952311 0.000102751000667922 0.000101717996585649 0.000100304998341016 9.82744022621773e-05 9.63380007306114e-05 9.46904983720742e-05 9.3027701950632e-05 9.1394002083689e-05 8.98350990610197e-05 8.86609996086918e-05 8.75023979460821e-05 8.63591994857416e-05 8.50408978294581e-05 8.31832003314048e-05
0.00017353800649289 0.000170668005011976 0.000166935002198443 0.000163867996889167 0.000160523006343283 0.000158390001161024 0.00015633599832654 0.00015435999375768 0.000152445005369373 0.000153451997903176 0.000154466004460119 0.000153986999066547 0.000153947999933735 0.000154469002154656 0.000153710003360175 0.00015343600534834 0.000153062996105291 0.000152270993567072 0.000150695006595924 0.000149120998685248 0.000147786005982198 0.000146514998050407 0.000145255005918443 0.000144004996400326 0.000141853000968695 0.000139733994728886 0.000137644994538277 0.000135805006721057 0.000134196001454256 0.000132727000163868 0.000131274005980231 0.000129342995933257 0.000126954997540452 0.000124611004139297 0.000122008001198992 0.000119276999612339 0.000116622002678923 0.000114255999505986 0.000111938999907579 0.000110064996988513 0.00010836999717867 0.000106701001641341 0.000104869002825581 0.000101962999906391
0.000211520993616432 0.000208686993573792 0.000205140997422859 0.000201870003365912 0.000198994006495923 0.000198007997823879 0.000196691995370202 0.000195211003301665 0.000193953994312324 0.000194153006304987 0.000194298001588322 0.000193607003893703 0.00019290299678687 0.000192388994037174 0.000191240003914572 0.000191817001905292 0.000192024002899416 0.000190626000403427 0.000189017999218777 0.000187422992894426 0.000185954006155953 0.000184532997081988 0.000182952993782237 0.000181195006007329 0.000178518006578088 0.000175880006281659 0.000174008993781172 0.000172649000887759 0.000169863997143693 0.000167114005307667 0.00016530099674128 0.000163492994033732 0.000160491996211931 0.000156929992954247 0.000153839006088674 0.0001505010004621 0.000146759004564956 0.000143110999488272 0.000139554002089426 0.000136654998641461 0.000133815992739983 0.000131046996102668 0.00012821500422433 0.00012477400014177
0.000249581993557513 0.000247259013121948 0.000244244001805782 0.000241265996010043 0.000238388995057903 0.000237008003750816 0.000235978994169272 0.000234955004998483 0.000233935003052466 0.000234524006373249 0.000233340004342608 0.000232446996960789 0.000234350998653099 0.000235026993323117 0.000235664992942475 0.000235675004660152 0.000234507999266498 0.000233755999943241 0.00023285299539566 0.0002311069983989 0.000230410994845442 0.00022918899776414 0.000227974000154063 0.000225804993533529 0.00022253800125327 0.000221481997868977 0.000218129993299954 0.000214647996472195 0.000210621001315303 0.000206669996259734 0.000202718001673929 0.000198074994841591 0.000193557993043214 0.000191722007002681 0.000189904007129371 0.000186624994967133 0.000181009992957115 0.000175565000972711 0.000170294006238692 0.000166718004038557 0.000163667995366268 0.000159768998855725 0.000156003996380605 0.000152075997903012
0.000288195995381102 0.000286783993942663 0.000285930989775807 0.000285070011159405 0.000284037989331409 0.000282672001048923 0.000282179011264816 0.000282810011412948 0.000283347006188706 0.000283486006082967 0.000284626992652193 0.000285585992969573 0.000286144000710919 0.000286324007902294 0.000286919006612152 0.000287516013486311 0.000286961003439501 0.000285332003841177 0.000284073001239449 0.000283328001387417 0.000281034008366987 0.000278685009106994 0.000276976003078744 0.000275277008768171 0.000270965014351532 0.000267121999058872 0.000263068010099232 0.000260917993728071 0.000256852013990283 0.000252848985837772 0.000248908007051796 0.000244536000536755 0.000239758999668993 0.000235073996009305 0.000230481993639842 0.000225216994294897 0.000219200999708846 0.000212059996556491 0.000204801006475464 0.000200060996576212 0.000197065994143486 0.000192753999726847 0.000187611993169412 0.000181201001396403
0.00033054398954846 0.000330545997712761 0.000330824987031519 0.000330618990119547 0.000330412003677338 0.000330793001921847 0.00033076701220125 0.000331291987095028 0.000331743998685852 0.000334745011059567 0.000339666003128514 0.000343321007676423 0.000343741994583979 0.000343026011250913 0.000344100990332663 0.000344206986483186 0.000342221988830715 0.00034077899181284 0.000338970014126971 0.000338114012265578 0.000336817000061274 0.000335546006681398 0.0003337970119901 0.00033104998874478 0.000326831010170281 0.000322665990097448 0.000318915001116693 0.000314553995849565 0.000308737013256177 0.000303409993648529 0.00029821100179106 0.000293154997052625 0.000285993999568745 0.000279316009255126 0.000275219004834071 0.000268667994532734 0.000260920001892373 0.00025286601157859 0.000245828996412456 0.000239319997490384 0.000232984006288461 0.000226816002395935 0.000220831992919557 0.000214604006032459
0.000374113005818799 0.000375128991436213 0.000378961995011196 0.000383028003852814 0.000387139007216319 0.00039083999581635 0.000393969006836414 0.000396677991375327 0.000398703996324912 0.000403279002057388 0.000405909988330677 0.000408321997383609 0.000410417007515207 0.000411187007557601 0.00041174900252372 0.000410828011808917 0.000409623986342922 0.000406637002015486 0.000405599013902247 0.000404127000365406 0.000400658987928182 0.000396612012991682 0.000395340990507975 0.000392451998777688 0.000388641987228766 0.000383956008590758 0.000379455013899133 0.000372813985450193 0.000363906001439318 0.000356856005964801 0.000348592002410442 0.000339079007972032 0.00033169100061059 0.000324880005791783 0.000317283003823832 0.000310628995066509 0.000303907989291474 0.00029682699823752 0.000289279007120058 0.000280337990261614 0.000270765012828633 0.000262098998064175 0.000253052014159039 0.000246084993705153
0.000430256011895835 0.000433387991506606 0.000439369003288448 0.000442983990069479 0.000448587001301348 0.000454112014267594 0.000458739988971502 0.000463320990093052 0.000463792006485164 0.000464743003249168 0.000468716985778883 0.000470736995339394 0.000471650011604652 0.000475104985525832 0.000476209010230377 0.00047521700616926 0.000473711988888681 0.000473605992738158 0.000472128012916073 0.000469755002995953 0.00046668600407429 0.00046344700967893 0.000461313989944756 0.000459192000562325 0.000450691994046792 0.00044374298886396 0.000436153000919148 0.000427304010372609 0.000418673997046426 0.000411835993872955 0.000405110011342913 0.00039680500049144 0.000388220010790974 0.000380451005185023 0.000371656002243981 0.000361076003173366 0.000350548012647778 0.000343271007295698 0.000336800003424287 0.000326956011122093 0.000315632001729682 0.000305221998132765 0.000296635000267997 0.000286891998257488
0.000458097987575457 0.0004640810075216 0.000470172002678737 0.000476476998301223 0.000479370995890349 0.000482912000734359 0.000486183998873457 0.000489477999508381 0.000489909027237445 0.000491575978230685 0.000494899984914809 0.000497804023325443 0.000500293972436339 0.000499318004585803 0.000498572015203536 0.000497895001899451 0.000497059023473412 0.000495981017593294 0.000494860985781997 0.000493786996230483 0.000492029008455575 0.00048990297364071 0.000487785990117118 0.000485788012156263 0.000483712996356189 0.000481649010907859 0.000479542009998113 0.000477652007248253 0.000474811007734388 0.000468245998490602 0.000463044008938596 0.000455687986686826 0.000442412012489513 0.000429570995038375 0.000417637987993658 0.000407234998419881 0.000397530006011948 0.000388451997423545 0.000379725999664515 0.000369804998626933 0.000359030003892258 0.000349264999385923 0.00033805999555625 0.000327632005792111
0.000490512989927083 0.000494335021357983 0.00049678998766467 0.000499779009260237 0.000504256982821971 0.000505495991092175 0.000508597993757576 0.000511543999891728 0.000512840982992202 0.000513306993525475 0.000514249026309699 0.00051546300528571 0.000516021973453462 0.000514940998982638 0.000514168001245707 0.000512923987116665 0.000511827995069325 0.000510805984959006 0.000510408019181341 0.000509718025568873 0.000508999975863844 0.000507555028889328 0.00050547398859635 0.000503792020026594 0.000501566973980516 0.000499351997859776 0.000497146975249052 0.000494709005579352 0.00049156101886183 0.000489767000544816 0.000487603014335036 0.000485241995193064 0.000481060007587075 0.000476913992315531 0.000469068996608257 0.000459408998722211 0.000447508005890995 0.000433278997661546 0.000422068987973034 0.000409358995966613 0.000396498013287783 0.000385657011065632 0.000377255986677483 0.00036685899249278
0.000510614016093314 0.000514542974997312 0.000517002015840262 0.000519822002388537 0.000521421025041491 0.000522444024682045 0.000522912014275789 0.000522608985193074 0.000522852002177387 0.000523936003446579 0.000525021983776242 0.000526110990904272 0.000526459014508873 0.000525922980159521 0.000525387993548065 0.000524481001775712 0.000524020986631513 0.000523709983099252 0.000522124988492578 0.000520467001479119 0.00051810999866575 0.000516959989909083 0.000515820982400328 0.000514901999849826 0.000514572020620108 0.000514084997121245 0.000514527026098222 0.00051306199748069 0.000510498997755349 0.000507079996168613 0.000503683986607939 0.000501448987051845 0.000498947978485376 0.000497188011649996 0.000493375002406538 0.000486270000692457 0.000479665992315859 0.000477130000945181 0.000469638005597517 0.000457541987998411 0.000445993995526806 0.00043205200927332 0.000419568998040631 0.000406876002671197
0.000524170987773687 0.000524498987942934 0.000525609008036554 0.00052672199672088 0.000527054013218731 0.000527900992892683 0.000527562981005758 0.00052722601685673 0.000526888994500041 0.00052672199672088 0.00052655499894172 0.000526388001162559 0.00052624597446993 0.00052589998813346 0.000525709008798003 0.000525489973369986 0.000525110983289778 0.000525218027178198 0.000525239971466362 0.00052532198606059 0.00052510597743094 0.000524455972481519 0.000523698981851339 0.000522564980201423 0.000521688023582101 0.000520907982718199 0.00052012997912243 0.000519407971296459 0.000518233980983496 0.000515540014021099 0.000512612983584404 0.000511434976942837 0.000509731005877256 0.000508036988321692 0.000504968978930265 0.00050084397662431 0.000496661989018321 0.000492348975967616 0.000486045988509431 0.000479892012663186 0.000475767999887466 0.000465671997517347 0.000454374996479601 0.000442160991951823
0.000527982017956674 0.000529607990756631 0.00052967801457271 0.000529723009094596 0.000529767014086246 0.000529767014086246 0.000530201999936253 0.000530120974872261 0.000530040997546166 0.000529867014847696 0.000530213990714401 0.000530358985997736 0.000529774988535792 0.000529175973497331 0.000529329990968108 0.000529484008438885 0.000529861019458622 0.000530459976289421 0.000531058991327882 0.000531659985426813 0.000531749974470586 0.000531668018084019 0.000531170982867479 0.000530355027876794 0.000529507000464946 0.000528662989381701 0.000527822994627059 0.000526593008544296 0.000524190021678805 0.000522978021763265 0.00051985599566251 0.000518264016136527 0.000516379019245505 0.00051280198385939 0.000510409008711576 0.000507101998664439 0.000503131013829261 0.00049971102271229 0.000495295971632004 0.000491590995807201 0.000487904995679855 0.00048382199020125 0.000478992995340377 0.00047307601198554
0.000533572980202734 0.000533086014911532 0.000532493984792382 0.000531903002411127 0.000531312020029873 0.000531909987330437 0.00053309602662921 0.000533726008143276 0.000534994003828615 0.000535357976332307 0.000535718980245292 0.000536078005097806 0.000536339997779578 0.000536317005753517 0.000536294013727456 0.000536269973963499 0.000536518986336887 0.00053704297170043 0.000537567015271634 0.000538091000635177 0.000537729007191956 0.000536861014552414 0.000535995990503579 0.000535133993253112 0.000534054008312523 0.000532980018761009 0.000532110978383571 0.000531239027623087 0.000529511016793549 0.000527844997122884 0.000526405987329781 0.00052492500981316 0.000522964983247221 0.000517771986778826 0.000514807004947215 0.000511403020936996 0.000507708988152444 0.00050404598005116 0.000500413996633142 0.000496872002258897 0.000493395025841892 0.000489655009005219 0.000485574011690915 0.000481536990264431
0.000536346982698888 0.000537207000888884 0.000537370971869677 0.00053718697745353 0.000537001993507147 0.000537190993782133 0.000537905027158558 0.000538613996468484 0.000539318018127233 0.000539393979124725 0.000539468019269407 0.000539542001206428 0.000539569009561092 0.000539462023880333 0.000539353990461677 0.000539247004780918 0.000539425003807992 0.000539888977073133 0.000539286993443966 0.000538057007361203 0.000536853971425444 0.0005373660242185 0.000536821025889367 0.000535937026143074 0.000534748018253595 0.000533564016222954 0.000532383972313255 0.000531120982486755 0.000529577024281025 0.000528040982317179 0.000526455987710506 0.000524820992723107 0.000523314985912293 0.000521701003890485 0.000519749999511987 0.000513934006448835 0.00051194301340729 0.000506333017256111 0.000503245973959565 0.000499452988151461 0.000495634973049164 0.000491962011437863 0.000488345976918936 0.000485094002215192
