results/Predictions/Median/Tithonian.asc
NCOLS 360 
NROWS 180 
XLLCORNER -180 
YLLCORNER -90 
CELLSIZE 1 
NODATA_value -3.4e+38 
[rows 152 to 170 of 180, columns 88 to 131 of 360]
1.47188995924807e-06 1.50843004576018e-06 1.54133999785699e-06 1.57197996486502e-06 1.60323997988598e-06 1.63512004291988e-06 1.66954998803703e-06 1.7079700000977e-06 1.74837998656585e-06 1.78974994469172e-06 1.83073996140592e-06 1.87333000667422e-06 1.9207400328014e-06 1.96726000467606e-06 2.00846989173442e-06 2.0505499378487e-06 2.09350992008694e-06 2.12751001527067e-06 2.15302998185507e-06 2.17886008613277e-06 2.2110000372777e-06 2.24477003030188e-06 2.28469002649945e-06 2.32149000112258e-06 2.35815991800337e-06 2.39013002101274e-06 2.42249006987549e-06 2.45523006014992e-06 2.48261994784116e-06 2.49295999310561e-06 2.50335006057867e-06 2.51375990956149e-06 2.51905998993607e-06 2.51921005656186e-06 2.51934989137226e-06 2.51948995355633e-06 2.53115990744845e-06 2.54673000199546e-06 2.56233988693566e-06 2.57801002589986e-06 2.56201997217431e-06 2.54608994509908e-06 2.53019993579073e-06 2.51887990998512e-06
1.30728994918172e-06 1.34168999466056e-06 1.37562994950713e-06 1.40349004595919e-06 1.43192005452875e-06 1.45966998843505e-06 1.48930996601848e-06 1.5202699614747e-06 1.55373004417925e-06 1.58794000526541e-06 1.62276000992279e-06 1.65996004852786e-06 1.69923998782906e-06 1.73683997672924e-06 1.76835999354807e-06 1.80553001882799e-06 1.84367002020736e-06 1.87759997061221e-06 1.90519995157956e-06 1.92762990991469e-06 1.95032998817624e-06 1.97744998331473e-06 2.00635008695826e-06 2.03564991352323e-06 2.06266008717648e-06 2.08663004741538e-06 2.11086990020704e-06 2.13694988815405e-06 2.16134003494517e-06 2.16643002204364e-06 2.17153001358383e-06 2.17663000512403e-06 2.17991009776597e-06 2.18133004636911e-06 2.18275999941397e-06 2.18418995245884e-06 2.19018011193839e-06 2.19771004594804e-06 2.20362994696188e-06 2.20831998376525e-06 2.19838989323762e-06 2.18842001231678e-06 2.17999991036777e-06 2.17636988963932e-06
1.16384001103143e-06 1.19033995815698e-06 1.22077995001746e-06 1.24980999771651e-06 1.27377995795541e-06 1.2985000239496e-06 1.32630998450622e-06 1.35429002057208e-06 1.38266000249132e-06 1.41048997193138e-06 1.44340003771504e-06 1.47708999520546e-06 1.51156996253121e-06 1.54447002387315e-06 1.57081001361803e-06 1.59759997586661e-06 1.63047002388339e-06 1.65967003340484e-06 1.68045994541899e-06 1.69829002061306e-06 1.71631995726784e-06 1.73814999016031e-06 1.76147000274796e-06 1.78509003490035e-06 1.80838003416284e-06 1.82671999482409e-06 1.84615998932713e-06 1.86812997071684e-06 1.88624005659221e-06 1.89082004453667e-06 1.89164995845204e-06 1.89247998605424e-06 1.8943900386148e-06 1.89735999356344e-06 1.9003399529538e-06 1.90330001714756e-06 1.90166997526831e-06 1.89843001408008e-06 1.89482000223506e-06 1.89110005521798e-06 1.88577996595996e-06 1.87989996902616e-06 1.86922000011691e-06 1.87032003395871e-06
1.04313005522272e-06 1.0699700396799e-06 1.09555003291462e-06 1.11943995761976e-06 1.14353997560102e-06 1.16441003683576e-06 1.18746004318382e-06 1.21138998565584e-06 1.23621998682211e-06 1.26135000755312e-06 1.29121997360926e-06 1.32132004182495e-06 1.35085997499118e-06 1.3792199524687e-06 1.40254996949807e-06 1.42627004606766e-06 1.45038995924551e-06 1.47234004543861e-06 1.4922500213288e-06 1.50751998262422e-06 1.52295001498715e-06 1.53974997374462e-06 1.55713996718987e-06 1.57472004502779e-06 1.59247997544298e-06 1.60623994815978e-06 1.61830996603385e-06 1.63047002388339e-06 1.64182995376905e-06 1.65055996603769e-06 1.65934000051493e-06 1.66365998666151e-06 1.67649000104575e-06 1.69835004726338e-06 1.72045997715031e-06 1.74282001808024e-06 1.75116997525038e-06 1.75478999153711e-06 1.75824004600145e-06 1.75452998973924e-06 1.70615999195434e-06 1.66426002579101e-06 1.62568994710455e-06 1.56746000357089e-06
9.42136978210328e-07 9.65441017797275e-07 9.87493990578514e-07 1.00818999726471e-06 1.02906994925434e-06 1.0509500043554e-06 1.07196001408738e-06 1.09277004867181e-06 1.11272004232887e-06 1.13022997538792e-06 1.15498994546215e-06 1.1831200481538e-06 1.20861000141304e-06 1.23286997677496e-06 1.25577003018407e-06 1.2788799494956e-06 1.30137004816788e-06 1.31907995637448e-06 1.33244998323789e-06 1.34740002977196e-06 1.36259995997534e-06 1.37464996896597e-06 1.38599000365502e-06 1.39741996463272e-06 1.40893996558589e-06 1.4179299796524e-06 1.42697001592751e-06 1.43283000397787e-06 1.44037005611608e-06 1.45046999477927e-06 1.46132003919774e-06 1.47225000546314e-06 1.50409005073016e-06 1.55818997882307e-06 1.61423997724341e-06 1.67277005402866e-06 1.70789996900567e-06 1.73068997355585e-06 1.75215996023326e-06 1.77160995917802e-06 1.64607001806871e-06 1.52444999912404e-06 1.43203999414254e-06 1.30859996261279e-06
8.54881989198475e-07 8.74848012699658e-07 8.93732988060947e-07 9.09560014861199e-07 9.25420010844391e-07 9.4403600314763e-07 9.61767000262626e-07 9.79404944700946e-07 9.97365987132071e-07 1.01547004760505e-06 1.035209947986e-06 1.05611002254591e-06 1.07692994788522e-06 1.09750999399694e-06 1.11650001599628e-06 1.13580995275697e-06 1.15546004053613e-06 1.17307001801237e-06 1.18854995889706e-06 1.20423999305785e-06 1.2191800351502e-06 1.22737003493967e-06 1.23661004636233e-06 1.24317000427254e-06 1.24976997994963e-06 1.25335998291121e-06 1.2569599903145e-06 1.25931001093704e-06 1.26555994484079e-06 1.2818600225728e-06 1.29690999983723e-06 1.31214994780748e-06 1.35293998937414e-06 1.42169994887809e-06 1.50995003878052e-06 1.6019199620132e-06 1.65529002060794e-06 1.69652003023657e-06 1.73877003817324e-06 1.77694005287776e-06 1.57694000790798e-06 1.39603002935473e-06 1.25810004192317e-06 1.08181995983614e-06
7.23645996458799e-07 7.3367897357457e-07 7.43151986171142e-07 7.52040023144218e-07 7.62491026762291e-07 7.73103010942577e-07 7.85984980211651e-07 7.99804979578767e-07 8.13869007743051e-07 8.25993026865035e-07 8.48777006012824e-07 8.75471982908493e-07 9.021990194924e-07 9.27703979414218e-07 9.52697007505776e-07 9.79317974270089e-07 1.00711997674807e-06 1.03140996543516e-06 1.05163996977353e-06 1.06930997390009e-06 1.08803999410156e-06 1.1037500371458e-06 1.11758004095464e-06 1.12962004550354e-06 1.14177998966625e-06 1.13534997581155e-06 1.12502004867565e-06 1.11478004782839e-06 1.09658003566437e-06 1.0593799970593e-06 1.02703995707998e-06 9.89935983852774e-07 9.60002012106997e-07 9.36992989863938e-07 9.16102010251052e-07 8.95676009804447e-07 8.64133028244396e-07 8.37358982153091e-07 8.11424001767591e-07 7.80930008659197e-07 6.88030013407115e-07 6.06285993853817e-07 5.416180215434e-07 4.75533994404032e-07
6.17412013070862e-07 6.2016198398851e-07 6.23506991814793e-07 6.27456984148012e-07 6.31431021247408e-07 6.35430978945806e-07 6.43743987893686e-07 6.53620986668102e-07 6.63666014588671e-07 6.75598982979864e-07 7.02127010754339e-07 7.29704026980471e-07 7.59031024699652e-07 7.89106991305744e-07 8.15456985492347e-07 8.44454973503161e-07 8.74490979185794e-07 9.01012981557869e-07 9.23638992844644e-07 9.47573994380946e-07 9.7293695944245e-07 9.90699049907562e-07 1.00760996701865e-06 1.02565002180199e-06 1.04014998214552e-06 1.02419005543197e-06 1.0078599643748e-06 9.89698037301423e-07 9.54956021814723e-07 8.74176009801886e-07 8.08549998509989e-07 7.55215978642809e-07 6.91009972797474e-07 6.24236008661683e-07 5.69233009173331e-07 5.18159026796638e-07 4.74079996592991e-07 4.31567002578959e-07 3.90423991802891e-07 3.50735007259573e-07 3.08175003738143e-07 2.68540986780863e-07 2.34487004036055e-07 2.03694995093429e-07
4.7629501409574e-07 4.76107004487858e-07 4.76736005339262e-07 4.78187985208933e-07 4.79643972539634e-07 4.81103995753074e-07 4.86779015318461e-07 4.93949016799888e-07 5.01224974414072e-07 5.08608025029389e-07 5.40060000275844e-07 5.70710994907131e-07 6.02310990416299e-07 6.34520006315142e-07 6.66148025629809e-07 7.02709996858175e-07 7.41290023142938e-07 7.7574100032507e-07 8.04096998763271e-07 8.30220017178362e-07 8.6406197397082e-07 8.89835973794106e-07 9.13157975901413e-07 9.36420974539942e-07 9.61131036092411e-07 9.39838002977922e-07 9.18518026082893e-07 8.97682014056045e-07 8.56303984164697e-07 7.75193996105372e-07 6.94352991104097e-07 6.21985975612915e-07 5.54386019757658e-07 4.85391979054839e-07 4.28328007728851e-07 3.71090010276021e-07 3.26446013332315e-07 2.88644002921501e-07 2.53616008194513e-07 2.23930001652661e-07 1.9521499439179e-07 1.70739994587166e-07 1.46684001833819e-07 1.27397001392637e-07
3.38142001510278e-07 3.36976000880895e-07 3.36140999479539e-07 3.3563298984518e-07 3.35126003392361e-07 3.34113991584672e-07 3.36113998855581e-07 3.36763008590424e-07 3.38594986715179e-07 3.40436997703364e-07 3.74964002958222e-07 4.10289999308588e-07 4.47257008318047e-07 4.89390004076995e-07 5.29522026226914e-07 5.69935991734383e-07 6.11709992881515e-07 6.52551989333006e-07 6.90987974394375e-07 7.3170298264813e-07 7.74830994032527e-07 8.03801981419383e-07 8.30088026759768e-07 8.62414026414626e-07 8.95998994110414e-07 8.75770012953581e-07 8.55997996040969e-07 8.3667197259274e-07 8.01839973973983e-07 7.12581993411732e-07 6.3017199636306e-07 5.61993999781407e-07 4.94933999561908e-07 4.37718995272007e-07 3.77047001620667e-07 3.26633994518488e-07 2.89812987830373e-07 2.57285989846423e-07 2.2835500601559e-07 2.02628001488847e-07 1.79294005420161e-07 1.57368006625802e-07 1.35395993083876e-07 2.30335008382099e-05
2.30951997082229e-07 2.29856993883004e-07 2.28798000989627e-07 2.27650005513169e-07 2.26755005883206e-07 2.25741004555857e-07 2.25899000838581e-07 2.26449003548623e-07 2.27000001018496e-07 2.27553002218883e-07 2.5907598910635e-07 2.93261990691462e-07 3.31794012708997e-07 3.78664992695121e-07 4.16338991726661e-07 4.58534998415416e-07 5.09645985857787e-07 5.55901010557136e-07 5.94340008319705e-07 6.40481005120819e-07 6.91811976594181e-07 7.30633985313034e-07 7.65874005992373e-07 7.97114012129896e-07 8.33636022434803e-07 8.15444025192846e-07 7.99674012341711e-07 7.86406019415153e-07 7.5030698098999e-07 6.55054009257583e-07 5.74209025216987e-07 5.06457013216277e-07 4.4816300714956e-07 3.89271008316427e-07 3.32984996020969e-07 2.89100995587432e-07 2.56200991088917e-07 2.29156995601443e-07 2.0488600682711e-07 1.8018299385858e-07 1.58966997787502e-07 1.40842004725528e-07 3.00786996376701e-05 0.00025686901062727
1.52485000626257e-07 1.52230001049247e-07 1.52105002371172e-07 1.52110999351862e-07 1.52113997842207e-07 1.52113003082377e-07 1.5229200300837e-07 1.52528002672625e-07 1.52759994875851e-07 1.52989002799586e-07 1.74961002130658e-07 2.01424995793786e-07 2.31006993089977e-07 2.67410996457329e-07 3.13898993908879e-07 3.70846009900561e-07 4.28318003287131e-07 4.86357009776839e-07 5.40860980891011e-07 5.95118024193653e-07 6.63394018829422e-07 7.08811001004506e-07 7.46422983866069e-07 7.82743995841884e-07 8.22288996005227e-07 8.06523019036831e-07 7.94498987488623e-07 7.84586006830068e-07 7.52655978430994e-07 6.56314000480052e-07 5.72318981539865e-07 5.02357011100685e-07 4.39756007608594e-07 3.7723799550804e-07 3.20656994290403e-07 2.73812986506528e-07 2.42117010884613e-07 2.16928995655508e-07 1.94259001773389e-07 1.71758003375544e-07 1.50366005868818e-07 3.94828987282381e-07 0.000259635999100283 0.000260622007772326
1.02267996737737e-07 1.02478999508548e-07 1.02802999890628e-07 1.03239997883975e-07 1.03677002982749e-07 1.04112999110839e-07 1.04304000103639e-07 1.04408997003702e-07 1.04511002518848e-07 1.04576997728145e-07 1.21501997796258e-07 1.4103700607393e-07 1.62888994736932e-07 1.93350999211361e-07 2.34555002975867e-07 2.92654988243157e-07 3.645020001386e-07 4.27146005677059e-07 4.87144006910967e-07 5.57353985186637e-07 6.36149025012855e-07 6.87643989749631e-07 7.27467977412743e-07 7.6863602771482e-07 8.11096981578885e-07 7.97698987753392e-07 7.89358011843433e-07 7.84582027790748e-07 7.56353983888403e-07 6.57509986012883e-07 5.69898020330584e-07 4.95227993724257e-07 4.3008299144276e-07 3.65059008800017e-07 3.08784990465938e-07 2.5931200298146e-07 2.28798000989627e-07 2.05651005558138e-07 1.84184003160226e-07 1.63729993118977e-07 1.44414997294007e-07 0.000166530997375958 0.000264631991740316 -3.4e+38
8.39258973428514e-08 8.42725995653382e-08 8.47349994614888e-08 8.53137009926286e-08 8.58942996728729e-08 8.6476802607649e-08 8.51792023581766e-08 8.30320985301114e-08 7.93132031162713e-08 7.50717035202797e-08 9.24446013073066e-08 1.06167000524238e-07 1.21563999755381e-07 1.41794998853584e-07 1.7492399706498e-07 2.18878000168843e-07 2.76528993481406e-07 3.37530991600943e-07 3.90068009892275e-07 4.45929998704742e-07 5.09848973706539e-07 5.45992008937901e-07 5.73115016777592e-07 6.01589022153348e-07 6.33074989764282e-07 6.25107986707008e-07 6.17243017586588e-07 6.09477012858406e-07 5.83963981171109e-07 5.11237999489822e-07 4.50500010629185e-07 4.00315002480056e-07 3.4909299984065e-07 3.02225004134016e-07 2.58504002204063e-07 2.20274998241621e-07 1.97850994254622e-07 1.78343995571595e-07 1.60149994599124e-07 1.40620002753167e-07 1.28994003034677e-07 1.80276998662521e-07 0.000222935996134765 0.000221145994146354
0.000200070004211739 -3.4e+38 -3.4e+38 -3.4e+38 -3.4e+38 -3.4e+38 -3.4e+38 -3.4e+38 -3.4e+38 -3.4e+38 -3.4e+38 0.000197956003830768 0.000128726998809725 1.15001000722259e-07 1.29181003671874e-07 1.56031006781632e-07 1.92832999346138e-07 2.26563997784979e-07 2.60874003288336e-07 3.00387000606861e-07 3.4418900440869e-07 3.64668011343383e-07 3.76109994704166e-07 3.87914013799673e-07 4.00091010988035e-07 3.88582009236416e-07 3.76456000594771e-07 3.66621009106893e-07 3.50649997926666e-07 3.17683003459024e-07 2.87814998500835e-07 2.59487990206253e-07 2.32933999200213e-07 2.09196997502659e-07 1.88203003403942e-07 1.68347000339963e-07 1.53705002503557e-07 1.39055998715776e-07 1.26931993804646e-07 1.16617997036883e-07 1.06412997524785e-07 9.63897974770589e-08 8.73120029609709e-08 1.36759993552005e-07
-3.4e+38 -3.4e+38 -3.4e+38 -3.4e+38 -3.4e+38 -3.4e+38 -3.4e+38 -3.4e+38 -3.4e+38 0.000114059002953582 0.000125152000691742 5.87231006647926e-05 4.79356003779685e-07 7.58119966803861e-08 9.22322982432888e-08 1.12032999766143e-07 1.33094999910099e-07 1.54226000859126e-07 1.74915001593945e-07 1.98376994831051e-07 2.24985996055693e-07 2.35626998801308e-07 2.40307002741247e-07 2.45079007754612e-07 2.49945998120893e-07 2.39776994703789e-07 2.29986000022109e-07 2.21365993979816e-07 2.11772004377053e-07 1.96113006722953e-07 1.79842004399688e-07 1.64797995694244e-07 1.5205499437343e-07 1.43067993008117e-07 1.33243005961958e-07 1.25298001307783e-07 1.17412000122386e-07 1.09634001432823e-07 1.00449000228764e-07 9.32690014110449e-08 8.58680024862224e-08 7.79733966282947e-08 7.04403007034671e-08 6.34491001960669e-08
-3.4e+38 -3.4e+38 -3.4e+38 9.70245964708738e-05 9.97224997263402e-05 0.000101762001577299 0.000105425002402626 1.58139991981443e-05 9.77727978579424e-08 5.4731099652372e-08 5.37981001969001e-08 5.62720003927097e-08 5.89284994134687e-08 6.33405008443333e-08 7.16635994990611e-08 8.10815024010481e-08 9.1738598939628e-08 1.03921998118039e-07 1.1534000066149e-07 1.26795001165192e-07 1.39514000352392e-07 1.46847000337402e-07 1.52542000364519e-07 1.58453005383308e-07 1.64439995842258e-07 1.57629997943332e-07 1.5253100116297e-07 1.49255996007014e-07 1.44964005244219e-07 1.37753005446939e-07 1.30312002966093e-07 1.23107994909333e-07 1.1631600216333e-07 1.10880996828655e-07 1.06004996780484e-07 1.01345996483815e-07 9.45981000199936e-08 8.33812023870451e-08 7.6583496877447e-08 7.03401994428532e-08 6.76620999229272e-08 6.50888978270814e-08 6.26162020012089e-08 6.08127024293026e-08
4.8766800375688e-08 3.80533009547435e-08 3.76656004164033e-08 3.99972996945053e-08 4.26510986528683e-08 4.61281004504599e-08 4.94999987665778e-08 5.14641982363173e-08 5.23969987398232e-08 5.16268983119517e-08 5.26165990777372e-08 5.3625498708243e-08 5.46539986601147e-08 5.60661987947242e-08 5.86497996835078e-08 6.1354000990832e-08 6.41842987647578e-08 6.75442990427655e-08 7.21019972615977e-08 7.73143966625867e-08 8.29040018857086e-08 8.80286989968226e-08 9.31648997948287e-08 9.8601198317283e-08 1.02720001393664e-07 1.03255999306384e-07 9.39054984883114e-08 9.10372008888771e-08 8.95893990104923e-08 8.67316032326926e-08 8.39649985096003e-08 8.12867000377082e-08 7.84229001737913e-08 7.53994982005679e-08 7.24929023476761e-08 6.96983022407949e-08 6.61755024111699e-08 6.23375981945173e-08 5.81499008944775e-08 5.32847010958903e-08 5.3251699938528e-08 5.19961993461493e-08 5.07704989161084e-08 5.19409013577388e-08
3.35980985255446e-08 3.29659002318294e-08 3.43944996927803e-08 3.97741999336176e-08 4.26228012884167e-08 4.5629999334551e-08 4.93147993552157e-08 5.10115008012235e-08 5.20781000545867e-08 5.15268006040515e-08 5.18552987216481e-08 5.21441982925808e-08 5.15907991882614e-08 5.10307991419268e-08 5.1078600904475e-08 5.11263991143096e-08 5.11743003528409e-08 5.32625996640945e-08 5.76443994759757e-08 6.132940200132e-08 6.39322976780932e-08 6.8030402644581e-08 7.23953021974921e-08 7.57706999365837e-08 7.77273001517642e-08 7.35470990775866e-08 7.14506995791453e-08 6.82828016351777e-08 6.37426964544829e-08 6.25261975528701e-08 6.27863983027055e-08 6.18095015170184e-08 6.10694002034506e-08 6.03945977672993e-08 6.09929031725187e-08 7.1409999691241e-08 6.94358988084787e-08 7.19515966807194e-08 1.68564994851295e-07 1.88995002758929e-07 1.69657994320005e-07 1.67964003594534e-07 1.87601997936326e-07 1.96691999576615e-07
