results/Predictions/Median/Toarcian.asc
NCOLS 360 
NROWS 180 
XLLCORNER -180 
YLLCORNER -90 
CELLSIZE 1 
NODATA_value -3.4e+38 
[rows 120 to 139 of 180, columns 132 to 175 of 360]
0.000156241003423929 0.000149936997331679 0.000141835000249557 0.000135119000333361 0.000128664993098937 0.000122518002172001 0.000116584997158498 0.000110738998046145 0.000105090999568347 9.96953021967784e-05 9.54576025833376e-05 9.16911012609489e-05 8.75214973348193e-05 8.40622014948167e-05 7.97952016000636e-05 7.71074992371723e-05 7.49760001781397e-05 7.3382499977015e-05 6.40393991488963e-05 5.29614007973578e-05 4.43614990217611e-05 0.0796028003096581 0.0797787979245186 -3.4e+38 -3.4e+38 -3.4e+38 -3.4e+38 -3.4e+38 -3.4e+38 -3.4e+38 -3.4e+38 -3.4e+38 -3.4e+38 -3.4e+38 -3.4e+38 -3.4e+38 -3.4e+38 -3.4e+38 -3.4e+38 -3.4e+38 -3.4e+38 -3.4e+38 -3.4e+38 -3.4e+38
0.000145875004818663 0.000139644005685113 0.000132632994791493 0.000127013001474552 0.000121081000543199 0.000115187998744659 0.00010957800259348 0.000104193000879604 9.8382297437638e-05 9.3153998022899e-05 8.89781003934331e-05 8.47254996187985e-05 8.06234966148622e-05 7.66985976952128e-05 7.28403028915636e-05 7.03551995684393e-05 6.88142972649075e-05 6.74360999255441e-05 5.90878007642459e-05 4.93025981995743e-05 4.15171016356908e-05 0.0753251016139984 0.076689600944519 -3.4e+38 -3.4e+38 -3.4e+38 -3.4e+38 -3.4e+38 -3.4e+38 -3.4e+38 -3.4e+38 -3.4e+38 -3.4e+38 -3.4e+38 -3.4e+38 -3.4e+38 -3.4e+38 -3.4e+38 -3.4e+38 -3.4e+38 -3.4e+38 -3.4e+38 -3.4e+38 -3.4e+38
0.000137288006953895 0.000130375003209338 0.000123812002129853 0.000118648997158743 0.000113752998004202 0.000108237996755634 0.000102992002211977 9.74506983766332e-05 9.20383972697891e-05 8.69279028847814e-05 8.23564987513237e-05 7.89971018093638e-05 7.45256984373555e-05 7.10207023075782e-05 6.72195019433275e-05 6.43016974208876e-05 6.22121006017551e-05 6.05472014285624e-05 5.34532009623945e-05 4.61349009128753e-05 3.92475994885899e-05 0.0718042030930519 0.0734053030610085 0.0745941996574402 -3.4e+38 -3.4e+38 -3.4e+38 -3.4e+38 -3.4e+38 -3.4e+38 -3.4e+38 -3.4e+38 -3.4e+38 -3.4e+38 -3.4e+38 -3.4e+38 -3.4e+38 -3.4e+38 -3.4e+38 -3.4e+38 -3.4e+38 -3.4e+38 -3.4e+38 -3.4e+38
0.000122359997476451 0.00011737799650291 0.000112052999611478 0.00010663900320651 0.0001024450029945 9.8012802482117e-05 9.4000599347055e-05 9.01366001926363e-05 8.47660994622856e-05 8.01573987700976e-05 7.68499012337998e-05 7.32812986825593e-05 6.9255598646123e-05 6.63785031065345e-05 6.28587004030123e-05 5.9978301578667e-05 5.80375017307233e-05 5.56513004994486e-05 4.9988000682788e-05 4.25373982579913e-05 3.67948014172725e-05 0.0647671967744827 -3.4e+38 0.0719195976853371 -3.4e+38 -3.4e+38 -3.4e+38 -3.4e+38 -3.4e+38 -3.4e+38 -3.4e+38 -3.4e+38 -3.4e+38 -3.4e+38 -3.4e+38 -3.4e+38 -3.4e+38 -3.4e+38 -3.4e+38 -3.4e+38 -3.4e+38 -3.4e+38 -3.4e+38 -3.4e+38
0.000111075001768768 0.000106443003460299 0.000102222998975776 9.7345000540372e-05 9.27845976548269e-05 8.85222980286926e-05 8.42950030346401e-05 8.05029994808137e-05 7.76513988967054e-05 7.39151000743732e-05 7.09641972207464e-05 6.74674010952003e-05 6.45124964648858e-05 6.21845974819735e-05 5.89449009567033e-05 5.59293002879713e-05 5.34649007022381e-05 5.11580001330003e-05 4.58991016785149e-05 3.95878996641841e-05 3.45720000041183e-05 0.00117701000999659 -3.4e+38 0.0681509971618652 -3.4e+38 -3.4e+38 -3.4e+38 -3.4e+38 -3.4e+38 -3.4e+38 -3.4e+38 -3.4e+38 -3.4e+38 -3.4e+38 -3.4e+38 -3.4e+38 -3.4e+38 -3.4e+38 -3.4e+38 -3.4e+38 -3.4e+38 -3.4e+38 -3.4e+38 -3.4e+38
9.70225009950809e-05 9.30347014218569e-05 8.92179014044814e-05 8.56197002576664e-05 8.2077196566388e-05 7.86817035987042e-05 7.54270004108548e-05 7.23436023690738e-05 6.93973997840658e-05 6.63703976897523e-05 6.40275975456461e-05 6.17779005551711e-05 5.97352009208407e-05 5.7328499678988e-05 5.45526017958764e-05 5.17502012371551e-05 4.95808017149102e-05 4.72114988951944e-05 4.31644984928425e-05 3.74308983737137e-05 3.28991009155288e-05 2.86573995254003e-05 0.0609064996242523 0.0633525997400284 0.0627970993518829 -3.4e+38 -3.4e+38 -3.4e+38 -3.4e+38 -3.4e+38 -3.4e+38 -3.4e+38 -3.4e+38 -3.4e+38 -3.4e+38 -3.4e+38 -3.4e+38 -3.4e+38 -3.4e+38 -3.4e+38 -3.4e+38 -3.4e+38 -3.4e+38 -3.4e+38
8.40931970742531e-05 8.06325988378376e-05 7.73146020947024e-05 7.41640978958458e-05 7.11719985702075e-05 6.83007965562865e-05 6.56237025395967e-05 6.3425199186895e-05 6.13751981290989e-05 5.89470982959028e-05 5.65219997952227e-05 5.43319983989932e-05 5.24263996339869e-05 5.11426987941377e-05 4.96766988362651e-05 4.72005012852605e-05 4.50840016128495e-05 4.30151012551505e-05 3.95556016883347e-05 3.49477995769121e-05 3.06910988001619e-05 2.73295991064515e-05 0.0462589003145695 -3.4e+38 0.0593443997204304 -3.4e+38 -3.4e+38 -3.4e+38 -3.4e+38 -3.4e+38 -3.4e+38 -3.4e+38 -3.4e+38 -3.4e+38 -3.4e+38 -3.4e+38 -3.4e+38 -3.4e+38 -3.4e+38 -3.4e+38 -3.4e+38 -3.4e+38 -3.4e+38 -3.4e+38
7.26681028027087e-05 7.00852979207411e-05 6.75948031130247e-05 6.51368973194622e-05 6.271470192587e-05 6.01604988332838e-05 5.73930010432377e-05 5.50098011444788e-05 5.32193007529713e-05 5.16323998454027e-05 4.98055014759302e-05 4.824159987038e-05 4.7069199354155e-05 4.56183006463107e-05 4.45332989329472e-05 4.31761982326861e-05 4.1157200030284e-05 3.9419701352017e-05 3.64422012353316e-05 3.26513982145116e-05 2.92567001451971e-05 2.58299005508889e-05 2.99285002256511e-05 0.0443364009261131 0.0396696999669075 -3.4e+38 -3.4e+38 -3.4e+38 -3.4e+38 -3.4e+38 -3.4e+38 -3.4e+38 -3.4e+38 -3.4e+38 -3.4e+38 -3.4e+38 -3.4e+38 -3.4e+38 -3.4e+38 -3.4e+38 -3.4e+38 -3.4e+38 -3.4e+38 -3.4e+38
6.17580008110963e-05 5.97286016272847e-05 5.7766301324591e-05 5.57712010049727e-05 5.36521984031424e-05 5.15819010615814e-05 4.95919011882506e-05 4.78299007227179e-05 4.61794006696437e-05 4.45861987827811e-05 4.30481995863374e-05 4.18570016336162e-05 4.08972009608988e-05 3.98041011067107e-05 3.90579007216729e-05 3.76977004634682e-05 3.6912300856784e-05 3.55896991095506e-05 3.32527015416417e-05 3.06705005641561e-05 2.82434994005598e-05 2.59727003140142e-05 2.21218997467076e-05 0.0397518016397953 0.0364478006958961 -3.4e+38 -3.4e+38 -3.4e+38 -3.4e+38 -3.4e+38 -3.4e+38 -3.4e+38 -3.4e+38 -3.4e+38 -3.4e+38 -3.4e+38 -3.4e+38 -3.4e+38 -3.4e+38 -3.4e+38 -3.4e+38 -3.4e+38 -3.4e+38 -3.4e+38
5.12623992108274e-05 4.97262008138932e-05 4.82362993352581e-05 4.6666700654896e-05 4.50281004304998e-05 4.34473986388184e-05 4.19224015786313e-05 4.05411992687732e-05 3.9352300518658e-05 3.81981990358327e-05 3.70779998775106e-05 3.63200997526292e-05 3.55724987457506e-05 3.51726994267665e-05 3.47603017871734e-05 3.34754004143178e-05 3.26492008753121e-05 3.14962017000653e-05 3.03433007502463e-05 2.89088002318749e-05 2.74617996183224e-05 2.6087100195582e-05 2.16303997149225e-05 0.0393395014107227 0.0375167988240719 0.0333683006465435 0.0334049016237259 -3.4e+38 -3.4e+38 -3.4e+38 -3.4e+38 -3.4e+38 -3.4e+38 -3.4e+38 -3.4e+38 -3.4e+38 -3.4e+38 -3.4e+38 -3.4e+38 -3.4e+38 -3.4e+38 -3.4e+38 -3.4e+38 -3.4e+38
4.35883011959959e-05 4.2523901356617e-05 4.14854985137936e-05 4.03474004997406e-05 3.91190988011658e-05 3.79281991627067e-05 3.67735992767848e-05 3.56245000148192e-05 3.43331012118142e-05 3.30881011905149e-05 3.21560000884347e-05 3.14813005388714e-05 3.08048984152265e-05 3.03343003906775e-05 3.01445998047711e-05 2.9508200896089e-05 2.88040992018068e-05 2.82604996755254e-05 2.78046991297742e-05 2.71182998403674e-05 2.65127000602661e-05 2.64711998170242e-05 2.12724007724319e-05 0.040939100086689 0.0376100018620491 0.0339079983532429 0.0337705984711647 0.0337258987128735 0.0341056995093822 -3.4e+38 -3.4e+38 -3.4e+38 -3.4e+38 -3.4e+38 -3.4e+38 -3.4e+38 -3.4e+38 -3.4e+38 -3.4e+38 -3.4e+38 -3.4e+38 -3.4e+38 -3.4e+38 -3.4e+38
3.63489016308449e-05 3.56714008376002e-05 3.50066002283711e-05 3.41923987434711e-05 3.31185001414269e-05 3.20783983625006e-05 3.10709001496434e-05 3.00592000712641e-05 2.93439006782137e-05 2.86566992144799e-05 2.79855994449463e-05 2.77008002740331e-05 2.70730997726787e-05 2.64596001215978e-05 2.61574004980503e-05 2.55764007306425e-05 2.53036996582523e-05 2.47499992838129e-05 2.47381994995521e-05 2.52408008236671e-05 2.59431999438675e-05 2.59696007560706e-05 2.1392999769887e-05 0.0411747992038727 0.0380081012845039 0.0332258008420467 0.0333410017192364 0.0335165001451969 0.0346542000770569 -3.4e+38 -3.4e+38 -3.4e+38 -3.4e+38 -3.4e+38 -3.4e+38 -3.4e+38 -3.4e+38 -3.4e+38 -3.4e+38 -3.4e+38 -3.4e+38 -3.4e+38 -3.4e+38 -3.4e+38
2.99473995255539e-05 2.95093996101059e-05 2.90076004603179e-05 2.84380002995022e-05 2.78722000075504e-05 2.73176992777735e-05 2.67741997959092e-05 2.62219000433106e-05 2.56746006925823e-05 2.5041599656106e-05 2.43995000346331e-05 2.39860000874614e-05 2.35628995142179e-05 2.31745998462429e-05 2.28751996473875e-05 2.2560599973076e-05 2.23594997805776e-05 2.20366000576178e-05 2.22638991544954e-05 2.32350994338049e-05 2.48987998929806e-05 2.53667003562441e-05 2.27584005187964e-05 0.0387056991457939 -3.4e+38 0.0342531986534595 0.0319661982357502 0.032685898244381 0.0340296998620033 -3.4e+38 -3.4e+38 -3.4e+38 -3.4e+38 -3.4e+38 -3.4e+38 -3.4e+38 -3.4e+38 -3.4e+38 -3.4e+38 -3.4e+38 -3.4e+38 -3.4e+38 -3.4e+38 -3.4e+38
2.49824006459676e-05 2.47098996624118e-05 2.44404000113718e-05 2.40800000028685e-05 2.36171999858925e-05 2.31633002840681e-05 2.2718200852978e-05 2.23300994548481e-05 2.19645007746294e-05 2.16049993468914e-05 2.11706992558902e-05 2.0835699615418e-05 2.06923996302066e-05 2.06438999157399e-05 2.02895007532788e-05 1.97492008737754e-05 1.92689003597479e-05 1.87150999408914e-05 1.85418994078645e-05 1.94262993318262e-05 2.02202008949826e-05 2.14465999306412e-05 1.84461005119374e-05 3.02950993500417e-05 -3.4e+38 0.0290024001151323 0.0280677992850542 0.0301681999117136 -3.4e+38 -3.4e+38 -3.4e+38 -3.4e+38 -3.4e+38 -3.4e+38 -3.4e+38 -3.4e+38 -3.4e+38 -3.4e+38 -3.4e+38 -3.4e+38 -3.4e+38 -3.4e+38 -3.4e+38 -3.4e+38
2.10528996831272e-05 2.09060999623034e-05 2.07602006412344e-05 2.05167998501565e-05 2.01792008738266e-05 1.98471007024636e-05 1.95204993360676e-05 1.92252991837449e-05 1.89618003787473e-05 1.87169007404009e-05 1.84753007488325e-05 1.8248299966217e-05 1.80042006832082e-05 1.78460995812202e-05 1.76880002982216e-05 1.71018000401091e-05 1.64921002578922e-05 1.59312003233936e-05 1.57634003699059e-05 1.60223007696914e-05 1.63483000505948e-05 1.76033991010627e-05 1.50324003698188e-05 1.3185899661039e-05 0.0155651001259685 0.0235713999718428 0.0250204000622034 -3.4e+38 -3.4e+38 -3.4e+38 -3.4e+38 -3.4e+38 -3.4e+38 -3.4e+38 -3.4e+38 -3.4e+38 -3.4e+38 -3.4e+38 -3.4e+38 -3.4e+38 -3.4e+38 -3.4e+38 -3.4e+38 -3.4e+38
1.77063993760385e-05 1.76587000169093e-05 1.76051999005722e-05 1.7450600353186e-05 1.7197999113705e-05 1.69481008924777e-05 1.67006000992842e-05 1.6608799342066e-05 1.64630000654142e-05 1.62556007126113e-05 1.60506006068317e-05 1.58612001541769e-05 1.57009999384172e-05 1.56173991854303e-05 1.5436200555996e-05 1.4967499737395e-05 1.44959003591794e-05 1.40689999170718e-05 1.38567002068157e-05 1.39469002533588e-05 1.41752998388256e-05 1.48617000377271e-05 1.30745002024923e-05 1.1570000424399e-05 1.04386999737471e-05 1.04886003100546e-05 0.0210331995040178 -3.4e+38 -3.4e+38 -3.4e+38 -3.4e+38 -3.4e+38 -3.4e+38 -3.4e+38 -3.4e+38 -3.4e+38 -3.4e+38 -3.4e+38 -3.4e+38 -3.4e+38 -3.4e+38 -3.4e+38 -3.4e+38 -3.4e+38
1.47700002344209e-05 1.48144999911892e-05 1.48574999911943e-05 1.47833998198621e-05 1.46090997077408e-05 1.44361001730431e-05 1.42642002174398e-05 1.4156899851514e-05 1.4070999895921e-05 1.40093998197699e-05 1.4055300198379e-05 1.41130003612489e-05 1.40204001581878e-05 1.38728000820265e-05 1.36873995870701e-05 1.33485000333167e-05 1.30172002172912e-05 1.26933000501595e-05 1.2577200322994e-05 1.26572003864567e-05 1.27884004541556e-05 1.32028999360045e-05 1.19938003990683e-05 1.08125996121089e-05 9.79526976152556e-06 8.86691032064846e-06 0.00830143969506025 0.0220295004546642 -3.4e+38 -3.4e+38 -3.4e+38 -3.4e+38 -3.4e+38 -3.4e+38 -3.4e+38 -3.4e+38 -3.4e+38 -3.4e+38 -3.4e+38 -3.4e+38 -3.4e+38 -3.4e+38 -3.4e+38 -3.4e+38
1.24620000860887e-05 1.25557999126613e-05 1.26499999169027e-05 1.26411996461684e-05 1.25219003166421e-05 1.23742001960636e-05 1.22281999210827e-05 1.21578996186145e-05 1.21231996672577e-05 1.21179000416305e-05 1.21103003039025e-05 1.21202001537313e-05 1.2162499842816e-05 1.21809998745448e-05 1.21370003398624e-05 1.19049000204541e-05 1.16765995699097e-05 1.14326003313181e-05 1.14043996291002e-05 1.14404001578805e-05 1.16532000902225e-05 1.19045998872025e-05 1.10743003460811e-05 1.01142995845294e-05 9.23742027225671e-06 8.42432018544059e-06 9.41753023653291e-06 0.0229384005069733 -3.4e+38 -3.4e+38 -3.4e+38 -3.4e+38 -3.4e+38 -3.4e+38 -3.4e+38 -3.4e+38 -3.4e+38 -3.4e+38 -3.4e+38 -3.4e+38 -3.4e+38 -3.4e+38 -3.4e+38 -3.4e+38
1.06667002910399e-05 1.07547002698993e-05 1.08434996946016e-05 1.08456997622852e-05 1.07614996522898e-05 1.06777997643803e-05 1.05948001873912e-05 1.05652998172445e-05 1.05834997157217e-05 1.05999997686013e-05 1.06164998214808e-05 1.06104998849332e-05 1.06043999039684e-05 1.05983999674208e-05 1.05551998785813e-05 1.03243000921793e-05 1.01299001471489e-05 9.94717993307859e-06 9.94624042505166e-06 1.00458000815706e-05 1.019239971356e-05 1.03559996205149e-05 9.87019029707881e-06 9.23011975828558e-06 8.62903016241034e-06 7.94606967247091e-06 9.03206000657519e-06 0.00246026995591819 0.025636600330472 -3.4e+38 -3.4e+38 -3.4e+38 -3.4e+38 -3.4e+38 -3.4e+38 -3.4e+38 -3.4e+38 -3.4e+38 -3.4e+38 -3.4e+38 -3.4e+38 -3.4e+38 -3.4e+38 -3.4e+38
9.05692013475345e-06 9.16686985874549e-06 9.28758981899591e-06 9.33771025302121e-06 9.31305021367734e-06 9.2814298113808e-06 9.24991036299616e-06 9.25753010960761e-06 9.27820019569481e-06 9.29893030843232e-06 9.31969043449499e-06 9.31172962737037e-06 9.30137957766419e-06 9.29224006540608e-06 9.26216034713434e-06 9.09401023818646e-06 8.94375989446416e-06 8.79598974279361e-06 8.72554028319428e-06 8.78394985193154e-06 8.94340973900398e-06 9.08076981431805e-06 8.77304955793079e-06 8.36306026030798e-06 7.96009044279344e-06 7.55594010115601e-06 8.62538036017213e-06 1.90236005437328e-05 0.0234060995280743 0.0279945004731417 0.0279789995402098 -3.4e+38 -3.4e+38 -3.4e+38 -3.4e+38 -3.4e+38 -3.4e+38 -3.4e+38 -3.4e+38 -3.4e+38 -3.4e+38 -3.4e+38 -3.4e+38 -3.4e+38
