results/Predictions/Median/Toarcian.asc
NCOLS 360 
NROWS 180 
XLLCORNER -180 
YLLCORNER -90 
CELLSIZE 1 
NODATA_value -3.4e+38 
[rows 60 to 79 of 180, columns 220 to 263 of 360]
0.000491072016302496 0.000490854028612375 0.000491034996230155 0.00049132201820612 0.000491369981318712 0.00049143802607432 0.000492762017529458 0.000492919003590941 0.000492925988510251 0.000493086001370102 0.00049365300219506 0.000494214007630944 0.000494776002597064 0.000495335028972477 0.000495694985147566 0.000495861982926726 0.00049602601211518 0.000496182998176664 0.000496340973768383 0.000496498018037528 0.000496638007462025 0.000496760010719299 0.000496883003506809 0.000497005006764084 0.000497211993206292 0.000497983011882752 0.000499183021020144 0.00050035398453474 0.000501345028169453 0.00050233700312674 0.000502876995597035 0.000503116985782981 0.000503166986163706 0.00050321698654443 0.000503266986925155 0.000503164017572999 0.000502908020280302 0.000502437993418425 0.000501531001646072 0.000500982976518571 0.00050110399024561 0.00050091597950086 0.000500224006827921 0.000499774003401399
0.000492187973577529 0.000492090010084212 0.000492236984428018 0.000492142979055643 0.000492047984153032 0.000492185004986823 0.000492624007165432 0.000493063009344041 0.000493502011522651 0.000493641011416912 0.00049356697127223 0.000493491999804974 0.000493418017867953 0.000493382976856083 0.000493347994051874 0.0004933140007779 0.000493424013257027 0.000493966974318027 0.000494510983116925 0.000495055981446058 0.000495406973641366 0.000495565996970981 0.000495723972562701 0.000495882995892316 0.000496583001222461 0.000497635977808386 0.000497824978083372 0.000498013978358358 0.000498168985359371 0.000498323002830148 0.00049847800983116 0.000498567009344697 0.000498462002724409 0.000498356996104121 0.000498250999953598 0.000498072011396289 0.000497817993164062 0.00049785798182711 0.000497499015182257 0.00049748201854527 0.00049753300845623 0.000496927998028696 0.000496811990160495 0.000496476015541703
0.000493473024107516 0.000493504980113357 0.000493325991556048 0.000493147002998739 0.000492969003971666 0.000492790015414357 0.000492612016387284 0.000492435006890446 0.000492439023219049 0.00049304700223729 0.000492967024911195 0.000493196013849229 0.000493425002787262 0.000493429019115865 0.000493360974360257 0.00049277301877737 0.000492472026962787 0.000493031984660774 0.000493592000566423 0.000494153995532542 0.000494420004542917 0.000494390027597547 0.000494359992444515 0.000495036016218364 0.000495970016345382 0.000495799002237618 0.000495626998599619 0.000495455984491855 0.000495758024044335 0.000496238004416227 0.000496514025144279 0.000496623979415745 0.000496038002893329 0.000495359010528773 0.000494680018164217 0.000494015985168517 0.00049336499068886 0.00049271498573944 0.000492734019644558 0.000493359984830022 0.00049409200437367 0.000494351028464735 0.000494664011057466 0.000493573024868965
0.000495858024805784 0.000495425018016249 0.00049515999853611 0.000494881009217352 0.000494269013870507 0.000493708997964859 0.000493202009238303 0.00049269397277385 0.000492187973577529 0.000491527025587857 0.00049072498222813 0.0004898959887214 0.000488861987832934 0.000488679972477257 0.000488925026729703 0.000488681020215154 0.000488486024551094 0.000488966994453222 0.00048944802256301 0.000489870028104633 0.000490177015308291 0.000490216014441103 0.000490394013468176 0.00049057201249525 0.000490617007017136 0.000490810023620725 0.000490647973492742 0.000491956016048789 0.000492052990011871 0.000492150022182614 0.000492246996145695 0.000492157996632159 0.000492457009386271 0.000491601007524878 0.000490745005663484 0.000489988015033305 0.000489287020172924 0.000488588004373014 0.000488032994326204 0.000487756013171747 0.000487835000967607 0.000487912999233231 0.000487990997498855 0.000487776007503271
0.00049367401516065 0.000492885010316968 0.000493309984449297 0.00049261498497799 0.000491706014145166 0.000490517995785922 0.00048931798664853 0.000488121004309505 0.000487465993501246 0.000487356999656186 0.000486867007566616 0.000486105011077598 0.000485742988530546 0.000485500990180299 0.00048525701276958 0.000485010998090729 0.000484640011563897 0.000484896008856595 0.000485150987515226 0.000485408003441989 0.000485433003632352 0.00048522898578085 0.000485161988763139 0.000485177006339654 0.00048500401317142 0.000485089985886589 0.000485072989249602 0.000485091004520655 0.000485492986626923 0.000485894997837022 0.000486111995996907 0.000486317003378645 0.000485656986711547 0.000484996999148279 0.000484338990645483 0.000483852985780686 0.000483824987895787 0.000483907992020249 0.000484151009004563 0.000484487012727186 0.000484629010315984 0.00048439999227412 0.000484170013805851 0.000483957002870739
0.000491043028887361 0.000490419974084944 0.00049076700815931 0.000489222991745919 0.00048836600035429 0.000487579003674909 0.000486948003526777 0.000486694014398381 0.000486003991682082 0.000485594006022438 0.000484577001770958 0.000483426993014291 0.000482267991174012 0.000482022005598992 0.000481805007439107 0.000481452007079497 0.000480629998492077 0.000479835987789556 0.000479044014355168 0.000478861998999491 0.000478631991427392 0.000478303991258144 0.000478717993246391 0.000478981004562229 0.000478819012641907 0.000478508998639882 0.000478199013741687 0.000477950990898535 0.000478881993331015 0.000479571986943483 0.000479704001918435 0.000479968992294744 0.000479851005366072 0.000479854003060609 0.000479759997688234 0.00047979099326767 0.000479865004308522 0.000479993992485106 0.000480012997286394 0.000480010989122093 0.000479748996440321 0.000479512993479148 0.000479356996947899 0.000479178008390591
0.0948249995708466 0.000490895996335894 0.00048884900752455 0.000488248013425618 0.000486918987007812 0.000486509990878403 0.000484846998006105 0.000482675997773185 0.000481435999972746 0.000480902992421761 0.0004793870029971 0.000477875000797212 0.000476368993986398 0.000475679989904165 0.000475420994916931 0.000475162989459932 0.000474920001579449 0.000474314991151914 0.000473382009658962 0.000472451007226482 0.000472071988042444 0.000472271989565343 0.000472473009722307 0.000472674000775442 0.000472693995106965 0.000472785002784804 0.000472710002213717 0.000472634012112394 0.000473157007945701 0.000473679014248773 0.000474202999612316 0.000474505010060966 0.000474142987513915 0.00047378201270476 0.000473474996397272 0.000473510008305311 0.000474044994916767 0.000474484986625612 0.000473863998195156 0.000473116000648588 0.000472328014438972 0.000471540988655761 0.000471250008558854 0.000471053994260728
0.476341992616653 0.000489812984596938 0.000487768003949896 0.000486850010929629 0.000486415985506028 0.000484205986140296 0.000482150993775576 0.00048136300756596 0.000477936991956085 0.000475567998364568 0.000473691005026922 0.000472996005555615 0.000470177008537576 0.000469215010525659 0.00046872699749656 0.00046831599320285 0.000467423000372946 0.000466669007437304 0.000466186000267044 0.00046570401173085 0.000465418997919187 0.000465274002635852 0.00046512798871845 0.000464982003904879 0.000465169985545799 0.000465427991002798 0.000465685996459797 0.000465944001916796 0.000466041994513944 0.000466138997580856 0.000466475001303479 0.000466806988697499 0.000466956000309438 0.000467825011583045 0.000468696001917124 0.000468843005364761 0.000468556012492627 0.000468268990516663 0.000467981997644529 0.000467700010631233 0.000467948004370555 0.000468026002636179 0.000468195998109877 0.000468376005301252
0.530322015285492 0.0393834002315998 0.000488057994516566 0.000483931013150141 0.000481983995996416 0.000481019989820197 0.000480877992231399 0.000480737013276666 0.000480594986584038 0.000478219008073211 0.000475114007713273 0.000471909996122122 0.000470500002847984 0.000469363993033767 0.000466889003291726 0.000465446995804086 0.000465694989543408 0.000465113000245765 0.000464531010948122 0.000464107986772433 0.00046370000927709 0.000463153002783656 0.000462997006252408 0.000462638010503724 0.000463025993667543 0.000463467004010454 0.000463812000816688 0.000464072014437988 0.000464495999040082 0.000464643002487719 0.000464790005935356 0.00046495400601998 0.000465171004179865 0.000465388002339751 0.000465605000499636 0.000465879013063386 0.000466210010927171 0.000466375990072265 0.000465680001070723 0.000465985998744145 0.000466299999970943 0.00046661400119774 0.000466435012640432 0.00046664199908264
0.532169997692108 0.518091022968292 0.010874199680984 0.000479762005852535 0.000474962987937033 0.000472934014396742 0.000476176006486639 0.000479417009046301 0.000480865011923015 0.00048046899610199 0.000476323999464512 0.00047215199447237 0.000469783000880852 0.00046777501120232 0.000466944009531289 0.000467100006062537 0.000463825010228902 0.000462966010672972 0.000462110008811578 0.00046125499648042 0.000460454990388826 0.000460120005300269 0.000459786009741947 0.000459453003713861 0.000459981994936243 0.000460798997664824 0.000461582996649668 0.00046220701187849 0.000462289986899123 0.000462374009657651 0.000462458003312349 0.000462539988802746 0.000462616008007899 0.000462691008578986 0.00046284799464047 0.000463573989691213 0.000464568001916632 0.000465563003672287 0.000466386001789942 0.00046662098611705 0.000466859986772761 0.000467098987428471 0.000467497011413798 0.000467876991024241
0.530286014080048 0.524914026260376 0.110326997935772 0.000782203976996243 0.000499339017551392 0.000572717981413007 0.000920464983209968 0.0054680397734046 0.0489455983042717 0.487049996852875 0.509603977203369 0.511440992355347 0.509573996067047 0.300505012273788 0.000984419952146709 0.000465566001366824 0.000465251010609791 0.000463703006971627 0.000461344985524192 0.000459631002740934 0.000459119997685775 0.000458243011962622 0.000457927002571523 0.000457776011899114 0.00045851300819777 0.00045948100159876 0.000460234994534403 0.000460487004602328 0.00046059099258855 0.000460695009678602 0.000461010989965871 0.000461446004919708 0.00046182400546968 0.000462202006019652 0.000462772994069383 0.00046343999565579 0.000463962001958862 0.000464781012851745 0.000466644996777177 0.000467003002995625 0.000467314006527886 0.000467878999188542 0.000468093989184126 0.000468490005005151
0.528729021549225 0.513791024684906 0.281246989965439 0.4356350004673 0.529965996742249 -3.4e+38 -3.4e+38 -3.4e+38 0.532226979732513 0.532117009162903 0.533245027065277 -3.4e+38 -3.4e+38 0.534795999526978 0.533051013946533 0.51527601480484 0.000465382996480912 0.000462305004475638 0.000461374991573393 0.000461749994428828 0.000461140996776521 0.000461288989754394 0.000460556009784341 0.000460090988781303 0.000460296985693276 0.000460774987004697 0.000461657997220755 0.000462541996967047 0.000463055999716744 0.000463267002487555 0.0004634769866243 0.000463659991510212 0.000463756005046889 0.000464282988104969 0.000465602002805099 0.000465983990579844 0.000466269004391506 0.000466561992652714 0.000467486999696121 0.000467486999696121 0.000468123995233327 0.00046995299635455 0.000471887993626297 0.000473427993711084
0.529703974723816 0.509434998035431 0.297136008739471 0.501474022865295 0.540064990520477 -3.4e+38 0.535292029380798 0.540054023265839 -3.4e+38 -3.4e+38 -3.4e+38 -3.4e+38 -3.4e+38 0.533824026584625 0.515614986419678 0.000466477009467781 0.000464496988570318 0.000462933996459469 0.000463848991785198 0.00046291999751702 0.000462057010736316 0.000461972987977788 0.000461888004792854 0.000461804011138156 0.000462049996713176 0.000462407013401389 0.000462764000985771 0.000463120988570154 0.000464023003587499 0.000464542012196034 0.000464829005068168 0.000465099001303315 0.000465315009932965 0.00046553200809285 0.000467486999696121 0.000467486999696121 0.00046814201050438 0.000469738006358966 0.000471339008072391 0.000472979008918628 0.000474628992378712 0.000478427013149485 0.000481244991533458 0.000483543990412727
0.518023014068604 0.521467983722687 0.305153012275696 0.289198994636536 0.498021990060806 0.506254017353058 0.435238987207413 0.528647005558014 -3.4e+38 -3.4e+38 -3.4e+38 -3.4e+38 0.531202018260956 0.00609552999958396 0.000467486999696121 0.000467084988486022 0.00046636798651889 0.000465229008113965 0.000463928008684888 0.000463130010757595 0.000462983996840194 0.000462755997432396 0.000462527998024598 0.000462300988147035 0.000462480005808175 0.000462794007034972 0.000463108997792006 0.000463456992292777 0.000465143006294966 0.000466147001134232 0.000467153004137799 0.000467486999696121 0.000468629004899412 0.000469496997538954 0.000470961997052655 0.000472773012006655 0.000475654989713803 0.000478555011795834 0.000481124996440485 0.000483581010485068 0.000485499011119828 0.000488645979203284 0.000491197977680713 0.000494191015604883
0.000580859021283686 0.535777986049652 0.450630009174347 0.309385001659393 0.352723002433777 0.402419000864029 0.308649003505707 0.24057500064373 0.512299001216888 0.525858998298645 0.524013996124268 0.476437002420425 0.000599287974182516 0.000467100995592773 0.00046657701022923 0.00046589900739491 0.000465190998511389 0.000465146003989503 0.0004654020012822 0.000465635996079072 0.000465771998278797 0.000466313009383157 0.000467489007860422 0.000468898011604324 0.000469924998469651 0.000470817991299555 0.000471712002763525 0.000472607993287966 0.000474572007078677 0.000476128014270216 0.000477505993330851 0.00047898301272653 0.000480751012219116 0.000482525996631011 0.000484307005535811 0.00048560299910605 0.000488260993734002 0.000490312988404185 0.000492719991598278 0.000496286025736481 0.000499935005791485 0.000502298993524164 0.000505874981172383 0.00050917302723974
0.000519042019732296 0.534083008766174 0.534627020359039 0.52715802192688 0.526727020740509 0.528043985366821 0.169466003775597 0.00306492997333407 0.00221302011050284 0.00311811990104616 0.00107539002783597 0.000467811012640595 0.000464956014184281 0.000466761994175613 0.000467308011138812 0.000471695995656773 0.000475890003144741 0.000475856009870768 0.00047582300612703 0.000476691988296807 0.000478597998153418 0.000480902992421761 0.000482770003145561 0.000483348005218431 0.000483801995869726 0.000484215997857973 0.000484630989376456 0.000485044991364703 0.000486892997287214 0.000489138998091221 0.000491396000143141 0.000493423023726791 0.000495235028211027 0.000496950990054756 0.000499812013003975 0.000502894981764257 0.000505484000314027 0.000508524011820555 0.000510942016262561 0.000512489990796894 0.000517459993716329 0.0005212840042077 0.000523886003065854 0.000526719028130174
0.0173067003488541 0.538899004459381 0.542999029159546 0.534235000610352 0.526179015636444 0.267762005329132 0.000560542976018041 0.000478561007184908 0.000477494002552703 0.000473529013106599 0.000472084007924423 0.000470152997877449 0.000469321996206418 0.000476151995826513 0.000480716000311077 0.000485622003907338 0.000489739992190152 0.000492168997880071 0.000493842002470046 0.00049638602649793 0.000498018984217197 0.000499229005072266 0.000500441004987806 0.000501763017382473 0.000502808019518852 0.000503693998325616 0.000504678988363594 0.000505637028254569 0.000507374003063887 0.000509666977450252 0.000511047022882849 0.000514101993758231 0.000516940024681389 0.000519572990015149 0.000523607013747096 0.000526534975506365 0.00052887701895088 0.000532262027263641 0.0005356430192478 0.000538152002263814 0.000540376990102232 0.000542772992048413 0.000545179995242506 0.000547772971913218
0.565648019313812 0.564078986644745 0.550494015216827 0.539233028888702 0.530076026916504 0.498914003372192 0.000478953996207565 0.000476907996926457 0.000476635002996773 0.000478016008855775 0.000478956004371867 0.000481664988910779 0.000482925999676809 0.000486445002024993 0.000493491010274738 0.000501029018778354 0.000506458978634328 0.000509892008267343 0.000511906982865185 0.000516163010615855 0.000518956978339702 0.0005201650201343 0.000520827015861869 0.000521880981978029 0.000523371971212327 0.000525787007063627 0.000527794007211924 0.000528884003870189 0.000529957993421704 0.000531310972291976 0.000532790028955787 0.000535106984898448 0.000537808984518051 0.000541643996257335 0.00054440600797534 0.000545902992598712 0.000546947005204856 0.000549013027921319 0.000552027020603418 0.000554892991203815 0.000557717983610928 0.000559700012672693 0.000561035994905978 0.000560506014153361
0.555508017539978 0.551474988460541 0.546922028064728 0.539996981620789 0.532058000564575 0.529331028461456 0.0494187995791435 0.000480749004054815 0.000481343013234437 0.00048413299373351 0.000490105012431741 0.000495206972118467 0.000498354027513415 0.000504590978380293 0.000509615987539291 0.000515835010446608 0.00052222702652216 0.000525470008142292 0.00052873301319778 0.000531448982656002 0.000533648999407887 0.000535167986527085 0.000536691979505122 0.000538219988811761 0.000539847009349614 0.000540787004865706 0.000541206973139197 0.000541626999620348 0.000542409019544721 0.000543411995749921 0.000544416019693017 0.000545585004147142 0.000546960975043476 0.000547084026038647 0.000547148985788226 0.000549360003788024 0.000551228004042059 0.000554284022655338 0.000557588995434344 0.000557115999981761 0.000554103986360133 0.000554057012777776 0.000554011028725654 0.000554703990928829
-3.4e+38 -3.4e+38 -3.4e+38 0.547815024852753 0.538987994194031 0.533102989196777 0.513324022293091 0.000489598023705184 0.000487588986288756 0.000494587991852313 0.000502253009472042 0.000507403980009258 0.00051117199473083 0.000516797008458525 0.000524357019457966 0.000531564990524203 0.000537969986908138 0.000542716006748378 0.000546741997823119 0.000549148011486977 0.000547416973859072 0.000549731019418687 0.000550226017367095 0.000550266006030142 0.0005549939814955 0.000555587001144886 0.000554239028133452 0.000551410019397736 0.000551918987184763 0.000552428013179451 0.00055181299103424 0.000556977989617735 0.000555481994524598 0.000554810976609588 0.000553651014342904 0.000551997974980623 0.000551161996554583 0.000550321012269706 0.000548703013919294 0.000546824012417346 0.000544195005204529 0.000541810994036496 0.000540954002644867 0.000541808025445789
