results/Predictions/Median/Toarcian.asc
NCOLS 360 
NROWS 180 
XLLCORNER -180 
YLLCORNER -90 
CELLSIZE 1 
NODATA_value -3.4e+38 
[rows 100 to 119 of 180, columns 44 to 87 of 360]
0.000516913016326725 0.000514581974130124 0.00051201501628384 0.000509338977281004 0.000506831973325461 0.000504245981574059 0.000500448979437351 0.000496896973345429 0.000493214989546686 0.000492244027554989 0.000489600002765656 0.00048589298967272 0.000483370007714257 0.000479195994557813 0.000473379011964425 0.000470463011879474 0.000468570011435077 0.00046659100917168 0.000464121985714883 0.000460893992567435 0.000457704998552799 0.000452875014161691 0.000449240003945306 0.000445860001491383 0.000443061988335103 0.000440492993220687 0.000439324008766562 0.000437732000136748 0.000435922993347049 0.000434034009231254 0.000432573986472562 0.000429790990892798 0.000426521000918001 0.000424902013037354 0.000423107005190104 0.000420018011936918 0.000418051989981905 0.000418051989981905 0.000415140995755792 0.000412621011491865 0.00041236900142394 0.000410784996347502 0.00040834498940967 0.000406784994993359
0.000513473991304636 0.000510238984134048 0.00050799100426957 0.000505852978676558 0.000503766990732402 0.00050147797446698 0.000498399022035301 0.000495342013891786 0.000492312014102936 0.000491240003611892 0.000488595978822559 0.000486406002892181 0.000483323005028069 0.000480582995805889 0.000476198008982465 0.000472812011139467 0.000467823992948979 0.000467550009489059 0.000464179989648983 0.000460834009572864 0.000459356000646949 0.00045836900244467 0.000453671003924683 0.000450244988314807 0.000447486992925406 0.00044431901187636 0.000440804986283183 0.000440686999354511 0.000437820010120049 0.000436873990111053 0.000435502006439492 0.000434171000961214 0.00043194298632443 0.000429039006121457 0.000426226004492491 0.000424108002334833 0.000421461008954793 0.000418306997744367 0.000416605995269492 0.000415523012634367 0.000414443988120183 0.000411138986237347 0.000409528001910076 0.000408563995733857
0.000516977976076305 0.000512746977619827 0.000507740012835711 0.000503599992953241 0.000500923022627831 0.000498684006743133 0.000496627995744348 0.000494870007969439 0.000493160972837359 0.000491380982566625 0.000489453028421849 0.000487520999740809 0.00048546600737609 0.000482198985992 0.000478447007481009 0.000474725995445624 0.000471242005005479 0.000467576988739893 0.000465827994048595 0.000464304001070559 0.000462088995845988 0.000460704992292449 0.000458416005130857 0.000456356996437535 0.000452912994660437 0.000449899991508573 0.000447970000095665 0.000444286997662857 0.000442218006355688 0.00044092201278545 0.000440003001131117 0.000436444010119885 0.000435358000686392 0.000431763997767121 0.000430571992183104 0.000427527003921568 0.000424055993789807 0.000422632991103455 0.000419591990066692 0.000418051989981905 0.000416686001699418 0.000414901005569845 0.000412082998082042 0.000409355008741841
0.000521563983056694 0.000519271998200566 0.000516648986376822 0.000514040992129594 0.000511448015458882 0.000508625991642475 0.000505741976667196 0.000502875016536564 0.000500025984365493 0.000494404986966401 0.000491655024234205 0.000489946978632361 0.000488201010739431 0.000486992998048663 0.000484462012536824 0.000480985007015988 0.00047863699728623 0.000477077002869919 0.00047273701056838 0.000467778998427093 0.000466316007077694 0.000464776996523142 0.000462649011751637 0.000460848008515313 0.000459505012258887 0.000457081012427807 0.000454653985798359 0.00045078998664394 0.000448782986495644 0.000446230988018215 0.00044455099850893 0.000444178993348032 0.000441923999460414 0.000438518007285893 0.000435266003478318 0.000432864006143063 0.000430571002652869 0.000428024010034278 0.000425620994064957 0.000422364013502374 0.000420838012360036 0.000418387993704528 0.000416482012951747 0.000415373011492193
0.00052219902863726 0.000521884008776397 0.000519456982146949 0.000517038977704942 0.000514633022248745 0.000512161001097411 0.000509401026647538 0.000506555021274835 0.000503725023008883 0.000498244015034288 0.000494377978611737 0.000492063001729548 0.000490635982714593 0.000488867983222008 0.000487303012050688 0.000485880009364337 0.000485146010760218 0.000484076008433476 0.000481349008623511 0.000479909009300172 0.000477978988783434 0.000474517000839114 0.000470344006316736 0.000466725992737338 0.000463197997305542 0.000461893010651693 0.000460256997030228 0.000458544993307441 0.000456559006124735 0.000454810011433437 0.000453018990810961 0.000450878986157477 0.000447466998593882 0.000446532998466864 0.000444486999185756 0.000441403011791408 0.000437598995631561 0.000434260990004987 0.000431796011980623 0.000430221989518031 0.00042831600876525 0.000424850004492328 0.00042140600271523 0.000419791002059355
0.000522557995282114 0.000522412010468543 0.000519876019097865 0.000517352018505335 0.000514840998221189 0.000512359023559839 0.000510231009684503 0.000508113007526845 0.000506004027556628 0.000503281014971435 0.000500574009492993 0.000497650005854666 0.000492974009830505 0.000491479993797839 0.000490871025249362 0.000488653022330254 0.000487407989567146 0.000486206001369283 0.000485007010865957 0.00048413299373351 0.000483473006170243 0.000480663002235815 0.000479012989671901 0.000477369001600891 0.000475158012704924 0.000473280990263447 0.000470094993943349 0.000466799014247954 0.000463695992948487 0.000461663003079593 0.000460023002233356 0.000456589012173936 0.000455239991424605 0.000453855987871066 0.00045134499669075 0.000448729988420382 0.000446218997240067 0.000443724013166502 0.000441245007095858 0.000436586007708684 0.000434321991633624 0.000432894012192264 0.000430707994382828 0.000427774008130655
0.000520927016623318 0.000520426023285836 0.00051873701158911 0.000517053995281458 0.000515379011631012 0.000513615028467029 0.000511827995069325 0.000510048004798591 0.000508275988977402 0.00050598697271198 0.000503710994962603 0.000501445028930902 0.000498346984386444 0.000494925014209002 0.000492875988129526 0.000492156017571688 0.000491702987346798 0.000490267004352063 0.00048824300756678 0.000487093988340348 0.000485869008116424 0.000484615011373535 0.000483364012325183 0.000482705014292151 0.000480852002510801 0.000479470996651798 0.000477750989375636 0.000475507986266166 0.000473115011118352 0.000471367005957291 0.000469630002044141 0.000465104007162154 0.000461957999505103 0.000460098992334679 0.0004575909988489 0.000456065987236798 0.00045507401227951 0.000450271996669471 0.000448328006314114 0.000446038990048692 0.000443472003098577 0.000439625000581145 0.000437685986980796 0.000436080998042598
0.000521682028193027 0.000520290981512517 0.000519151974003762 0.00051801698282361 0.000516882981173694 0.000515773019287735 0.000514879007823765 0.000514550018124282 0.000513667007908225 0.000511583988554776 0.000508831988554448 0.000506352982483804 0.000503782008308917 0.000501336005982012 0.000499481975566596 0.000497607979923487 0.000496211985591799 0.000495209009386599 0.00049420801224187 0.000492685998324305 0.000492229009978473 0.000490743026603013 0.00048975000390783 0.000488937017507851 0.000487952987896279 0.000486042001284659 0.000484359014080837 0.000483228999655694 0.000481796014355496 0.000479954003822058 0.000478942005429417 0.000477558001875877 0.000475984008517116 0.000473691005026922 0.000470683997264132 0.000466491997940466 0.000464434007881209 0.000461519986856729 0.000459787988802418 0.000456812995253131 0.000453549990197644 0.000449526007287204 0.000445970013970509 0.000443841010564938
0.000520849018357694 0.000519811001140624 0.000518215994816273 0.000516625994350761 0.000515563995577395 0.000514646002557129 0.000513617997057736 0.000512592028826475 0.000511567981448025 0.000510222977027297 0.000508881988935173 0.000507545017171651 0.000506107986439019 0.000504288997035474 0.000502389972098172 0.000500558002386242 0.000499442976433784 0.000498362991493195 0.000497533997986466 0.000496720022056252 0.0004960399819538 0.000495403015520424 0.00049379700794816 0.000493043975438923 0.000491002982016653 0.000489821017254144 0.000488659017719328 0.000487304991111159 0.000486264994833618 0.000485816999571398 0.000483179988805205 0.000479648995678872 0.000478947011288255 0.00047824700595811 0.000477550987852737 0.000476823013741523 0.000475148000987247 0.000473404012154788 0.00047166898730211 0.000469535996671766 0.000466497003799304 0.000462179013993591 0.000457813002867624 0.000456208013929427
0.000518327986355871 0.000517859996762127 0.000516903994139284 0.00051543302834034 0.000513966020662338 0.000512856990098953 0.000511865015141666 0.000510876008775085 0.000510055979248136 0.000510043988469988 0.000510200974531472 0.000509992998559028 0.000509016972500831 0.000507724995259196 0.000506435986608267 0.000505151983816177 0.000503864022903144 0.000502329028677195 0.000501286005601287 0.000500257010571659 0.000499796005897224 0.000499585003126413 0.000499146990478039 0.000498128007166088 0.000496376014780253 0.000494977983180434 0.000493625004310161 0.000492442981339991 0.000491225975565612 0.000490145990625024 0.000489801983349025 0.000489467987790704 0.000486879987875 0.000483874988276511 0.000481289986055344 0.000480287009850144 0.000479298993013799 0.000478317000670359 0.000476866989629343 0.000475197011837736 0.000474586006021127 0.000473780004540458 0.000472454994451255 0.000470617000246421
0.000514336978085339 0.000513973995111883 0.000513532024342567 0.000513090984895825 0.00051254901336506 0.000511749007273465 0.000511105987243354 0.000510465004481375 0.000509825011249632 0.000509297009557486 0.000508664990775287 0.000508547993376851 0.000507972028572112 0.000507079006638378 0.00050613097846508 0.000505112984683365 0.000504350988194346 0.000503820017911494 0.000503376009874046 0.000502854993101209 0.000502578972373158 0.000502029026392847 0.000502125010825694 0.000501723028719425 0.000500863010529429 0.000498985988087952 0.000497090979479253 0.000496014021337032 0.000495021988172084 0.000494031992275268 0.000493766972795129 0.000493531988468021 0.000492745020892471 0.000492363004013896 0.000489344995003194 0.000488238001707941 0.000487131997942924 0.000486081000417471 0.000484927004436031 0.000483863987028599 0.00048348298878409 0.000482252013171092 0.000480004993733019 0.000474826985737309
0.000513037026394159 0.000512923987116665 0.000512778002303094 0.000512631027959287 0.000512405997142196 0.000511670019477606 0.000510414014570415 0.000509162025991827 0.000508047000039369 0.000507843971718103 0.000507640012074262 0.000507436983752996 0.000507242977619171 0.000506961019709706 0.000506673997733742 0.000506386975757778 0.000505994015838951 0.00050549500156194 0.000504996976815164 0.00050431297859177 0.000503667979501188 0.000503006973303854 0.000502142996992916 0.000501280010212213 0.000500363006722182 0.000499447982292622 0.000498534005600959 0.000497795001138002 0.000497615023050457 0.000497433997225016 0.000497255008667707 0.000497127010021359 0.000496783992275596 0.000495260988827795 0.000493810977786779 0.000493614992592484 0.000493430008646101 0.000493246014229953 0.000492653984110802 0.000491288024932146 0.000490041973534971 0.00048858200898394 0.000486853998154402 0.000483632989926264
0.000509910983964801 0.000510482990648597 0.000511048012413085 0.000511520018335432 0.000511549005750567 0.00051131600048393 0.000510681013111025 0.00051004602573812 0.000509412027895451 0.000508880009874701 0.000508348981384188 0.000507819000631571 0.000507650023791939 0.0005082439747639 0.000509129022248089 0.000508581986650825 0.000507884018588811 0.000507098971866071 0.000506367010530084 0.00050534401088953 0.000504601979628205 0.00050377898151055 0.000502958020661026 0.000502137991134077 0.000501801026985049 0.000501547008752823 0.000501293980050832 0.000501077971421182 0.000500974012538791 0.000500869995448738 0.000500435009598732 0.000500024005305022 0.000499406014569104 0.000498139008414 0.0004968760185875 0.00049637199845165 0.000496914028190076 0.000497456989251077 0.00049780699191615 0.000497445988003165 0.000497085973620415 0.000496726017445326 0.000496288994327188 0.00049412198131904
0.000504155003000051 0.000504414027091116 0.000504623982124031 0.000504833995364606 0.000505044998135418 0.000505211006384343 0.000505362986586988 0.000505515024997294 0.000506508979015052 0.000507264980114996 0.000507374003063887 0.000507331977132708 0.000507102988194674 0.000507468997966498 0.000507673015818 0.000508213008288294 0.000510415004100651 0.000510784971993417 0.000511155987624079 0.00051044300198555 0.000509653007611632 0.000508436991367489 0.000507224001921713 0.000506658980157226 0.000506364973261952 0.000506071024574339 0.000505778007209301 0.000504644005559385 0.000503677001688629 0.000502711976878345 0.000501749978866428 0.000501054979395121 0.000500625988934189 0.00050052598817274 0.000500642985571176 0.000500463997013867 0.00050027301767841 0.000500217021908611 0.00050020101480186 0.000500235997606069 0.000500269990880042 0.000500303984154016 0.000500262016430497 0.000499989022500813
0.000500580004882067 0.000500623020343482 0.000500668014865369 0.000500713009387255 0.000500586000271142 0.000500480004120618 0.000500924012158066 0.000501048984006047 0.000501174014061689 0.000502174021676183 0.000503722985740751 0.00050388602539897 0.000504155003000051 0.00050474499585107 0.000506781972944736 0.000508475990500301 0.000510359997861087 0.000510092999320477 0.000509826000779867 0.00050957000348717 0.000510427984409034 0.000511315010953695 0.000512205006089061 0.000513095990754664 0.000514112005475909 0.000514390005264431 0.000513972016051412 0.000512759026605636 0.000511558027938008 0.000510359997861087 0.000509165984112769 0.000508497992996126 0.000509420991875231 0.000510828976985067 0.000512243015691638 0.000511304999236017 0.000509587000124156 0.000508337980136275 0.000508158002048731 0.000508091994561255 0.000508024997543544 0.000507958990056068 0.000507893972098827 0.000507398974150419
0.000499007001053542 0.000499980000313371 0.000500415975693613 0.00050056999316439 0.000499269983265549 0.000499240006320179 0.000499633024446666 0.000499961024615914 0.000500213005580008 0.000501127971801907 0.000501293980050832 0.00050133402692154 0.000501509988680482 0.000502274022437632 0.000503739982377738 0.000505335978232324 0.000506616022903472 0.000506939017213881 0.000507573015056551 0.000508208002429456 0.000509119010530412 0.000510121986735612 0.00051090499619022 0.000512025028001517 0.000512323982547969 0.000511681020725518 0.00051111401990056 0.00051156198605895 0.000512122991494834 0.000512684986460954 0.000513247970957309 0.000513508974108845 0.000514972023665905 0.000514606013894081 0.000514241983182728 0.000513533013872802 0.000512710015755147 0.000511890975758433 0.000511072983499616 0.00051030598115176 0.00050954200560227 0.000509452016558498 0.000509477977175266 0.000509413017425686
0.000498156005050987 0.000499023997690529 0.000499305024277419 0.000499585003126413 0.000499864981975406 0.000499829009640962 0.000499685993418097 0.000499542977195233 0.00049940001918003 0.00050007802201435 0.000500346010085195 0.000500614987686276 0.000500937981996685 0.000501754984725267 0.000503287010360509 0.000504288997035474 0.000507309974636883 0.000508290017023683 0.000509271980263293 0.000510257028508931 0.000511277990881354 0.000514278013724834 0.00051498698303476 0.000515692983753979 0.000515147985424846 0.00051526102470234 0.0005149359931238 0.000514631974510849 0.000514390005264431 0.000514147977810353 0.0005139050190337 0.000513873994350433 0.000514363986440003 0.000514952989760786 0.000515542982611805 0.000514797982759774 0.00051401398377493 0.0005137610132806 0.000513507984578609 0.000513540988322347 0.000513573992066085 0.000513606995809823 0.000513534003403038 0.000512573984451592
0.000494985026307404 0.000496907974593341 0.000497249013278633 0.000497589993756264 0.000497930974233896 0.000498049019370228 0.000498093024361879 0.000498135981615633 0.000498179986607283 0.000498506997246295 0.000499694026075304 0.000500882975757122 0.000502048002090305 0.000501970003824681 0.000502126000355929 0.000502164999488741 0.000503005983773619 0.000504972995258868 0.000506067997775972 0.000506201991811395 0.000506258977111429 0.000506290001794696 0.000506321026477963 0.000506516022142023 0.000507451011799276 0.000508764002006501 0.000510081008542329 0.000511986028868705 0.00051565800094977 0.000516791013069451 0.000517536012921482 0.000517982000019401 0.000518128974363208 0.000518276006914675 0.000518424028996378 0.000517566979397088 0.000516377971507609 0.000515192979946733 0.000514011015184224 0.000514134007971734 0.000514396990183741 0.000514624989591539 0.000514675979502499 0.000511904014274478
0.000488364021293819 0.000489190977532417 0.000488936027977616 0.00049052998656407 0.000493174011353403 0.000494397012516856 0.000495143991429359 0.00049548497190699 0.00049575901357457 0.000496718974318355 0.000497061992064118 0.000497405009809881 0.000497795990668237 0.000502516981214285 0.000502552022226155 0.000502586015500128 0.00050262501463294 0.000502667971886694 0.00050298502901569 0.000503955991007388 0.00050432700663805 0.000504216004628688 0.000504105002619326 0.000505260017234832 0.000505623989738524 0.000505988020449877 0.000506352982483804 0.00050622399430722 0.000505897973198444 0.000505507981870323 0.000505057978443801 0.000504607975017279 0.000506482028868049 0.000508807017467916 0.000510619021952152 0.000510259007569402 0.000509655976202339 0.000509054982103407 0.000508456025272608 0.00050664902664721 0.000505804026033729 0.000505854026414454 0.000505762989632785 0.000504454015754163
0.000481472001411021 0.000482436997117475 0.000483907002490014 0.000485380995087326 0.000486859993543476 0.000487621990032494 0.000488144985865802 0.000488667981699109 0.000488699006382376 0.000488383986521512 0.000492248975206167 0.000493785017170012 0.000495352025609463 0.000496267981361598 0.000496631022542715 0.000498399022035301 0.000500167021527886 0.000501304981298745 0.000501724018249661 0.000502142996992916 0.000502572976984084 0.000503006973303854 0.000503284973092377 0.000503327988553792 0.000503383984323591 0.000503441027831286 0.000503497023601085 0.00050355598796159 0.000503621995449066 0.000503627001307905 0.000503215997014195 0.000502945971675217 0.00050240900600329 0.000502363021951169 0.000502952025271952 0.000503075018059462 0.000502680020872504 0.00050175201613456 0.000500907015521079 0.000500635011121631 0.000499081972520798 0.000497532018925995 0.000497009023092687 0.000495610991492867
