results/Predictions/Median/Toarcian.asc
NCOLS 360 
NROWS 180 
XLLCORNER -180 
YLLCORNER -90 
CELLSIZE 1 
NODATA_value -3.4e+38 
[rows 140 to 159 of 180, columns 44 to 87 of 360]
7.60752982387203e-06 7.73528972786153e-06 7.87224962550681e-06 8.00532961875433e-06 8.14066970633576e-06 8.28928023111075e-06 8.43257021188037e-06 8.53206984174903e-06 8.6327499957406e-06 8.68502957018791e-06 8.73762019182323e-06 8.79054005054059e-06 8.83682969288202e-06 8.86249017639784e-06 8.90011961018899e-06 8.94780987437116e-06 8.99207043403294e-06 9.03284035302931e-06 9.07379035197664e-06 9.11493043531664e-06 9.13207986741327e-06 9.14121028472437e-06 9.15033979254076e-06 9.15947020985186e-06 9.14479005587054e-06 9.13011990633095e-06 9.11547977011651e-06 9.10031030798564e-06 9.08351012185449e-06 9.0667399490485e-06 9.05000979400938e-06 9.01285966392606e-06 8.95556968316669e-06 8.89863986230921e-06 8.84208020579536e-06 8.78827995620668e-06 8.73472981766099e-06 8.67905964696547e-06 8.6211603047559e-06 8.54794961924199e-06 8.48603031045059e-06 8.43340967549011e-06 8.37844982015667e-06 8.29671989777125e-06
5.5591699492652e-06 5.64865013075178e-06 5.7478000599076e-06 5.84869985686964e-06 5.95136998526868e-06 6.04523984293337e-06 6.13702013652073e-06 6.2527601585316e-06 6.38519986750907e-06 6.47957995170145e-06 6.56072006677277e-06 6.62155980535317e-06 6.67816993882298e-06 6.72079022479011e-06 6.76368017593632e-06 6.8068397922616e-06 6.84630003888742e-06 6.88098998580244e-06 6.91260993335163e-06 6.94437994752661e-06 6.97365021551377e-06 6.99835982231889e-06 7.01869021213497e-06 7.03909017829574e-06 7.03432988302666e-06 7.0313999458449e-06 7.02932993590366e-06 7.02793022355763e-06 7.02914985595271e-06 7.03036994309514e-06 7.03288014847203e-06 7.02352008374874e-06 6.99901011103066e-06 6.97267978466698e-06 6.94645996190957e-06 6.91508012096165e-06 6.88210002408596e-06 6.84926999383606e-06 6.81590017848066e-06 6.77911020829924e-06 6.74250986776315e-06 6.70612007525051e-06 6.66630012347014e-06 6.61591002426576e-06
3.97031999455066e-06 4.05180981033482e-06 4.14717987951008e-06 4.2442002268217e-06 4.34347020927817e-06 4.43355020252056e-06 4.51483992947033e-06 4.59761986348894e-06 4.68192001790158e-06 4.74984017273528e-06 4.83598978462396e-06 4.92371009386261e-06 4.99260022479575e-06 5.04845002069487e-06 5.1049200919806e-06 5.16202999278903e-06 5.21056017532828e-06 5.25027007824974e-06 5.29028011442279e-06 5.33059983354178e-06 5.35973003934487e-06 5.38517997483723e-06 5.41075996807194e-06 5.43645001016557e-06 5.44574004379683e-06 5.45504008186981e-06 5.46435012438451e-06 5.47265017303289e-06 5.47784020454856e-06 5.48303978575859e-06 5.48823982171598e-06 5.487609996635e-06 5.48114985576831e-06 5.47469016964897e-06 5.46824003322399e-06 5.45459988643415e-06 5.43860005564056e-06 5.4226397878665e-06 5.40672999704839e-06 5.37912001163932e-06 5.35165008841432e-06 5.32432022737339e-06 5.29463977727573e-06 5.25772020409931e-06
2.97442011287785e-06 3.04041009258071e-06 3.1044498882693e-06 3.16983005177462e-06 3.23644007949042e-06 3.30219995703374e-06 3.37763003699365e-06 3.45700004800165e-06 3.53846007783432e-06 3.60463991455617e-06 3.67200004802726e-06 3.74055002794194e-06 3.80729011340009e-06 3.8661501093884e-06 3.9161900531326e-06 3.96687983084121e-06 4.02112982555991e-06 4.06881008530036e-06 4.1167700146616e-06 4.16521015722537e-06 4.20382002630504e-06 4.23929986936855e-06 4.27506984124193e-06 4.31114995080861e-06 4.32436991104623e-06 4.33761988460901e-06 4.35090987593867e-06 4.36305981565965e-06 4.37167000200134e-06 4.38030019722646e-06 4.38893994214595e-06 4.39336008639657e-06 4.3935301619058e-06 4.39369978266768e-06 4.39424002252053e-06 4.38855977336061e-06 4.37981998402392e-06 4.37077005699393e-06 4.36172012996394e-06 4.34832008977537e-06 4.3349200495868e-06 4.32151000495651e-06 4.30658019467955e-06 4.28734983870527e-06
2.19904995901743e-06 2.25366989070608e-06 2.31456010624242e-06 2.38619008996466e-06 2.44996999754221e-06 2.51848996413173e-06 2.58986005974293e-06 2.6632499157131e-06 2.72906004283868e-06 2.77733988696127e-06 2.82648011307174e-06 2.88468004328024e-06 2.94798996947065e-06 3.00044007417455e-06 3.03962997350027e-06 3.08812991534069e-06 3.13893997372361e-06 3.18259003506682e-06 3.22451001011359e-06 3.27275006384298e-06 3.312250100862e-06 3.34617993758002e-06 3.38045992975822e-06 3.4150900773966e-06 3.42938005815085e-06 3.44373006555543e-06 3.45846001437167e-06 3.4732399853965e-06 3.48650996784272e-06 3.49983997693926e-06 3.51322000824439e-06 3.52267011294316e-06 3.52768006450788e-06 3.53269001607259e-06 3.53768996319559e-06 3.53688005816366e-06 3.53410996467574e-06 3.53134009856149e-06 3.5285399917484e-06 3.52249003299221e-06 3.51610992765927e-06 3.51031007994607e-06 3.5041200590058e-06 3.49767992702255e-06
1.65809001373418e-06 1.70363000506768e-06 1.75580998984515e-06 1.8131399883714e-06 1.87235002613306e-06 1.93338996723469e-06 1.99509008780296e-06 2.04947991733206e-06 2.10594998861779e-06 2.15577006201784e-06 2.20671995521116e-06 2.25872008741135e-06 2.30965997616295e-06 2.35475999943446e-06 2.40069994106307e-06 2.44750003730587e-06 2.49131994678464e-06 2.53274993156083e-06 2.57329998021305e-06 2.61524996858498e-06 2.64986010733992e-06 2.68222993327072e-06 2.7139999474457e-06 2.74489002549672e-06 2.75996990239946e-06 2.77513004220964e-06 2.79519008472562e-06 2.81096004073333e-06 2.82375003735069e-06 2.83656004285149e-06 2.84777001979819e-06 2.85364990304515e-06 2.85935993815656e-06 2.8650899821514e-06 2.87083003058797e-06 2.87507009488763e-06 2.8787999326596e-06 2.88255000668869e-06 2.88630008071777e-06 2.88775004264608e-06 2.8892100090161e-06 2.88841010842589e-06 2.8876600026706e-06 2.88879004983755e-06
1.31142996906419e-06 1.34848005473032e-06 1.38737004817813e-06 1.4223099924493e-06 1.458139990973e-06 1.50000005305628e-06 1.55327995798871e-06 1.60670003879204e-06 1.66196002737706e-06 1.70988005265826e-06 1.75623995346541e-06 1.80520999037981e-06 1.8512999986342e-06 1.89167997177719e-06 1.93289997696411e-06 1.97500003196183e-06 2.01444004233053e-06 2.05103992811928e-06 2.08830010706151e-06 2.12620989259449e-06 2.15682007365103e-06 2.18507989302452e-06 2.21327991312137e-06 2.24184009312012e-06 2.25969006351079e-06 2.27769010052725e-06 2.29582997235411e-06 2.31270996664534e-06 2.32548995882098e-06 2.33833998208866e-06 2.35125003200665e-06 2.36208006754168e-06 2.37078006648517e-06 2.37951007875381e-06 2.38826009990589e-06 2.39291989601043e-06 2.39618998421065e-06 2.39946007241088e-06 2.4027199287957e-06 2.40438998844184e-06 2.40605004364625e-06 2.40770009440894e-06 2.41023008129559e-06 2.41542988987931e-06
1.02265994428308e-06 1.05291996987944e-06 1.08745996385551e-06 1.12210000224877e-06 1.15141995138401e-06 1.18142997962423e-06 1.22108997402393e-06 1.26222994367708e-06 1.30476996673679e-06 1.34051003897184e-06 1.37663994337345e-06 1.42208000397659e-06 1.46692002545024e-06 1.50666005538369e-06 1.54526003370847e-06 1.58305999775621e-06 1.61537002441037e-06 1.65176004429668e-06 1.68704002589948e-06 1.72191005276545e-06 1.74985996181931e-06 1.77568995241018e-06 1.80191000254126e-06 1.82787005087448e-06 1.8460899582351e-06 1.86448994554667e-06 1.88307001280918e-06 1.90015998668969e-06 1.91230992641067e-06 1.92453990166541e-06 1.93684991245391e-06 1.94767994798895e-06 1.95700999938708e-06 1.9663800685521e-06 1.97578992811032e-06 1.98168004317267e-06 1.98639008885948e-06 1.99110991161433e-06 1.99581995730114e-06 1.99948999579647e-06 2.00317003873351e-06 2.00684007722884e-06 2.01156990442541e-06 2.01943998945353e-06
8.28673989872186e-07 8.54726977195241e-07 8.84016003510624e-07 9.14305019250605e-07 9.45626027260005e-07 9.78265006779111e-07 1.01211003311619e-06 1.04176001514134e-06 1.0706399962146e-06 1.09764005173929e-06 1.12532995899528e-06 1.15954003376828e-06 1.19510002605239e-06 1.22877997910109e-06 1.26454995097447e-06 1.2950199561601e-06 1.32667003072129e-06 1.35553000291111e-06 1.38501002311386e-06 1.41561997679673e-06 1.44079001529462e-06 1.46370996390033e-06 1.4869899587211e-06 1.51020003613667e-06 1.52539996634005e-06 1.54253996242915e-06 1.55899999754183e-06 1.5749000112919e-06 1.58924001425476e-06 1.60370996127313e-06 1.61830996603385e-06 1.63127003816044e-06 1.64253003731574e-06 1.65385995387624e-06 1.66527001965733e-06 1.67416999374836e-06 1.68224994467892e-06 1.69036002262146e-06 1.69851000464405e-06 1.70660996445804e-06 1.71474005128402e-06 1.72292004663177e-06 1.73265004832501e-06 1.74704996425135e-06
6.64277024498006e-07 6.86976022734598e-07 7.1213599994735e-07 7.38217977414024e-07 7.65257027524058e-07 7.93449999036966e-07 8.22741014872008e-07 8.53113022003527e-07 8.84608027718059e-07 9.12860002699745e-07 9.42016015414993e-07 9.69974962572451e-07 9.94396032183431e-07 1.01739999536221e-06 1.04093999198085e-06 1.06503000552038e-06 1.09468999198725e-06 1.12137001906376e-06 1.14869999379152e-06 1.1766900342991e-06 1.19843002721609e-06 1.21433004096616e-06 1.22965002447017e-06 1.24517998756346e-06 1.25844997000968e-06 1.2739800467898e-06 1.2896899761472e-06 1.30522994368221e-06 1.31984995732637e-06 1.33463004203804e-06 1.34957997488527e-06 1.36309995468764e-06 1.37516997256171e-06 1.38734003485297e-06 1.39962003231631e-06 1.4114999657977e-06 1.42329997743218e-06 1.43520003348385e-06 1.4472100247076e-06 1.45698004416772e-06 1.46606998896459e-06 1.47491005009215e-06 1.48575998082379e-06 1.5025799484647e-06
5.46174987903214e-07 5.636160267386e-07 5.84025997341087e-07 6.06015021276107e-07 6.28832992788375e-07 6.52622986763163e-07 6.77354989875312e-07 7.03025023085502e-07 7.29669011434453e-07 7.53658980556793e-07 7.78439982696e-07 8.04036005774833e-07 8.29909993171896e-07 8.54869995237095e-07 8.80581012552284e-07 9.07066976196802e-07 9.31286990635272e-07 9.48916976994951e-07 9.66595052886987e-07 9.84604980658332e-07 9.99232042886433e-07 1.01531998097926e-06 1.03319996469509e-06 1.05118999726983e-06 1.06508002772898e-06 1.07915002445225e-06 1.09339998743962e-06 1.10773999040248e-06 1.12193004042638e-06 1.13630005671439e-06 1.15085003926652e-06 1.16409000838757e-06 1.17394995413633e-06 1.18405000648636e-06 1.19764001738076e-06 1.21088999094354e-06 1.2241299600646e-06 1.23749998692801e-06 1.2510299711721e-06 1.26379995890602e-06 1.27670000438229e-06 1.2897399983558e-06 1.30496005112946e-06 1.32661000407097e-06
4.59147997844411e-07 4.76167997476296e-07 4.94614027957141e-07 5.13774978116999e-07 5.31758985289343e-07 5.49833998775284e-07 5.68632003705716e-07 5.90152012591716e-07 6.12486019235803e-07 6.33209026545956e-07 6.546330268975e-07 6.76782974551315e-07 6.99055021868844e-07 7.20118009667203e-07 7.41815995297657e-07 7.64168021305522e-07 7.84930023201014e-07 8.03936984539178e-07 8.23403979666182e-07 8.43343002543406e-07 8.59814008435933e-07 8.75268995059741e-07 8.91000979663659e-07 9.07017010831623e-07 9.18390981041739e-07 9.29724023990275e-07 9.41197981774167e-07 9.52909999796248e-07 9.6505505098321e-07 9.77355966824689e-07 9.89816044238978e-07 1.00319005014171e-06 1.01821001408098e-06 1.03345996649296e-06 1.04894002106448e-06 1.06437005342741e-06 1.07992002540414e-06 1.09570999029529e-06 1.11172994365916e-06 1.12906002414093e-06 1.14251997729298e-06 1.15544003165269e-06 1.17216995931813e-06 1.19521996566618e-06
3.84387988106027e-07 3.99675997186932e-07 4.16701993799506e-07 4.32124011240376e-07 4.48191997293179e-07 4.65352002265718e-07 4.82986990846257e-07 5.01291026466788e-07 5.19041975621803e-07 5.3526201782006e-07 5.51992002328916e-07 5.69694009300292e-07 5.88857005823229e-07 6.06630976562883e-07 6.24943027105473e-07 6.43807993583323e-07 6.61599983686756e-07 6.78200990478217e-07 6.95219000590441e-07 7.12664018465148e-07 7.27337010175688e-07 7.4122402793364e-07 7.55377016048442e-07 7.69800010402832e-07 7.82899974183238e-07 7.96224014720792e-07 8.09774974186439e-07 8.23712014152989e-07 8.3836397379855e-07 8.532790047866e-07 8.68458016611839e-07 8.84078986018721e-07 8.992939797281e-07 9.12385019091744e-07 9.25666995499341e-07 9.37884010454582e-07 9.49836987729213e-07 9.65546973930032e-07 9.76242972683394e-07 9.94521997199627e-07 1.01314003586594e-06 1.03211004898185e-06 1.05297999652976e-06 1.07819005279453e-06
3.32067003228076e-07 3.44489990311558e-07 3.57788991323105e-07 3.7160100418987e-07 3.86120007078716e-07 4.01286996520867e-07 4.16820995496892e-07 4.31631008268596e-07 4.48007995146327e-07 4.63975993625354e-07 4.80514984246838e-07 4.97642986374558e-07 5.13595011852885e-07 5.27788984072686e-07 5.42405018677528e-07 5.57429018499533e-07 5.73049987906415e-07 5.88318016525591e-07 6.0399401036193e-07 6.20087973857153e-07 6.34128014098678e-07 6.47641002160526e-07 6.61442982163862e-07 6.75539013172965e-07 6.88731972786627e-07 7.02184024703456e-07 7.15898011094396e-07 7.30282010863448e-07 7.46184980471298e-07 7.62434012813173e-07 7.79037975462415e-07 7.96072015418758e-07 8.13548012956744e-07 8.31409010970674e-07 8.49662001201068e-07 8.6626198481099e-07 8.77656987086084e-07 8.8824901922635e-07 9.06348986973171e-07 9.19229023566004e-07 9.3229300546227e-07 9.45702993249142e-07 9.63020966082695e-07 9.80497020464099e-07
2.89949014131707e-07 2.99148013027661e-07 3.08946994209691e-07 3.20267986353429e-07 3.32355000409734e-07 3.44958010600749e-07 3.58059992322524e-07 3.71660007658647e-07 3.8577701388931e-07 3.99753986357609e-07 4.14237007362317e-07 4.28906986371658e-07 4.44459004711462e-07 4.59157007526301e-07 4.7434099315069e-07 4.89180024487723e-07 5.02308978411747e-07 5.15017006819107e-07 5.28050009052095e-07 5.41414010513108e-07 5.53439974737557e-07 5.65886978165508e-07 5.79204026962543e-07 5.92833998780407e-07 6.05904006079072e-07 6.19263971657347e-07 6.32917988241388e-07 6.47463025416073e-07 6.64152992158051e-07 6.81272979363712e-07 6.98836004175973e-07 7.16837007530557e-07 7.35285027531063e-07 7.5420899747769e-07 7.73621025018656e-07 7.9018298038136e-07 7.99605004431214e-07 8.17138982256438e-07 8.36331992104533e-07 8.50945980346296e-07 8.65660013005254e-07 8.77084971762088e-07 8.88080990080198e-07 8.97452991921455e-07
2.56752002769645e-07 2.64716987885549e-07 2.73289003871469e-07 2.82140007357157e-07 2.91276990083134e-07 3.00854992474342e-07 3.11999002633456e-07 3.23953003089628e-07 3.363660141531e-07 3.48693987461957e-07 3.61474008059304e-07 3.74724010043792e-07 3.88203005741161e-07 4.01373000613603e-07 4.14822011407523e-07 4.29071008056781e-07 4.43017995621631e-07 4.56788995961688e-07 4.70987998824057e-07 4.84319002680422e-07 4.96389986892609e-07 5.0836098353102e-07 5.20623018473998e-07 5.33182003437105e-07 5.45325008260988e-07 5.57892008146155e-07 5.72068984183716e-07 5.86976000249706e-07 6.03408977895015e-07 6.20301989329164e-07 6.37667994851654e-07 6.54812026823492e-07 6.71689008413523e-07 6.89001979026216e-07 7.0454302658618e-07 7.15498003955872e-07 7.28203986000153e-07 7.43884982057352e-07 7.59904025926517e-07 7.71122017795278e-07 7.82505992447113e-07 7.94059019426641e-07 8.04542992227653e-07 8.11412974144332e-07
2.2983100222973e-07 2.36850993928783e-07 2.44542007976634e-07 2.52483005169779e-07 2.60683009400964e-07 2.69331991376021e-07 2.78332009884252e-07 2.87635003815012e-07 2.97293013318267e-07 3.07927990661483e-07 3.19294002792958e-07 3.31079007764856e-07 3.43127993573944e-07 3.55079009750625e-07 3.6744700082636e-07 3.80247001885436e-07 3.93403013276838e-07 4.06290013188482e-07 4.20843008441807e-07 4.35375994811693e-07 4.49585002115782e-07 4.63997992028453e-07 4.77672983834054e-07 4.91058017360047e-07 5.04062995787535e-07 5.17416026468709e-07 5.31128023339988e-07 5.45090017567418e-07 5.59594980131806e-07 5.75498006583075e-07 5.89059993671981e-07 6.01447027293034e-07 6.130550218586e-07 6.25197003500944e-07 6.39633981336374e-07 6.50552976821928e-07 6.6027200773533e-07 6.70137012548366e-07 6.80149014442577e-07 6.87481019667757e-07 6.94891014063614e-07 7.02382010331348e-07 7.09299001755426e-07 7.14305997462361e-07
2.0574199766088e-07 2.11925993198747e-07 2.1882699741127e-07 2.25953996846329e-07 2.33313002695468e-07 2.41122990018994e-07 2.49268993002261e-07 2.57719989349425e-07 2.66487006683747e-07 2.75064991228646e-07 2.83919007415534e-07 2.93059997602541e-07 3.03290988767912e-07 3.14130005563129e-07 3.2535601235395e-07 3.36983987381245e-07 3.49351012118859e-07 3.62507989848382e-07 3.76161011672593e-07 3.90328011690144e-07 4.03502014023616e-07 4.19841995835668e-07 4.35409987176172e-07 4.51544991619812e-07 4.66077011651578e-07 4.8022201326603e-07 4.94797973260575e-07 5.09287019667681e-07 5.20105004397919e-07 5.33935008206754e-07 5.49335027244524e-07 5.61821991595934e-07 5.70999020510499e-07 5.80315997922298e-07 5.89785997817671e-07 5.95657979829411e-07 6.00436010245176e-07 6.05368995820754e-07 6.1034302234475e-07 6.16363024619204e-07 6.2284300383908e-07 6.29391024631332e-07 6.34658022136136e-07 6.35904996215686e-07
1.87816993957313e-07 1.93355006672391e-07 1.99544999190948e-07 2.05934000518937e-07 2.12526998666362e-07 2.1968500618641e-07 2.27206996328277e-07 2.34986998748354e-07 2.43042990177855e-07 2.51388996730384e-07 2.60023000464571e-07 2.68875993469919e-07 2.7791600132332e-07 2.87037011048596e-07 2.96552002509998e-07 3.07824990386507e-07 3.19842001772486e-07 3.32657009494142e-07 3.45985000649307e-07 3.5984800206279e-07 3.73988996216212e-07 3.88590990496596e-07 4.02442992708529e-07 4.19528987549711e-07 4.32885997270205e-07 4.46668991571642e-07 4.60025006532305e-07 4.71763996756636e-07 4.80497021726478e-07 4.87191982756485e-07 4.94256028105156e-07 5.02571992910816e-07 5.08529979015293e-07 5.14559019393346e-07 5.20659000358137e-07 5.24922995737143e-07 5.28582972947333e-07 5.32268018105242e-07 5.35978983862151e-07 5.40092003120662e-07 5.44619979336858e-07 5.48412003809062e-07 5.52596986835852e-07 5.56738996237982e-07
1.69860996379612e-07 1.75500005639151e-07 1.81659004283574e-07 1.87693999009753e-07 1.93600001807681e-07 2.00160002350458e-07 2.07103994398494e-07 2.1428999730233e-07 2.21725997562316e-07 2.29589005584785e-07 2.37839998362688e-07 2.46387998004138e-07 2.55234994028797e-07 2.64369987235114e-07 2.73799997785318e-07 2.83463009509433e-07 2.93690987973605e-07 3.05266013356231e-07 3.18231997198382e-07 3.31749987481089e-07 3.45482987995638e-07 3.59659992454908e-07 3.74418988258185e-07 3.88989008115459e-07 3.99899988678953e-07 4.12773999869387e-07 4.24820001398984e-07 4.3568701357799e-07 4.42250012611112e-07 4.48224000137998e-07 4.52765988256942e-07 4.55149006484135e-07 4.55339005611677e-07 4.55529999499049e-07 4.5648599211745e-07 4.5870399389969e-07 4.60852987771432e-07 4.63719999288514e-07 4.66719995984022e-07 4.72701998432967e-07 4.78761023714469e-07 4.82843006466283e-07 4.8633501137374e-07 4.90369018280035e-07
