results/Predictions/Median/Tortonian.asc
NCOLS 360 
NROWS 180 
XLLCORNER -180 
YLLCORNER -90 
CELLSIZE 1 
NODATA_value -3.4e+38 
[rows 140 to 159 of 180, columns 132 to 175 of 360]
2.90521006718336e-06 2.82782002614113e-06 2.75250999948184e-06 2.71467001766723e-06 2.70747000286065e-06 2.69175006906153e-06 2.67598989012185e-06 2.66027996076446e-06 2.64451000475674e-06 2.62861999544839e-06 2.61262994172284e-06 2.58159002441971e-06 2.5506999463687e-06 2.51995993494347e-06 2.49027993959317e-06 2.46302010964428e-06 2.43576005232171e-06 2.40877989199362e-06 2.39080009123427e-06 2.38159009313677e-06 2.37239009948098e-06 2.3631901058252e-06 2.36968003264337e-06 2.38132997765206e-06 2.39216001318709e-06 2.40302006204729e-06 2.40274994212086e-06 2.40248004956811e-06 2.40220992964169e-06 2.39728001361073e-06 2.37847007156233e-06 2.35979996432434e-06 2.34127992371214e-06 2.31906005865312e-06 2.29323995881714e-06 2.26770998779102e-06 2.2424699182011e-06 2.21330992644653e-06 2.18313994082564e-06 2.1533899143833e-06 2.12404006560973e-06 2.09138988793711e-06 2.06516006073798e-06 2.03515992325265e-06
2.44820989792061e-06 2.36290998145705e-06 2.28059002438386e-06 2.23574011215533e-06 2.22001995098253e-06 2.19647995436389e-06 2.17078991227027e-06 2.15073009712796e-06 2.13362000067718e-06 2.11663996196876e-06 2.09979998544441e-06 2.07269999918935e-06 2.04594994102081e-06 2.01955003831245e-06 2.00074009626405e-06 1.98156999431376e-06 1.96188989320945e-06 1.94240010387148e-06 1.92706988855207e-06 1.91522008208267e-06 1.90210994333029e-06 1.88873002571199e-06 1.88982005511207e-06 1.89572995168419e-06 1.90165997082659e-06 1.90761011253926e-06 1.90841001312947e-06 1.9092199181614e-06 1.910030050567e-06 1.90697005564289e-06 1.89238994607877e-06 1.87903003734391e-06 1.87139005447534e-06 1.86123997991672e-06 1.84861994512175e-06 1.83608995030227e-06 1.82364999545825e-06 1.806479986044e-06 1.78380003035272e-06 1.76140997609764e-06 1.73931005065242e-06 1.71381998370634e-06 1.68870997185877e-06 1.66397001066798e-06
2.06288996196236e-06 1.97097006093827e-06 1.88315004834294e-06 1.82377004875889e-06 1.79034998382122e-06 1.75753996245476e-06 1.72532998021779e-06 1.71816998317809e-06 1.71522003711289e-06 1.71227998180257e-06 1.70473003890947e-06 1.68966005276161e-06 1.67417999819008e-06 1.6567699958614e-06 1.63844003964186e-06 1.61714001478686e-06 1.59562000590086e-06 1.57735996708652e-06 1.55899999754183e-06 1.54715996814048e-06 1.53612995745789e-06 1.52516997786734e-06 1.52485995386087e-06 1.52809002429422e-06 1.531309976599e-06 1.53451003370719e-06 1.53444000261516e-06 1.5343099448728e-06 1.53413998305041e-06 1.53232997490704e-06 1.52571999478823e-06 1.5191000102277e-06 1.51246001678373e-06 1.50500000017928e-06 1.49672996485606e-06 1.48849994729972e-06 1.48030005675537e-06 1.46658999256033e-06 1.4511599601974e-06 1.43588999890198e-06 1.42077999498724e-06 1.40266001835698e-06 1.38450002395984e-06 1.36655000915198e-06
1.81107998287189e-06 1.70814996636182e-06 1.61702996592794e-06 1.56723001509818e-06 1.53975997818634e-06 1.5127700407902e-06 1.48161996094132e-06 1.46273998780089e-06 1.44913997246476e-06 1.43558997933724e-06 1.42206999953487e-06 1.40863005526626e-06 1.38989003062306e-06 1.37300003189011e-06 1.35640004828019e-06 1.33865000861988e-06 1.32081004267093e-06 1.30297996747686e-06 1.2896399539386e-06 1.28066994875553e-06 1.27175997022277e-06 1.26291001834034e-06 1.26197994632093e-06 1.2636700148505e-06 1.26535996969324e-06 1.26704003378109e-06 1.2671699778366e-06 1.2672700222538e-06 1.26734005334583e-06 1.26657005239394e-06 1.26334998640232e-06 1.26011002521409e-06 1.25685005514242e-06 1.252529955309e-06 1.24717996641266e-06 1.24183998195804e-06 1.23651000194513e-06 1.22609003483376e-06 1.21406003472657e-06 1.20214997423318e-06 1.19026003631006e-06 1.1773099686252e-06 1.16448995868268e-06 1.15182001536596e-06
1.60115996550303e-06 1.5176500482994e-06 1.43424995258101e-06 1.36670996653265e-06 1.32457000745489e-06 1.28778003727348e-06 1.24799998957315e-06 1.22430003557383e-06 1.21031996513921e-06 1.19667004128132e-06 1.18311004371208e-06 1.1678799864967e-06 1.15276998258196e-06 1.13778003196785e-06 1.12287000320066e-06 1.10794996999175e-06 1.09319000785035e-06 1.07825997019972e-06 1.0672099506337e-06 1.05998003618879e-06 1.05279002582392e-06 1.04565003766766e-06 1.04434002423659e-06 1.04495995856269e-06 1.04558000657562e-06 1.04619005014683e-06 1.0464699471413e-06 1.04672994893917e-06 1.04697005554044e-06 1.04693003777356e-06 1.04614002793824e-06 1.04532000477775e-06 1.04447997273382e-06 1.04245998500119e-06 1.03928005046328e-06 1.03610000223853e-06 1.03291995401378e-06 1.02506999155594e-06 1.01564000942744e-06 1.00627994470415e-06 9.97006054603844e-07 9.88229999165924e-07 9.7952795385936e-07 9.70901965047233e-07
1.39804001264565e-06 1.31234003220015e-06 1.21925995699712e-06 1.15354998797557e-06 1.11138001557265e-06 1.07076004951523e-06 1.03161994502443e-06 1.01191994872352e-06 9.98503992377664e-07 9.85224005489727e-07 9.72077032201923e-07 9.58601049205754e-07 9.45253987083561e-07 9.32034993184061e-07 9.19216006423085e-07 9.07343974176911e-07 8.95595974270691e-07 8.83970983522886e-07 8.75474995609693e-07 8.70272003794526e-07 8.65098002122977e-07 8.59952990595048e-07 8.59263025176915e-07 8.60050022311043e-07 8.60835996263631e-07 8.61622027059639e-07 8.6283898781403e-07 8.63659010974516e-07 8.64201012973353e-07 8.64756998453231e-07 8.65354024881526e-07 8.65950994466402e-07 8.66548987232818e-07 8.65837023411586e-07 8.63819025198609e-07 8.61805006024952e-07 8.59795022734033e-07 8.5377200775838e-07 8.46465013637498e-07 8.39221002024715e-07 8.32039006581908e-07 8.26539007903193e-07 8.21076014290156e-07 8.15649002561258e-07
1.18169998586382e-06 1.0983700349243e-06 1.01520004136546e-06 9.56090048020997e-07 9.17461022709176e-07 8.80397976743552e-07 8.44835994939785e-07 8.26527980279934e-07 8.13810004274274e-07 8.01251985649287e-07 7.88851991728734e-07 7.77382979322283e-07 7.66036009736126e-07 7.54813015646505e-07 7.43521013646387e-07 7.33372019112721e-07 7.23360983556631e-07 7.13486997483415e-07 7.06892990365304e-07 7.03491025433323e-07 7.00104976658622e-07 6.9673598090958e-07 6.96997005888988e-07 6.98467999882268e-07 6.99942006576748e-07 7.01419025972427e-07 7.03510011135222e-07 7.05607988038537e-07 7.07711990344251e-07 7.09798996467725e-07 7.11823986421223e-07 7.13856024958659e-07 7.15891985691997e-07 7.16572003511828e-07 7.15889996172336e-07 7.15207988832844e-07 7.14527004674892e-07 7.10705023720948e-07 7.05866000316746e-07 7.01058979757363e-07 6.96284985224338e-07 6.93243009664002e-07 6.90215017584705e-07 6.87199985804909e-07
9.99728968054114e-07 9.19275976229983e-07 8.45296995066747e-07 7.92443984209967e-07 7.57402006001939e-07 7.23914013178728e-07 6.91912021011376e-07 6.75149976814282e-07 6.63327000438585e-07 6.51557002129266e-07 6.38439018985082e-07 6.27115980478266e-07 6.17422983850702e-07 6.08573998306383e-07 6.00380019477598e-07 5.93858999309305e-07 5.86803025726113e-07 5.79701975311764e-07 5.75167973693169e-07 5.73140994220012e-07 5.71121006487374e-07 5.69108976833377e-07 5.70280974443449e-07 5.72519979868957e-07 5.74768989736185e-07 5.77026014525472e-07 5.79944014589273e-07 5.82877021315653e-07 5.85824977861193e-07 5.88612010687939e-07 5.90885008477926e-07 5.93168010709633e-07 5.95459027863399e-07 5.96721974943648e-07 5.96950997078238e-07 5.97180019212828e-07 5.97408984504e-07 5.95076983245235e-07 5.91905973124085e-07 5.88752016028593e-07 5.85814007081353e-07 5.84659005653521e-07 5.83245991947479e-07 5.81450024128571e-07
7.39931977022934e-07 6.9526697643596e-07 6.53299025543674e-07 6.22311972620082e-07 6.00949022100394e-07 5.8025102589454e-07 5.59557975066127e-07 5.47456977528782e-07 5.38158985818882e-07 5.29017995631875e-07 5.20032983786223e-07 5.12224005433382e-07 5.04657975852751e-07 4.97706992064195e-07 4.90155002808024e-07 4.8461299684277e-07 4.80063988561596e-07 4.75603002314529e-07 4.73060993044783e-07 4.7240598632925e-07 4.71751008035426e-07 4.71096996079723e-07 4.72827991870872e-07 4.75364998919758e-07 4.77915023111564e-07 4.8047797918116e-07 4.83697988329368e-07 4.87247007185942e-07 4.90366971916956e-07 4.93375978294353e-07 4.96158008900238e-07 4.98971985507524e-07 5.01801991958928e-07 5.03632975323853e-07 5.0445697752366e-07 5.05280979723466e-07 5.06107028286351e-07 5.05315995269484e-07 5.03988019318058e-07 5.02662999224412e-07 5.01342015013506e-07 5.00891985666385e-07 5.00442979500804e-07 4.99993973335222e-07
5.47652973637014e-07 5.25853977251245e-07 5.0492201353336e-07 4.88733007841802e-07 4.76860975595628e-07 4.65260001192291e-07 4.53923007626145e-07 4.45653995484463e-07 4.37718995272007e-07 4.31139994816476e-07 4.25460996211768e-07 4.2026701407849e-07 4.1513399651194e-07 4.10062995115368e-07 4.05437987183177e-07 4.02009987965357e-07 3.98611007312866e-07 3.95239993622454e-07 3.93488988947865e-07 3.93335994886002e-07 3.93182006064308e-07 3.93027988820904e-07 3.95125994145928e-07 3.97993005663011e-07 4.00880992401653e-07 4.03787993263904e-07 4.07064987939521e-07 4.10369011660805e-07 4.13699012824509e-07 4.16896000388078e-07 4.19635995285716e-07 4.22392986365594e-07 4.2516899156908e-07 4.27608000563851e-07 4.29363012699469e-07 4.30819994789999e-07 4.317759874084e-07 4.31676994594454e-07 4.31227988428873e-07 4.30777987503461e-07 4.30330004519419e-07 4.30335006740279e-07 4.30340008961139e-07 4.30345011181998e-07
4.83054975575214e-07 4.68829000510596e-07 4.55064991911058e-07 4.42883987261666e-07 4.32163005825714e-07 4.21044006770899e-07 4.08336006785248e-07 3.99398004446994e-07 3.92232010426596e-07 3.85192009844104e-07 3.78278002699517e-07 3.72388001323998e-07 3.66589006262075e-07 3.60878999572378e-07 3.55728985823589e-07 3.52048004970129e-07 3.48404995520468e-07 3.44798991136486e-07 3.42751008020059e-07 3.4223199918415e-07 3.41714013529781e-07 3.41195999453703e-07 3.42855003054865e-07 3.45253994282757e-07 3.47668986933058e-07 3.50101004187309e-07 3.52994987906641e-07 3.55912987970441e-07 3.58854009618881e-07 3.61683987648576e-07 3.64122996643346e-07 3.66579001820355e-07 3.69052003179604e-07 3.70821993556092e-07 3.71880986449469e-07 3.72941997284215e-07 3.74006987158282e-07 3.74476996967132e-07 3.74748992726381e-07 3.750199937258e-07 3.75719992007362e-07 3.77253002170619e-07 3.7869000379942e-07 3.79069007294675e-07
5.0761099146257e-07 4.92715003019839e-07 4.7824602233959e-07 4.61749010582935e-07 4.46663989350782e-07 4.32002991601621e-07 4.16493008970065e-07 4.00883010343023e-07 3.86213997671803e-07 3.73243011608793e-07 3.62289000577221e-07 3.53837009470226e-07 3.45582009231293e-07 3.37519992399393e-07 3.30348996158136e-07 3.25410013601868e-07 3.20545012755247e-07 3.15752004098613e-07 3.1263701316675e-07 3.11153002030551e-07 3.09676011056581e-07 3.08206011823131e-07 3.08897995182633e-07 3.10316011109535e-07 3.11740990355247e-07 3.13171000243528e-07 3.15411000428867e-07 3.17667002036615e-07 3.19938010306942e-07 3.22149986686782e-07 3.2414499173683e-07 3.26151990748258e-07 3.28172006902605e-07 3.29681000721394e-07 3.30672008885813e-07 3.31666001329722e-07 3.32663006474831e-07 3.33425987264491e-07 3.34112002065012e-07 3.34800006385194e-07 3.35488010705376e-07 3.36928991373497e-07 3.39026996698522e-07 3.40307991564259e-07
5.33450020157034e-07 5.17820012646553e-07 5.02608997976495e-07 4.83743974655226e-07 4.60818995406953e-07 4.39697998899646e-07 4.2150898593718e-07 4.03628007461521e-07 3.83514986879163e-07 3.64405991604144e-07 3.46975014053896e-07 3.36211002149867e-07 3.25780007415233e-07 3.15672991746396e-07 3.0678199891554e-07 3.00789992024875e-07 2.94914002552105e-07 2.8915400207552e-07 2.85172006897483e-07 2.82900003867326e-07 2.80644997019408e-07 2.78408009535269e-07 2.78306998779954e-07 2.78917013929458e-07 2.79527995417084e-07 2.80140000086249e-07 2.81831006532229e-07 2.8353301217976e-07 2.852449938473e-07 2.8693901299448e-07 2.88557004068934e-07 2.90184999585108e-07 2.91822004783171e-07 2.93104989168569e-07 2.94030996883521e-07 2.94958994118133e-07 2.95890004053945e-07 2.96876009997504e-07 2.97760010425918e-07 2.98630993711413e-07 2.99504989698107e-07 3.01433999538858e-07 3.03728995731944e-07 3.05959986235393e-07
4.63850000187449e-07 4.46309996959826e-07 4.29472009955134e-07 4.1441299458711e-07 3.99030000153289e-07 3.82275004540134e-07 3.65360989462715e-07 3.50513005287212e-07 3.36689993218897e-07 3.24566002518623e-07 3.1409601319865e-07 3.05425999158615e-07 2.96996006454719e-07 2.88798986503025e-07 2.81490997622313e-07 2.76319013892135e-07 2.71240992333333e-07 2.66256989789326e-07 2.62823988350647e-07 2.60885002489886e-07 2.58960000110164e-07 2.57049009633192e-07 2.56841985901701e-07 2.57267998904354e-07 2.57695006666836e-07 2.58121986007609e-07 2.59864009422017e-07 2.61618993135926e-07 2.63385004473093e-07 2.65201009597149e-07 2.6714499767877e-07 2.6910200290331e-07 2.71073986368719e-07 2.73115006166336e-07 2.75226000212569e-07 2.77353990441043e-07 2.79498010513635e-07 2.81729995776914e-07 2.8401399276845e-07 2.86135986016234e-07 2.88272985926596e-07 2.90660011614818e-07 2.9306698934306e-07 2.95493009616621e-07
4.00933004129911e-07 3.86147007702675e-07 3.68863993571722e-07 3.53473012637551e-07 3.39877004762457e-07 3.26804013184301e-07 3.14234000597935e-07 3.05671989053735e-07 2.98386993335953e-07 2.91275995323304e-07 2.84333992794927e-07 2.77462987696708e-07 2.70757993803272e-07 2.6421500365359e-07 2.58287997212392e-07 2.53840994446364e-07 2.49469991331353e-07 2.45174987867358e-07 2.42228992419768e-07 2.40584000721356e-07 2.38492987136851e-07 2.36250997431853e-07 2.36006997056393e-07 2.36424995136986e-07 2.36842993217579e-07 2.37262995028686e-07 2.3900400947241e-07 2.40757998426488e-07 2.42525004523486e-07 2.44418998818219e-07 2.46675995185797e-07 2.48953000436813e-07 2.51251009331099e-07 2.54015986911327e-07 2.57421987726048e-07 2.61363993558916e-07 2.64584002707124e-07 2.67692996658297e-07 2.70789001888261e-07 2.73919994242533e-07 2.77086996902653e-07 2.79825002280631e-07 2.82589013522738e-07 2.85511987385689e-07
3.55418990238832e-07 3.39366010848607e-07 3.24038012422534e-07 3.11337998937233e-07 3.01007986536206e-07 2.91059990331632e-07 2.82885991964577e-07 2.77124996728162e-07 2.72197013373443e-07 2.67357989969241e-07 2.62604004319655e-07 2.57472009934645e-07 2.52440003123411e-07 2.47506989126123e-07 2.42996009092167e-07 2.39525007827979e-07 2.36104000350679e-07 2.32732006111291e-07 2.3043600094752e-07 2.28941004820626e-07 2.27106994543647e-07 2.25286001409586e-07 2.2531699528372e-07 2.25963006528218e-07 2.26610993081522e-07 2.27260997576195e-07 2.29069001989046e-07 2.30891998853622e-07 2.32728993410092e-07 2.34661996501018e-07 2.36855996149643e-07 2.39660010947773e-07 2.42645000980701e-07 2.45280006083703e-07 2.48292991500421e-07 2.51344005164356e-07 2.5443199547226e-07 2.57293010008652e-07 2.60097010595928e-07 2.62931990846482e-07 2.65797012843905e-07 2.68267996261784e-07 2.70761006504472e-07 2.73278004669919e-07
3.21800996516686e-07 3.08864997577984e-07 2.96232002483521e-07 2.85961988311101e-07 2.77840996432133e-07 2.69949993025875e-07 2.62622990021555e-07 2.58251986906544e-07 2.54597011917213e-07 2.5099399181272e-07 2.47441988676655e-07 2.44049005004854e-07 2.40702007658911e-07 2.37400996638826e-07 2.34392004472284e-07 2.32152999046775e-07 2.29936006235221e-07 2.27740002856081e-07 2.26273996872806e-07 2.25481997517818e-07 2.24222006295349e-07 2.22867996058085e-07 2.23455998593636e-07 2.24599006060089e-07 2.25712000201383e-07 2.26829996563538e-07 2.28781004807388e-07 2.3081899769295e-07 2.33178994335503e-07 2.35097999734535e-07 2.37128006119747e-07 2.39174994476343e-07 2.41239007436889e-07 2.43200986460579e-07 2.45057009351513e-07 2.46926987301777e-07 2.48811005576499e-07 2.50309000193738e-07 2.51681996132902e-07 2.53063006994125e-07 2.54451009595869e-07 2.56112997476521e-07 2.57786012980432e-07 2.59469999264184e-07
2.8598299195437e-07 2.77862994835232e-07 2.69974009370344e-07 2.62654992866374e-07 2.56458008607297e-07 2.50406998247854e-07 2.44498011170435e-07 2.40770987147698e-07 2.38132997765206e-07 2.35631006262338e-07 2.33155006412744e-07 2.31325003596794e-07 2.29508003712908e-07 2.27705996280747e-07 2.26091998456468e-07 2.25006004939132e-07 2.23924999431802e-07 2.22848996145331e-07 2.22045002828963e-07 2.21196998495543e-07 2.21367997710331e-07 2.21381995402226e-07 2.22305004626833e-07 2.23632994789114e-07 2.24968005113624e-07 2.26311001938484e-07 2.28288001835608e-07 2.30283006885657e-07 2.32296002877774e-07 2.34273997534729e-07 2.36109002571538e-07 2.37958005300243e-07 2.39820991509987e-07 2.41121000499334e-07 2.41848994164684e-07 2.42579005771404e-07 2.43306999436754e-07 2.43507997765846e-07 2.43533008870145e-07 2.43557991552734e-07 2.43583002657033e-07 2.44504008151125e-07 2.45427997924708e-07 2.4635500039949e-07
2.64103988456554e-07 2.56170011425638e-07 2.4928999664553e-07 2.43596986138073e-07 2.3950400418471e-07 2.35480001720134e-07 2.31523998195371e-07 2.29256997386074e-07 2.27548994757854e-07 2.25853995061698e-07 2.24171998297606e-07 2.23721002612365e-07 2.23271001686953e-07 2.22821995521372e-07 2.22579004116596e-07 2.220100014938e-07 2.21630997998545e-07 2.21250004983631e-07 2.21063004346433e-07 2.21069001327123e-07 2.21074998307813e-07 2.21080995288503e-07 2.216279995082e-07 2.22357002144236e-07 2.23089003270616e-07 2.23822993916656e-07 2.24871996579168e-07 2.2592600146254e-07 2.26983999596087e-07 2.28031993287914e-07 2.29036004384398e-07 2.30039006510196e-07 2.31043003395826e-07 2.30420994284941e-07 2.28188994810807e-07 2.25977004220113e-07 2.23786003061832e-07 2.22550994521953e-07 2.21636000219405e-07 2.20722995436518e-07 2.19815007085344e-07 2.19846995719308e-07 2.19879993323957e-07 2.19911996168776e-07
2.4536700493627e-07 2.39099989585156e-07 2.333879933758e-07 2.29018993991303e-07 2.25923002972195e-07 2.2286900502877e-07 2.19854996430513e-07 2.18389004658093e-07 2.17432003069007e-07 2.16480003700781e-07 2.1553199758273e-07 2.16364995253571e-07 2.17199996654927e-07 2.18039005517312e-07 2.18745000779563e-07 2.19048999383631e-07 2.19354006958383e-07 2.19659000322281e-07 2.19949001234454e-07 2.20223995484048e-07 2.20499003944497e-07 2.2077399819409e-07 2.20944997408878e-07 2.21080000528673e-07 2.21215003648467e-07 2.21350006768262e-07 2.21495000118921e-07 2.2163999346958e-07 2.21782002540749e-07 2.21942002553988e-07 2.22148003103939e-07 2.22343004452341e-07 2.22527006599194e-07 2.19998000261512e-07 2.15259007063651e-07 2.10484998319771e-07 2.05812000331207e-07 2.03385994268501e-07 2.01695996793205e-07 2.00017993279289e-07 1.98354996427952e-07 1.97662998857595e-07 1.96905006077941e-07 1.96149002817947e-07
