results/Predictions/Median/Tortonian.asc
NCOLS 360 
NROWS 180 
XLLCORNER -180 
YLLCORNER -90 
CELLSIZE 1 
NODATA_value -3.4e+38 
[rows 0 to 19 of 180, columns 308 to 351 of 360]
4.37306013623129e-08 3.71958996936428e-08 3.4260999370872e-08 3.32850014217456e-08 3.17055004472877e-08 3.12667012281054e-08 3.12566008631165e-08 3.12513996902908e-08 3.12509982336451e-08 3.12506998056961e-08 3.12502983490504e-08 3.1246099041482e-08 3.12405994407072e-08 3.12350998399324e-08 3.12296002391577e-08 3.12362011811729e-08 3.12429015991711e-08 3.12494989884726e-08 3.12546006853154e-08 3.12547996372814e-08 3.12551016179441e-08 3.12553005699101e-08 3.12589989448497e-08 3.12660013435107e-08 3.12730001894579e-08 3.12800985113881e-08 3.1282201717886e-08 3.1282699097801e-08 3.12831005544467e-08 3.12836014870754e-08 3.12938013280473e-08 3.13041006450021e-08 3.1314399961957e-08 3.13229016057903e-08 3.13259995721182e-08 3.13292005671428e-08 3.13322985334707e-08 3.13363983650561e-08 3.13413011099328e-08 3.13462997780789e-08 3.1351298446225e-08 3.13490993164578e-08 3.13446015809404e-08 3.13401002927094e-08
3.08270990956316e-08 3.0823798624624e-08 3.08206011823131e-08 3.08133998316862e-08 3.0794499394915e-08 3.07755989581437e-08 3.07566985213725e-08 3.0745898271789e-08 3.07432017621068e-08 3.07405016997109e-08 3.0737801637315e-08 3.07274987676465e-08 3.07145988642787e-08 3.0701798436894e-08 3.0689001562223e-08 3.0696799768748e-08 3.07046015279866e-08 3.07123997345116e-08 3.07172989266746e-08 3.0713799503701e-08 3.07103000807274e-08 3.07067011817708e-08 3.07095007201497e-08 3.07186986958641e-08 3.07279002242922e-08 3.07371017527203e-08 3.07387004738757e-08 3.0737801637315e-08 3.07368992480406e-08 3.07360004114798e-08 3.07543999156223e-08 3.07726999437818e-08 3.07910994479244e-08 3.0806699413688e-08 3.08144016969436e-08 3.08221004274856e-08 3.08297991580275e-08 3.08397005710503e-08 3.08519005898233e-08 3.08641006085963e-08 3.08763006273693e-08 3.08764001033524e-08 3.087239974775e-08 3.08683993921477e-08
3.04757001856615e-08 3.04722007626879e-08 3.04687013397142e-08 3.04583984700457e-08 3.04277989471302e-08 3.03971994242147e-08 3.03665999012992e-08 3.03487013297854e-08 3.03435001569596e-08 3.03382989841339e-08 3.03331013640218e-08 3.03144993551996e-08 3.0291598562826e-08 3.02685982944695e-08 3.02456015788266e-08 3.02559008957815e-08 3.02661007367533e-08 3.02764000537081e-08 3.02819991304659e-08 3.02732985346665e-08 3.02647009675638e-08 3.02560998477475e-08 3.02581000255486e-08 3.02705984722706e-08 3.02831999476894e-08 3.02958014231081e-08 3.02962988030231e-08 3.02927993800495e-08 3.02892999570759e-08 3.02859000100852e-08 3.03144993551996e-08 3.03432017290106e-08 3.0371900550108e-08 3.0396300587654e-08 3.04077012458492e-08 3.04190983513308e-08 3.04304990095261e-08 3.04456015953747e-08 3.04643990034492e-08 3.04831999642374e-08 3.05020009250256e-08 3.05002991751735e-08 3.04918010840538e-08 3.04832994402204e-08
3.05223011309863e-08 3.04810008344703e-08 3.04397005379542e-08 3.04015017604797e-08 3.03724014827367e-08 3.03434006809766e-08 3.03143004032336e-08 3.02899998416706e-08 3.02703995203046e-08 3.02507991989387e-08 3.02311988775728e-08 3.02167997290326e-08 3.02039993016479e-08 3.01912983502461e-08 3.01753999565335e-08 3.01753999565335e-08 3.01753999565335e-08 3.01754994325165e-08 3.01756983844825e-08 3.01763982690773e-08 3.01772011823687e-08 3.01780005429464e-08 3.01875004993235e-08 3.0205601575517e-08 3.02216989211956e-08 3.02372988869593e-08 3.02519005401791e-08 3.02662996887193e-08 3.02806988372595e-08 3.02951015385133e-08 3.03188016914646e-08 3.03424982917022e-08 3.03661984446535e-08 3.03895006936727e-08 3.04115985727549e-08 3.04310994181378e-08 3.04494989222803e-08 3.04608001044926e-08 3.04650988880439e-08 3.0469301748326e-08 3.04735010558943e-08 3.04669995898621e-08 3.04568992248733e-08 3.04467988598844e-08
3.05538989664456e-08 3.04746983204041e-08 3.03957001790423e-08 3.03288985037398e-08 3.03008995672371e-08 3.02729006307345e-08 3.02450011702149e-08 3.02146005992654e-08 3.01819014225657e-08 3.01489002652033e-08 3.01150997472632e-08 3.01046014783424e-08 3.01020008919295e-08 3.00993008295336e-08 3.00967002431207e-08 3.00891009885618e-08 3.00816012099858e-08 3.00739984027132e-08 3.00696996191618e-08 3.00772988737208e-08 3.00845002243477e-08 3.0091598546278e-08 3.01040010697307e-08 3.01216012132954e-08 3.01393008328432e-08 3.0156900976408e-08 3.01847009609446e-08 3.02158014164888e-08 3.02470013480161e-08 3.02783007555263e-08 3.02960003750741e-08 3.03136999946219e-08 3.03313996141696e-08 3.0352598656691e-08 3.038439899683e-08 3.04161993369689e-08 3.04480991530909e-08 3.0461901445733e-08 3.04578016141477e-08 3.04536982298487e-08 3.0445001186763e-08 3.04337000045507e-08 3.04220009184064e-08 3.04102982795484e-08
3.10391996549697e-08 3.07598995163971e-08 3.07279002242922e-08 3.07338012817127e-08 3.06743999090031e-08 3.06152010409733e-08 3.05559986202297e-08 3.05074010498174e-08 3.04691987196293e-08 3.04310994181378e-08 3.03923997080346e-08 3.03701988002558e-08 3.03514013921813e-08 3.03325009554101e-08 3.03136999946219e-08 3.02831999476894e-08 3.02526999007569e-08 3.02222993298074e-08 3.01988016815358e-08 3.01961016191399e-08 3.0193401556744e-08 3.01905984656514e-08 3.02084011138959e-08 3.02467988433364e-08 3.02852001254905e-08 3.03236014076447e-08 3.03532985412858e-08 3.03801996892616e-08 3.04071008372375e-08 3.04339984324997e-08 3.04315008747835e-08 3.04290992403367e-08 3.04267011586035e-08 3.04307015142058e-08 3.04541991624774e-08 3.04776008874796e-08 3.05009990597682e-08 3.05132985545242e-08 3.05143998957647e-08 3.05155012370051e-08 3.05165990255318e-08 3.0506200232594e-08 3.04920000360198e-08 3.04777998394457e-08
3.1631998353987e-08 3.15925987592891e-08 3.12145012060228e-08 3.11569010591484e-08 3.12863015494713e-08 3.12553005699101e-08 3.10587005003526e-08 3.09385015384578e-08 3.08938012949511e-08 3.08492005274275e-08 3.08046992358868e-08 3.07191996284928e-08 3.07652996411889e-08 3.0811399653885e-08 3.08361016720937e-08 3.11071985947819e-08 3.17427009122184e-08 3.1546100842661e-08 3.08133003557032e-08 3.054270081293e-08 3.05123002419805e-08 3.0481999147014e-08 3.05058982519313e-08 3.0584100585429e-08 3.06624983181791e-08 3.07410985556089e-08 3.07616012662493e-08 3.0762599578793e-08 3.07637009200334e-08 3.07646992325772e-08 3.07275982436295e-08 3.06904013314124e-08 3.06533998184477e-08 3.06248004733334e-08 3.06215000023258e-08 3.06182990073012e-08 3.06149985362936e-08 3.06250989012824e-08 3.06485006262847e-08 3.06718987985732e-08 3.06667011784612e-08 3.06467988764325e-08 3.06370004921064e-08 3.06270990790836e-08
3.04169986975467e-08 3.02526999007569e-08 3.00892999405278e-08 3.031080098026e-08 3.06255998339111e-08 3.09435996825869e-08 3.12420986858797e-08 3.11307992717502e-08 3.11294989785438e-08 3.11738013181184e-08 3.13543999652666e-08 3.15040011855672e-08 3.15226991176587e-08 3.13564001430677e-08 3.59593990140183e-08 4.68013006127421e-08 5.27322008281317e-08 4.98962009487514e-08 4.31753015561753e-08 3.50136986071448e-08 3.08345988742076e-08 3.07760998907725e-08 3.08061984810593e-08 3.08592014164333e-08 3.08051006925325e-08 3.10197982855698e-08 3.10418002413826e-08 3.09887013827392e-08 3.09352010674502e-08 3.09233989526092e-08 3.09489998073786e-08 3.09538989995417e-08 3.08817007521611e-08 3.08200007737014e-08 3.07897991547179e-08 3.07596010884481e-08 3.07294989454476e-08 3.07373007046863e-08 3.07763983187215e-08 3.07103995567104e-08 3.06702006014348e-08 3.06583984865938e-08 3.06097014401985e-08 3.0596300604202e-08
3.29538991650224e-08 3.26986011600638e-08 3.24452003042097e-08 3.22101989524981e-08 3.19538990822821e-08 3.15171995168839e-08 3.10864010089063e-08 3.07231999840951e-08 3.04915985793741e-08 3.05288985202878e-08 3.07226990514664e-08 3.08691987527254e-08 3.10485006593808e-08 4.88444982238434e-08 6.98685028055479e-07 2.62369007941743e-06 4.00763019570149e-06 4.0022700886766e-06 3.48629009749857e-06 3.36438006343087e-06 4.96903993507658e-08 3.62059999758912e-08 3.8051801709571e-08 3.69486983231582e-08 3.52092008881755e-08 3.38269998678697e-08 3.35169012544156e-08 3.37036993869333e-08 3.23031983384681e-08 3.19260990977455e-08 3.17125987692179e-08 3.14962989023115e-08 3.11061008062552e-08 3.11157002386153e-08 3.10512007217767e-08 3.09869001569041e-08 3.09226990680145e-08 3.09009990928644e-08 3.08813987714984e-08 3.07839016500111e-08 3.06986009945831e-08 3.06629992508078e-08 3.06457010879058e-08 3.06362011315287e-08
3.91224013185365e-08 3.88121002004027e-08 3.85041012407328e-08 3.8095901544466e-08 3.73884994075979e-08 3.6678098780385e-08 3.59397986926524e-08 3.51984006385919e-08 3.63795997770922e-08 3.84650995499669e-08 5.57168000625552e-08 4.55959991541022e-07 6.27687995802262e-06 2.68349995167227e-05 5.55906008230522e-05 6.8519999331329e-05 7.23616030882113e-05 7.24077035556547e-05 7.31953987269662e-05 7.39903989597224e-05 7.90545964264311e-05 8.19475972093642e-05 7.75799999246374e-05 7.70374026615173e-05 7.33288034098223e-05 7.31221007299609e-05 7.35083012841642e-05 7.42683987482451e-05 7.52705964259803e-05 7.58056994527578e-05 7.46290970710106e-05 7.37356967874803e-05 3.78600998374168e-05 6.82676982250996e-05 5.07559998368379e-05 7.40823998057749e-06 1.03834997844388e-06 1.16165999486384e-07 4.66185987590961e-08 3.37339010059168e-08 3.07288985368359e-08 3.06910017400241e-08 3.06832994567685e-08 3.06755012502435e-08
4.36586014984641e-06 3.43038991559297e-05 2.56312996498309e-05 3.72825998056214e-05 4.66298006358556e-05 9.3609000032302e-05 8.77812999533489e-05 8.62286979099736e-05 9.1788599092979e-05 9.10164017113857e-05 8.94787008292042e-05 9.09044028958306e-05 9.06632994883694e-05 8.93183023435995e-05 8.87213973328471e-05 8.75120967975818e-05 8.68010974954814e-05 8.64337998791598e-05 8.59818028402515e-05 8.48761992529035e-05 8.38509004097432e-05 8.22982983663678e-05 8.23594964458607e-05 8.00033012637869e-05 7.85536030889489e-05 7.8242999734357e-05 7.88719989941455e-05 7.89448022260331e-05 7.81050985096954e-05 7.68449972383678e-05 7.71152990637347e-05 7.6260301284492e-05 7.41800977266394e-05 7.48035017750226e-05 7.50718972994946e-05 7.59781978558749e-05 7.57556990720332e-05 7.41011026548222e-05 7.23012999515049e-05 7.10035019437782e-05 6.74428010825068e-05 3.90811001125257e-05 4.95966014568694e-06 8.80589993812464e-07
0.000131384993437678 0.000120990996947512 0.000110579996544402 0.00010218199895462 0.000100571000075433 9.9037897598464e-05 9.72701964201406e-05 9.56211006268859e-05 -3.4e+38 9.28204972296953e-05 -3.4e+38 9.0895002358593e-05 9.03167019714601e-05 -3.4e+38 -3.4e+38 -3.4e+38 -3.4e+38 -3.4e+38 -3.4e+38 -3.4e+38 -3.4e+38 -3.4e+38 8.82140011526644e-05 8.47609990159981e-05 8.2812002801802e-05 8.10999990790151e-05 -3.4e+38 8.07132964837365e-05 -3.4e+38 8.03311995696276e-05 8.05223971838132e-05 7.96712993178517e-05 7.86453965702094e-05 7.79718029662035e-05 7.81714988988824e-05 7.79123001848347e-05 7.56474983063526e-05 7.46731020626612e-05 7.46599034755491e-05 7.41695985198021e-05 7.40507966838777e-05 7.36943984520622e-05 7.4318602855783e-05 7.45287979952991e-05
0.000158112001372501 -3.4e+38 -3.4e+38 -3.4e+38 -3.4e+38 -3.4e+38 -3.4e+38 -3.4e+38 -3.4e+38 -3.4e+38 -3.4e+38 -3.4e+38 -3.4e+38 -3.4e+38 -3.4e+38 -3.4e+38 -3.4e+38 -3.4e+38 -3.4e+38 -3.4e+38 -3.4e+38 -3.4e+38 -3.4e+38 -3.4e+38 -3.4e+38 -3.4e+38 -3.4e+38 8.06253010523506e-05 7.94052975834347e-05 7.87374010542408e-05 8.11181016615592e-05 8.22590009192936e-05 8.17085019662045e-05 8.14141967566684e-05 8.12957005109638e-05 8.07651013019495e-05 7.98624023445882e-05 7.93579965829849e-05 7.94786974438466e-05 7.89297992014326e-05 7.82044007792138e-05 7.81931012170389e-05 7.80784030212089e-05 7.76055021560751e-05
-3.4e+38 -3.4e+38 -3.4e+38 -3.4e+38 -3.4e+38 -3.4e+38 -3.4e+38 -3.4e+38 -3.4e+38 -3.4e+38 -3.4e+38 -3.4e+38 -3.4e+38 -3.4e+38 -3.4e+38 -3.4e+38 -3.4e+38 -3.4e+38 -3.4e+38 -3.4e+38 -3.4e+38 -3.4e+38 -3.4e+38 -3.4e+38 8.68204006110318e-05 8.67966009536758e-05 8.68198985699564e-05 8.39216008898802e-05 8.1943602708634e-05 7.99828994786367e-05 8.15812018117867e-05 8.19186025182717e-05 8.21537978481501e-05 8.24223025119863e-05 8.34750026115216e-05 8.46214024932124e-05 8.81743981153704e-05 9.00454979273491e-05 9.26541979424655e-05 9.52780974330381e-05 9.72479028860107e-05 9.73761998466216e-05 9.76545998128131e-05 9.74482027231716e-05
-3.4e+38 -3.4e+38 -3.4e+38 -3.4e+38 -3.4e+38 -3.4e+38 -3.4e+38 -3.4e+38 -3.4e+38 -3.4e+38 -3.4e+38 -3.4e+38 -3.4e+38 -3.4e+38 -3.4e+38 -3.4e+38 -3.4e+38 -3.4e+38 -3.4e+38 -3.4e+38 -3.4e+38 -3.4e+38 -3.4e+38 -3.4e+38 -3.4e+38 -3.4e+38 -3.4e+38 8.73551980475895e-05 8.52681987453252e-05 8.13566002761945e-05 8.1583799328655e-05 8.12423968454823e-05 8.13442020444199e-05 8.20624991320074e-05 8.60217987792566e-05 9.22485996852629e-05 9.97590977931395e-05 0.000105840998003259 0.00011233999975957 0.000119149997772183 0.000125311998999678 0.000126679995446466 0.000127013001474552 0.000127452993183397
-3.4e+38 -3.4e+38 -3.4e+38 -3.4e+38 -3.4e+38 -3.4e+38 -3.4e+38 -3.4e+38 -3.4e+38 -3.4e+38 -3.4e+38 -3.4e+38 -3.4e+38 -3.4e+38 -3.4e+38 -3.4e+38 -3.4e+38 -3.4e+38 -3.4e+38 -3.4e+38 -3.4e+38 -3.4e+38 -3.4e+38 -3.4e+38 -3.4e+38 -3.4e+38 -3.4e+38 -3.4e+38 -3.4e+38 8.7515203631483e-05 8.46096008899622e-05 8.29967029858381e-05 8.11428035376593e-05 8.21602006908506e-05 8.86456982698292e-05 9.71226982073858e-05 0.000108041000203229 0.000118003998068161 0.00012483999307733 0.000132172994199209 0.00014171599468682 0.00014335400192067 0.00014514299982693 0.000146955993841402
-3.4e+38 -3.4e+38 -3.4e+38 -3.4e+38 -3.4e+38 -3.4e+38 -3.4e+38 -3.4e+38 -3.4e+38 -3.4e+38 -3.4e+38 -3.4e+38 -3.4e+38 -3.4e+38 -3.4e+38 -3.4e+38 -3.4e+38 -3.4e+38 -3.4e+38 -3.4e+38 -3.4e+38 -3.4e+38 -3.4e+38 -3.4e+38 -3.4e+38 -3.4e+38 -3.4e+38 -3.4e+38 -3.4e+38 -3.4e+38 9.00075974641368e-05 8.65303009049967e-05 8.47105984576046e-05 8.38956984807737e-05 9.10297021619044e-05 0.0001008510007523 0.00011042199912481 0.000119251002615783 0.000127613995573483 0.000139227006002329 0.000147225000546314 0.000151379994349554 0.000156195004819892 -3.4e+38
-3.4e+38 -3.4e+38 -3.4e+38 -3.4e+38 -3.4e+38 -3.4e+38 -3.4e+38 -3.4e+38 -3.4e+38 -3.4e+38 -3.4e+38 -3.4e+38 -3.4e+38 -3.4e+38 -3.4e+38 -3.4e+38 -3.4e+38 -3.4e+38 -3.4e+38 -3.4e+38 -3.4e+38 -3.4e+38 -3.4e+38 -3.4e+38 -3.4e+38 -3.4e+38 -3.4e+38 -3.4e+38 -3.4e+38 -3.4e+38 -3.4e+38 -3.4e+38 -3.4e+38 8.73657991178334e-05 9.54296992858872e-05 0.00010370399832027 0.000111604000267107 0.000119488999189343 0.0001317919959547 0.000142203993164003 -3.4e+38 -3.4e+38 -3.4e+38 -3.4e+38
-3.4e+38 -3.4e+38 -3.4e+38 -3.4e+38 -3.4e+38 -3.4e+38 -3.4e+38 -3.4e+38 -3.4e+38 -3.4e+38 -3.4e+38 -3.4e+38 -3.4e+38 -3.4e+38 -3.4e+38 -3.4e+38 -3.4e+38 -3.4e+38 -3.4e+38 -3.4e+38 -3.4e+38 -3.4e+38 -3.4e+38 -3.4e+38 -3.4e+38 -3.4e+38 -3.4e+38 -3.4e+38 -3.4e+38 -3.4e+38 -3.4e+38 -3.4e+38 -3.4e+38 -3.4e+38 -3.4e+38 -3.4e+38 -3.4e+38 -3.4e+38 -3.4e+38 -3.4e+38 -3.4e+38 -3.4e+38 -3.4e+38 -3.4e+38
-3.4e+38 -3.4e+38 -3.4e+38 -3.4e+38 -3.4e+38 -3.4e+38 -3.4e+38 -3.4e+38 -3.4e+38 -3.4e+38 -3.4e+38 -3.4e+38 -3.4e+38 -3.4e+38 -3.4e+38 -3.4e+38 -3.4e+38 -3.4e+38 -3.4e+38 -3.4e+38 -3.4e+38 -3.4e+38 -3.4e+38 -3.4e+38 -3.4e+38 -3.4e+38 -3.4e+38 -3.4e+38 -3.4e+38 -3.4e+38 -3.4e+38 -3.4e+38 -3.4e+38 -3.4e+38 -3.4e+38 -3.4e+38 -3.4e+38 -3.4e+38 -3.4e+38 -3.4e+38 -3.4e+38 -3.4e+38 -3.4e+38 -3.4e+38
