results/Predictions/Median/Tortonian.asc
NCOLS 360 
NROWS 180 
XLLCORNER -180 
YLLCORNER -90 
CELLSIZE 1 
NODATA_value -3.4e+38 
[rows 0 to 19 of 180, columns 176 to 219 of 360]
3.01712006489652e-08 3.02402014540348e-08 3.03094012110705e-08 3.03787004440892e-08 3.04461984512727e-08 3.05116998333688e-08 3.05774001674308e-08 3.06431999774759e-08 3.06992014031948e-08 3.07521013098722e-08 3.08050012165495e-08 3.08580005992098e-08 3.08895984346691e-08 3.0921299298825e-08 3.0953099638964e-08 3.09781000851217e-08 3.09828998013018e-08 3.09877989934648e-08 3.09925987096449e-08 3.09837986378625e-08 3.09612993021346e-08 3.09387999664068e-08 3.0916400106662e-08 3.08777003965588e-08 3.08336005616638e-08 3.07896002027519e-08 3.07427008294781e-08 3.06865999277761e-08 3.06305985020572e-08 3.05652001486578e-08 3.04849017140896e-08 3.04113001448059e-08 3.03378016042188e-08 3.02646014915808e-08 3.0205900003466e-08 3.01617006925881e-08 3.01175013817101e-08 3.00735010227982e-08 3.00647009510158e-08 3.00676994413607e-08 3.00707014844193e-08 3.00737994507472e-08 3.0137101703076e-08 3.02004998786742e-08
3.01712006489652e-08 3.02402014540348e-08 3.03094012110705e-08 3.03787004440892e-08 3.04461984512727e-08 3.05116998333688e-08 3.05774001674308e-08 3.06431999774759e-08 3.06992014031948e-08 3.07521013098722e-08 3.08050012165495e-08 3.08580005992098e-08 3.08895984346691e-08 3.0921299298825e-08 3.0953099638964e-08 3.09781000851217e-08 3.09828998013018e-08 3.09877989934648e-08 3.09925987096449e-08 3.09837986378625e-08 3.09612993021346e-08 3.09387999664068e-08 3.0916400106662e-08 3.08777003965588e-08 3.08336005616638e-08 3.07896002027519e-08 3.07427008294781e-08 3.06865999277761e-08 3.06305985020572e-08 3.05652001486578e-08 3.04849017140896e-08 3.04113001448059e-08 3.03378016042188e-08 3.02646014915808e-08 3.0205900003466e-08 3.01617006925881e-08 3.01175013817101e-08 3.00735010227982e-08 3.00647009510158e-08 3.00676994413607e-08 3.00707014844193e-08 3.00737994507472e-08 3.0137101703076e-08 3.02004998786742e-08
3.01712006489652e-08 3.02402014540348e-08 3.03094012110705e-08 3.03787004440892e-08 3.04461984512727e-08 3.05116998333688e-08 3.05774001674308e-08 3.06431999774759e-08 3.06992014031948e-08 3.07521013098722e-08 3.08050012165495e-08 3.08580005992098e-08 3.08895984346691e-08 3.0921299298825e-08 3.0953099638964e-08 3.09781000851217e-08 3.09828998013018e-08 3.09877989934648e-08 3.09925987096449e-08 3.09837986378625e-08 3.09612993021346e-08 3.09387999664068e-08 3.0916400106662e-08 3.08777003965588e-08 3.08336005616638e-08 3.07896002027519e-08 3.07427008294781e-08 3.06865999277761e-08 3.06305985020572e-08 3.05652001486578e-08 3.04849017140896e-08 3.04113001448059e-08 3.03378016042188e-08 3.02646014915808e-08 3.0205900003466e-08 3.01617006925881e-08 3.01175013817101e-08 3.00735010227982e-08 3.00647009510158e-08 3.00676994413607e-08 3.00707014844193e-08 3.00737994507472e-08 3.0137101703076e-08 3.02004998786742e-08
3.21606989928114e-08 3.22629993831924e-08 3.23657012302192e-08 3.2468701505195e-08 3.25103997056431e-08 3.24906999082941e-08 3.24710001109452e-08 3.24513003135962e-08 3.25280993251909e-08 3.26373985615191e-08 3.27469997785101e-08 3.28569988994332e-08 3.28818003936249e-08 3.29065983351029e-08 3.29313998292946e-08 3.29528013764957e-08 3.29639995300113e-08 3.29752012362405e-08 3.29863993897561e-08 3.29917000385649e-08 3.29910996299532e-08 3.29904992213415e-08 3.29898988127297e-08 3.29711014046552e-08 3.29462004344805e-08 3.29212994643058e-08 3.28965015228277e-08 3.28298987994913e-08 3.27633991048515e-08 3.26970983621777e-08 3.2622800461013e-08 3.25247988541832e-08 3.24270992280162e-08 3.23295985538152e-08 3.22239017691572e-08 3.21101012445979e-08 3.19965991479876e-08 3.19028998774229e-08 3.18124016018828e-08 3.17256017012824e-08 3.16390007526479e-08 3.15526982319625e-08 3.15015000751373e-08 3.14059995787375e-08
3.92977987928589e-08 3.95127983665589e-08 3.97289987574823e-08 3.99463999656291e-08 4.00256006116706e-08 3.99655988303493e-08 3.99057995537078e-08 3.9668400120263e-08 4.00569994951638e-08 4.03601987386537e-08 4.06263005459095e-08 4.09734006723284e-08 4.10466007849664e-08 4.11199998495704e-08 4.11936014188541e-08 4.12488994072646e-08 4.12490983592306e-08 4.12493008639103e-08 4.12494998158763e-08 4.12230996005292e-08 4.11701002178688e-08 4.11172003111915e-08 4.10643004045141e-08 4.09659008937524e-08 4.08526013018218e-08 4.07396001378402e-08 4.06269009545213e-08 4.0425199188121e-08 4.02244992869782e-08 4.00249007270759e-08 3.98039006199724e-08 3.95201986691518e-08 3.93007013599345e-08 3.89520984356295e-08 3.86636997973255e-08 3.83687996929893e-08 3.8076201747117e-08 3.77858988542812e-08 3.7507899008915e-08 3.71916009100914e-08 3.68514001536369e-08 3.65144003922069e-08 3.63537999703567e-08 3.61939989090843e-08
4.42523990784593e-08 4.44176997405066e-08 4.45836008111655e-08 4.47500987377225e-08 4.49090009624342e-08 4.49170016736389e-08 4.47715997609066e-08 4.46040999690922e-08 4.4914699515175e-08 4.53376003406447e-08 4.56339996901534e-08 4.57361011285684e-08 4.58848994355776e-08 4.60341986752155e-08 4.61839988474821e-08 4.63202987077693e-08 4.64150993195744e-08 4.65099994073626e-08 4.66050984471167e-08 4.66406007149089e-08 4.66570995172333e-08 4.66804017662525e-08 4.67037004625581e-08 4.65853986497677e-08 4.64197995597715e-08 4.6254800878387e-08 4.60902995769175e-08 4.58255016155817e-08 4.55620998707218e-08 4.5300200923748e-08 4.50211992131244e-08 4.4829299383764e-08 4.44490986239998e-08 4.40298997261834e-08 4.36818012872209e-08 4.33140989741787e-08 4.28915001293717e-08 4.24348982619449e-08 4.20595007710745e-08 4.17126990726047e-08 4.13687999412105e-08 4.10277003481951e-08 4.02478015359975e-08 3.94826997762721e-08
4.70904986116238e-08 4.72120014194388e-08 4.73337991024891e-08 4.74557992902191e-08 4.75587000892119e-08 4.7453301732503e-08 4.73480987750463e-08 4.7243201350966e-08 4.76615014122217e-08 4.82606985485745e-08 4.87535984916576e-08 4.89999010255815e-08 4.93275003066174e-08 4.96570997654544e-08 4.99891008587383e-08 5.03032993037777e-08 5.05594002220278e-08 5.08169009094672e-08 5.10756983373994e-08 5.12199989088913e-08 5.12488007586853e-08 5.12775990557657e-08 5.13064009055597e-08 5.11403008829348e-08 5.08264008658443e-08 5.05145010265551e-08 5.02044983363703e-08 4.97511010166818e-08 4.93017999758649e-08 4.88565987666334e-08 4.83933000339221e-08 4.7868798702666e-08 4.73499994768645e-08 4.68366998518377e-08 4.60845015481937e-08 4.57162983025228e-08 4.52849988619164e-08 4.47763000011037e-08 4.44229009133323e-08 4.412169829493e-08 4.68454004476371e-08 4.81107989003249e-08 4.85560001095564e-08 4.65703990926158e-08
5.02213985953404e-08 5.03092998371812e-08 5.03974000309881e-08 5.0485699176761e-08 5.06127015853508e-08 5.05716002408008e-08 5.04066015594162e-08 5.02420007819637e-08 5.080260123691e-08 5.16158991104021e-08 5.21354017735121e-08 5.24966985437914e-08 5.30283017496913e-08 5.35651984989727e-08 5.41075984017425e-08 5.46286997860079e-08 5.50738015192564e-08 5.55226016274446e-08 5.59751001105724e-08 5.62489006483702e-08 5.63414985776944e-08 5.64342990116984e-08 5.65271989216853e-08 5.62579991481016e-08 5.58041008957844e-08 5.53538015424238e-08 5.49072005640028e-08 5.42849996065797e-08 5.36699005238006e-08 5.30617008109857e-08 5.27235002323323e-08 5.59550983325607e-08 6.47295976818896e-08 8.37269027442744e-08 3.9458001310777e-07 4.46376998297637e-06 4.22949997300748e-05 0.000107970998215023 0.000114278998808004 0.000116862000140827 0.000116237002657726 0.000114016998850275 0.000113822999992408 -3.4e+38
4.75995989290823e-08 4.79471005121468e-08 4.81290989284844e-08 4.84070987738505e-08 4.85614002343482e-08 4.9270099111709e-08 4.99891008587383e-08 5.07187003506715e-08 5.11759985499793e-08 5.15425995217811e-08 5.19119005559787e-08 5.22837986238756e-08 5.22937995128814e-08 5.23038998778702e-08 5.1777199416847e-08 5.16238003456237e-08 5.39208997452079e-08 5.52355992056164e-08 5.59722010962105e-08 5.62458986053116e-08 5.71793989934122e-08 7.50298028151519e-08 2.61844007809486e-07 1.88681997315143e-06 1.33818002723274e-05 6.71602028887719e-05 0.000128518993733451 0.000132740999106318 0.000132154003949836 0.000132226006826386 0.000126885002828203 0.000127392006106675 0.000125086997286417 0.000124369995319284 0.000125859005493112 0.000127110004541464 -3.4e+38 -3.4e+38 -3.4e+38 -3.4e+38 -3.4e+38 -3.4e+38 -3.4e+38 -3.4e+38
4.57647999496658e-08 4.61354012770698e-08 4.87519002945191e-08 4.70629998972072e-07 4.92126991957775e-06 8.52721041155746e-06 6.45167983748252e-06 7.77771020921136e-08 5.4528598525394e-08 5.97471014884832e-08 6.82066030321948e-08 5.13043012517755e-08 7.95377985696177e-08 3.99301006837049e-06 1.1813300261565e-05 0.000101767996966373 0.00012368599709589 -3.4e+38 0.000141647004056722 -3.4e+38 -3.4e+38 -3.4e+38 -3.4e+38 -3.4e+38 -3.4e+38 -3.4e+38 -3.4e+38 -3.4e+38 -3.4e+38 -3.4e+38 -3.4e+38 -3.4e+38 -3.4e+38 -3.4e+38 -3.4e+38 -3.4e+38 -3.4e+38 -3.4e+38 -3.4e+38 -3.4e+38 -3.4e+38 -3.4e+38 -3.4e+38 -3.4e+38
5.88268989076823e-08 6.40609982838214e-08 9.1469297558433e-07 5.78461986151524e-05 0.000112230001832359 -3.4e+38 -3.4e+38 -3.4e+38 -3.4e+38 -3.4e+38 -3.4e+38 -3.4e+38 -3.4e+38 -3.4e+38 -3.4e+38 -3.4e+38 -3.4e+38 -3.4e+38 -3.4e+38 -3.4e+38 -3.4e+38 -3.4e+38 -3.4e+38 -3.4e+38 -3.4e+38 -3.4e+38 -3.4e+38 -3.4e+38 -3.4e+38 -3.4e+38 -3.4e+38 -3.4e+38 -3.4e+38 -3.4e+38 -3.4e+38 -3.4e+38 -3.4e+38 -3.4e+38 -3.4e+38 -3.4e+38 -3.4e+38 -3.4e+38 -3.4e+38 -3.4e+38
3.19463993037061e-06 1.78310995124775e-06 6.43809016764862e-06 3.14354001602624e-05 0.000105320003058296 0.000121065000712406 -3.4e+38 -3.4e+38 -3.4e+38 -3.4e+38 -3.4e+38 -3.4e+38 -3.4e+38 -3.4e+38 -3.4e+38 -3.4e+38 -3.4e+38 -3.4e+38 -3.4e+38 -3.4e+38 -3.4e+38 -3.4e+38 -3.4e+38 -3.4e+38 -3.4e+38 -3.4e+38 -3.4e+38 -3.4e+38 -3.4e+38 -3.4e+38 -3.4e+38 -3.4e+38 -3.4e+38 -3.4e+38 -3.4e+38 -3.4e+38 -3.4e+38 -3.4e+38 -3.4e+38 -3.4e+38 -3.4e+38 -3.4e+38 -3.4e+38 -3.4e+38
3.89228007406928e-05 5.05058014823589e-05 5.62733006859162e-08 2.25307007895026e-06 7.94412002846911e-08 1.02130996992855e-07 0.000122159995953552 0.000138183997478336 -3.4e+38 -3.4e+38 -3.4e+38 -3.4e+38 -3.4e+38 -3.4e+38 -3.4e+38 -3.4e+38 -3.4e+38 -3.4e+38 -3.4e+38 -3.4e+38 -3.4e+38 -3.4e+38 -3.4e+38 -3.4e+38 -3.4e+38 -3.4e+38 -3.4e+38 -3.4e+38 -3.4e+38 -3.4e+38 -3.4e+38 -3.4e+38 -3.4e+38 -3.4e+38 -3.4e+38 -3.4e+38 -3.4e+38 -3.4e+38 -3.4e+38 -3.4e+38 -3.4e+38 -3.4e+38 -3.4e+38 -3.4e+38
4.26918995799497e-05 2.37339991144836e-05 1.55164998432156e-05 1.47177004805599e-07 5.03000983087531e-08 5.33884012554608e-08 5.13831992066116e-07 1.23351001093397e-05 0.000103202997706831 0.000135171998408623 -3.4e+38 -3.4e+38 -3.4e+38 -3.4e+38 -3.4e+38 -3.4e+38 -3.4e+38 -3.4e+38 -3.4e+38 -3.4e+38 -3.4e+38 -3.4e+38 -3.4e+38 -3.4e+38 -3.4e+38 -3.4e+38 -3.4e+38 -3.4e+38 -3.4e+38 -3.4e+38 -3.4e+38 -3.4e+38 -3.4e+38 -3.4e+38 -3.4e+38 -3.4e+38 -3.4e+38 -3.4e+38 -3.4e+38 -3.4e+38 -3.4e+38 -3.4e+38 -3.4e+38 -3.4e+38
4.35291985922959e-05 1.18919997476041e-05 3.39732991960773e-06 1.47674995787384e-06 9.77224999587634e-07 1.0751300294487e-07 5.4846600505698e-07 1.08033998458268e-06 2.55411009675299e-06 1.5935200281092e-05 6.8906600063201e-05 0.000139470997964963 -3.4e+38 -3.4e+38 -3.4e+38 -3.4e+38 -3.4e+38 -3.4e+38 -3.4e+38 -3.4e+38 -3.4e+38 -3.4e+38 -3.4e+38 -3.4e+38 -3.4e+38 -3.4e+38 -3.4e+38 -3.4e+38 -3.4e+38 -3.4e+38 -3.4e+38 -3.4e+38 -3.4e+38 -3.4e+38 -3.4e+38 -3.4e+38 -3.4e+38 -3.4e+38 -3.4e+38 -3.4e+38 -3.4e+38 -3.4e+38 -3.4e+38 -3.4e+38
1.87689001904801e-05 1.51954998273141e-06 2.12876003047313e-07 8.29732016427442e-08 7.99906985093912e-08 8.58819007021339e-08 8.62234017517949e-08 9.1336296748068e-08 1.17548999867267e-07 3.46431988873519e-07 1.19893002192839e-06 6.47014985588612e-06 6.24968015472405e-05 0.000143796001793817 0.000147560000186786 -3.4e+38 -3.4e+38 -3.4e+38 -3.4e+38 -3.4e+38 -3.4e+38 -3.4e+38 -3.4e+38 -3.4e+38 -3.4e+38 -3.4e+38 -3.4e+38 -3.4e+38 -3.4e+38 -3.4e+38 -3.4e+38 -3.4e+38 -3.4e+38 -3.4e+38 -3.4e+38 -3.4e+38 -3.4e+38 -3.4e+38 -3.4e+38 -3.4e+38 -3.4e+38 -3.4e+38 -3.4e+38 -3.4e+38
2.65003990307378e-07 7.07958989210056e-08 5.63073996318053e-08 5.36266000494834e-08 5.45376011018561e-08 5.72540983512226e-08 6.00239999926089e-08 6.10409998103023e-08 6.39503028310173e-08 6.95459974053847e-08 8.18010974512617e-08 1.69195004673384e-07 3.23885001307644e-06 5.09380988660268e-05 0.000139334006235003 0.000143390992889181 -3.4e+38 -3.4e+38 -3.4e+38 -3.4e+38 -3.4e+38 -3.4e+38 -3.4e+38 -3.4e+38 -3.4e+38 -3.4e+38 -3.4e+38 -3.4e+38 -3.4e+38 -3.4e+38 -3.4e+38 -3.4e+38 -3.4e+38 -3.4e+38 -3.4e+38 -3.4e+38 -3.4e+38 -3.4e+38 -3.4e+38 -3.4e+38 -3.4e+38 -3.4e+38 -3.4e+38 -3.4e+38
4.51093988829143e-08 4.5532100756418e-08 4.79728008428992e-08 5.09587998465122e-08 5.44408003122498e-08 5.73859004759925e-08 5.93078013366721e-08 5.96844031974797e-08 6.07158980869826e-08 6.2040498960414e-08 6.42009965190482e-08 6.96651980547358e-08 3.74583009943308e-07 6.33926028967835e-05 0.00013831899559591 0.000138546995003708 0.00015125100617297 0.000150872001540847 0.000149533007061109 -3.4e+38 -3.4e+38 -3.4e+38 -3.4e+38 -3.4e+38 -3.4e+38 -3.4e+38 -3.4e+38 -3.4e+38 -3.4e+38 -3.4e+38 -3.4e+38 -3.4e+38 -3.4e+38 -3.4e+38 -3.4e+38 -3.4e+38 -3.4e+38 -3.4e+38 -3.4e+38 -3.4e+38 -3.4e+38 -3.4e+38 -3.4e+38 -3.4e+38
4.61913991500751e-08 4.88856990443765e-08 5.18919982539501e-08 5.50831984469369e-08 5.76103005300865e-08 5.90569015912479e-08 6.09946013696572e-08 6.16849007428755e-08 6.25932017328523e-08 6.40227000303639e-08 6.55912018032723e-08 6.51916991500912e-08 7.01611000408775e-08 2.58562999988499e-06 0.00015714300388936 0.000162087002536282 0.000154980007209815 0.000151679007103667 0.000145750003866851 -3.4e+38 -3.4e+38 -3.4e+38 -3.4e+38 -3.4e+38 -3.4e+38 -3.4e+38 -3.4e+38 -3.4e+38 -3.4e+38 -3.4e+38 -3.4e+38 -3.4e+38 -3.4e+38 -3.4e+38 -3.4e+38 -3.4e+38 -3.4e+38 -3.4e+38 -3.4e+38 -3.4e+38 -3.4e+38 -3.4e+38 -3.4e+38 -3.4e+38
4.98857986030998e-08 5.29165014029331e-08 5.61314017488712e-08 5.8217299425678e-08 5.95913007828131e-08 6.14144965993546e-08 6.25723970415493e-08 6.37533972280835e-08 6.49242011263595e-08 6.61545982438838e-08 6.57852012864169e-08 6.57796022096591e-08 6.80305021205641e-08 6.82991014855361e-08 3.14890002073298e-07 0.000164212993695401 0.0001597039954504 0.000153490997035988 0.000149443003465421 0.000150296997162513 0.000152466993313283 -3.4e+38 -3.4e+38 -3.4e+38 -3.4e+38 -3.4e+38 -3.4e+38 -3.4e+38 -3.4e+38 -3.4e+38 -3.4e+38 -3.4e+38 -3.4e+38 -3.4e+38 -3.4e+38 -3.4e+38 -3.4e+38 -3.4e+38 -3.4e+38 -3.4e+38 -3.4e+38 -3.4e+38 -3.4e+38 -3.4e+38
