results/Predictions/Median/Tortonian.asc
NCOLS 360 
NROWS 180 
XLLCORNER -180 
YLLCORNER -90 
CELLSIZE 1 
NODATA_value -3.4e+38 
[rows 100 to 119 of 180, columns 0 to 43 of 360]
0.000516766973305494 0.000516738975420594 0.000516770000103861 0.000516799977049232 0.000516375002916902 0.000515798979904503 0.000515462015755475 0.000515302002895623 0.000515452004037797 0.000515602994710207 0.000515548978000879 0.000515251012984663 0.000514885003212839 0.000515048974193633 0.000514834013301879 0.000514623010531068 0.000514417013619095 0.000514211016707122 0.00051420897943899 0.000514346989803016 0.000514507992193103 0.000514668005052954 0.000514829007443041 0.000514073995873332 0.000513505015987903 0.00051254901336506 0.000510326004587114 0.000508529017679393 0.000507598975673318 0.000506672018673271 0.000505302974488586 0.000504616007674485 0.000503092014696449 0.000502120004966855 0.000500363996252418 0.000497461995109916 0.000494576001074165 0.000491980987135321 0.000490913982503116 0.000491035985760391 0.000490239006467164 0.000487576005980372 0.000485369004309177 0.000482890987768769
0.000522507005371153 0.000521751004271209 0.000520996982231736 0.00052024400793016 0.000519553024787456 0.000518867978826165 0.000518182991072536 0.000517499982379377 0.000517105974722654 0.000516713014803827 0.000516320986207575 0.000515893974807113 0.000515364983584732 0.000514991988893598 0.000514829007443041 0.00051470601465553 0.000514624000061303 0.000514541985467076 0.000513997976668179 0.000513274979311973 0.000512770027853549 0.000512696977239102 0.000512539001647383 0.000511717982590199 0.000510737998411059 0.000510191021021456 0.000509575998876244 0.000507062999531627 0.000505873991642147 0.000504236028064042 0.000502255978062749 0.000500028021633625 0.00049699901137501 0.00049272202886641 0.000489965023007244 0.000487404002342373 0.00048667099326849 0.000484577001770958 0.000482590985484421 0.000479017006000504 0.000476260989671573 0.000474845990538597 0.000472718995297328 0.000472426996566355
0.000531923025846481 0.000530969991814345 0.000529572018422186 0.000528945005498827 0.000528534990735352 0.000527090975083411 0.000525637995451689 0.000524190021678805 0.000522919988725334 0.000521653972100466 0.000520389992743731 0.000519297027494758 0.000517871987540275 0.00051614799303934 0.000514657993335277 0.000513232022058219 0.00051284400979057 0.000512305996380746 0.000511005986481905 0.000509749981574714 0.000508913013618439 0.000508593977428973 0.000508163997437805 0.00050748698413372 0.000507136981468648 0.000506492971908301 0.000505894015077502 0.000504860014189035 0.000503215997014195 0.000500663998536766 0.000497848028317094 0.000494560983497649 0.000490499020088464 0.000488543999381363 0.000485310010844842 0.000482915987959132 0.000480837014038116 0.000477969006169587 0.0004748500068672 0.000471751001896337 0.000469393009552732 0.000468482990982011 0.000467136007500812 0.000465821009129286
0.000525042007211596 0.00052398897241801 0.000523106020409614 0.000522223999723792 0.000521395995747298 0.000520584988407791 0.000519776018336415 0.000518969027325511 0.000517838983796537 0.000516710977535695 0.000515586987603456 0.000514318002387881 0.000512612983584404 0.000511349993757904 0.00050983001710847 0.000507801014464349 0.0005063820281066 0.000505056988913566 0.000503812974784523 0.000503445975482464 0.00050315901171416 0.000502872979268432 0.000502159993629903 0.000501140020787716 0.00050082802772522 0.00050040299538523 0.000498400011565536 0.000494709995109588 0.000490797974634916 0.000488792022224516 0.000486303004436195 0.000483532989164814 0.000481044000480324 0.000479774986160919 0.000477750989375636 0.000474378000944853 0.000469841994345188 0.0004683299921453 0.00046676499187015 0.000465212011476979 0.000463759992271662 0.000463047006633133 0.000461524992715567 0.000461418996565044
0.000517920008860528 0.000517320004291832 0.000516720989253372 0.000516121974214911 0.000515753985382617 0.00051546300528571 0.000515172025188804 0.000514880986884236 0.000513643026351929 0.000512406986672431 0.000511173973791301 0.000509970996063203 0.000508873024955392 0.00050740601727739 0.00050527200801298 0.000503102026414126 0.000501652015373111 0.000500818016007543 0.000497871020343155 0.00049645098624751 0.000495830026920885 0.000494459003675729 0.000492306018713862 0.000491401995532215 0.000490193022415042 0.000487865996547043 0.000484524003695697 0.000483356008771807 0.000482003000797704 0.000479412003187463 0.000476676999824122 0.000474044994916767 0.00047130198800005 0.000469452003017068 0.000467853009467945 0.000466052006231621 0.000464656011899933 0.000463597010821104 0.000461149989860132 0.000458988011814654 0.000458780996268615 0.000458710012026131 0.000456656998721883 0.000456223991932347
0.000504693016409874 0.000504696974530816 0.000504700990859419 0.000504092022310942 0.00050390197429806 0.000503115996252745 0.00050230702618137 0.000502238981425762 0.000501307018566877 0.000500378024298698 0.000499802001286298 0.000499122019391507 0.0004975909832865 0.000495608022902161 0.000493634026497602 0.000491288024932146 0.000489248021040112 0.000486456003272906 0.000484149990370497 0.000483570009237155 0.000483082985738292 0.00048259599134326 0.000482109986478463 0.000480704999063164 0.000477791007142514 0.000474892003694549 0.000472237996291369 0.000469760998385027 0.000467715988634154 0.0004666929889936 0.000465685006929561 0.000464949989691377 0.000463345000753179 0.000462366006104276 0.000460117007605731 0.000457916001323611 0.000456531008239836 0.000456785986898467 0.000456226989626884 0.000454677996458486 0.000455002998933196 0.00045544101158157 0.000456279987702146 0.000457343994639814
0.000483223993796855 0.000482909992570058 0.000482431001728401 0.000481952010886744 0.000481886003399268 0.000481955998111516 0.000482027011457831 0.000482097995700315 0.000482077011838555 0.000481728988233954 0.000480582995805889 0.000479359994642437 0.0004781240131706 0.000476935994811356 0.000476315995911136 0.00047547000576742 0.000473863008664921 0.00047226098831743 0.000470664992462844 0.000469230988528579 0.000467662990558892 0.000466794008389115 0.000465407996671274 0.000464226002804935 0.000463219010271132 0.000461212010122836 0.000459059985587373 0.000457220012322068 0.000457059009931982 0.000456067995401099 0.000456245994428173 0.000455222005257383 0.000455464003607631 0.0004546910058707 0.000455537985544652 0.000455056986538693 0.000455388013506308 0.000455931003671139 0.000456612993730232 0.000456932990346104 0.000457252986961976 0.000456601992482319 0.000458107009762898 0.000458599010016769
0.00046616600593552 0.000465999997686595 0.00046583398943767 0.000465215009171516 0.000464685988845304 0.000464368000393733 0.000464489014120772 0.000464609009213746 0.000464609998743981 0.000465266988612711 0.000465491990325972 0.000465427991002798 0.000465063989395276 0.000464548997115344 0.000463625008706003 0.000462083000456914 0.000460361014120281 0.000459377013612539 0.00045733101433143 0.000457288988400251 0.00045658100862056 0.000455058994702995 0.000454477994935587 0.000454038992756978 0.000453557993751019 0.000453749002190307 0.000454193010227755 0.000453502987511456 0.000452754989964887 0.00045273601426743 0.000453323998954147 0.000454324996098876 0.000453696993645281 0.000453626009402797 0.000455127010354772 0.000455178000265732 0.000456423993455246 0.000456976005807519 0.000456907000625506 0.000456806999864057 0.000457646005088463 0.00045868699089624 0.000458624999737367 0.000458318012533709
0.000457226997241378 0.000456970010418445 0.000456712994491681 0.000456173002021387 0.000455587985925376 0.000455006986157969 0.000454527005786076 0.000454243010608479 0.000454043009085581 0.000453848013421521 0.000453654007287696 0.000453476008260623 0.000453252985607833 0.000452959007816389 0.000452665990451351 0.000452244014013559 0.000451845990028232 0.00045153999235481 0.000451235013315454 0.000451241008704528 0.00045135201071389 0.000451463012723252 0.000451544008683413 0.000451480009360239 0.000451453990535811 0.000451686006272212 0.000451695988886058 0.000452275999123231 0.000453035987447947 0.000453713990282267 0.000453754997579381 0.00045352301094681 0.000453829008620232 0.000454174994956702 0.000453924003522843 0.000454010994872078 0.000455602013971657 0.000455806002719328 0.000456201989436522 0.000457763002486899 0.000458236987469718 0.000458110996987671 0.000459066010080278 0.000459188013337553
0.000453015003586188 0.000452854001196101 0.000452692998806015 0.000452448992291465 0.000452039006631821 0.000451594009064138 0.000451149011496454 0.000450705003459007 0.000450608000392094 0.000450511986855417 0.000450415012892336 0.000450349994935095 0.000450379011454061 0.000450408988399431 0.000450438004918396 0.000450555991847068 0.000450763007393107 0.000450627994723618 0.000450455991085619 0.000450396997621283 0.000450374995125458 0.000450360996183008 0.00045040700933896 0.000450419000117108 0.000450507999630645 0.000450596009613946 0.000450694991741329 0.000450824009021744 0.000450952997198328 0.000451080995844677 0.000452687992947176 0.000453741988167167 0.000454291002824903 0.000455561996204779 0.000456184992799535 0.000456542009487748 0.000458436988992617 0.000459591014077887 0.000460222014226019 0.000460370996734127 0.000462000985862687 0.000462205993244424 0.000462291005533189 0.000462085998151451
0.000457708985777572 0.000457356014521793 0.000456498004496098 0.00045564299216494 0.000454411987448111 0.000453059008577839 0.000451716012321413 0.000451400992460549 0.000451230007456616 0.000466666999273002 0.000450797990197316 0.000450604013167322 0.000450611987616867 0.000450619001640007 0.000450625986559317 0.000450791005278006 0.00045080398558639 0.000450958992587402 0.000451272004283965 0.000451427011284977 0.000451444997452199 0.000451461994089186 0.000451661995612085 0.000451528991106898 0.000451578001957387 0.000451627012807876 0.000451895000878721 0.000452381995273754 0.000452442996902391 0.000452526990557089 0.000453540007583797 0.00045438899542205 0.000454913009889424 0.000455911998869851 0.000457685004221275 0.000458702008472756 0.000461135001387447 0.000461118994280696 0.000463134987512603 0.000463865988422185 0.000463933014543727 0.000465021003037691 0.000464815995655954 0.000464612006908283
0.00046126899542287 0.000461018993519247 0.000460768991615623 0.000460520008346066 0.000460209004813805 0.000459038012195379 0.000457990012364462 0.000457484013168141 0.000456301990197971 0.000469024002086371 0.000470794009743258 0.000455375004094094 0.000455255998531356 0.000455136003438383 0.000455016997875646 0.000454977998742834 0.000455010012956336 0.000454828987130895 0.000454647990409285 0.000454624008852988 0.000454652996268123 0.000454682012787089 0.000454711000202224 0.000454913999419659 0.000455116998637095 0.000455320987384766 0.000455564993899316 0.000455756991868839 0.000455555011285469 0.000455353001598269 0.000455842004157603 0.000457024987554178 0.000458077003713697 0.00045857101213187 0.000459116010461003 0.000459678994957358 0.00046167298569344 0.000462466006865725 0.000463091011624783 0.000463253993075341 0.000463828997453675 0.000464598007965833 0.000465494988020509 0.000466602010419592
0.00046138500329107 0.000461226998595521 0.000461068004369736 0.000460909010143951 0.000460559997009113 0.000460145995020866 0.000459731993032619 0.000459317991044372 0.000458989001344889 0.000459591014077887 0.000474245985969901 0.000457565998658538 0.000457493006251752 0.000457420013844967 0.000457346992334351 0.00045725199743174 0.000457270012702793 0.000457287998870015 0.000457306014141068 0.000457393005490303 0.000457504007499665 0.000457496993476525 0.000457485002698377 0.000457576999906451 0.000457538000773638 0.000457493006251752 0.000457699003163725 0.000457943009678274 0.000458032998722047 0.000456910987850279 0.00045703598880209 0.000457341986475512 0.000458338006865233 0.000458699010778219 0.000459114002296701 0.000459578994195908 0.000460554001620039 0.000462219002656639 0.000462763011455536 0.000463306001620367 0.000464256008854136 0.000464462995296344 0.000466213998151943 0.00046737099182792
0.000462411000626162 0.000462146999780089 0.00046239499351941 0.000462860014522448 0.000461115007055923 0.000459194998256862 0.000458647991763428 0.000458004011306912 0.000457801012089476 0.000457599002402276 0.000457519985502586 0.000457285001175478 0.000457163987448439 0.000457001005997881 0.000456892012152821 0.000456815003417432 0.000456767011201009 0.000456720008514822 0.000456671987194568 0.000456678011687472 0.000456701003713533 0.000456723995739594 0.000456746987765655 0.000456084002507851 0.000455169007182121 0.000454255990916863 0.000453807006124407 0.000453946995548904 0.000454087014077231 0.000454227993031964 0.000453785003628582 0.000454202992841601 0.000454627996077761 0.000454761000582948 0.00045574500109069 0.000456411013146862 0.000457046000519767 0.00045622099423781 0.000457446003565565 0.000459127011708915 0.000460101990029216 0.000462196010630578 0.00046354898950085 0.000464545009890571
0.000466105004306883 0.000465229997644201 0.000464357988676056 0.000463486998341978 0.000463808013591915 0.00045882401173003 0.000457727001048625 0.000458069989690557 0.000455989997135475 0.000454527005786076 0.000454605993581936 0.000453482993179932 0.000453338987426832 0.000453582004411146 0.000453668006230146 0.000452948006568477 0.000452882988611236 0.000452890002634376 0.000452640990260988 0.000452479987870902 0.000452348001999781 0.000452215987024829 0.000452084001153708 0.000452122010756284 0.000452159001724795 0.00045189299271442 0.000451600004453212 0.000451039988547564 0.000450952007668093 0.000450388004537672 0.000449905986897647 0.00045122898882255 0.000451675994554535 0.000451976986369118 0.000452136009698734 0.000452179985586554 0.000452584004960954 0.000453259999630973 0.00045389001024887 0.000454521010397002 0.000455483008408919 0.000455720000900328 0.00045598900760524 0.000456665002275258
0.000455783010693267 0.000456048001069576 0.000456765992566943 0.000457499001640826 0.000457440008176491 0.000456059991847724 0.000453459011623636 0.000451831991085783 0.000449209997896105 0.000449149985797703 0.000449440005468205 0.000446374993771315 0.000446105987066403 0.000443631986854598 0.000443450990132987 0.000443652010289952 0.000442163000116125 0.000442715012468398 0.000442205986473709 0.000443374010501429 0.000443316006567329 0.000442913005826995 0.000442785996710882 0.000442174990894273 0.000441840995335951 0.00044150699977763 0.000441056006820872 0.000440258008893579 0.000439233001088724 0.000437509996118024 0.00043656601337716 0.000436908012488857 0.000437250011600554 0.000437593000242487 0.000438337010564283 0.000438747985754162 0.000437793991295621 0.000438590999692678 0.000439994008047506 0.000441392010543495 0.0004437500028871 0.000445937999757007 0.00044746499042958 0.000449176994152367
0.000452244014013559 0.000453471002401784 0.000454504013760015 0.000455336994491518 0.000451895000878721 0.000447319005616009 0.000443428987637162 0.000438418006524444 0.000437851005699486 0.00043825400643982 0.000436425994848832 0.000434790010331199 0.000433403998613358 0.000432096014264971 0.000431377004133537 0.000430607004091144 0.00042920300620608 0.000426893006078899 0.000426150014391169 0.000426604005042464 0.000427288003265858 0.000426756014348939 0.000426498998422176 0.000426474987762049 0.000426345999585465 0.000425442995037884 0.000425456004450098 0.000424833997385576 0.000424217985710129 0.000423438003053889 0.000424222002038732 0.000424317986471578 0.000424255995312706 0.000424016005126759 0.000424489000579342 0.000425494014052674 0.000425820995587856 0.000426148006226867 0.000426810001954436 0.000427471997682005 0.000428136001573876 0.000428803992690518 0.000429483014158905 0.000430163985583931
0.000442383985500783 0.000445129990112036 0.000446165009634569 0.000445693003712222 0.000444005010649562 0.000437913986388594 0.000435452006058767 0.000432912987889722 0.000431421998655424 0.000429723004344851 0.000426370010245591 0.000421833014115691 0.000420597003540024 0.000419876014348119 0.000419374002376571 0.000417030008975416 0.00041720800800249 0.000417384988395497 0.000416997994761914 0.000416486000176519 0.000415015005273744 0.000413367990404367 0.000412644993048161 0.000412358989706263 0.000412072986364365 0.000411787012126297 0.000411438988521695 0.000410904001910239 0.000410370004829019 0.00040983798680827 0.000409892993047833 0.000410536013077945 0.000411179993534461 0.000411640998208895 0.000412271998357028 0.000413011992350221 0.000413480011047795 0.000413447007304057 0.000414381007431075 0.000415316986618564 0.000416255003074184 0.000417253002524376 0.000418432988226414 0.000419485993916169
0.000422993005486205 0.000424364989157766 0.000426592014264315 0.000427938997745514 0.000425056990934536 0.000421267992351204 0.000416586990468204 0.00041257101111114 0.000410979992011562 0.000408455991419032 0.000407924002502114 0.000407484010793269 0.000406886014388874 0.000406289007514715 0.000404332007747144 0.000403168000048026 0.000402228004531935 0.00040129100671038 0.000400354998419061 0.000398814998334274 0.000397536001401022 0.000396360002923757 0.000394505012081936 0.000393438996979967 0.000393799011362717 0.000394158996641636 0.000394358008634299 0.000393152993638068 0.0003924630000256 0.000392148009268567 0.000392115005524829 0.000392365996958688 0.000392616988392547 0.000392868998460472 0.000393639988033101 0.00039572999230586 0.000396454997826368 0.000396468007238582 0.000397194002289325 0.000399977987399325 0.000400869001168758 0.000401763012632728 0.000402662000851706 0.000403563986765221
0.00039668899262324 0.0003972300037276 0.000396777002606541 0.000396755000110716 0.000395309994928539 0.000394111004425213 0.00039247001404874 0.000392832997022197 0.000392229994758964 0.000388184998882934 0.000386766012525186 0.000384393992135301 0.000381557998480275 0.00037909101229161 0.000377582007786259 0.000376212003175169 0.000374477996956557 0.000372937996871769 0.000371241010725498 0.000370102003216743 0.000368876993888989 0.000367241009371355 0.000365610991138965 0.000365610991138965 0.000365610991138965 0.000365609012078494 0.000365159998182207 0.00036634600837715 0.000367945991456509 0.000368042994523421 0.000368475011782721 0.000369518995285034 0.000370430003385991 0.000370005000149831 0.000371114001609385 0.000373996997950599 0.00037550600245595 0.000376629992388189 0.000378169992472976 0.000379528995836154 0.000381069985451177 0.000382620986783877 0.000384888000553474 0.000387701002182439
