results/Predictions/Median/Turonian.asc
NCOLS 360 
NROWS 180 
XLLCORNER -180 
YLLCORNER -90 
CELLSIZE 1 
NODATA_value -3.4e+38 
[rows 60 to 79 of 180, columns 132 to 175 of 360]
0.514258980751038 0.505267024040222 0.327594012022018 0.000704466016031802 0.000450207997346297 0.000464109005406499 0.000472799001727253 0.000477052002679557 0.000479673995869234 0.000480135000543669 0.000484808988403529 0.000481828988995403 0.000479097012430429 0.000474442000268027 0.000468646001536399 0.000461905001429841 0.000456192006822675 0.000450260005891323 0.000444119010353461 0.000438388000475243 0.000428483006544411 0.000419285002863035 0.000414087990066037 0.000408127001719549 0.000403345009544864 0.000400477001676336 0.000405002996558324 0.000409177999245003 0.000414918991737068 0.000421028002165258 0.0004405619984027 0.000462274998426437 0.00046906599891372 0.000478622008813545 0.00050011498387903 0.000523664988577366 0.00053955300245434 0.000553090998437256 0.000562579021789134 0.0005737179890275 0.000584473018534482 0.000586527981795371 0.000588303024414927 0.000589860021136701
0.526839017868042 0.360765993595123 0.00792741030454636 0.000471448001917452 0.000480304996017367 0.000488004996441305 0.000496805994771421 0.000497898028697819 0.000498764973599464 0.000500241003464907 0.000499962014146149 0.000490966020151973 0.000489766011014581 0.000485349999507889 0.000474901986308396 0.000469274003989995 0.000464164011646062 0.000457632006146014 0.00045195099664852 0.000447578990133479 0.000445623008999974 0.000439461990026757 0.000436380010796711 0.000435127003584057 0.00043387699406594 0.000433920999057591 0.000442427990492433 0.000448523991508409 0.000457629008451477 0.000462058989796788 0.000471297011245042 0.000479531998280436 0.000496216001920402 0.000508102995809168 0.000530592980794609 0.000546998984646052 0.000562487985007465 0.000573878001887351 0.000581245985813439 0.000586147012654692 0.000592431984841824 0.000593651027884334 0.00059613399207592 0.000598222017288208
0.53608900308609 0.349568009376526 0.000790126970969141 0.00050144997658208 0.000502793001942337 0.000507224001921713 0.000510204001329839 0.000510466983541846 0.000508226978126913 0.000507335993461311 0.000508104974869639 0.000504727999214083 0.000500697002280504 0.000491174985654652 0.000485917000332847 0.000479475012980402 0.000470135011710227 0.00046421101433225 0.000460070994449779 0.000457084999652579 0.000453824002761394 0.000452164007583633 0.000452581996796653 0.000453694985480979 0.000454811000963673 0.000456154986750335 0.000460164999822155 0.000464151002233848 0.000470680999569595 0.000479451002320275 0.000496256980113685 0.000511270016431808 0.000524370989296585 0.000541059009265155 0.000555031001567841 0.000569593976251781 0.00058276200434193 0.000585830013733357 0.000595238001551479 0.000596578989643604 0.000602327985689044 0.000603670021519065 0.000606734014581889 0.105798996984959
0.537811994552612 0.377011001110077 0.000637461023870856 0.000505274976603687 0.000507546006701887 0.000510336016304791 0.000513141974806786 0.000512117985635996 0.000509120989590883 0.000510086014401168 0.000509164005052298 0.000509119010530412 0.000502059992868453 0.000495330023113638 0.00049125001532957 0.000487148994579911 0.000482501985970885 0.000477394991321489 0.000472095009172335 0.000468816986540332 0.000465482007712126 0.000463547999970615 0.000465185003122315 0.000466950994450599 0.000469868013169616 0.000471731997095048 0.000480888003949076 0.000488274992676452 0.000495206972118467 0.000502880022395402 0.000517688982654363 0.000527499010786414 0.000534654012881219 0.000547757023014128 0.000563114008400589 0.000567550014238805 0.00057834800099954 0.000585413014050573 0.000590736977756023 0.000596114026848227 0.000601544976234436 0.000581057975068688 0.173184007406235 0.558851003646851
0.541422009468079 0.421227991580963 0.000513723003678024 0.000512403028551489 0.000512431026436388 0.000513814971782267 0.000516099971719086 0.000515152001753449 0.000513261009473354 0.000511125021148473 0.000509829027578235 0.000509448989760131 0.000504417985212058 0.000501164991874248 0.000499340007081628 0.000494893989525735 0.000492336985189468 0.000487715005874634 0.000484966993099079 0.00048406099085696 0.000483157986309379 0.000482330011436716 0.000484735006466508 0.000488365010824054 0.000492024992126971 0.000494188978336751 0.000503844988998026 0.000511293997988105 0.00051551399519667 0.000520116998814046 0.000530198973137885 0.00053715897956863 0.00054496998200193 0.000555165985133499 0.000563015986699611 0.00057291699340567 0.000577269005589187 0.000580166990403086 0.000585067027714103 0.00059193599736318 0.0005982979782857 0.000565464026294649 0.552972972393036 0.543210029602051
0.540491998195648 0.522665023803711 0.171814993023872 0.000515336985699832 0.000517002015840262 0.00051846302812919 0.000519966997671872 0.000519066001288593 0.000518104003276676 0.000514334009494632 0.000511805003043264 0.00051117897965014 0.00050941901281476 0.000509160978253931 0.000506855023559183 0.000505290983710438 0.00050431297859177 0.000502179027535021 0.000501547998283058 0.000501607020851225 0.00050166598521173 0.000501725007779896 0.000504438998177648 0.000506984011735767 0.000509543984662741 0.000510665995534509 0.000512029975652695 0.000513321021571755 0.00051757600158453 0.000520401983521879 0.000534898019395769 0.000543817994184792 0.00054651900427416 0.000553269986994565 0.000560073996894062 0.000567556009627879 0.000574044010136276 0.000582106993533671 0.000588766997680068 0.000592174008488655 0.000603527994826436 0.120672002434731 0.554931998252869 -3.4e+38
0.533333003520966 0.516080975532532 0.481965005397797 0.0018155500292778 0.000518772983923554 0.000519510998856276 0.000517867971211672 0.000519176013767719 0.000519314024131745 0.000517091015353799 0.000512861995957792 0.000510698999278247 0.000508413999341428 0.000509194971527904 0.000509831996168941 0.000510037003550678 0.00051024102140218 0.000510446028783917 0.000510461977683008 0.000510288984514773 0.000510259007569402 0.000510425015818328 0.000510776997543871 0.000510843994561583 0.000511377991642803 0.000514122017193586 0.000518144981469959 0.000523300026543438 0.000527050986420363 0.000528313976246864 0.00053133099572733 0.000535740982741117 0.000539577973540872 0.000543140980880708 0.000546965980902314 0.000556098995730281 0.000564475019928068 0.000575618003495038 0.000582508975639939 0.000589317991398275 0.002724580001086 0.574759006500244 0.552709996700287 -3.4e+38
0.522723972797394 0.490691006183624 0.488671988248825 0.521313011646271 0.000519384979270399 0.00051841902313754 0.000518059998285025 0.000518565997481346 0.00051803101086989 0.000518772983923554 0.00051343598170206 0.000511305988766253 0.000510326004587114 0.000509705976583064 0.00051027798326686 0.000510417972691357 0.000510819023475051 0.000511794001795352 0.000513786973897368 0.000515436986461282 0.000516908999998122 0.000519516004715115 0.000523192982655019 0.000526191026438028 0.000527690979652107 0.000526956981047988 0.000528154021594673 0.000526561983861029 0.000526280025951564 0.000524903007317334 0.000524794973898679 0.000526356976479292 0.000526478979736567 0.00053206697339192 0.000541855988558382 0.000552394019905478 0.000565583992283791 0.000602955988142639 0.00875598005950451 0.421386986970901 -3.4e+38 -3.4e+38 -3.4e+38 -3.4e+38
0.483660012483597 0.515749990940094 0.509112000465393 0.528411984443665 0.42628601193428 0.000515753985382617 0.00051653099944815 0.000517803011462092 0.000518221990205348 0.000515898980665952 0.00051640800666064 0.000519211986102164 0.000518169021233916 0.000516873027663678 0.000516415981110185 0.00051745300879702 0.00051869498565793 0.000519939989317209 0.000522024987731129 0.000524325994774699 0.000525607028976083 0.000526376010384411 0.000525230017956346 0.000523934024386108 0.000522312009707093 0.000521818001288921 0.000518544984515756 0.000514735002070665 0.000513688020873815 0.000513884995598346 0.000516890024300665 0.00051513098878786 0.000521302979905158 0.000527073978446424 0.000530635996256024 0.000547209987416863 0.00599079998210073 0.528261005878448 0.532984018325806 -3.4e+38 -3.4e+38 -3.4e+38 -3.4e+38 -3.4e+38
0.482221990823746 0.452035993337631 0.473544001579285 0.536993026733398 0.543359994888306 0.000519848021212965 0.000515141000505537 0.000516425992827863 0.00051712297135964 0.000517977983690798 0.000516169995535165 0.000516647996846586 0.00051786401309073 0.000520480971317738 0.000522633024957031 0.000523352005984634 0.000524071976542473 0.000524792994838208 0.000524429022334516 0.000523302005603909 0.000523734022863209 0.00052320898976177 0.000521473994012922 0.000519050983712077 0.000517220993060619 0.000515108986292034 0.000512583996169269 0.00051219598390162 0.000509344972670078 0.0005090800113976 0.000512751983478665 0.000513150996994227 0.000518749991897494 0.000526093004737049 0.000671476009301841 0.19055600464344 0.413758009672165 0.531588971614838 0.541674017906189 -3.4e+38 -3.4e+38 -3.4e+38 -3.4e+38 -3.4e+38
0.000512229977175593 0.413998991250992 0.364888995885849 0.50252902507782 0.541635990142822 0.548758983612061 0.00051604799227789 0.000513356004375964 0.000513991981279105 0.000515368010383099 0.000516748987138271 0.000517481006681919 0.000518214015755802 0.000519151974003762 0.000519633991643786 0.000520633009728044 0.000520689995028079 0.000520748028066009 0.000520422006957233 0.000519284978508949 0.000518293993081897 0.000517883978318423 0.000515165971592069 0.00051316199824214 0.000512626022100449 0.00051138101844117 0.000506933021824807 0.000504179974086583 0.000499976973515004 0.000498007982969284 0.00050074199680239 0.000503438001032919 0.000514987972564995 0.00719346012920141 0.415511012077332 0.521892011165619 0.535875976085663 0.540776014328003 -3.4e+38 -3.4e+38 -3.4e+38 -3.4e+38 -3.4e+38 -3.4e+38
0.000512094993609935 0.000511827995069325 0.00320461997762322 0.428508013486862 0.46985399723053 0.525375008583069 0.507588982582092 0.000513067992869765 0.000513091974426061 0.000513116014190018 0.000513830978889018 0.000514062994625419 0.000514407001901418 0.000514901999849826 0.000515118008479476 0.000515168008860201 0.000515218998771161 0.000515269988682121 0.000515059975441545 0.000513845006935298 0.000513612991198897 0.000512754020746797 0.000510171987116337 0.000507573015056551 0.000503569026477635 0.000503712974023074 0.000494391017127782 0.000490229984279722 0.000484971009427682 0.000481552997371182 0.000489900005050004 0.000514061015564948 0.176892995834351 0.533605992794037 0.536552011966705 0.541709005832672 -3.4e+38 -3.4e+38 -3.4e+38 -3.4e+38 -3.4e+38 -3.4e+38 -3.4e+38 -3.4e+38
0.000509120989590883 0.000510060985106975 0.000511494989041239 0.000511738006025553 0.000512589991558343 0.000519935972988605 0.000513122999109328 0.000513237027917057 0.000513866019900888 0.000514097977429628 0.000514329993166029 0.000514260027557611 0.000514190003741533 0.000514119979925454 0.000513985985890031 0.000513662002049387 0.000513329985551536 0.000512889004312456 0.000511839985847473 0.000510792015120387 0.000509748992044479 0.000507357006426901 0.000504801981151104 0.000500628026202321 0.000495216983836144 0.000491299026180059 0.000482898001791909 0.000477138004498556 0.000474956992547959 0.000477618013974279 0.000502096023410559 0.209983006119728 0.538631975650787 -3.4e+38 -3.4e+38 -3.4e+38 -3.4e+38 -3.4e+38 -3.4e+38 -3.4e+38 -3.4e+38 -3.4e+38 -3.4e+38 -3.4e+38
0.000507379998452961 0.000507396005559713 0.000507475982885808 0.000507696997374296 0.000507941003888845 0.000508184020873159 0.000508428027387708 0.000508902012370527 0.000509283971041441 0.000509481993503869 0.000509271980263293 0.000508667028043419 0.000508231983985752 0.000507715973071754 0.000506718002725393 0.000506034994032234 0.000505538017023355 0.000504103023558855 0.000501471979077905 0.000497750996146351 0.000493503990583122 0.000492148974444717 0.000487596989842132 0.000485038006445393 0.000481505994684994 0.000476996996439993 0.000479873997392133 0.000479095004266128 0.000491088023409247 0.000500693975482136 0.000501386006362736 0.53677099943161 0.538286983966827 -3.4e+38 -3.4e+38 -3.4e+38 -3.4e+38 -3.4e+38 -3.4e+38 -3.4e+38 -3.4e+38 -3.4e+38 -3.4e+38 -3.4e+38
0.000510113022755831 0.000509042991325259 0.000507224001921713 0.00050619401736185 0.000506178999785334 0.000506162992678583 0.000506146985571831 0.000505871023051441 0.000505299016367644 0.000504727999214083 0.000504157971590757 0.000503130024299026 0.000501969014294446 0.000500791997183114 0.000499070971272886 0.000498493027407676 0.000496048014611006 0.000492907012812793 0.000489385973196477 0.000488029996631667 0.000486164994072169 0.000482247996842489 0.000478195986943319 0.000478122994536534 0.000476509012514725 0.000475009990623221 0.000492541003040969 0.000506223004776984 0.000506878015585244 0.000507780001498759 0.000507820979692042 0.546253979206085 0.539394974708557 -3.4e+38 -3.4e+38 -3.4e+38 -3.4e+38 -3.4e+38 -3.4e+38 -3.4e+38 -3.4e+38 -3.4e+38 -3.4e+38 -3.4e+38
0.000509010977111757 0.00050719699356705 0.000507112010382116 0.000506902986671776 0.00050656998064369 0.000505563977640122 0.000504434981849045 0.00050347502110526 0.000502944982144982 0.000502714014146477 0.000502482987940311 0.000501957023516297 0.000501385016832501 0.000499989022500813 0.000497856992296875 0.000496438005939126 0.000494144973345101 0.000493186002131552 0.000487813988002017 0.000485074997413903 0.000481205992400646 0.00047852098941803 0.000478294998174533 0.000492107996251434 0.000495689979288727 0.000501588976476341 0.000506004027556628 0.000516686995979398 0.000511957972776145 0.000510263023898005 0.000525461975485086 0.568104982376099 0.569549024105072 -3.4e+38 -3.4e+38 -3.4e+38 -3.4e+38 -3.4e+38 -3.4e+38 -3.4e+38 -3.4e+38 -3.4e+38 -3.4e+38 -3.4e+38
0.000503983988892287 0.000503815012052655 0.000503328978084028 0.000502743001561612 0.000502059992868453 0.000501375005114824 0.000500547990668565 0.000499757996294647 0.000499180983752012 0.000498603971209377 0.000498027016874403 0.000497216009534895 0.000496814027428627 0.000496701977681369 0.000496116001158953 0.000494459003675729 0.000491173006594181 0.000490021018777043 0.000492063001729548 0.00050193298375234 0.000495581014547497 0.000499280984513462 0.000502632989082485 0.000498951994813979 0.00050587800797075 0.000514985993504524 0.000514305022079498 0.000508685014210641 0.000512042024638504 0.000518265005666763 0.000537262996658683 0.574065029621124 0.570363998413086 -3.4e+38 -3.4e+38 -3.4e+38 -3.4e+38 -3.4e+38 -3.4e+38 -3.4e+38 -3.4e+38 -3.4e+38 -3.4e+38 -3.4e+38
0.000517676002345979 0.000517960987053812 0.000518060987815261 0.000514983024913818 0.000516548985615373 0.000514138024300337 0.000515063002239913 0.000513504026457667 0.000511670019477606 0.000513374980073422 0.000512335973326117 0.000513552979100496 0.000515573017764837 0.000516046013217419 0.000513512000907212 0.000513205013703555 0.000513228995259851 0.000514191982802004 0.000513667007908225 0.000510624027810991 0.000507311022374779 0.000504020019434392 0.00050997402286157 0.000517031003255397 0.000515098974574357 0.00051296001765877 0.000509262026753277 0.000515330990310758 0.00052118202438578 0.000528768985532224 0.000548658019397408 0.56053501367569 0.574388027191162 -3.4e+38 -3.4e+38 -3.4e+38 -3.4e+38 -3.4e+38 -3.4e+38 -3.4e+38 -3.4e+38 -3.4e+38 -3.4e+38 -3.4e+38
0.000517579028382897 0.000517755979672074 0.000517932989168912 0.000518121989443898 0.000518286018632352 0.000518098007887602 0.000517676002345979 0.000518058019224554 0.00051865098066628 0.000519701978191733 0.000521106994710863 0.00052129098912701 0.000520629982929677 0.00052058300934732 0.000520604022312909 0.000520016998052597 0.000520844012498856 0.000519890978466719 0.000517053995281458 0.00051369599532336 0.000510360987391323 0.000512122991494834 0.000509624020196497 0.000506840995512903 0.000507696997374296 0.000509153003804386 0.00051164097385481 0.00051520299166441 0.000520816014613956 0.000527351978234947 0.372635006904602 0.566977977752686 0.574100017547607 -3.4e+38 -3.4e+38 -3.4e+38 -3.4e+38 -3.4e+38 -3.4e+38 -3.4e+38 -3.4e+38 -3.4e+38 -3.4e+38 -3.4e+38
0.000510876998305321 0.000511170015670359 0.000511464022565633 0.000511916994582862 0.000512527010869235 0.000513246981427073 0.000515024992637336 0.000518364016897976 0.000522096001077443 0.00052310002502054 0.000524107017554343 0.00052435597172007 0.000523997005075216 0.000523639027960598 0.000522942980751395 0.000522323010955006 0.000522150017786771 0.000521977024618536 0.000520192028488964 0.000516814005095512 0.00051345897372812 0.000510127982124686 0.000508443976286799 0.000510022975504398 0.000511611986439675 0.0005132129881531 0.00051469198660925 0.000516180996783078 0.000520132016390562 0.00979514978826046 0.55920797586441 0.566215991973877 0.579555988311768 -3.4e+38 -3.4e+38 -3.4e+38 -3.4e+38 -3.4e+38 -3.4e+38 -3.4e+38 -3.4e+38 -3.4e+38 -3.4e+38 -3.4e+38
