results/Predictions/Median/Turonian.asc
NCOLS 360 
NROWS 180 
XLLCORNER -180 
YLLCORNER -90 
CELLSIZE 1 
NODATA_value -3.4e+38 
[rows 60 to 79 of 180, columns 88 to 131 of 360]
0.000302461994579062 0.000296468002488837 0.000296442012768239 0.000300979998428375 0.000308087997836992 0.000312349002342671 0.000347122986568138 0.000391415000194684 0.000408789986977354 0.000424792000558227 0.000435452995589003 0.00044494098983705 0.517457008361816 -3.4e+38 -3.4e+38 -3.4e+38 -3.4e+38 -3.4e+38 -3.4e+38 0.533114016056061 0.524082005023956 0.51860499382019 0.515978991985321 0.517799973487854 0.526295006275177 0.523612976074219 0.45456999540329 0.267473995685577 0.0631622970104218 0.00576090021058917 0.00128341000527143 0.00103605003096163 0.00233553000725806 0.0289687998592854 0.147433996200562 0.36182901263237 0.515257000923157 0.523274004459381 0.528659999370575 0.522284984588623 0.520006000995636 0.519411027431488 0.517804026603699 0.517328023910522
0.000320421997457743 0.000315662007778883 0.000316093995934352 0.000322873005643487 0.000326512003084645 0.000333320000208914 0.000368300010450184 0.000404205988161266 0.000419087999034673 0.00043283001286909 0.000439931987784803 0.00044571899343282 0.000741731026209891 -3.4e+38 -3.4e+38 -3.4e+38 -3.4e+38 -3.4e+38 -3.4e+38 0.540648996829987 0.531050026416779 0.525673985481262 0.518397986888885 0.516290009021759 0.513033986091614 0.397785991430283 0.158895000815392 0.00441705994307995 0.000594048004131764 0.000511033984366804 0.000510041019879282 0.000508795026689768 0.000507674005348235 0.000501863018143922 0.000508597993757576 0.000582669978030026 0.020473899319768 0.430622011423111 0.53076297044754 0.534618973731995 0.530380010604858 0.529488980770111 0.528032004833221 0.526076972484589
0.00034243700793013 0.000336527999024838 0.000336317985784262 0.000341973005561158 0.000346559012541547 0.000351410009898245 0.000391051988117397 0.000415718008298427 0.000428271014243364 0.000440812989836559 0.000443111988715827 0.000446690013632178 0.0004513589956332 0.496567010879517 -3.4e+38 -3.4e+38 -3.4e+38 -3.4e+38 -3.4e+38 -3.4e+38 0.544992983341217 0.533132016658783 0.522417008876801 0.500851988792419 0.469130992889404 0.33891299366951 0.0186378005892038 0.000557699997443706 0.000512717000674456 0.000513246981427073 0.000510988989844918 0.000508702010847628 0.000506193027831614 0.000503197021316737 0.000497205008286983 0.00049298198428005 0.000492246996145695 0.00115933001507074 0.414370000362396 0.522270977497101 0.538680016994476 0.536068022251129 0.537059009075165 0.536046028137207
0.000362052989657968 0.000355310010490939 0.00035635699168779 0.000364453007932752 0.000373251008568332 0.000382864993298426 0.000413011992350221 0.000424013007432222 0.000431182008469477 0.000439321011072025 0.000447841011919081 0.000460120005300269 0.000473332998808473 0.000471181003376842 0.523433983325958 -3.4e+38 -3.4e+38 -3.4e+38 -3.4e+38 -3.4e+38 0.549687027931213 0.535098016262054 0.520913004875183 0.521184027194977 0.529848992824554 0.431935012340546 0.00336381001397967 0.000508680997882038 0.000507651013322175 0.00050880602793768 0.000509925012011081 0.000510532001499087 0.000508614000864327 0.000505833013448864 0.000501570000778884 0.000499090005178005 0.000497728993650526 0.0004967320128344 0.000761368020903319 0.364152997732162 0.536046981811523 0.539233028888702 0.538214027881622 0.53904002904892
0.000383926002541557 0.000379656004952267 0.000381532008759677 0.000392381014535204 0.000401530007366091 0.000409397995099425 0.000422196986619383 0.000430674001108855 0.000435783993452787 0.000441329000750557 0.0004513009916991 0.0004667789908126 0.000481652008602396 0.000487065000925213 0.000463472999399528 -3.4e+38 -3.4e+38 -3.4e+38 -3.4e+38 -3.4e+38 -3.4e+38 0.53777801990509 0.525888025760651 0.529506027698517 0.542843997478485 0.534650981426239 0.00110284995753318 0.000503968971315771 0.000503840972669423 0.000505072006490082 0.000506894022691995 0.000507979013491422 0.000508763012476265 0.000506140990182757 0.000505688018165529 0.00050330301746726 0.000503355986438692 0.000500456022564322 0.000498756999149919 0.366782993078232 0.531075000762939 0.542581975460052 0.538850009441376 0.541166007518768
0.000407118001021445 0.000405032013077289 0.000409428990678862 0.00041543401312083 0.00041975500062108 0.000422521989094093 0.000431908003520221 0.000434490997577086 0.00044226399040781 0.000442527991253883 0.000449598010163754 0.000467223988380283 0.000485172000480816 0.000493553990963846 0.000475971988635138 0.128826007246971 -3.4e+38 -3.4e+38 -3.4e+38 -3.4e+38 -3.4e+38 0.538160026073456 0.526440978050232 0.530353009700775 0.543193995952606 0.531472980976105 0.000581237021833658 0.000506030977703631 0.000505562988109887 0.000504781026393175 0.00050589197780937 0.000507227028720081 0.000507900025695562 0.000508569006342441 0.000509241013787687 0.000505183998029679 0.000502126989886165 0.000502542010508478 0.00050295697292313 0.237266004085541 0.524091005325317 0.548928022384644 0.544122993946075 0.545279979705811
0.00042191898683086 0.00042174500413239 0.000422517012339085 0.000427694991230965 0.00043089801329188 0.000434026995208114 0.00043748298776336 0.000441553012933582 0.000443644996266812 0.000445234007202089 0.000453271990409121 0.000466199009679258 0.000482865987578407 0.000490984995849431 0.000482320989249274 0.000483212992548943 0.540057003498077 -3.4e+38 -3.4e+38 -3.4e+38 -3.4e+38 -3.4e+38 0.529726982116699 0.52987402677536 0.534709990024567 0.262888997793198 0.000511130027007312 0.000510969024617225 0.000510993995703757 0.000510504003614187 0.000509297999087721 0.000508854980580509 0.000510294979903847 0.000510404002852738 0.000512194994371384 0.0203463993966579 0.000795172003563493 0.000505421019624919 0.000506584998220205 0.517063975334167 0.432606995105743 0.542945027351379 0.545368015766144 0.542829990386963
0.000429572013672441 0.000429998995969072 0.00043202200322412 0.000436712987720966 0.000438101007603109 0.000439050985733047 0.000443102006101981 0.000447808997705579 0.000448031991254538 0.000449254992417991 0.000455787987448275 0.000465313001768664 0.000478547008242458 0.000489307974930853 0.000491123006213456 0.000491506012622267 0.000523358990903944 -3.4e+38 -3.4e+38 -3.4e+38 -3.4e+38 -3.4e+38 0.544923007488251 0.531467974185944 0.524312019348145 0.0370368994772434 0.000514086976181716 0.000516591011546552 0.000519709021318704 0.000515743973664939 0.000513908977154642 0.000512088008690625 0.00188216997776181 0.427661001682281 0.412164002656937 0.408674001693726 0.375564008951187 0.00202293996699154 0.000520971021614969 0.207323998212814 0.401986002922058 0.469823002815247 0.52607798576355 0.527715981006622
0.000437470996985212 0.000438249000580981 0.000439608993474394 0.0004433179856278 0.000445306999608874 0.000445168989244848 0.000448637991212308 0.000450780004030094 0.000452612992376089 0.000455400993814692 0.000461646006442606 0.000468281010398641 0.000479403999634087 0.000490683014504611 0.000495803018566221 0.000502052018418908 0.000515025982167572 0.237505003809929 -3.4e+38 -3.4e+38 -3.4e+38 -3.4e+38 0.541100978851318 0.531760990619659 0.507879018783569 0.186425000429153 0.000515179999638349 0.000515244028065354 0.0005171790253371 0.000516690022777766 0.000514896004460752 0.530411005020142 0.399637013673782 0.415623009204865 0.455532997846603 0.433326989412308 0.393076986074448 0.290318012237549 0.0167268998920918 0.0284947007894516 0.0899754017591476 0.25611999630928 0.409904986619949 0.457596004009247
0.000443610013462603 0.0004436640010681 0.000443566998001188 0.000448348990175873 0.000447650003479794 0.000449118000688031 0.000451880012406036 0.00045487200259231 0.000457918009487912 0.000460979994386435 0.000464912009192631 0.000471506005851552 0.000481230003060773 0.000491775979753584 0.000501810980495065 0.000509262026753277 0.00052548001985997 0.000530904973857105 0.552599012851715 0.557425022125244 -3.4e+38 -3.4e+38 0.556721985340118 0.541567027568817 0.401811987161636 0.52675199508667 0.000904822023585439 0.000513441977091134 0.000512889004312456 0.000513611012138426 0.000514338025823236 0.526799976825714 0.440535992383957 0.501882970333099 0.527571976184845 0.486561000347137 0.392473012208939 0.138021007180214 0.0010961500229314 0.000684382976032794 0.000542398018296808 0.000531876983586699 0.000541856978088617 0.00239931000396609
0.000450146006187424 0.000450352992629632 0.00045066699385643 0.000451647996669635 0.000451520987553522 0.000452284992206842 0.000454794004326686 0.000458583002910018 0.000460623006802052 0.000465174991404638 0.000469788006739691 0.000472360989078879 0.000481525989016518 0.000493799976538867 0.00050357001600787 0.000509919016622007 0.00053302402375266 0.000537167012225837 0.565325975418091 0.552016019821167 0.554279029369354 0.558564007282257 0.556777000427246 0.537640988826752 0.520327985286713 0.548548996448517 0.513836026191711 0.000654642004519701 0.000514911022037268 0.000513256993144751 0.00117933005094528 0.36301401257515 0.476696997880936 0.53710800409317 0.541392982006073 0.527402997016907 0.3072290122509 0.00117896997835487 0.000509323028381914 0.000510910991579294 0.00050695997197181 0.000509651028551161 0.000510381010826677 0.000510802026838064
0.000455214991234243 0.000455242989119142 0.000455350003903732 0.000454858993180096 0.00045468399184756 0.000455967005109414 0.000460589013528079 0.000462397001683712 0.000465841992991045 0.000467956007923931 0.000474495987873524 0.000482973002362996 0.000488310994114727 0.000498369976412505 0.000505699019413441 0.000520734989549965 0.000525414012372494 0.000529344019014388 0.544389009475708 0.546961009502411 0.528457999229431 0.532486021518707 0.548005998134613 0.494560986757278 0.448282986879349 0.532660007476807 0.544960975646973 0.255023002624512 0.00905339978635311 0.0120497001335025 0.190365999937057 0.45150300860405 0.531565010547638 0.541526019573212 0.541154980659485 0.459955006837845 0.000755723973270506 0.000506378011777997 0.000507401011418551 0.000508408003952354 0.000509444973431528 0.000508638971950859 0.000509469013195485 0.000510925019625574
0.000459651986602694 0.000459839997347444 0.000459605013020337 0.000463770993519574 0.000465771008748561 0.000465779012301937 0.000465605990029871 0.000469102000351995 0.00047348698717542 0.00048016500659287 0.000485936005134135 0.000490480975713581 0.000498655019327998 0.000519514025654644 0.000524854985997081 0.000526360992807895 0.00052921602036804 0.000526237010490149 0.00253050005994737 0.552603006362915 0.536458015441895 0.421267986297607 0.506048977375031 0.545319020748138 0.49855899810791 0.459782987833023 0.437386989593506 0.441585004329681 0.492601007223129 0.532522022724152 0.532627999782562 0.536207020282745 0.540123999118805 0.541364014148712 0.539801001548767 0.090250700712204 0.000509976991452277 0.000508954981341958 0.000507736986037344 0.0005071249906905 0.000506896991282701 0.000507290998939425 0.000508797995280474 0.000509649980813265
0.000468559999717399 0.000468871992779896 0.000467714009573683 0.000468110985821113 0.000467856996692717 0.000468429003376514 0.000472413987154141 0.000476807006634772 0.000483445997815579 0.000489000987727195 0.000493627972900867 0.000519011984579265 0.00052247301209718 0.000524148985277861 0.000524704984854907 0.000521155016031116 0.00051983300363645 0.000523708004038781 0.000526071002241224 0.555113971233368 -3.4e+38 0.54958301782608 0.350782990455627 0.499994993209839 0.54451197385788 0.524905979633331 0.475488990545273 0.462794005870819 0.441262990236282 0.454807996749878 0.54278701543808 0.545104026794434 0.544259011745453 0.540992021560669 0.541103005409241 0.000533697020728141 0.000507675984408706 0.000509494973812252 0.000511321006342769 0.000511488993652165 0.000510717974975705 0.000508442986756563 0.000506395997945219 0.000506875978317112
0.000471365987323225 0.000472451996756718 0.000474242988275364 0.000475573993753642 0.000479037989862263 0.000485088996356353 0.000488929974380881 0.000507007993292063 0.000515652995090932 0.000517976994160563 0.000519059016369283 0.000520149013027549 0.000517804000992328 0.000513955019414425 0.000516447005793452 0.000520537025295198 0.000523012015037239 0.000523207010701299 0.000523303984664381 0.0733752027153969 0.553861975669861 -3.4e+38 0.524519026279449 0.451240986585617 0.521776020526886 0.481476992368698 0.544403970241547 0.481521010398865 0.46314400434494 0.42891201376915 0.535281002521515 0.54729700088501 0.544786989688873 0.545691013336182 0.0038791298866272 0.000507833028677851 0.00050902902148664 0.000508278026245534 0.000509394973050803 0.000511934980750084 0.000512023980263621 0.000512106984388083 0.000512128986883909 0.000511316990014166
0.00048130500363186 0.000486233009723946 0.000490885984618217 0.000493069994263351 0.000515009975060821 0.000509718025568873 0.000511065009050071 0.000512821017764509 0.000514586979988962 0.000515990017447621 0.000512479979079217 0.000512043014168739 0.000518142012879252 0.000518659013323486 0.000518932996783406 0.000519222987350076 0.000519981025718153 0.000520772009622306 0.000521373003721237 0.000521974987350404 0.286303997039795 0.543613970279694 0.519553005695343 0.444766998291016 0.448433011770248 0.45202499628067 0.492388010025024 0.49465999007225 0.545370995998383 0.459172993898392 0.392435997724533 0.375975012779236 0.036318201571703 0.000868715986143798 0.000521202979143709 0.000520390982273966 0.000515651016030461 0.000508982979226857 0.000507374003063887 0.000509344972670078 0.00050817197188735 0.000508093973621726 0.000508312019519508 0.000508991011884063
0.000513656996190548 0.000514350016601384 0.000508667028043419 0.000508956029079854 0.000509248988237232 0.000509546021930873 0.000509698991663754 0.000509805977344513 0.000510093988850713 0.000511653022840619 0.000512153026647866 0.000516574014909565 0.000522397982422262 0.000525893003214151 0.000526199000887573 0.000526367977727205 0.000526536023244262 0.000525911978911608 0.000524498987942934 0.00052310898900032 0.000521830981597304 0.0157749000936747 0.316219002008438 0.394800990819931 0.403780996799469 0.412972986698151 0.4149169921875 0.426229000091553 0.440991014242172 0.528783977031708 0.54086297750473 0.064554400742054 0.000570859992876649 0.000528917007613927 0.000527800992131233 0.000526272982824594 0.000517053995281458 0.000522181973792613 0.000517899985425174 0.000513500010129064 0.000509264995343983 0.000504993018694222 0.000504928990267217 0.00050343299517408
0.000509053992573172 0.000509114004671574 0.000509234028868377 0.000509413017425686 0.000509593985043466 0.00050977902719751 0.00050971400924027 0.000513529987074435 0.000519054010510445 0.000524640025105327 0.000528973003383726 0.000532118021510541 0.000532601028680801 0.000532939971890301 0.000532843987457454 0.000532749982085079 0.000532882986590266 0.000532938982360065 0.000531310972291976 0.000529688026290387 0.000528071017470211 0.000526449002791196 0.000675990013405681 0.017297999933362 0.14996999502182 0.334351003170013 0.280375003814697 0.21280799806118 0.0285557992756367 0.00114128005225211 0.00109698995947838 0.210915997624397 0.00194204004947096 0.000525450974237174 0.000526291027199477 0.000527873984538019 0.00052733498159796 0.000526688003446907 0.000524814007803798 0.000522696995176375 0.000517064006999135 0.000519821012858301 0.000520243018399924 0.000517390028107911
0.000509049976244569 0.000508734025061131 0.000508686993271112 0.000512266007717699 0.00051723700016737 0.000522369984537363 0.000527167983818799 0.000530442979652435 0.000532698992174119 0.000541436020284891 0.000543479982297868 0.000543650006875396 0.00054356997134164 0.000541987014003098 0.000538761029019952 0.000535593018867075 0.000534573977347463 0.000533305981662124 0.000531792000401765 0.000530574005097151 0.00052989402320236 0.000529122014995664 0.000528879987541586 0.000527600990608335 0.000847310002427548 0.0389456003904343 0.0849186033010483 0.0483569987118244 0.000650239991955459 0.000520616013091058 0.000522184011060745 0.00052375701488927 0.000861669017467648 0.0066316002048552 0.000575705023948103 0.000521524983923882 0.000519709021318704 0.000518599001225084 0.000517676991876215 0.000518495973665267 0.000518193002790213 0.000517888984177262 0.000517586013302207 0.000517403008416295
0.000517903012223542 0.000521984999068081 0.000526523974258453 0.000529340002685785 0.000531232974026352 0.00054201198508963 0.000546575989574194 0.00055099802557379 0.000556987011805177 0.000558916013687849 0.000558144005481154 0.000557373976334929 0.000556443003006279 0.000554252997972071 0.000551216013263911 0.000548074021935463 0.000545279996003956 0.000542664027307183 0.000539334025233984 0.000535789993591607 0.000533614016603678 0.00053262198343873 0.000531419995240867 0.000530179007910192 0.000528941978700459 0.000546035007573664 0.00133114005438983 0.085002601146698 0.0107401004061103 0.000537764979526401 0.000522001995705068 0.000518736022058874 0.000519728986546397 0.000544116017408669 0.0491784997284412 0.000519661989528686 0.000514556013513356 0.000512552971486002 0.000512362981680781 0.000512221013195813 0.000511764024849981 0.000511308026034385 0.000510850979480892 0.000510582991410047
