results/Predictions/Median/Turonian.asc
NCOLS 360 
NROWS 180 
XLLCORNER -180 
YLLCORNER -90 
CELLSIZE 1 
NODATA_value -3.4e+38 
[rows 54 to 80 of 180, columns 180 to 239 of 360]
0.200020000338554 0.24507799744606 0.294037997722626 0.345575004816055 0.362776011228561 0.366530001163483 0.373645007610321 0.38085401058197 0.384732991456985 -3.4e+38 0.394964009523392 0.401535987854004 0.406405985355377 -3.4e+38 0.416175007820129 -3.4e+38 -3.4e+38 0.409364998340607 0.405389994382858 0.397982001304626 0.390801995992661 -3.4e+38 -3.4e+38 -3.4e+38 -3.4e+38 -3.4e+38 -3.4e+38 -3.4e+38 -3.4e+38 -3.4e+38 -3.4e+38 0.287203013896942 0.27844500541687 -3.4e+38 -3.4e+38 0.257667988538742 0.252406001091003 0.24686099588871 0.244029998779297 0.240756005048752 0.237108007073402 0.235322996973991 -3.4e+38 -3.4e+38 -3.4e+38 -3.4e+38 0.239210993051529 0.237653002142906 0.236191004514694 0.227002993226051 0.217837005853653 0.207835003733635 0.197420001029968 0.18503600358963 0.170799002051353 0.158430993556976 0.148221001029015 0.140154004096985 0.132589995861053 0.124779000878334
-3.4e+38 0.286054998636246 0.333911001682281 0.383753001689911 0.399547010660172 0.405901998281479 0.413861989974976 0.421732008457184 0.424279004335403 -3.4e+38 0.431255996227264 0.436367988586426 0.439150005578995 -3.4e+38 -3.4e+38 -3.4e+38 0.443118005990982 0.439705014228821 0.435867995023727 0.429022014141083 0.420985013246536 0.41236799955368 -3.4e+38 -3.4e+38 -3.4e+38 -3.4e+38 -3.4e+38 -3.4e+38 -3.4e+38 -3.4e+38 -3.4e+38 0.326977998018265 0.31980699300766 0.312653988599777 -3.4e+38 -3.4e+38 0.294133007526398 0.287748992443085 -3.4e+38 -3.4e+38 0.273487001657486 0.27062800526619 0.271930009126663 -3.4e+38 -3.4e+38 -3.4e+38 -3.4e+38 -3.4e+38 -3.4e+38 0.277054011821747 0.270074009895325 0.263049006462097 0.25518199801445 0.234283998608589 0.222760006785393 0.21017499268055 0.198431998491287 0.188351005315781 0.176437005400658 0.164193004369736
-3.4e+38 0.323890000581741 0.371482014656067 0.416709005832672 0.436430990695953 0.440764993429184 0.449310004711151 0.457298994064331 0.457363992929459 -3.4e+38 -3.4e+38 0.464522004127502 0.46552699804306 0.46610501408577 -3.4e+38 -3.4e+38 0.460101991891861 0.456867009401321 0.454784989356995 0.449782997369766 0.443738013505936 0.437595993280411 0.431358993053436 -3.4e+38 -3.4e+38 -3.4e+38 -3.4e+38 -3.4e+38 -3.4e+38 -3.4e+38 -3.4e+38 -3.4e+38 0.356294989585876 -3.4e+38 -3.4e+38 -3.4e+38 -3.4e+38 -3.4e+38 -3.4e+38 -3.4e+38 -3.4e+38 -3.4e+38 -3.4e+38 -3.4e+38 -3.4e+38 -3.4e+38 -3.4e+38 -3.4e+38 -3.4e+38 -3.4e+38 0.309478998184204 0.307291001081467 0.305061995983124 0.29229399561882 0.279251992702484 0.271088987588882 0.261321008205414 0.246971994638443 0.231199994683266 0.213973000645638
0.31563600897789 0.362648010253906 0.406147986650467 0.453399002552032 0.471224009990692 0.478145986795425 0.483473002910614 0.490727007389069 -3.4e+38 -3.4e+38 -3.4e+38 -3.4e+38 -3.4e+38 -3.4e+38 -3.4e+38 -3.4e+38 0.481272995471954 0.478444993495941 0.475533992052078 0.471228003501892 0.465799987316132 0.459578990936279 0.452398002147675 0.446402996778488 0.441361010074615 -3.4e+38 -3.4e+38 -3.4e+38 -3.4e+38 -3.4e+38 -3.4e+38 -3.4e+38 -3.4e+38 -3.4e+38 -3.4e+38 -3.4e+38 -3.4e+38 -3.4e+38 -3.4e+38 -3.4e+38 -3.4e+38 -3.4e+38 -3.4e+38 -3.4e+38 -3.4e+38 -3.4e+38 -3.4e+38 -3.4e+38 -3.4e+38 -3.4e+38 -3.4e+38 0.357475996017456 0.361027002334595 0.353184014558792 0.344217002391815 0.335999995470047 0.32930800318718 0.311791002750397 0.29278901219368 0.269645005464554
0.393819004297256 0.423386007547379 0.455612987279892 0.491268008947372 0.500689029693604 0.504934012889862 0.510415971279144 -3.4e+38 -3.4e+38 -3.4e+38 -3.4e+38 -3.4e+38 -3.4e+38 -3.4e+38 -3.4e+38 -3.4e+38 0.495683997869492 0.492763996124268 0.489367991685867 0.484232008457184 0.479317009449005 0.473161995410919 0.468719005584717 0.464139014482498 0.459037989377975 0.453682005405426 0.448520988225937 -3.4e+38 -3.4e+38 -3.4e+38 -3.4e+38 -3.4e+38 -3.4e+38 -3.4e+38 -3.4e+38 -3.4e+38 -3.4e+38 -3.4e+38 -3.4e+38 0.39036899805069 0.384205996990204 -3.4e+38 -3.4e+38 -3.4e+38 -3.4e+38 -3.4e+38 -3.4e+38 -3.4e+38 -3.4e+38 -3.4e+38 -3.4e+38 -3.4e+38 -3.4e+38 0.380555987358093 0.376920998096466 0.370366007089615 0.359373986721039 0.348946988582611 0.339439988136292 0.326128005981445
0.466536998748779 0.484795987606049 0.505640983581543 0.520340025424957 0.527390003204346 -3.4e+38 -3.4e+38 -3.4e+38 -3.4e+38 -3.4e+38 -3.4e+38 -3.4e+38 -3.4e+38 -3.4e+38 -3.4e+38 -3.4e+38 -3.4e+38 0.505742013454437 0.501951992511749 0.497866004705429 0.493690013885498 0.489517003297806 0.485264986753464 0.479970991611481 0.474970012903214 0.469732999801636 0.465043991804123 0.461997002363205 -3.4e+38 -3.4e+38 -3.4e+38 -3.4e+38 -3.4e+38 -3.4e+38 -3.4e+38 -3.4e+38 -3.4e+38 -3.4e+38 0.426649004220963 0.420769989490509 0.414754986763 0.40931698679924 -3.4e+38 -3.4e+38 -3.4e+38 -3.4e+38 -3.4e+38 -3.4e+38 -3.4e+38 -3.4e+38 -3.4e+38 -3.4e+38 -3.4e+38 -3.4e+38 -3.4e+38 0.402390003204346 0.397507011890411 0.385895013809204 0.38484799861908 0.38153401017189
-3.4e+38 -3.4e+38 -3.4e+38 -3.4e+38 -3.4e+38 -3.4e+38 -3.4e+38 -3.4e+38 -3.4e+38 -3.4e+38 -3.4e+38 -3.4e+38 -3.4e+38 -3.4e+38 -3.4e+38 -3.4e+38 -3.4e+38 0.519102990627289 0.515695989131927 0.512041985988617 0.508346021175385 0.504126012325287 0.500387012958527 0.49584499001503 0.490586012601852 0.486194998025894 0.481808006763458 0.479084998369217 -3.4e+38 -3.4e+38 -3.4e+38 0.468234002590179 0.464870989322662 0.461912006139755 -3.4e+38 -3.4e+38 -3.4e+38 -3.4e+38 0.446274995803833 0.441026002168655 0.43537899851799 0.430402994155884 0.426562994718552 -3.4e+38 -3.4e+38 -3.4e+38 -3.4e+38 -3.4e+38 -3.4e+38 -3.4e+38 -3.4e+38 -3.4e+38 -3.4e+38 -3.4e+38 -3.4e+38 -3.4e+38 -3.4e+38 0.415444999933243 0.40888699889183 0.411036014556885
0.552860021591187 0.552317023277283 0.550288021564484 0.550890028476715 0.55239999294281 0.555896997451782 -3.4e+38 -3.4e+38 -3.4e+38 -3.4e+38 -3.4e+38 -3.4e+38 -3.4e+38 -3.4e+38 -3.4e+38 -3.4e+38 -3.4e+38 -3.4e+38 0.528198003768921 0.525152981281281 0.521628975868225 0.517702996730804 0.514241993427277 0.509970009326935 0.504890024662018 0.500207006931305 0.496131986379623 0.494127005338669 -3.4e+38 -3.4e+38 0.48589900135994 0.48284900188446 0.479743987321854 0.47681200504303 0.474317997694016 0.471810013055801 0.468939989805222 0.466040998697281 -3.4e+38 0.456764996051788 0.452152997255325 -3.4e+38 -3.4e+38 -3.4e+38 -3.4e+38 -3.4e+38 -3.4e+38 -3.4e+38 -3.4e+38 -3.4e+38 -3.4e+38 -3.4e+38 -3.4e+38 -3.4e+38 -3.4e+38 -3.4e+38 -3.4e+38 -3.4e+38 0.422704994678497 0.416509002447128
0.577453017234802 0.572346985340118 0.564851999282837 0.558471024036407 0.559258997440338 0.563368022441864 0.567521989345551 0.572082996368408 0.567140996456146 0.562123000621796 0.558290004730225 0.554650008678436 0.551496982574463 0.548156976699829 -3.4e+38 -3.4e+38 -3.4e+38 -3.4e+38 0.538124978542328 0.535521984100342 0.532512009143829 0.529002010822296 0.525541007518768 0.521779000759125 0.517665982246399 -3.4e+38 0.50927597284317 0.506331980228424 0.503346979618073 0.500689029693604 0.498317986726761 0.495575994253159 0.493167012929916 0.490467995405197 0.487969011068344 0.485154986381531 0.482546985149384 0.479914993047714 0.476298987865448 0.472368001937866 0.46833398938179 0.464388996362686 -3.4e+38 -3.4e+38 -3.4e+38 -3.4e+38 -3.4e+38 -3.4e+38 -3.4e+38 -3.4e+38 -3.4e+38 -3.4e+38 -3.4e+38 -3.4e+38 -3.4e+38 -3.4e+38 -3.4e+38 -3.4e+38 -3.4e+38 -3.4e+38
0.544112980365753 0.55205899477005 0.56012499332428 0.567206978797913 0.568296015262604 0.570363998413086 0.572661995887756 0.575156986713409 0.569755971431732 0.566336989402771 0.562864005565643 0.559561014175415 0.556869983673096 0.554123997688293 0.551472008228302 -3.4e+38 -3.4e+38 -3.4e+38 -3.4e+38 0.540256023406982 0.538112998008728 0.535813987255096 0.533275008201599 0.5295649766922 0.525681018829346 -3.4e+38 0.518527984619141 0.516530990600586 0.514274001121521 0.511901021003723 0.509182989597321 0.506220996379852 0.502309024333954 0.498632997274399 0.493856012821198 0.490388989448547 0.486824005842209 0.483265995979309 0.479588001966476 0.476007997989655 0.47180899977684 0.468079000711441 0.466601997613907 -3.4e+38 -3.4e+38 -3.4e+38 -3.4e+38 -3.4e+38 -3.4e+38 -3.4e+38 -3.4e+38 -3.4e+38 -3.4e+38 -3.4e+38 -3.4e+38 -3.4e+38 -3.4e+38 -3.4e+38 -3.4e+38 -3.4e+38
0.506819009780884 0.534906029701233 0.558763980865479 0.579002976417542 0.578778028488159 0.577773988246918 0.577423989772797 0.576035022735596 0.572923004627228 0.569848001003265 0.566720008850098 0.563799023628235 0.561367988586426 0.558368980884552 0.555468022823334 0.552890002727509 -3.4e+38 -3.4e+38 -3.4e+38 -3.4e+38 0.542491018772125 0.541182994842529 0.539936006069183 0.537294983863831 -3.4e+38 -3.4e+38 -3.4e+38 0.526773989200592 0.524868011474609 0.52292400598526 0.520033001899719 0.515657007694244 0.511282980442047 0.506798028945923 -3.4e+38 -3.4e+38 0.492278009653091 0.487311005592346 0.483301997184753 0.479054003953934 0.474317014217377 0.470398008823395 0.470438987016678 0.470351010560989 -3.4e+38 -3.4e+38 -3.4e+38 -3.4e+38 -3.4e+38 -3.4e+38 -3.4e+38 -3.4e+38 -3.4e+38 -3.4e+38 -3.4e+38 -3.4e+38 -3.4e+38 -3.4e+38 -3.4e+38 -3.4e+38
0.496870994567871 0.529891014099121 0.554168999195099 0.578607022762299 0.581586003303528 0.581897974014282 0.581465005874634 0.580304980278015 0.576439023017883 0.572637975215912 0.569077014923096 0.565517008304596 0.562704980373383 0.560433983802795 0.558126986026764 0.556168019771576 0.554593980312347 -3.4e+38 -3.4e+38 -3.4e+38 0.548520028591156 0.547024011611938 0.545509994029999 0.543412983417511 -3.4e+38 -3.4e+38 -3.4e+38 -3.4e+38 0.532194018363953 0.529817998409271 0.526643991470337 -3.4e+38 -3.4e+38 -3.4e+38 -3.4e+38 -3.4e+38 -3.4e+38 -3.4e+38 0.489472001791 0.486292004585266 0.481768012046814 -3.4e+38 -3.4e+38 0.477701008319855 0.476745009422302 -3.4e+38 -3.4e+38 -3.4e+38 -3.4e+38 -3.4e+38 -3.4e+38 -3.4e+38 -3.4e+38 -3.4e+38 -3.4e+38 -3.4e+38 -3.4e+38 -3.4e+38 -3.4e+38 -3.4e+38
0.519738018512726 0.538519978523254 0.55697500705719 0.57585597038269 0.580780029296875 0.581637024879456 0.582032024860382 0.582019984722137 0.578378975391388 0.574140012264252 0.572152972221375 0.570442020893097 0.567357003688812 0.564333021640778 0.560895979404449 0.559543013572693 0.559221029281616 -3.4e+38 -3.4e+38 -3.4e+38 -3.4e+38 0.551068007946014 0.54864901304245 0.547376990318298 0.546110987663269 0.544982016086578 0.543551981449127 0.540736019611359 0.538860023021698 0.536679029464722 0.533236980438232 0.528391003608704 -3.4e+38 -3.4e+38 -3.4e+38 -3.4e+38 -3.4e+38 -3.4e+38 -3.4e+38 -3.4e+38 -3.4e+38 -3.4e+38 -3.4e+38 -3.4e+38 0.487210005521774 -3.4e+38 -3.4e+38 -3.4e+38 -3.4e+38 -3.4e+38 -3.4e+38 -3.4e+38 -3.4e+38 -3.4e+38 -3.4e+38 -3.4e+38 -3.4e+38 -3.4e+38 -3.4e+38 -3.4e+38
0.547810018062592 0.558072984218597 0.568472981452942 0.575518012046814 0.578849017620087 0.579539000988007 0.580884993076324 0.580659985542297 0.579864978790283 0.579519987106323 0.577389001846313 0.574319005012512 0.571388006210327 0.567269027233124 0.563531994819641 0.561461985111237 0.561486005783081 0.561568021774292 0.561774015426636 0.559493005275726 -3.4e+38 -3.4e+38 0.551270008087158 0.550945997238159 0.550863027572632 0.550423979759216 0.549436986446381 0.547450006008148 0.545386016368866 0.543277025222778 0.538986027240753 0.532932996749878 -3.4e+38 -3.4e+38 -3.4e+38 0.508786976337433 0.502076029777527 0.49380698800087 0.493894994258881 0.494105994701385 -3.4e+38 -3.4e+38 -3.4e+38 -3.4e+38 -3.4e+38 -3.4e+38 -3.4e+38 -3.4e+38 -3.4e+38 -3.4e+38 -3.4e+38 -3.4e+38 -3.4e+38 -3.4e+38 -3.4e+38 -3.4e+38 -3.4e+38 -3.4e+38 -3.4e+38 -3.4e+38
0.515399992465973 0.536612987518311 0.555675983428955 0.575680017471313 0.580120027065277 0.579448997974396 0.579406976699829 0.578763008117676 0.574370980262756 0.574006021022797 0.572853028774261 0.57046502828598 0.566298007965088 0.562002003192902 0.557577013969421 0.555414974689484 0.555041015148163 0.554001986980438 0.553623974323273 0.550670981407166 0.546635985374451 -3.4e+38 -3.4e+38 0.539436995983124 0.540037989616394 0.540633976459503 0.540755987167358 0.539453983306885 0.538119971752167 0.536773979663849 0.533155977725983 0.527064979076385 -3.4e+38 -3.4e+38 0.512144029140472 0.510062992572784 0.50772899389267 0.505587995052338 0.502442002296448 0.499213993549347 0.496670007705688 0.495889991521835 -3.4e+38 -3.4e+38 -3.4e+38 -3.4e+38 -3.4e+38 -3.4e+38 -3.4e+38 -3.4e+38 -3.4e+38 -3.4e+38 -3.4e+38 -3.4e+38 -3.4e+38 -3.4e+38 -3.4e+38 -3.4e+38 -3.4e+38 -3.4e+38
0.505379021167755 0.524765014648438 0.54306697845459 0.571510970592499 0.577325999736786 0.577046990394592 0.576057970523834 0.575407981872559 0.570787012577057 0.567363977432251 0.566977024078369 0.565407991409302 0.560449004173279 0.555388987064362 0.551159977912903 0.54780101776123 0.546458005905151 0.544535994529724 0.543757021427155 0.53921502828598 0.533944010734558 0.528389990329742 0.523684978485107 -3.4e+38 -3.4e+38 0.527643024921417 0.52846497297287 0.527979016304016 -3.4e+38 -3.4e+38 -3.4e+38 -3.4e+38 -3.4e+38 0.500037014484406 0.500703990459442 0.504932999610901 0.509104013442993 0.513271987438202 0.508354008197784 0.502888977527618 0.49779200553894 0.494994014501572 0.501102983951569 -3.4e+38 -3.4e+38 -3.4e+38 -3.4e+38 -3.4e+38 -3.4e+38 -3.4e+38 -3.4e+38 -3.4e+38 -3.4e+38 -3.4e+38 -3.4e+38 -3.4e+38 -3.4e+38 -3.4e+38 -3.4e+38 -3.4e+38
0.502692997455597 0.520753979682922 0.544327020645142 0.569745004177094 0.575348973274231 0.57327800989151 0.572175025939941 0.571380972862244 0.565276026725769 0.559249997138977 0.557272970676422 0.55596798658371 0.552865028381348 0.548837006092072 0.54484498500824 0.540717005729675 0.53669798374176 0.531301021575928 0.527028024196625 0.523424029350281 0.520214974880219 0.517522990703583 0.515577971935272 0.516254007816315 0.516095995903015 -3.4e+38 -3.4e+38 -3.4e+38 -3.4e+38 -3.4e+38 -3.4e+38 -3.4e+38 -3.4e+38 0.485511004924774 0.487177014350891 0.493108004331589 0.498899012804031 0.504545986652374 0.500728011131287 0.494506001472473 0.489174008369446 0.48717400431633 0.496329009532928 0.503853023052216 -3.4e+38 -3.4e+38 -3.4e+38 -3.4e+38 -3.4e+38 -3.4e+38 -3.4e+38 -3.4e+38 -3.4e+38 -3.4e+38 -3.4e+38 -3.4e+38 -3.4e+38 -3.4e+38 -3.4e+38 -3.4e+38
0.517085015773773 0.538384974002838 0.553741991519928 0.568996012210846 0.572073996067047 0.571978986263275 0.571220993995667 0.569495975971222 0.562451004981995 0.555023014545441 0.546972990036011 0.544121026992798 0.542308986186981 0.540392994880676 0.537931978702545 0.532492995262146 0.521996021270752 0.514087021350861 0.507479012012482 0.503102004528046 0.503986001014709 0.503310024738312 0.502681016921997 0.503296971321106 0.50390100479126 0.504350006580353 0.50442099571228 0.5017009973526 0.497765004634857 0.49388399720192 0.491142988204956 0.486860990524292 0.481667011976242 0.476691007614136 0.478803008794785 0.483794987201691 0.488014996051788 0.492931991815567 0.482003003358841 0.477699011564255 0.474101006984711 0.473686993122101 0.484912008047104 0.495770990848541 0.505805015563965 -3.4e+38 -3.4e+38 -3.4e+38 -3.4e+38 -3.4e+38 -3.4e+38 -3.4e+38 -3.4e+38 -3.4e+38 -3.4e+38 -3.4e+38 -3.4e+38 -3.4e+38 -3.4e+38 -3.4e+38
0.541329979896545 0.549637019634247 0.55936998128891 0.564155995845795 0.565640985965729 0.566806972026825 0.567855000495911 0.567550003528595 0.558930993080139 0.549692988395691 0.540304005146027 0.532644987106323 0.531403005123138 0.53243100643158 0.533362984657288 0.526087999343872 0.512206971645355 0.500931978225708 0.491214990615845 0.487369000911713 0.484953999519348 0.48751899600029 0.487439006567001 0.488380998373032 0.48879799246788 0.487726002931595 0.486995995044708 0.484887003898621 0.480305999517441 0.475939989089966 0.473504990339279 0.473879009485245 0.472864985466003 0.472624987363815 0.475562989711761 0.478996008634567 0.483395993709564 0.488139003515244 0.472970992326736 0.468629002571106 0.46330401301384 0.460290014743805 0.473049014806747 0.487044990062714 0.498883008956909 0.505119979381561 -3.4e+38 -3.4e+38 -3.4e+38 -3.4e+38 -3.4e+38 -3.4e+38 -3.4e+38 -3.4e+38 -3.4e+38 -3.4e+38 -3.4e+38 -3.4e+38 -3.4e+38 -3.4e+38
0.562201976776123 0.562880992889404 0.563678026199341 0.563575029373169 0.562232971191406 0.560823023319244 0.558835983276367 0.554961025714874 0.552438974380493 0.549750983715057 0.546599984169006 -3.4e+38 -3.4e+38 -3.4e+38 -3.4e+38 0.521173000335693 0.512419998645782 0.506313979625702 0.499781012535095 0.493672013282776 0.48903900384903 0.486290007829666 0.481941014528275 0.479537010192871 0.476862013339996 0.474090993404388 0.471318989992142 0.463874995708466 0.457623988389969 0.451689004898071 0.450221002101898 0.454086989164352 0.45974600315094 0.466250985860825 0.46943399310112 0.471098989248276 0.473035007715225 0.474472999572754 0.462060987949371 0.46211901307106 0.464345991611481 0.467364996671677 0.472173005342484 0.477456986904144 0.488790988922119 0.49633800983429 -3.4e+38 -3.4e+38 -3.4e+38 -3.4e+38 -3.4e+38 -3.4e+38 -3.4e+38 -3.4e+38 -3.4e+38 -3.4e+38 -3.4e+38 -3.4e+38 -3.4e+38 -3.4e+38
0.576422989368439 0.571861028671265 0.567066013813019 -3.4e+38 -3.4e+38 -3.4e+38 -3.4e+38 -3.4e+38 0.546527028083801 0.549064993858337 0.549570024013519 0.547497987747192 -3.4e+38 -3.4e+38 -3.4e+38 0.518293023109436 0.514685988426208 0.510729014873505 0.506242990493774 0.498122990131378 0.493375986814499 0.495351999998093 0.495878994464874 0.48574298620224 0.474743992090225 0.47019499540329 0.463111013174057 0.455303013324738 0.44641500711441 0.437036991119385 0.433811992406845 0.440485000610352 0.447479993104935 0.455956995487213 0.460076004266739 0.460052013397217 0.461214989423752 0.458689004182816 0.452881008386612 -3.4e+38 0.467285007238388 0.47409999370575 0.474649012088776 0.475731998682022 0.477780014276505 0.487242996692657 0.498266011476517 -3.4e+38 -3.4e+38 -3.4e+38 -3.4e+38 -3.4e+38 -3.4e+38 -3.4e+38 -3.4e+38 -3.4e+38 -3.4e+38 -3.4e+38 -3.4e+38 -3.4e+38
0.570692002773285 0.567533016204834 -3.4e+38 -3.4e+38 -3.4e+38 -3.4e+38 -3.4e+38 -3.4e+38 0.53846400976181 0.540718972682953 0.540450990200043 0.540807008743286 0.53446102142334 0.527683019638062 0.52055299282074 0.515362977981567 0.51188999414444 0.509725987911224 0.503805994987488 0.496497988700867 0.495797991752625 0.500063002109528 0.499895006418228 0.491106986999512 -3.4e+38 -3.4e+38 -3.4e+38 0.450933992862701 0.442766010761261 0.43274798989296 0.430168986320496 0.433999985456467 -3.4e+38 0.445078998804092 0.453597992658615 0.459163993597031 0.45721098780632 0.457269012928009 -3.4e+38 -3.4e+38 0.467151999473572 0.470304012298584 0.473396986722946 0.47681400179863 0.477019011974335 0.484353989362717 0.497072011232376 -3.4e+38 -3.4e+38 -3.4e+38 -3.4e+38 -3.4e+38 -3.4e+38 -3.4e+38 -3.4e+38 -3.4e+38 -3.4e+38 -3.4e+38 -3.4e+38 -3.4e+38
0.548914015293121 0.551497995853424 -3.4e+38 -3.4e+38 -3.4e+38 -3.4e+38 -3.4e+38 -3.4e+38 0.537811994552612 0.53396999835968 0.526775002479553 0.520594000816345 0.517642974853516 0.514997005462646 0.51104599237442 0.509956002235413 0.505652010440826 0.501706004142761 0.497382998466492 0.4947290122509 0.492370992898941 0.490332990884781 0.487643003463745 -3.4e+38 -3.4e+38 -3.4e+38 -3.4e+38 -3.4e+38 -3.4e+38 0.436589002609253 0.43496298789978 -3.4e+38 -3.4e+38 -3.4e+38 -3.4e+38 -3.4e+38 -3.4e+38 -3.4e+38 -3.4e+38 -3.4e+38 -3.4e+38 0.452924013137817 0.468212991952896 0.47682398557663 0.483900994062424 0.489899009466171 0.499581009149551 0.510470986366272 -3.4e+38 -3.4e+38 -3.4e+38 -3.4e+38 -3.4e+38 -3.4e+38 -3.4e+38 -3.4e+38 -3.4e+38 -3.4e+38 -3.4e+38 -3.4e+38
0.52607798576355 0.53517097234726 -3.4e+38 -3.4e+38 -3.4e+38 -3.4e+38 -3.4e+38 -3.4e+38 0.522939026355743 0.524235010147095 0.518670976161957 0.506352007389069 0.50542801618576 0.503674983978271 0.498665004968643 0.496055990457535 0.499482005834579 0.495402991771698 -3.4e+38 -3.4e+38 -3.4e+38 -3.4e+38 -3.4e+38 -3.4e+38 -3.4e+38 -3.4e+38 -3.4e+38 -3.4e+38 -3.4e+38 -3.4e+38 -3.4e+38 -3.4e+38 -3.4e+38 -3.4e+38 -3.4e+38 -3.4e+38 -3.4e+38 -3.4e+38 -3.4e+38 -3.4e+38 -3.4e+38 0.427370995283127 0.456427991390228 0.478444010019302 0.490355998277664 0.497480005025864 0.503075003623962 0.511536002159119 0.519647002220154 -3.4e+38 -3.4e+38 -3.4e+38 -3.4e+38 -3.4e+38 -3.4e+38 -3.4e+38 -3.4e+38 -3.4e+38 -3.4e+38 -3.4e+38
0.521390974521637 -3.4e+38 -3.4e+38 -3.4e+38 -3.4e+38 -3.4e+38 -3.4e+38 -3.4e+38 0.526278972625732 0.515794992446899 0.505438029766083 0.502067983150482 0.499173998832703 0.493658989667892 -3.4e+38 0.485549002885818 0.485752999782562 -3.4e+38 -3.4e+38 -3.4e+38 -3.4e+38 -3.4e+38 -3.4e+38 -3.4e+38 -3.4e+38 -3.4e+38 -3.4e+38 -3.4e+38 -3.4e+38 -3.4e+38 -3.4e+38 -3.4e+38 -3.4e+38 -3.4e+38 -3.4e+38 -3.4e+38 -3.4e+38 -3.4e+38 -3.4e+38 -3.4e+38 0.428537994623184 0.428694993257523 0.453996002674103 0.477205991744995 0.491690009832382 0.500083982944489 0.509518980979919 0.517306983470917 0.528629004955292 0.533272981643677 -3.4e+38 -3.4e+38 -3.4e+38 -3.4e+38 -3.4e+38 -3.4e+38 -3.4e+38 -3.4e+38 -3.4e+38 -3.4e+38
0.506358027458191 -3.4e+38 -3.4e+38 -3.4e+38 0.544125020503998 0.517153978347778 -3.4e+38 -3.4e+38 0.498035997152328 0.491214007139206 0.491403013467789 0.488882005214691 0.486465007066727 0.483170986175537 -3.4e+38 -3.4e+38 -3.4e+38 -3.4e+38 -3.4e+38 -3.4e+38 -3.4e+38 -3.4e+38 -3.4e+38 -3.4e+38 -3.4e+38 -3.4e+38 -3.4e+38 -3.4e+38 -3.4e+38 -3.4e+38 -3.4e+38 -3.4e+38 -3.4e+38 -3.4e+38 -3.4e+38 -3.4e+38 -3.4e+38 -3.4e+38 -3.4e+38 -3.4e+38 -3.4e+38 0.424225986003876 0.451384007930756 0.472559005022049 -3.4e+38 0.501776993274689 0.510914027690887 0.523482024669647 0.534592986106873 0.539667010307312 0.540558993816376 -3.4e+38 -3.4e+38 -3.4e+38 -3.4e+38 -3.4e+38 -3.4e+38 -3.4e+38 -3.4e+38 -3.4e+38
0.502251029014587 0.522947013378143 0.548753976821899 0.567375004291534 0.557798981666565 0.53491997718811 0.50941801071167 0.496405005455017 0.48888498544693 0.481840014457703 0.474168986082077 0.46815499663353 0.470741987228394 -3.4e+38 -3.4e+38 -3.4e+38 -3.4e+38 -3.4e+38 -3.4e+38 -3.4e+38 -3.4e+38 -3.4e+38 -3.4e+38 -3.4e+38 -3.4e+38 -3.4e+38 -3.4e+38 -3.4e+38 -3.4e+38 -3.4e+38 -3.4e+38 -3.4e+38 -3.4e+38 -3.4e+38 -3.4e+38 -3.4e+38 -3.4e+38 -3.4e+38 -3.4e+38 -3.4e+38 -3.4e+38 -3.4e+38 0.45303800702095 -3.4e+38 -3.4e+38 0.506868004798889 0.512646019458771 0.524026989936829 0.537024021148682 0.540737986564636 0.541836977005005 0.542199015617371 -3.4e+38 -3.4e+38 -3.4e+38 -3.4e+38 -3.4e+38 -3.4e+38 -3.4e+38 -3.4e+38
