results/Predictions/Median/Turonian.asc
NCOLS 360 
NROWS 180 
XLLCORNER -180 
YLLCORNER -90 
CELLSIZE 1 
NODATA_value -3.4e+38 
[rows 140 to 159 of 180, columns 220 to 263 of 360]
8.68019014887977e-06 8.37712013890268e-06 8.10297024145257e-06 7.80008031142643e-06 7.50851995690027e-06 7.25519021216314e-06 7.03690011505387e-06 6.83886992192129e-06 6.61984995531384e-06 6.39484005660051e-06 6.15474982623709e-06 5.92367996432586e-06 5.70128986510099e-06 5.53207019038382e-06 5.35673007107107e-06 5.18695014761761e-06 5.04302988701966e-06 4.96330994792515e-06 4.88485011373996e-06 4.80762992083328e-06 4.79839991385234e-06 4.85676991957007e-06 4.91583978146082e-06 4.97563996759709e-06 5.170759777684e-06 8.7163301941473e-05 0.000730613013729453 0.00427919998764992 0.000333059986587614 2.06130007427419e-05 5.48518983123358e-06 4.17651017414755e-06 3.94852986573824e-06 3.76622006115213e-06 3.58461011273903e-06 3.45189005201973e-06 3.39827010975569e-06 3.34550009029044e-06 3.29353997585713e-06 3.37119990945212e-06 3.49580000147398e-06 3.60688000000664e-06 3.70747989109077e-06 3.71943997379276e-06
6.18728017798276e-06 5.91117986914469e-06 5.68203995499061e-06 5.43897021998418e-06 5.2043601499463e-06 4.98148983751889e-06 4.79473010273068e-06 4.6857298912073e-06 4.50231982540572e-06 4.33315017289715e-06 4.14951000493602e-06 3.98332986151217e-06 3.82385996999801e-06 3.73981993107009e-06 3.65427990800526e-06 3.57282010554627e-06 3.49964989254659e-06 3.43572992278496e-06 3.36448010784807e-06 3.30389002556331e-06 3.27538009514683e-06 3.27798989019357e-06 3.28058990817226e-06 3.28319993059267e-06 3.24723009725858e-06 3.29594990944315e-06 4.84490010421723e-06 8.95383982424391e-06 6.18144986219704e-06 3.70195994037203e-06 2.9831001029379e-06 2.9386999358394e-06 2.85214991890825e-06 2.76814989774721e-06 2.68551002591266e-06 2.64336995314807e-06 2.6406798951939e-06 2.63800006905512e-06 2.63532001554267e-06 2.70776990873856e-06 2.80845006273012e-06 2.91288006337709e-06 3.01851991935109e-06 3.04475997836562e-06
4.39149016528972e-06 4.15148997490178e-06 3.95858978663455e-06 3.74141995962418e-06 3.55822999154043e-06 3.40829001288512e-06 3.25560995406704e-06 3.13404007101781e-06 3.02826992992777e-06 2.91070000457694e-06 2.79201003650087e-06 2.67346990767692e-06 2.54686005973781e-06 2.50593006967392e-06 2.46564991357445e-06 2.42602004618675e-06 2.3900099677121e-06 2.33454989029269e-06 2.28037993110775e-06 2.22747007683211e-06 2.18810009755543e-06 2.16158991861448e-06 2.13689008887741e-06 2.11585006582027e-06 2.10062989935977e-06 2.0872400909866e-06 2.07262996809732e-06 2.19071989704389e-06 2.19706998905167e-06 2.03953004529467e-06 2.03147010324756e-06 2.02227988665982e-06 2.00970998776029e-06 2.00242993741995e-06 1.99101009457081e-06 2.00408999262436e-06 2.04218008548196e-06 2.0768800368387e-06 2.10817006518482e-06 2.16035004996229e-06 2.23925007958314e-06 2.32909997066599e-06 2.42258010985097e-06 2.46199010689452e-06
2.9819500468875e-06 2.78867992165033e-06 2.65547009803413e-06 2.53936991612136e-06 2.41743009610218e-06 2.31266994887847e-06 2.23614006245043e-06 2.14691999644856e-06 2.05707010536571e-06 1.98644988813612e-06 1.93370010492799e-06 1.88183003047016e-06 1.84037003236881e-06 1.81442999291903e-06 1.78886000412604e-06 1.76364994786127e-06 1.72428997302632e-06 1.64845005201641e-06 1.57507997755602e-06 1.51022004502011e-06 1.47758998991776e-06 1.46719003168982e-06 1.45684998642537e-06 1.44478997299302e-06 1.45296996834077e-06 1.46815000334755e-06 1.48219999118737e-06 1.49638003676955e-06 1.50753999150766e-06 1.51877998177952e-06 1.53011001202685e-06 1.541120013826e-06 1.55102998178336e-06 1.56099997639103e-06 1.57102999764902e-06 1.59399996846332e-06 1.63632000749203e-06 1.67976998000086e-06 1.72437000856007e-06 1.79081996520836e-06 1.8670400550036e-06 1.93382993529667e-06 2.00478007172933e-06 2.05763990379637e-06
2.00335989575251e-06 1.86639999810723e-06 1.80896995516378e-06 1.71236001733632e-06 1.6169400396393e-06 1.55018994973943e-06 1.49881998368073e-06 1.45240005622327e-06 1.40741997256555e-06 1.37705001179711e-06 1.35428001613036e-06 1.33468995500152e-06 1.31069998587918e-06 1.28653005049273e-06 1.26051997995091e-06 1.23503002669167e-06 1.2010599448331e-06 1.14211002255615e-06 1.07270000171411e-06 1.00682996162504e-06 9.74345994109171e-07 9.72166048995859e-07 9.69990992416569e-07 9.67821051744977e-07 9.88787974165461e-07 1.01821001408098e-06 1.0485199481991e-06 1.0797300546983e-06 1.10850999135437e-06 1.13364001208538e-06 1.15829004698753e-06 1.18320997444243e-06 1.20788001822802e-06 1.2330599474808e-06 1.25876999845786e-06 1.29087004552275e-06 1.33187995743356e-06 1.37035999614454e-06 1.41129999065015e-06 1.46528998357098e-06 1.5320299553423e-06 1.60366005275137e-06 1.67865005096246e-06 1.73765999988973e-06
1.31543004044943e-06 1.24292000691639e-06 1.1951600527027e-06 1.14183001187484e-06 1.090940031645e-06 1.05818003248714e-06 1.03914999272092e-06 1.01641001037933e-06 9.9712599421764e-07 9.80772028924548e-07 9.65530034591211e-07 9.50527976328885e-07 9.35761022446968e-07 9.06441016468307e-07 8.75922012255614e-07 8.4985600778964e-07 8.21677986095892e-07 7.63533989811549e-07 7.08471020516299e-07 6.63239006826188e-07 6.50577987926226e-07 6.68693985517166e-07 6.87316003222804e-07 7.06301023001288e-07 7.43668977065681e-07 7.90839010278432e-07 8.24639016627771e-07 8.73362012043799e-07 9.15938983325759e-07 9.53563983330241e-07 9.85452970780898e-07 1.01751004422113e-06 1.04788000498957e-06 1.07916002889397e-06 1.11137001113093e-06 1.14592000954872e-06 1.18295997708628e-06 1.22091000775981e-06 1.2584599744514e-06 1.30591001834546e-06 1.35431002945552e-06 1.40783004098921e-06 1.4703499573443e-06 1.52452003021608e-06
8.616149784757e-07 8.13357019069372e-07 7.89817988788855e-07 7.66961989029369e-07 7.44769977245596e-07 7.3340100925634e-07 7.32369983325043e-07 7.31342026938364e-07 7.25275015156512e-07 7.14812983915181e-07 6.99491977229627e-07 6.84158976582694e-07 6.67200993120787e-07 6.35648007119016e-07 6.05591026214825e-07 5.79681000090204e-07 5.53753011445224e-07 5.14809983087616e-07 4.83609028378851e-07 4.44710991587272e-07 4.49086996923143e-07 4.92657989070722e-07 5.32398985342297e-07 5.76440982058557e-07 6.24746974153823e-07 6.84745998569269e-07 7.48793013372051e-07 8.27233009204065e-07 8.66072980443278e-07 9.02768988453317e-07 9.42102019507729e-07 9.79906985776324e-07 1.01255000117817e-06 1.04627997643547e-06 1.08113999885973e-06 1.11222004761657e-06 1.14221995772823e-06 1.17303000024549e-06 1.20608001452638e-06 1.247749992217e-06 1.28333999782626e-06 1.31995000174356e-06 1.36363996716682e-06 1.412980054738e-06
5.28121006482252e-07 5.05381990478782e-07 5.0052699407388e-07 4.94947016704828e-07 4.92406002194912e-07 4.93540028401185e-07 4.98372003221448e-07 5.0126499218095e-07 5.03409012253542e-07 4.93760012432176e-07 4.80499011246138e-07 4.67596009912086e-07 4.54801011073869e-07 4.27212000886357e-07 4.06482001835684e-07 3.8676799363202e-07 3.66162993259422e-07 3.41444007290193e-07 3.16291988156081e-07 2.91390989559659e-07 3.02015990882865e-07 3.51413007138035e-07 4.02495999196617e-07 4.69095994048985e-07 5.29921976522019e-07 5.99833981596021e-07 6.77917000757589e-07 7.73599026615557e-07 8.09919015409832e-07 8.56524025039107e-07 9.00622978861065e-07 9.43654015372886e-07 9.78388015937526e-07 1.01429998267122e-06 1.04721004845487e-06 1.07637004020944e-06 1.1014200254067e-06 1.12704003640829e-06 1.15589000415639e-06 1.18770003609825e-06 1.21610003134265e-06 1.24049995520181e-06 1.26536997413496e-06 1.31560000227182e-06
3.25291011904483e-07 3.12000992153116e-07 3.06635996594196e-07 3.04165013176316e-07 3.03332996054451e-07 2.99074002896305e-07 2.99401989423131e-07 2.99730999131498e-07 3.00060008839864e-07 2.97821003414356e-07 2.9112200650161e-07 2.89713995016427e-07 2.91685012143716e-07 2.89912009066029e-07 2.86545002836647e-07 2.72420010105634e-07 2.56523009056764e-07 2.4267498588415e-07 2.29574993682036e-07 2.13838006857259e-07 2.28516000788659e-07 2.78621001825741e-07 3.29394993059395e-07 3.89478003626209e-07 4.77832998058147e-07 5.38491008228448e-07 6.28554005288606e-07 7.28564998553338e-07 7.5763597351397e-07 7.97526013229799e-07 8.33594981486385e-07 8.70964015575737e-07 9.12054986201838e-07 9.50738979099697e-07 9.91052957033389e-07 1.02247997801896e-06 1.04409002688044e-06 1.06771994978772e-06 1.09520999558299e-06 1.12287000320066e-06 1.15098998776375e-06 1.17933996079955e-06 1.20745994536264e-06 1.25108999782242e-06
1.89619001389474e-07 1.82915997015698e-07 1.72772999462723e-07 1.70204003779872e-07 1.83558000799167e-07 2.25329998215784e-07 4.4083299144404e-07 1.73871001152293e-07 1.73073004816615e-07 1.68455997595629e-07 1.76886004510379e-07 1.7490600612291e-07 1.76091006665047e-07 1.78567006514641e-07 1.85656006124191e-07 1.84596004260129e-07 1.76588997646832e-07 1.71542993143703e-07 1.57328003069779e-07 1.41824997967888e-07 1.54643004179889e-07 2.03962997602503e-07 2.60315999867089e-07 3.27944007949554e-07 3.9923901340444e-07 4.9072201591116e-07 5.80361017910036e-07 6.83418988955964e-07 7.08750974354189e-07 7.39149015771545e-07 7.70857013776549e-07 8.03875025212619e-07 8.46330010517704e-07 8.89676016413432e-07 9.35256991851929e-07 9.68379026744515e-07 9.87573002930731e-07 1.01071998415136e-06 1.03608999779681e-06 1.06352001694177e-06 1.09147003968246e-06 1.12016005004989e-06 1.14745000701078e-06 1.17876004424033e-06
2.19157996639296e-07 3.21906991302967e-05 4.56670022686012e-06 0.000301457999739796 -3.4e+38 -3.4e+38 -3.4e+38 -3.4e+38 0.000304830988170579 4.81228028093028e-07 1.31500001998575e-07 1.33466002694149e-07 1.35972001658047e-07 1.41152995070115e-07 1.44230000387324e-07 1.53529001067909e-07 1.47243000014896e-07 1.33734005203223e-07 1.16113000103724e-07 1.05684001994177e-07 1.11193003249355e-07 1.38860997367374e-07 1.72428997302632e-07 2.12665995036332e-07 2.70871993279798e-07 3.39839999696778e-07 4.1857200017148e-07 4.91799028168316e-07 5.07845982156141e-07 5.24218023656431e-07 5.41120982688881e-07 5.61161982659542e-07 5.89132980621798e-07 6.19850993643922e-07 6.59031002214761e-07 6.81400990742986e-07 6.91522984652693e-07 7.01796011526312e-07 7.14010980118474e-07 7.24807989627152e-07 7.36133017653628e-07 7.47634999243019e-07 7.59318027121481e-07 7.81225992341206e-07
-3.4e+38 -3.4e+38 -3.4e+38 -3.4e+38 -3.4e+38 -3.4e+38 -3.4e+38 -3.4e+38 -3.4e+38 -3.4e+38 0.000309460010612383 0.000290694006253034 0.000291689997538924 0.000102345002233051 1.07368998669699e-06 2.49003988983532e-07 1.51888002619671e-07 1.24514002664e-07 1.0953500151345e-07 8.75648993314826e-08 7.90221008628578e-08 8.99482017757691e-08 1.01219001180652e-07 1.13344000851612e-07 1.33851997929924e-07 1.65944001651042e-07 2.0671899392255e-07 2.54511007824476e-07 2.71386994654677e-07 2.72903008635694e-07 3.51478007587502e-07 3.02395989137949e-07 3.021239933787e-07 3.12118999090671e-07 3.22446993550329e-07 3.28352001588428e-07 3.29067006532568e-07 3.29784995756199e-07 3.91392006804381e-07 3.61155002792657e-07 6.26558005478728e-07 0.000178451999090612 0.000130411994177848 0.000521047972142696
-3.4e+38 -3.4e+38 -3.4e+38 -3.4e+38 -3.4e+38 -3.4e+38 -3.4e+38 -3.4e+38 -3.4e+38 -3.4e+38 -3.4e+38 -3.4e+38 -3.4e+38 -3.4e+38 -3.4e+38 -3.4e+38 -3.4e+38 -3.4e+38 0.000126287006423809 0.000129300999105908 0.000123420002637431 8.86971029103734e-05 0.000126579994685017 4.70611994387582e-05 1.55084999278188e-05 6.10994975431822e-05 0.000195282002096064 0.000240852998103946 0.000259694992564619 0.000273693003691733 0.000299579987768084 0.000314615987008438 0.000313697993988171 0.000311715004500002 0.000307440001051873 0.000302049011224881 0.000121691002277657 0.000209798003197648 0.000306970003293827 0.000289149000309408 0.000195568994968198 0.000282532011624426 0.000289861985947937 0.000276940001640469
-3.4e+38 -3.4e+38 -3.4e+38 -3.4e+38 -3.4e+38 -3.4e+38 -3.4e+38 -3.4e+38 -3.4e+38 -3.4e+38 -3.4e+38 -3.4e+38 -3.4e+38 -3.4e+38 -3.4e+38 -3.4e+38 -3.4e+38 -3.4e+38 -3.4e+38 -3.4e+38 -3.4e+38 -3.4e+38 0.000141147000249475 0.000142378004966304 0.000160078998305835 0.00018498400459066 0.000221331007196568 0.000248775992076844 0.00026269000954926 0.000276967999525368 0.000294981000479311 0.000311503012198955 -3.4e+38 -3.4e+38 -3.4e+38 -3.4e+38 -3.4e+38 -3.4e+38 -3.4e+38 -3.4e+38 -3.4e+38 0.000281835993519053 0.000277498998912051 0.00027689099078998
-3.4e+38 -3.4e+38 -3.4e+38 -3.4e+38 -3.4e+38 -3.4e+38 -3.4e+38 -3.4e+38 -3.4e+38 -3.4e+38 -3.4e+38 -3.4e+38 -3.4e+38 -3.4e+38 -3.4e+38 -3.4e+38 -3.4e+38 -3.4e+38 -3.4e+38 -3.4e+38 -3.4e+38 -3.4e+38 -3.4e+38 -3.4e+38 -3.4e+38 -3.4e+38 -3.4e+38 -3.4e+38 -3.4e+38 -3.4e+38 -3.4e+38 -3.4e+38 -3.4e+38 -3.4e+38 -3.4e+38 -3.4e+38 -3.4e+38 -3.4e+38 -3.4e+38 -3.4e+38 -3.4e+38 -3.4e+38 -3.4e+38 -3.4e+38
-3.4e+38 -3.4e+38 -3.4e+38 -3.4e+38 -3.4e+38 -3.4e+38 -3.4e+38 -3.4e+38 -3.4e+38 -3.4e+38 -3.4e+38 -3.4e+38 -3.4e+38 -3.4e+38 -3.4e+38 -3.4e+38 -3.4e+38 -3.4e+38 -3.4e+38 -3.4e+38 -3.4e+38 -3.4e+38 -3.4e+38 -3.4e+38 -3.4e+38 -3.4e+38 -3.4e+38 -3.4e+38 -3.4e+38 -3.4e+38 -3.4e+38 -3.4e+38 -3.4e+38 -3.4e+38 -3.4e+38 -3.4e+38 -3.4e+38 -3.4e+38 -3.4e+38 -3.4e+38 -3.4e+38 -3.4e+38 -3.4e+38 -3.4e+38
-3.4e+38 -3.4e+38 -3.4e+38 -3.4e+38 -3.4e+38 -3.4e+38 -3.4e+38 -3.4e+38 -3.4e+38 -3.4e+38 -3.4e+38 -3.4e+38 -3.4e+38 -3.4e+38 -3.4e+38 -3.4e+38 -3.4e+38 -3.4e+38 -3.4e+38 -3.4e+38 -3.4e+38 -3.4e+38 -3.4e+38 -3.4e+38 -3.4e+38 -3.4e+38 -3.4e+38 -3.4e+38 -3.4e+38 -3.4e+38 -3.4e+38 -3.4e+38 -3.4e+38 -3.4e+38 -3.4e+38 -3.4e+38 -3.4e+38 -3.4e+38 -3.4e+38 -3.4e+38 -3.4e+38 -3.4e+38 -3.4e+38 -3.4e+38
-3.4e+38 -3.4e+38 -3.4e+38 -3.4e+38 -3.4e+38 -3.4e+38 -3.4e+38 -3.4e+38 -3.4e+38 -3.4e+38 -3.4e+38 -3.4e+38 -3.4e+38 -3.4e+38 -3.4e+38 -3.4e+38 -3.4e+38 -3.4e+38 -3.4e+38 -3.4e+38 -3.4e+38 -3.4e+38 -3.4e+38 -3.4e+38 -3.4e+38 -3.4e+38 -3.4e+38 -3.4e+38 -3.4e+38 -3.4e+38 -3.4e+38 -3.4e+38 -3.4e+38 -3.4e+38 -3.4e+38 -3.4e+38 -3.4e+38 -3.4e+38 -3.4e+38 -3.4e+38 -3.4e+38 -3.4e+38 -3.4e+38 -3.4e+38
-3.4e+38 -3.4e+38 -3.4e+38 -3.4e+38 -3.4e+38 -3.4e+38 -3.4e+38 -3.4e+38 -3.4e+38 -3.4e+38 -3.4e+38 -3.4e+38 -3.4e+38 -3.4e+38 -3.4e+38 -3.4e+38 -3.4e+38 -3.4e+38 -3.4e+38 -3.4e+38 -3.4e+38 -3.4e+38 -3.4e+38 -3.4e+38 -3.4e+38 -3.4e+38 -3.4e+38 -3.4e+38 -3.4e+38 -3.4e+38 -3.4e+38 -3.4e+38 -3.4e+38 -3.4e+38 -3.4e+38 -3.4e+38 -3.4e+38 -3.4e+38 -3.4e+38 -3.4e+38 -3.4e+38 -3.4e+38 -3.4e+38 -3.4e+38
-3.4e+38 -3.4e+38 -3.4e+38 -3.4e+38 -3.4e+38 -3.4e+38 -3.4e+38 -3.4e+38 -3.4e+38 -3.4e+38 -3.4e+38 -3.4e+38 -3.4e+38 -3.4e+38 -3.4e+38 -3.4e+38 -3.4e+38 -3.4e+38 -3.4e+38 -3.4e+38 -3.4e+38 -3.4e+38 -3.4e+38 -3.4e+38 -3.4e+38 -3.4e+38 -3.4e+38 -3.4e+38 -3.4e+38 -3.4e+38 -3.4e+38 -3.4e+38 -3.4e+38 -3.4e+38 -3.4e+38 -3.4e+38 -3.4e+38 -3.4e+38 -3.4e+38 -3.4e+38 -3.4e+38 -3.4e+38 -3.4e+38 -3.4e+38
