results/Predictions/Median/Turonian.asc
NCOLS 360 
NROWS 180 
XLLCORNER -180 
YLLCORNER -90 
CELLSIZE 1 
NODATA_value -3.4e+38 
[rows 40 to 59 of 180, columns 220 to 263 of 360]
0.00646780012175441 0.00667680008336902 0.00684515992179513 0.00709876976907253 0.00733627984300256 0.00762831000611186 0.00790292024612427 0.00827797967940569 0.00837878976017237 0.0077300202101469 0.00664028013125062 0.00580846006050706 0.00506395008414984 0.00582215003669262 0.00672886986285448 0.00721031008288264 0.00771882990375161 0.00874975044280291 0.0102867996320128 -3.4e+38 -3.4e+38 -3.4e+38 0.00885934010148048 0.00730716995894909 0.00752126006409526 0.00837874971330166 -3.4e+38 -3.4e+38 -3.4e+38 -3.4e+38 -3.4e+38 -3.4e+38 -3.4e+38 -3.4e+38 -3.4e+38 -3.4e+38 -3.4e+38 -3.4e+38 -3.4e+38 -3.4e+38 -3.4e+38 -3.4e+38 -3.4e+38 -3.4e+38
0.00754996994510293 0.00771295977756381 0.00803964957594872 0.00842413958162069 0.0087913703173399 0.00921554025262594 0.00962372962385416 0.0100627997890115 0.0101974997669458 0.00965193007141352 0.00858885981142521 0.00755936000496149 0.00676487013697624 0.00766775012016296 0.00859238021075726 0.00910090003162622 0.00957193039357662 0.0102260001003742 0.0112188998609781 -3.4e+38 0.0120905004441738 0.0116152996197343 0.0107190003618598 0.0102457003667951 0.00993410963565111 0.00992908980697393 0.0103366998955607 -3.4e+38 -3.4e+38 -3.4e+38 -3.4e+38 -3.4e+38 -3.4e+38 -3.4e+38 -3.4e+38 -3.4e+38 -3.4e+38 -3.4e+38 -3.4e+38 -3.4e+38 -3.4e+38 -3.4e+38 -3.4e+38 -3.4e+38
0.00898248981684446 0.00909383036196232 0.00943795964121819 0.00996746029704809 0.0105437003076077 0.0110820000991225 0.0117455003783107 0.0122822001576424 0.0125478999689221 0.0119896000251174 0.0110793998464942 0.0100942002609372 0.00910458993166685 0.0102530997246504 0.0108693996444345 0.0113994004204869 0.0117365000769496 0.0119468998163939 0.0120625998824835 0.011769900098443 0.012020199559629 0.0128036001697183 0.0135305002331734 0.014486700296402 0.017561100423336 0.0223028007894754 0.0299868006259203 -3.4e+38 -3.4e+38 -3.4e+38 -3.4e+38 -3.4e+38 -3.4e+38 -3.4e+38 -3.4e+38 -3.4e+38 -3.4e+38 -3.4e+38 -3.4e+38 -3.4e+38 -3.4e+38 -3.4e+38 -3.4e+38 -3.4e+38
0.0106766000390053 0.0109384004026651 0.0112658003345132 0.0117041002959013 0.0124308997765183 0.0128976004198194 0.0135259004309773 0.0139619000256062 0.014130899682641 0.0136617999523878 0.0131288999691606 0.0124751003459096 0.011739700101316 0.0126286000013351 0.0131195997819304 0.0136775001883507 0.0141442995518446 0.0143465995788574 0.0145329004153609 0.0144493998959661 0.0141471000388265 0.0144378999248147 0.0148973995819688 0.0152393998578191 0.0185617003589869 0.0230523999780416 0.0297497007995844 -3.4e+38 -3.4e+38 -3.4e+38 -3.4e+38 -3.4e+38 -3.4e+38 -3.4e+38 -3.4e+38 -3.4e+38 -3.4e+38 -3.4e+38 -3.4e+38 -3.4e+38 -3.4e+38 -3.4e+38 -3.4e+38 -3.4e+38
0.0124220997095108 0.0128105003386736 0.0134444003924727 0.0138491000980139 0.0146227004006505 0.0152583997696638 0.0157658997923136 0.0158764999359846 0.0158284995704889 0.0155804995447397 0.0152708999812603 0.0150883002206683 0.0148298004642129 0.0152248004451394 0.0156979002058506 0.0163449998944998 0.0167881995439529 0.0170575007796288 0.0175202004611492 0.0177743006497622 0.017246600240469 0.0167960003018379 0.0163981001824141 0.0161077994853258 0.0193882994353771 0.0241027995944023 0.0292023997753859 0.0320766009390354 0.0323567017912865 -3.4e+38 -3.4e+38 -3.4e+38 -3.4e+38 -3.4e+38 -3.4e+38 -3.4e+38 -3.4e+38 -3.4e+38 -3.4e+38 -3.4e+38 -3.4e+38 -3.4e+38 -3.4e+38 -3.4e+38
0.0177238993346691 0.0181923992931843 0.0186126995831728 0.0189015995711088 0.0192649997770786 0.019615899771452 0.0198180004954338 0.0198649000376463 0.0195183008909225 0.0193291995674372 0.0193087998777628 0.0191923007369041 0.0190763007849455 0.0193840004503727 0.0195915997028351 0.0196672007441521 0.0199442002922297 0.0206703990697861 0.0214405991137028 0.02196029946208 0.0214699991047382 0.0209458991885185 0.0204460006207228 0.019794799387455 0.0225514005869627 0.0267034992575645 0.0303939990699291 0.0317262001335621 0.0318722017109394 -3.4e+38 -3.4e+38 -3.4e+38 -3.4e+38 -3.4e+38 -3.4e+38 -3.4e+38 -3.4e+38 -3.4e+38 -3.4e+38 -3.4e+38 -3.4e+38 -3.4e+38 -3.4e+38 -3.4e+38
0.0314797982573509 0.0316208004951477 0.0303470995277166 0.0292588006705046 0.0281316004693508 0.02765809930861 0.027564000338316 0.0273675005882978 0.0263349004089832 0.0260888002812862 0.0260976999998093 0.0261061005294323 0.0261154007166624 0.025619700551033 0.025263000279665 0.0250256005674601 0.0248939990997314 0.025500699877739 0.0262349005788565 0.0271607991307974 0.0275063998997211 0.0274155996739864 0.0271799005568027 0.0273474007844925 0.0282585006207228 0.030647499486804 0.0320375002920628 -3.4e+38 -3.4e+38 -3.4e+38 -3.4e+38 -3.4e+38 -3.4e+38 -3.4e+38 -3.4e+38 -3.4e+38 -3.4e+38 -3.4e+38 -3.4e+38 -3.4e+38 -3.4e+38 -3.4e+38 -3.4e+38 -3.4e+38
0.052947498857975 0.0538619011640549 0.049388699233532 0.0449272990226746 0.04089580103755 0.0387413986027241 0.0376764014363289 0.0370447002351284 0.0356234014034271 0.035352099686861 0.0355693995952606 0.0356526002287865 0.035775899887085 0.0343603007495403 0.0328365005552769 0.0311616007238626 0.030409399420023 0.0314001999795437 0.0324589014053345 0.0335020981729031 0.0340773984789848 0.0343852005898952 0.0344352014362812 0.0354462005198002 0.0450611002743244 0.0617580004036427 -3.4e+38 -3.4e+38 -3.4e+38 -3.4e+38 -3.4e+38 -3.4e+38 -3.4e+38 -3.4e+38 -3.4e+38 -3.4e+38 -3.4e+38 0.072613500058651 0.066429503262043 0.0734476968646049 0.0828320011496544 -3.4e+38 -3.4e+38 -3.4e+38
0.0857430994510651 0.0910655036568642 0.087969496846199 0.0804947018623352 0.0728228986263275 0.0677715986967087 0.0643336027860641 0.0611881986260414 0.0580114983022213 0.0561016015708447 0.055358599871397 0.0544788986444473 0.0534575991332531 0.0515246987342834 0.0497472994029522 0.0478921011090279 0.0466745011508465 0.0464694015681744 0.0464347004890442 0.0463392995297909 0.046585600823164 0.0471718013286591 0.0476934984326363 0.0479881018400192 0.0564601011574268 0.0707878023386002 -3.4e+38 -3.4e+38 -3.4e+38 -3.4e+38 -3.4e+38 -3.4e+38 0.079908698797226 0.0804975032806396 0.0806939974427223 0.080478698015213 0.0781883001327515 0.0742669031023979 0.0705019012093544 0.0756450966000557 0.0848715007305145 0.0928701981902122 -3.4e+38 -3.4e+38
0.153678998351097 0.128843992948532 0.136115998029709 0.13968600332737 0.130340993404388 0.120310001075268 0.109369002282619 0.0996745973825455 0.0912828966975212 0.0870285034179688 0.0839525014162064 0.0810414999723434 0.0781550034880638 0.0768197998404503 0.074666902422905 0.0730307996273041 0.0710707977414131 0.0682376027107239 0.0658762007951736 0.0636136010289192 0.063746802508831 0.0633283033967018 0.0631837025284767 0.0611292012035847 0.0679602026939392 0.0770303010940552 0.0868246033787727 0.0958608984947205 0.0911051034927368 0.0833038985729218 0.0792625024914742 0.0749621018767357 0.0737076997756958 0.0768627971410751 0.0781209021806717 0.0790551006793976 0.0788251012563705 0.076867401599884 0.0771173015236855 0.080102302134037 0.0855576023459435 0.0901945978403091 -3.4e+38 -3.4e+38
0.253098994493484 0.251617014408112 -3.4e+38 -3.4e+38 0.211906000971794 0.172987997531891 0.164114996790886 0.135912001132965 0.133190006017685 0.129614993929863 0.122819997370243 0.116746000945568 0.111222997307777 0.108759000897408 0.106507003307343 0.102082997560501 0.0982519015669823 0.0936947017908096 0.0882728025317192 0.0826241970062256 0.0809305980801582 0.0803069993853569 0.0785316005349159 0.0758287981152534 0.0794167965650558 0.0845967978239059 0.0882477983832359 0.092647597193718 0.0869275033473969 0.0797960013151169 0.0762856975197792 0.0731592029333115 0.0726549997925758 0.0757991001009941 0.0789308026432991 0.0798654034733772 0.0808169990777969 0.079195499420166 -3.4e+38 -3.4e+38 0.0880760997533798 0.0865055993199348 0.0793946012854576 0.0833036974072456
0.0117068998515606 0.0379514992237091 0.141819998621941 0.283933997154236 0.195190995931625 0.144007995724678 0.137574002146721 0.14274400472641 0.130154997110367 0.111983001232147 0.108414001762867 0.108985997736454 0.111139997839928 0.116063997149467 0.115226000547409 0.114076003432274 0.113899998366833 0.110738001763821 0.103084996342659 0.0985691994428635 0.0969937965273857 0.0942265018820763 0.0936854034662247 0.0918269008398056 0.0924556031823158 0.0927506014704704 0.0924915969371796 0.0911644995212555 0.0897144004702568 0.0843619033694267 0.0815834030508995 0.0794299989938736 -3.4e+38 -3.4e+38 -3.4e+38 0.0524680018424988 0.0840139016509056 0.0828635022044182 0.0843643024563789 -3.4e+38 -3.4e+38 0.0899086967110634 -3.4e+38 -3.4e+38
0.000263714988250285 0.000265540991676971 0.000269592012045905 0.000283111003227532 0.374242007732391 -3.4e+38 0.338191986083984 0.211221992969513 0.265958994626999 0.221601992845535 0.178638994693756 0.143381997942924 0.128834992647171 0.115206003189087 0.102284997701645 0.0923139974474907 0.0832230001688004 0.0747214034199715 0.0649754032492638 0.0297691002488136 5.88781986152753e-05 0.000489320023916662 0.105608999729156 0.109497003257275 0.154259994626045 0.243663996458054 -3.4e+38 -3.4e+38 -3.4e+38 -3.4e+38 -3.4e+38 -3.4e+38 -3.4e+38 -3.4e+38 -3.4e+38 -3.4e+38 -3.4e+38 -3.4e+38 -3.4e+38 -3.4e+38 -3.4e+38 -3.4e+38 -3.4e+38 -3.4e+38
0.000306903995806351 0.000304968998534605 0.000308362999930978 0.000304793997202069 0.000303673004964367 0.323814988136292 0.409521013498306 0.383300989866257 0.233154997229576 0.289007991552353 0.302156001329422 0.257362991571426 0.223445996642113 0.186700999736786 0.157823994755745 0.136436000466347 0.116192996501923 0.108197003602982 0.110375002026558 0.12575800716877 6.46046973997727e-05 6.66709966026247e-05 7.08638981450349e-05 0.134056001901627 0.200847998261452 0.285809993743896 -3.4e+38 -3.4e+38 -3.4e+38 -3.4e+38 -3.4e+38 0.519511997699738 0.519869983196259 0.518993020057678 0.520361006259918 0.510842978954315 0.496273010969162 0.487313002347946 0.481766998767853 -3.4e+38 -3.4e+38 -3.4e+38 -3.4e+38 -3.4e+38
0.424073994159698 0.000369679997675121 0.000352036993717775 0.000349062000168487 0.000346112006809562 0.000342520012054592 0.000946972984820604 0.411843985319138 0.412082999944687 0.396935999393463 0.319496005773544 0.256242007017136 0.30340901017189 0.274964988231659 0.240538999438286 0.205300003290176 0.172363996505737 0.15650500357151 0.142592996358871 0.144556999206543 0.148144006729126 0.000457106012618169 9.63958009378985e-05 0.000108597996586468 0.24337500333786 0.31877401471138 0.39478799700737 0.470216006040573 0.484858989715576 0.494264006614685 0.504459977149963 0.511054992675781 0.505069017410278 0.503349006175995 0.502946972846985 0.492722004652023 0.483143985271454 0.476235002279282 0.478199988603592 0.479927003383636 0.479829013347626 -3.4e+38 -3.4e+38 -3.4e+38
0.000411866989452392 0.000401547004003078 0.000399735989049077 0.000395921000745147 0.000390561006497592 0.000385096995159984 0.000380499986931682 0.00037156799226068 0.0161814000457525 -3.4e+38 -3.4e+38 0.223089993000031 0.308780997991562 0.251397997140884 0.300249010324478 0.276657998561859 0.251756995916367 0.21620400249958 0.191787004470825 0.151032999157906 0.164498001337051 0.102436996996403 0.00012105699715903 0.000138415998662822 0.0126890996471047 0.225645005702972 0.389281004667282 0.443836987018585 0.455413997173309 0.470573991537094 0.484324008226395 0.496107995510101 0.486741006374359 0.488296002149582 0.477476000785828 0.441545993089676 0.419636994600296 0.480439007282257 -3.4e+38 0.495546996593475 0.492044001817703 0.49202498793602 -3.4e+38 -3.4e+38
0.000466021010652184 0.000458516995422542 0.000451602012617514 0.000444562989287078 0.000436817994341254 0.000430257990956306 0.000424828001996502 0.000413670000853017 0.000403529993491247 0.00039443199057132 0.251796007156372 -3.4e+38 0.302742004394531 0.223458006978035 0.370739012956619 0.243367001414299 0.294710993766785 0.26410099864006 0.214027002453804 0.172437995672226 0.13170500099659 0.145320996642113 0.000185908997082151 0.000148456994793378 0.000173056003404781 0.19225999712944 0.343935012817383 0.400471985340118 0.422318011522293 0.433129012584686 0.447344988584518 0.000620550999883562 0.000390483997762203 0.000412721012253314 0.000428742991061881 0.000425573991378769 0.000693518028128892 0.49735900759697 0.499150007963181 0.500654995441437 0.502175986766815 -3.4e+38 -3.4e+38 -3.4e+38
0.000496807973831892 0.000494314008392394 0.000492864986881614 0.000490984006319195 0.000480932998470962 0.000475628999993205 0.00046700201346539 0.000459815986687317 0.000452993990620598 0.000438012997619808 0.000424669997300953 0.000491470971610397 0.462182998657227 0.455899000167847 -3.4e+38 0.18435600399971 0.141182005405426 0.169743999838829 0.201867997646332 0.188872992992401 0.16991999745369 0.176471993327141 0.0185169000178576 0.000159000002895482 0.000177406996954232 0.302969992160797 0.218301996588707 0.302300006151199 0.298676997423172 0.304702013731003 0.410129994153976 0.000328219990478829 0.000358844990842044 0.000389251013984904 0.000424833997385576 0.000434891000622883 0.000431949010817334 0.31657001376152 0.505645990371704 0.508197009563446 -3.4e+38 -3.4e+38 -3.4e+38 -3.4e+38
0.000507390010170639 0.00050723401363939 0.000505638017784804 0.000502637005411088 0.000499366025906056 0.000496989989187568 0.000495765008963645 0.000491247978061438 0.000486431992612779 0.000475673004984856 0.00046745000872761 0.000451183004770428 0.000435771013144404 0.0389803014695644 0.464192986488342 -3.4e+38 0.29747200012207 0.153376996517181 0.231266006827354 0.23285299539566 0.224334999918938 0.208851993083954 0.0188372991979122 0.000192002000403591 0.000206640994292684 0.000224282004637644 0.345474004745483 0.269421994686127 0.210022002458572 0.367630988359451 0.000314044009428471 0.000316080986522138 0.000337712990585715 0.000366141990525648 0.000398409989429638 0.000418317998992279 0.000428283005021513 0.000433461013017222 0.506851971149445 -3.4e+38 -3.4e+38 -3.4e+38 -3.4e+38 -3.4e+38
0.520133972167969 0.000570196018088609 0.000512133003212512 0.00050662801368162 0.000503821007441729 0.000503632996696979 0.000503586023114622 0.000502988987136632 0.000501779024489224 0.000497449014801532 0.000494180014356971 0.000488543009851128 0.000482491013826802 0.000452175998361781 0.000425100006395951 0.107050001621246 0.44064000248909 0.325596988201141 0.31037101149559 0.295565992593765 0.274931997060776 0.252579003572464 0.211888998746872 0.000229900993872434 0.000233319995459169 0.000242843001615256 0.000250229990342632 0.000257540988968685 0.000274680991424248 0.000283035013126209 0.000294077006401494 0.000307423993945122 0.000329406000673771 0.000353033014107496 0.000381913007004187 0.000410217995522544 0.000425339996581897 0.000434988003689796 0.512355983257294 -3.4e+38 -3.4e+38 -3.4e+38 -3.4e+38 -3.4e+38
