results/Predictions/Median/Valanginian.asc
NCOLS 360 
NROWS 180 
XLLCORNER -180 
YLLCORNER -90 
CELLSIZE 1 
NODATA_value -3.4e+38 
[rows 120 to 139 of 180, columns 88 to 131 of 360]
0.000513974984642118 0.000513907987624407 0.000513754028361291 0.000513513979967684 0.000513273000251502 0.000513033010065556 0.000512702972628176 0.000512343016453087 0.000511983002070338 0.000511622987687588 0.000511264021042734 0.00051127199549228 0.000511404010467231 0.000511143007315695 0.000510172976646572 0.000509204983245581 0.0005079610273242 0.000506269978359342 0.000503661984112114 0.000501382979564369 0.000498840003274381 0.000494043983053416 0.000486675009597093 0.000477155990665779 0.000471512990770862 0.000465482997242361 0.000455964996945113 0.000441993994172662 0.000427855004090816 0.000409547006711364 0.00039112800732255 0.000370396999642253 0.000350621994584799 0.000334421987645328 0.000319701008265838 0.000305275985738263 0.000294188008410856 0.00027983300969936 0.000265106995357201 0.000254465005127713 0.000239896005950868 0.000228161996346898 0.000215032006963156 0.000206949000130408
0.000504260999150574 0.000505304022226483 0.000506473006680608 0.000507769000250846 0.000508915982209146 0.000508371973410249 0.000507823016960174 0.000507274002302438 0.000506725977174938 0.000506178999785334 0.000504574971273541 0.00050297798588872 0.000501886999700218 0.000501227972563356 0.000500628026202321 0.000500363006722182 0.000496243999805301 0.000490021018777043 0.000487929006339982 0.000487170007545501 0.000484612013678998 0.000480390008306131 0.000472324987640604 0.000463455013232306 0.000455897999927402 0.000441603013314307 0.00042658401071094 0.000412288994994015 0.000395534007111564 0.00037686200812459 0.000360409991117194 0.0003442479937803 0.000328741007251665 0.000315835000947118 0.000300709012662992 0.000286836992017925 0.000274549005553126 0.000260951987002045 0.00024914598907344 0.000236004998441786 0.000225665993639268 0.000214223997318186 0.00020291400142014 0.000189747996046208
0.000486406002892181 0.000486848002765328 0.000487879005959257 0.000489503028802574 0.000491133017931134 0.000492768012918532 0.000493293977342546 0.000493358005769551 0.000493420986458659 0.000493485014885664 0.000492525985464454 0.000491162005346268 0.000488499004859477 0.000486127013573423 0.000482592993648723 0.00048009300371632 0.000477105000754818 0.000475414009997621 0.000472937012091279 0.000468737009214237 0.000466313009383157 0.000459929986391217 0.000452745007351041 0.000443955999799073 0.000431099004345015 0.00041416400927119 0.000396893010474741 0.00037986200186424 0.000365346990292892 0.000350996997440234 0.000334578013280407 0.000318387988954782 0.000306069996440783 0.000295176985673606 0.000281515007372946 0.000269437005044892 0.000258213985944167 0.000245961011387408 0.000232354999752715 0.00022307199833449 0.000215296997339465 0.000201682007173076 0.000187294994248077 0.000174144006450661
0.000451459985924885 0.000452840991783887 0.000454397988505661 0.00045613301335834 0.000457295012893155 0.00045962500735186 0.000460464012576267 0.000461274001281708 0.000462133000837639 0.00046349098556675 0.000462500989669934 0.000462061987491325 0.000461624993477017 0.000461196003016084 0.000460237002698705 0.000457798014394939 0.000455267989309505 0.000451339001301676 0.000447566999355331 0.000443827011622488 0.000434487010352314 0.000422693992732093 0.000406442995881662 0.000391988985938951 0.000380826008040458 0.000368767010513693 0.000357659999281168 0.000343841995345429 0.000330573995597661 0.000317058002110571 0.000303498993162066 0.00029093399643898 0.00028088700491935 0.000270093994913623 0.000257659005001187 0.000243895992753096 0.000231290003284812 0.000220817993977107 0.000209304998861626 0.00020087200391572 0.000189443002454937 0.000176777000888251 0.000167877995409071 0.000158740003826097
0.000421100005041808 0.000425450998591259 0.000429254985647276 0.000431685009971261 0.000433262001024559 0.000433723995229229 0.000433078006608412 0.000432355009252205 0.000431571999797598 0.00043078899034299 0.000429567007813603 0.000428042985731736 0.000426518992753699 0.000424800993641838 0.000420605996623635 0.000415176007663831 0.00041146099101752 0.000406711013056338 0.000400271994294599 0.00039396301144734 0.000386978004826233 0.000374113005818799 0.000362671999027953 0.000353286013705656 0.000346315006026998 0.000331021001329646 0.000319348997436464 0.000308699993183836 0.000297243008390069 0.000287292990833521 0.000278755003819242 0.000269182986812666 0.00025503701181151 0.000240549998125061 0.000230620993534103 0.000220260000787675 0.000210539001272991 0.000201446004211903 0.000188644000445493 0.000178563001099974 0.000170037004863843 0.00016186099674087 0.000151230997289531 0.000143604993354529
0.00037604701356031 0.000377855001715943 0.000380079989554361 0.000381490011932328 0.000382630998501554 0.000383968988899142 0.000384890998248011 0.000385674997232854 0.000385158986318856 0.000384626997401938 0.000382806989364326 0.000378575001377612 0.000375256990082562 0.000372778013115749 0.000368094013538212 0.000358593999408185 0.00035554901114665 0.000348130997736007 0.000344180996762589 0.000340277998475358 0.000333036994561553 0.00032766698859632 0.000319498998578638 0.000308721006149426 0.000300185987725854 0.00029042101232335 0.00028122600633651 0.00027280900394544 0.00026391600840725 0.000254729005973786 0.000243307993514463 0.000233188999118283 0.000222717004362494 0.000213124993024394 0.000203978997888044 0.000196000997675583 0.000187370998901315 0.000178033005795442 0.000168958998983726 0.000159304006956518 0.00015038599667605 0.000141755997901782 0.000133541005197912 0.000124722006148659
0.00032022298546508 0.000319946993840858 0.000319435988785699 0.000318692007567734 0.00032211298821494 0.000324925989843905 0.000324196007568389 0.00032312999246642 0.000325244007399306 0.000323755986755714 0.0003194079909008 0.000317886006087065 0.00031810998916626 0.000315371988108382 0.000311874988256022 0.000308415008476004 0.00030434801010415 0.000300037005217746 0.000294175988528877 0.00028929699328728 0.00028375699184835 0.000276269012829289 0.000267950003035367 0.000260038010310382 0.000254821992712095 0.000247991003561765 0.000239151006098837 0.000233861006563529 0.000226921998546459 0.000217918000998907 0.000208653000299819 0.000201150003704242 0.000191765997442417 0.000182368006790057 0.000175113003933802 0.000168911996297538 0.000161564006702974 0.000150292995385826 0.00014020899834577 0.000133376001031138 0.000126730999909341 0.000119575001008343 0.000112510999315418 0.000105469000118319
0.000258852000115439 0.00026183100999333 0.000264856993453577 0.000266849005129188 0.000267330004135147 0.000267849012743682 0.000267777999397367 0.000266321003437042 0.00026609399355948 0.000265256996499375 0.000265278009464964 0.00026530001196079 0.000263863999862224 0.000262738991295919 0.000258927000686526 0.000254766986472532 0.000251074001425877 0.00024712600861676 0.000243871996644884 0.000241157002164982 0.000238227003137581 0.000232809994486161 0.000224982999498025 0.000217053006053902 0.000214485000469722 0.000211559003219008 0.000206771001103334 0.000199397996766493 0.000191750994417816 0.000187829005881213 0.000178549002157524 0.000170197003171779 0.000162283002282493 0.000154980007209815 0.000148007005918771 0.00014134899538476 0.0001347929937765 0.000126465994981118 0.000118545001896564 0.000112337002065033 0.000106799001514446 0.000101534998975694 9.66215011430904e-05 9.20227976166643e-05
0.000202077993890271 0.000203582996618934 0.000205040007131174 0.000206447002710775 0.000207864999538288 0.000209290999919176 0.00020933999621775 0.000208192999707535 0.000207429999136366 0.000206779994186945 0.00020670700178016 0.000206896002055146 0.000207308999961242 0.000206875993171707 0.000203517003683373 0.000200202994165011 0.000196417997358367 0.000193533996935003 0.000191547005670145 0.000188947000424378 0.000185073993634433 0.000181522002094425 0.000178372996742837 0.000175207998836413 0.000169677005033009 0.000168797007063404 0.000163371005328372 0.000159881004947238 0.000154977999045514 0.000148381004692055 0.000142340999445878 0.000135512993438169 0.000129181004012935 0.000123781006550416 0.000119716998597141 0.00011606200132519 0.000111369998194277 0.000105487000837456 9.9915596365463e-05 9.46400032262318e-05 9.05027991393581e-05 8.65475012687966e-05 8.27659023343585e-05 7.85638985689729e-05
0.000155340996570885 0.000155955000082031 0.000156552996486425 0.000158213995746337 0.000160302995936945 0.00016018700262066 0.00015940899902489 0.000158640003064647 0.00015863700537011 0.000157931004650891 0.000157757996930741 0.000157585003762506 0.00015741100651212 0.000156670997967012 0.000154007997480221 0.000152117994730361 0.000150135005242191 0.000149091007187963 0.00014672199904453 0.000146624995977618 0.000146004997077398 0.000143383993417956 0.000139173003844917 0.00013616299838759 0.000132435001432896 0.000129669002490118 0.000127791994600557 0.000125058999401517 0.000121267003123648 0.000118062998808455 0.00011539400293259 0.000112073998025153 0.000107920001028106 0.000104204002127517 0.000100616001873277 9.71525005297735e-05 9.2657697678078e-05 8.74643010320142e-05 8.25624010758474e-05 7.7935699664522e-05 7.43765995139256e-05 7.09805026417598e-05 6.77396019455045e-05 6.43687017145567e-05
0.000119539996376261 0.000120187003631145 0.000121735996799543 0.00012285599950701 0.000123958001495339 0.000123745005112141 0.000123007004731335 0.000122680998174474 0.00012197299656691 0.000121999000839423 0.000121810000564437 0.000121336001029704 0.000120529999549035 0.000119345000712201 0.000117037001473363 0.000115237999125384 0.00011467400327092 0.000114050999400206 0.0001133710029535 0.000112235997221433 0.000111039997136686 0.000109526001324411 0.000107626998214982 0.000105252998764627 0.000102525002148468 0.000101707002613693 0.000100099001429044 9.88785031950101e-05 9.70827022683807e-05 9.38337980187498e-05 9.06017012312077e-05 8.7298103608191e-05 8.49357966217212e-05 8.24987000669353e-05 8.01319984020665e-05 7.77836976340041e-05 7.41546973586082e-05 7.04332996974699e-05 6.72911992296576e-05 6.39714999124408e-05 6.18846024735831e-05 5.96298013988417e-05 5.74031000724062e-05 5.50734002899844e-05
9.05604974832386e-05 9.10204980755225e-05 9.10434973775409e-05 9.06214991118759e-05 9.02258980204351e-05 9.11734023247845e-05 9.08821966731921e-05 9.10470989765599e-05 9.12124014575966e-05 9.13779003894888e-05 9.14773991098627e-05 9.15769996936433e-05 9.16767021408305e-05 9.16490025701933e-05 9.12260002223775e-05 9.06302011571825e-05 8.9320499682799e-05 8.80469015100971e-05 8.6808402556926e-05 8.5587402281817e-05 8.44200985739008e-05 8.27331023174338e-05 8.09639968792908e-05 7.92329010437243e-05 7.75388980400749e-05 7.63740972615778e-05 7.54470966057852e-05 7.4720403063111e-05 7.37908994778991e-05 7.20253010513261e-05 6.99353986419737e-05 6.7904700699728e-05 6.60924997646362e-05 6.44952015136369e-05 6.31626971880905e-05 6.17428013356403e-05 5.93014010519255e-05 5.68899013160262e-05 5.46012997801881e-05 5.24351999047212e-05 5.0796599680325e-05 4.91653991048224e-05 4.76068998978008e-05 4.59418006357737e-05
6.68608990963548e-05 6.70336012262851e-05 6.70864028506912e-05 6.76609997753985e-05 6.76388008287176e-05 6.77411007927731e-05 6.77620992064476e-05 6.77413991070352e-05 6.77205971442163e-05 6.76998970448039e-05 6.7564302298706e-05 6.74289985909127e-05 6.71050001983531e-05 6.66154010104947e-05 6.58736971672624e-05 6.51209993520752e-05 6.43769017187878e-05 6.36168988421559e-05 6.28694979241118e-05 6.21685976511799e-05 6.19782003923319e-05 6.0913800552953e-05 5.95749988860916e-05 5.87217982683796e-05 5.78811013838276e-05 5.72077005926985e-05 5.67731985938735e-05 5.64693982596509e-05 5.60055996174924e-05 5.48515017726459e-05 5.39278007636312e-05 5.30438010173384e-05 5.21346009918489e-05 5.13459017383866e-05 5.05690986756235e-05 4.9762300477596e-05 4.85318014398217e-05 4.67700992885511e-05 4.50724000984337e-05 4.34364992543124e-05 4.24110985477455e-05 4.14136993640568e-05 4.04056008846965e-05 3.92695983464364e-05
4.92791004944593e-05 4.9291400500806e-05 4.93752013426274e-05 4.95308013341855e-05 4.96128013764974e-05 4.94888990942854e-05 4.95202984893695e-05 4.96368993481155e-05 4.97537985211238e-05 4.98709996463731e-05 4.96825996378902e-05 4.9832699005492e-05 4.99831003253348e-05 4.97535002068616e-05 4.93623010697775e-05 4.89742014906369e-05 4.85890996060334e-05 4.81764982396271e-05 4.77370995213278e-05 4.73016989417374e-05 4.68703001388349e-05 4.65230987174436e-05 4.61941999674309e-05 4.58678005088586e-05 4.53688007837627e-05 4.49586987087969e-05 4.46416015620343e-05 4.4226399040781e-05 4.37300986959599e-05 4.32017004641239e-05 4.26022997999098e-05 4.193179847789e-05 4.15112990594935e-05 4.10448992624879e-05 4.0565399103798e-05 4.02113000745885e-05 3.94577982660849e-05 3.84347004001029e-05 3.72735994460527e-05 3.62190985470079e-05 3.55416996171698e-05 3.48954017681535e-05 3.42396997439209e-05 3.3523599995533e-05
3.61763995897491e-05 3.62575992767233e-05 3.6352201277623e-05 3.64605984941591e-05 3.6569301300915e-05 3.66782005585264e-05 3.67885986634064e-05 3.68996988981962e-05 3.70111993106548e-05 3.71228998119477e-05 3.71632995666005e-05 3.72036993212532e-05 3.72442009393126e-05 3.72255999536719e-05 3.70308989658952e-05 3.68371984222904e-05 3.66446001862641e-05 3.65211999451276e-05 3.64502993761562e-05 3.63649014616385e-05 3.62198006769177e-05 3.59469013346825e-05 3.56513992301188e-05 3.54555995727424e-05 3.53077994077466e-05 3.5138498788001e-05 3.49699985235929e-05 3.48022986145224e-05 3.46302003890742e-05 3.43680003425106e-05 3.3961401641136e-05 3.3538799470989e-05 3.31988012476359e-05 3.30043003486935e-05 3.30512011714745e-05 3.28864989569411e-05 3.2311898394255e-05 3.16976002068259e-05 3.09809984173626e-05 3.03967008221662e-05 3.00820993288653e-05 2.97171991405776e-05 2.93600005534245e-05 2.89011004497297e-05
2.76858991128393e-05 2.77446997642983e-05 2.78226998489117e-05 2.79198993666796e-05 2.80174008366885e-05 2.81152006209595e-05 2.82085002254462e-05 2.83003992080921e-05 2.83926001429791e-05 2.84850993921282e-05 2.86091999441851e-05 2.8733800718328e-05 2.8724700314342e-05 2.86895992758218e-05 2.86561007669661e-05 2.86227004835382e-05 2.85893002001103e-05 2.8521000785986e-05 2.84180005110102e-05 2.83154004137032e-05 2.82132004940649e-05 2.8065300284652e-05 2.79029991361313e-05 2.77416002063546e-05 2.765110002656e-05 2.75871007033857e-05 2.75231996056391e-05 2.74594003712991e-05 2.7423100618762e-05 2.74158992397133e-05 2.73542991635622e-05 2.72928991762456e-05 2.72338002105244e-05 2.71298995357938e-05 2.69935007963795e-05 2.68597996182507e-05 2.66056995315012e-05 2.63178008026443e-05 2.6033099857159e-05 2.56290004472248e-05 2.54420992860105e-05 2.5266299417126e-05 2.50494995270856e-05 2.47563002631068e-05
2.07588000193937e-05 2.08193996513728e-05 2.08980000024894e-05 2.0962099370081e-05 2.10264006454963e-05 2.10910002351739e-05 2.11653004953405e-05 2.12432005355367e-05 2.13213006645674e-05 2.13996991078602e-05 2.14694991882425e-05 2.15394993574591e-05 2.16096996155102e-05 2.16668995562941e-05 2.16839998756768e-05 2.17012002394767e-05 2.17184006032767e-05 2.17399992834544e-05 2.17660999624059e-05 2.17921005969401e-05 2.18182995013194e-05 2.18353998207022e-05 2.18923996726517e-05 2.19676003325731e-05 2.19412995647872e-05 2.19115008803783e-05 2.18834993575001e-05 2.18778004636988e-05 2.18781005969504e-05 2.19101002585376e-05 2.19865996768931e-05 2.20633992285002e-05 2.21228001464624e-05 2.21789996430743e-05 2.21543996303808e-05 2.21239006350515e-05 2.21447007788811e-05 2.18956993194297e-05 2.1649400878232e-05 2.14154006243916e-05 2.14076007978292e-05 2.13995008380152e-05 2.14130996027961e-05 2.13680996239418e-05
1.57342001330107e-05 1.57897993631195e-05 1.58458005898865e-05 1.59022001753328e-05 1.59586998051964e-05 1.60175004566554e-05 1.61082007252844e-05 1.62012001965195e-05 1.62969990924466e-05 1.63935001182836e-05 1.65042001754045e-05 1.66118006745819e-05 1.6719999621273e-05 1.68259994097752e-05 1.68746992130764e-05 1.6933299775701e-05 1.69714003277477e-05 1.70501007232815e-05 1.71491992659867e-05 1.72322997968877e-05 1.73127991729416e-05 1.73763000930194e-05 1.74167998920893e-05 1.74690994754201e-05 1.75220993696712e-05 1.75477998709539e-05 1.75736004166538e-05 1.75993991433643e-05 1.76382000063313e-05 1.77407000592211e-05 1.78735008375952e-05 1.79622002178803e-05 1.80924998858245e-05 1.81635004992131e-05 1.81866998900659e-05 1.8209999325336e-05 1.81710001925239e-05 1.81928007805254e-05 1.82145995495375e-05 1.82102994585875e-05 1.83128995558945e-05 1.84161999641219e-05 1.85201006388525e-05 1.85570006578928e-05
1.21919001685455e-05 1.22441997518763e-05 1.23113995869062e-05 1.23936997624696e-05 1.24766002045362e-05 1.25599999591941e-05 1.2637699910556e-05 1.27167995742639e-05 1.28071997096413e-05 1.28982001115219e-05 1.29899999592453e-05 1.30917997012148e-05 1.32054001369397e-05 1.33131998154568e-05 1.34006995722302e-05 1.34887995955069e-05 1.35774998852867e-05 1.36762000693125e-05 1.37780998556991e-05 1.38763998620561e-05 1.39755002237507e-05 1.40573001772282e-05 1.41281998367049e-05 1.41994996738504e-05 1.42711996886646e-05 1.43342003866564e-05 1.43976003528223e-05 1.44612004078226e-05 1.45391995829414e-05 1.46577003761195e-05 1.47771997944801e-05 1.48976996570127e-05 1.49843999679433e-05 1.50366995512741e-05 1.50935002238839e-05 1.51681997522246e-05 1.52313996295561e-05 1.52917000377784e-05 1.53533001139294e-05 1.54148001456633e-05 1.55689995153807e-05 1.57244994625216e-05 1.58733000716893e-05 1.5954699847498e-05
9.28382996789878e-06 9.36046035349136e-06 9.4429697128362e-06 9.5142204372678e-06 9.57912016019691e-06 9.6444700830034e-06 9.73316036834149e-06 9.8303798949928e-06 9.92857985693263e-06 1.00278002719278e-05 1.01328996606753e-05 1.02271997093339e-05 1.03224001577473e-05 1.04225000541192e-05 1.05357003121753e-05 1.06159995993949e-05 1.06891002360499e-05 1.07781997940037e-05 1.08989997897879e-05 1.10249002318596e-05 1.11523004306946e-05 1.12736997834872e-05 1.13727001007646e-05 1.14724998638849e-05 1.15732000267599e-05 1.16790997708449e-05 1.17858999146847e-05 1.18936995932017e-05 1.20065997180063e-05 1.2133000382164e-05 1.22606998047559e-05 1.2379599866108e-05 1.24896996567259e-05 1.25967999338172e-05 1.27047997011687e-05 1.27927996800281e-05 1.28846004372463e-05 1.29608997667674e-05 1.30665002870956e-05 1.31795995912398e-05 1.33412995637627e-05 1.35114996737684e-05 1.36993003252428e-05 1.38483001137502e-05
