results/Predictions/Median/Valanginian.asc
NCOLS 360 
NROWS 180 
XLLCORNER -180 
YLLCORNER -90 
CELLSIZE 1 
NODATA_value -3.4e+38 
[rows 20 to 39 of 180, columns 220 to 263 of 360]
0.000252035999437794 0.000252813013503328 0.00023721500474494 0.000223986993660219 0.000215894993743859 0.000213938998058438 0.000220447996980511 0.000227658994845115 0.000237387997913174 0.000250546989263967 0.000264878995949402 0.000277426006505266 0.000289963005343452 0.000290655007120222 0.000296901998808607 0.000294541008770466 0.000292459008051082 0.000307643989799544 -3.4e+38 -3.4e+38 -3.4e+38 -3.4e+38 -3.4e+38 -3.4e+38 -3.4e+38 0.000206823999178596 0.00019752599473577 0.000196488996152766 0.000194312000530772 0.000187886005733162 0.000190584993106313 0.000192987004993483 0.000195982996956445 0.00019792300008703 0.000209304998861626 -3.4e+38 -3.4e+38 -3.4e+38 -3.4e+38 -3.4e+38 -3.4e+38 -3.4e+38 -3.4e+38 -3.4e+38
0.000272748991847038 0.000280267995549366 0.00027432301430963 0.000269226002274081 0.000264512986177579 0.000262112007476389 0.000262563000433147 0.000264350994257256 0.000266335991909727 0.000276120990747586 0.000291731994366273 0.000307267997413874 0.000324654014548287 0.000323832995491102 0.000327438989188522 0.000324569991789758 0.000319376005791128 0.000328400987200439 -3.4e+38 -3.4e+38 -3.4e+38 -3.4e+38 -3.4e+38 -3.4e+38 0.000210839993087575 0.000203607996809296 0.000200199996470474 0.000201014001504518 0.000196959997992963 0.000197265006136149 0.000203818999580108 0.000206229000468738 0.000202929004444741 0.000203136005438864 0.000210394005989656 -3.4e+38 -3.4e+38 -3.4e+38 -3.4e+38 -3.4e+38 -3.4e+38 -3.4e+38 -3.4e+38 -3.4e+38
0.000297816004604101 0.000310661998810247 0.000315738987410441 0.00032115398789756 0.000329862989019603 0.000327718997141346 0.000313674012431875 0.000306595000438392 0.000290019001113251 0.000303020002320409 0.000324888009345159 0.00034657001378946 0.000365242012776434 0.000358352990588173 0.000359842000762001 0.000354669988155365 0.000350796995917335 0.000368317996617407 -3.4e+38 -3.4e+38 -3.4e+38 -3.4e+38 -3.4e+38 -3.4e+38 0.000280336011201143 0.000250620010774583 0.000232295002206229 0.000202758004888892 0.000199668997083791 0.00020901499374304 0.000213613995583728 0.000215328997001052 0.000214967993088067 -3.4e+38 -3.4e+38 -3.4e+38 -3.4e+38 -3.4e+38 -3.4e+38 -3.4e+38 -3.4e+38 -3.4e+38 -3.4e+38 -3.4e+38
0.000437651004176587 0.000462174008134753 0.000487365003209561 0.000503376009874046 0.000523686991073191 0.000506518990732729 0.000446032005129382 0.000369730987586081 0.000311148993205279 0.000335785007337108 0.000375586008885875 0.00041950898594223 0.000445381010649726 0.000422209006501362 0.000412719993619248 0.000396885006921366 0.000382260011974722 0.000387347012292594 0.000401422992581502 -3.4e+38 -3.4e+38 -3.4e+38 -3.4e+38 -3.4e+38 0.000284912006463856 0.000271007011178881 0.000257540988968685 0.000244294991716743 0.000235825005802326 0.000228100005188026 0.000219777997699566 -3.4e+38 -3.4e+38 -3.4e+38 -3.4e+38 -3.4e+38 -3.4e+38 -3.4e+38 -3.4e+38 -3.4e+38 -3.4e+38 -3.4e+38 -3.4e+38 -3.4e+38
0.000630057009402663 0.000661880010738969 0.000707052007783204 0.000722318014595658 0.000746231991797686 0.000706109974998981 0.000608930015005171 0.000465815013740212 -3.4e+38 -3.4e+38 0.000441048003267497 0.000484696007333696 0.000496637017931789 0.000463898002635688 0.000438924005720764 0.000425217003794387 0.000407245999667794 0.00040644098771736 0.000409867992857471 -3.4e+38 -3.4e+38 -3.4e+38 -3.4e+38 0.000286958005744964 0.000277946004644036 0.00027605501236394 0.000272166013019159 0.000268542993580922 0.000266357994405553 0.000247927993768826 -3.4e+38 -3.4e+38 -3.4e+38 -3.4e+38 -3.4e+38 -3.4e+38 -3.4e+38 -3.4e+38 -3.4e+38 -3.4e+38 -3.4e+38 -3.4e+38 -3.4e+38 -3.4e+38
0.000832725025247782 0.00087601802079007 0.000916004995815456 0.000959242985118181 0.000988028943538666 0.00105105002876371 0.00112251995597035 0.00122472003567964 -3.4e+38 -3.4e+38 0.000705369981005788 0.000630174996331334 0.00058800500119105 0.000539581989869475 0.000511477992404252 0.000491479993797839 0.000474177009891719 0.000507230986841023 0.000539975997526199 -3.4e+38 -3.4e+38 -3.4e+38 -3.4e+38 0.000335424992954358 0.000315781013341621 0.000315420009428635 0.000307028996758163 0.000305582012515515 0.000352225993992761 0.000410887994803488 0.000482358009321615 -3.4e+38 -3.4e+38 -3.4e+38 -3.4e+38 -3.4e+38 -3.4e+38 -3.4e+38 -3.4e+38 -3.4e+38 -3.4e+38 -3.4e+38 -3.4e+38 -3.4e+38
0.00102528999559581 0.00106685003265738 0.00112370995339006 0.00114334002137184 0.00119912996888161 0.00123884994536638 0.00124885002151132 -3.4e+38 -3.4e+38 -3.4e+38 0.000755270011723042 0.000739824026823044 0.000742597971111536 0.000678702024742961 0.000619196973275393 0.000543548027053475 0.000503706978634 0.000514905026648194 0.00052493397379294 0.000535555009264499 0.000519727007485926 0.000487228011479601 0.000449343991931528 0.000407665997045115 0.000398387986933812 0.000397210998926312 0.000384746002964675 0.000381390011170879 0.000412597990361974 0.00045669698738493 0.000487065990455449 0.000513750012032688 0.00052581902127713 -3.4e+38 -3.4e+38 -3.4e+38 -3.4e+38 -3.4e+38 -3.4e+38 -3.4e+38 -3.4e+38 -3.4e+38 -3.4e+38 -3.4e+38
0.00126379996072501 0.00129485002253205 0.00138230994343758 0.00141787005122751 0.00142840994521976 0.00149885995779186 0.00165506999474019 -3.4e+38 -3.4e+38 0.00134753005113453 0.00119014002848417 0.00102848000824451 0.000914153002668172 0.000807759002782404 0.000671436020638794 0.000555370992515236 0.000484633987070993 0.000498927023727447 0.000512360013090074 0.000528488017152995 0.000531862024217844 0.000528005009982735 0.000524031987879425 0.000519470020662993 0.000509848003275692 0.000491291983053088 0.000482442992506549 0.000477074994705617 0.000481557013699785 0.000487275014165789 0.000498332025017589 0.000510784971993417 0.000518727989401668 0.000530456018168479 0.000541259010788053 0.000593109987676144 -3.4e+38 -3.4e+38 -3.4e+38 -3.4e+38 -3.4e+38 -3.4e+38 -3.4e+38 -3.4e+38
0.00149526994209737 0.00154831004329026 0.00159110000822693 0.00163006002549082 0.00166846998035908 0.0016991599695757 0.00177949003409594 0.00189193000551313 -3.4e+38 0.00142966001294553 0.00136756000574678 0.0012613000581041 0.00121202005539089 0.00109680998139083 0.000928658992052078 0.000809249992016703 0.000707003986462951 0.00070401601260528 0.000709276006091386 0.000708126986864954 0.000703199009876698 0.000702675024513155 0.000706970982719213 0.000701971002854407 0.00070306402631104 0.000693418027367443 0.000686647021211684 0.000686864019371569 0.000692170986440033 0.000700268021319062 0.000705596001353115 0.000710955006070435 0.00070805597351864 0.000704733014572412 0.000701268028933555 0.000706385995727032 0.000726405996829271 0.000741906987968832 -3.4e+38 -3.4e+38 -3.4e+38 -3.4e+38 -3.4e+38 -3.4e+38
0.00177421001717448 0.00184080994222313 0.00186414003837854 0.00186546996701509 0.00187923002522439 0.0019029900431633 0.00191441003698856 0.0019488800317049 -3.4e+38 -3.4e+38 0.00158887996803969 0.00159330002497882 0.00167428003624082 0.00150653999298811 0.00131117005366832 0.00116095005068928 0.00106330995913595 0.00103118002880365 0.000999992014840245 0.000968837004620582 0.000954541028477252 0.000958195014391094 0.00095154601149261 0.000949894019868225 0.000957314972765744 0.000968230015132576 0.000977701973170042 0.000988123007118702 0.000984385958872736 0.000988419051282108 0.000989233958534896 0.000978742958977818 0.000950303976424038 0.000921662023756653 0.000896591984201223 0.000870419025886804 0.000832905003335327 0.000798558990936726 0.000766333017963916 0.000757616013288498 -3.4e+38 -3.4e+38 -3.4e+38 -3.4e+38
0.00205614999867976 0.00211806991137564 0.00213864003308117 0.00215175002813339 0.00215762993320823 0.00219826004467905 0.00222054007463157 0.00227418006397784 -3.4e+38 -3.4e+38 -3.4e+38 0.00221648998558521 0.00210099993273616 0.0018802999984473 0.00162315997295082 0.00152852002065629 0.00139484996907413 0.00132428004872054 0.00125422002747655 0.00118863000534475 0.00116924999747425 0.00119967001955956 0.00123056001029909 0.00124926003627479 0.00125214003492147 0.00125027995090932 0.00124889996368438 0.00125246995594352 0.0012553499545902 0.00126281997654587 0.00127361994236708 0.00126975995954126 0.00123221997637302 0.00120256002992392 0.00117308995686471 0.00111664994619787 0.0010386899812147 0.000962017977144569 0.000884928973391652 0.000963983009569347 0.00112141005229205 0.00129200995434076 -3.4e+38 -3.4e+38
0.00229758000932634 0.00241630990058184 0.00241687009111047 0.0024088800419122 0.00239378004334867 0.00235283002257347 0.00229643005877733 0.00224317004904151 0.00228357990272343 0.00230934005230665 0.00231051002629101 0.00231877993792295 0.00228769006207585 0.00197939993813634 0.00179591996129602 0.00168506999034435 0.00155815004836768 -3.4e+38 -3.4e+38 -3.4e+38 -3.4e+38 0.00136052002198994 0.0014527200255543 0.00155392999295145 0.00153679004870355 0.00148283003363758 0.00144468003418297 0.00141907995566726 0.0014532400527969 0.00148799002636224 0.00152379996143281 0.00155269994866103 0.00154334004037082 0.00153498002327979 0.00152867997530848 0.00147105997893959 0.0013706999598071 0.0012805099831894 0.00117443001363426 0.00121917994692922 0.00129480997566134 0.00138566002715379 0.0014759199693799 0.00151922996155918
0.00259265000931919 0.00275216996669769 0.00273915007710457 0.00272501003928483 0.00272050988860428 0.00262118992395699 0.00244770990684628 0.00229599000886083 0.00217254995368421 0.00217547011561692 0.00219448003917933 0.00220372993499041 0.00221568997949362 0.00205882010050118 0.0019468100508675 0.00185820995829999 0.00182463997043669 0.00198156991973519 -3.4e+38 -3.4e+38 -3.4e+38 0.00252065993845463 0.002241289941594 0.00203283992595971 0.00188801996409893 0.00178808998316526 0.00166346004698426 0.00157955999020487 0.00165013002697378 0.00173419003840536 0.00182392995338887 0.00189316004980356 0.00194113003090024 0.00197750004008412 0.00201420998200774 0.00195984006859362 0.00181831000372767 0.00166575005277991 0.00151704996824265 0.00152226001955569 0.00149208004586399 0.00149366003461182 0.00146489997860044 0.0016102499794215
0.00294352998025715 0.00326469005085528 0.00325269997119904 0.00324077997356653 0.00323160993866622 0.00315467990003526 0.00299843004904687 0.00273523991927505 0.00256846006959677 0.00247865007258952 0.00242710998281837 0.00242019002325833 0.00240657990798354 0.00232478999532759 0.0022450799588114 0.00219231005758047 0.00222461996600032 0.00229400000534952 -3.4e+38 -3.4e+38 0.00291845994070172 0.00276137003675103 0.00265255989506841 0.00261366995982826 0.00244327005930245 0.00221820990554988 0.00198831991292536 0.0018196499440819 0.00192799000069499 0.00203056004829705 0.00215141009539366 0.00227143010124564 0.00235327007248998 0.00244021997787058 0.0025665198918432 0.00249940995126963 0.00226951995864511 0.00207360996864736 0.00192617997527122 0.00183695997111499 0.00175358005799353 0.00166704994626343 0.00158561998978257 0.00171491003129631
0.003305499907583 0.00375255988910794 0.00376068009063601 0.00375809008255601 0.00376171991229057 0.0037077700253576 0.00357871991582215 0.00339239998720586 0.00315412995405495 0.0029878499917686 0.00282840011641383 0.00277811009436846 0.00265572010539472 0.00272772996686399 0.00267727999016643 0.00267142010852695 0.00276248995214701 0.0027744600083679 -3.4e+38 -3.4e+38 0.00299204001203179 0.00303145009092987 0.0031576999463141 0.00337938009761274 0.00313184992410243 0.00274162995629013 0.00238257995806634 0.00213891989551485 0.00225452007725835 0.0024017000105232 0.00253293011337519 0.00271675991825759 0.00287843006663024 0.0030412299092859 0.0032759599853307 0.00320121995173395 0.00287589989602566 0.00260494998656213 0.00238421000540257 0.00224806996993721 0.00210957997478545 0.00193660997319967 0.00180315005127341 0.00189096003305167
0.00421130983158946 0.00412710011005402 0.00415050983428955 0.00418384000658989 0.00408532982692122 0.00396555010229349 0.00379858002997935 0.00371593004092574 -3.4e+38 -3.4e+38 -3.4e+38 0.00337241007946432 0.0030939900316298 0.00321031990461051 0.00335256010293961 0.00329089001752436 0.00356121989898384 -3.4e+38 -3.4e+38 -3.4e+38 0.00508040003478527 0.00468411995097995 0.0045045199804008 0.00438616005703807 0.00388202001340687 0.00336854998022318 0.00290092988871038 0.00255448999814689 0.00268173008225858 0.00285138003528118 0.00302139995619655 0.00322981993667781 0.0034708499442786 0.00373662007041276 0.00408239988610148 0.00401216978207231 0.00359900994226336 0.00326759996823967 0.00304538989439607 0.00287465006113052 0.00268595991656184 0.00253722001798451 0.00237558991648257 0.00233892002142966
-3.4e+38 -3.4e+38 -3.4e+38 -3.4e+38 -3.4e+38 -3.4e+38 0.00386025989428163 0.0035368800163269 0.00339371990412474 0.00350524997338653 0.00367561005987227 0.00372973992489278 -3.4e+38 0.00411996990442276 0.00419845012947917 0.00418434012681246 0.00434189988300204 0.00439951010048389 -3.4e+38 -3.4e+38 0.00525416014716029 0.00504567008465528 0.00509529002010822 0.00521832006052136 0.0047525898553431 0.00412704981863499 0.00353815988637507 0.00311941001564264 0.00327308010309935 0.00343515002168715 0.00362904998473823 0.00387967005372047 0.00417606998234987 0.00451766978949308 0.00493532000109553 0.00491396011784673 0.00446402980014682 0.00417960016056895 0.00392931001260877 0.00378573988564312 0.00362665997818112 0.00341509003192186 0.00322019006125629 0.0031880100723356
-3.4e+38 -3.4e+38 -3.4e+38 -3.4e+38 -3.4e+38 -3.4e+38 -3.4e+38 -3.4e+38 -3.4e+38 -3.4e+38 -3.4e+38 0.00487117003649473 0.00493670022115111 -3.4e+38 -3.4e+38 0.00538970995694399 0.00555125996470451 0.0058161299675703 0.00626341998577118 -3.4e+38 -3.4e+38 -3.4e+38 0.00623957999050617 0.00635029003024101 0.00583735015243292 0.00509036984294653 0.00435012998059392 0.0038208500482142 0.00399461016058922 0.00417998991906643 0.00439271982759237 0.00466112000867724 0.00503143994137645 0.00550450989976525 0.00611372012645006 0.00620542978867888 0.0057652099058032 0.00540259992703795 0.0051239300519228 0.00500031001865864 0.00487045012414455 0.00462536979466677 0.00445037009194493 0.00426873983815312
-3.4e+38 -3.4e+38 -3.4e+38 -3.4e+38 -3.4e+38 -3.4e+38 -3.4e+38 -3.4e+38 -3.4e+38 -3.4e+38 -3.4e+38 0.0050640101544559 0.00499822990968823 0.00521687977015972 0.00560333020985126 0.00578976003453135 -3.4e+38 -3.4e+38 0.00652780011296272 -3.4e+38 -3.4e+38 -3.4e+38 -3.4e+38 0.00634791003540158 0.00617071008309722 0.005831069778651 0.00535811018198729 0.00498232012614608 0.00509082013741136 0.00519597996026278 0.00531218014657497 0.00550305005162954 0.00590072991326451 0.00641608983278275 0.00694487011060119 0.00704947020858526 0.00676653021946549 0.00648833019658923 0.00627365009859204 0.00606741011142731 0.00592540996149182 0.00577032985165715 0.00555475987493992 0.00534400995820761
-3.4e+38 -3.4e+38 -3.4e+38 -3.4e+38 -3.4e+38 -3.4e+38 -3.4e+38 -3.4e+38 -3.4e+38 -3.4e+38 -3.4e+38 -3.4e+38 -3.4e+38 0.00558173004537821 0.0058378498069942 0.0062594898045063 0.00667227013036609 0.00662786001339555 0.00675641000270844 0.00651561981067061 -3.4e+38 -3.4e+38 -3.4e+38 -3.4e+38 0.00665646977722645 0.00653077987954021 0.00661621987819672 0.00649758987128735 0.00647233985364437 0.00644653989002109 0.00650756014510989 0.00659673009067774 0.00698469998314977 0.00742821022868156 0.00791476015001535 0.00807921960949898 0.00797642953693867 0.00792582985013723 0.00798569992184639 0.0079330001026392 0.00787803996354342 0.00778758013620973 0.00760861998423934 0.00678267003968358
