results/Predictions/Median/Valanginian.asc
NCOLS 360 
NROWS 180 
XLLCORNER -180 
YLLCORNER -90 
CELLSIZE 1 
NODATA_value -3.4e+38 
[rows 60 to 79 of 180, columns 176 to 219 of 360]
0.506639003753662 0.483704000711441 0.121100999414921 0.0123327998444438 0.000421370001276955 0.000516246014740318 0.000444064004113898 0.00067706301342696 0.524634003639221 -3.4e+38 -3.4e+38 -3.4e+38 0.533150970935822 0.474281996488571 0.162860006093979 0.155806005001068 0.22723500430584 0.319730997085571 -3.4e+38 -3.4e+38 -3.4e+38 -3.4e+38 -3.4e+38 -3.4e+38 -3.4e+38 -3.4e+38 -3.4e+38 -3.4e+38 -3.4e+38 -3.4e+38 -3.4e+38 0.483238995075226 0.462330996990204 0.450538009405136 0.431275993585587 0.435806006193161 0.000406985986046493 0.000387245003366843 0.000394205009797588 0.000405628990847617 0.000411501998314634 0.000410159002058208 0.000402200996177271 0.000397591007640585
0.000441136013250798 0.000434693996794522 0.000425125006586313 0.00042390200542286 0.000430034007877111 0.000438783987192437 0.000448131002485752 0.000466925994260237 0.000851420976687223 0.503704011440277 -3.4e+38 -3.4e+38 0.521324992179871 0.0788007974624634 0.235188007354736 0.449037998914719 0.412479996681213 0.378879010677338 -3.4e+38 -3.4e+38 -3.4e+38 -3.4e+38 -3.4e+38 -3.4e+38 -3.4e+38 -3.4e+38 -3.4e+38 -3.4e+38 -3.4e+38 -3.4e+38 -3.4e+38 0.486283987760544 0.492630004882812 0.494917005300522 0.463638991117477 0.000446238002041355 0.000446466001449153 0.000446257996372879 0.000438104005297646 0.000425351987360045 0.000421270000515506 0.000420272001065314 0.000417819013819098 0.000419088988564909
0.00044302101014182 0.000444392004283145 0.000448217004304752 0.000454433989943936 0.000459236995084211 0.000463036994915456 0.000466942001366988 0.000472004001494497 0.000464815995655954 0.0049935900606215 0.407999992370605 0.518387973308563 0.00209301989525557 0.000897100020665675 0.48819100856781 0.502409994602203 -3.4e+38 -3.4e+38 -3.4e+38 -3.4e+38 -3.4e+38 -3.4e+38 -3.4e+38 0.499062985181808 0.460164994001389 0.482740014791489 0.469803005456924 -3.4e+38 -3.4e+38 -3.4e+38 -3.4e+38 0.553979992866516 0.547717988491058 0.539624989032745 0.145160004496574 0.00052307202713564 0.000525142007973045 0.000526619027368724 0.000511505000758916 0.000501781003549695 0.000492151011712849 0.000479017006000504 0.000467439997009933 0.000459608010714874
0.00045575198601 0.000458607013570145 0.000461599993286654 0.000464835000457242 0.000469727005111054 0.000475695007480681 0.000479751994134858 0.000483842013636604 0.000477271009003744 0.000468804006231949 0.000556337996385992 0.000465176010038704 0.000459345988929272 0.000567039998713881 0.508593022823334 -3.4e+38 -3.4e+38 -3.4e+38 -3.4e+38 -3.4e+38 -3.4e+38 -3.4e+38 -3.4e+38 0.510725021362305 0.452650010585785 0.232375994324684 0.258269995450974 0.5192049741745 -3.4e+38 -3.4e+38 -3.4e+38 0.537253022193909 0.542316973209381 0.553701996803284 0.458175003528595 0.000519239983987063 0.000515840016305447 0.000513736973516643 0.000506213982589543 0.00049988302635029 0.00049477897118777 0.0396026000380516 0.513352990150452 0.514110028743744
0.000473465013783425 0.00047482899390161 0.000475603010272607 0.00047559299855493 0.000479376991279423 0.000482962990645319 0.000486106000607833 0.000488812976982445 0.000485252006910741 0.000476590008474886 0.000469380989670753 0.000470121012767777 0.000462333002360538 0.000528800010215491 0.507232010364532 -3.4e+38 -3.4e+38 -3.4e+38 -3.4e+38 -3.4e+38 -3.4e+38 -3.4e+38 -3.4e+38 0.512313008308411 0.516700983047485 0.429980009794235 0.279002010822296 0.0123912999406457 0.520659029483795 0.507718980312347 0.520600020885468 0.528510987758636 0.534220993518829 0.5399249792099 0.546914994716644 0.000509936013258994 0.000501862028613687 0.000496822991408408 0.000493554980494082 0.000488771009258926 0.000917016004677862 0.51138299703598 0.506987988948822 0.36251100897789
0.000479637994430959 0.000480527000036091 0.000481180002680048 0.000480251997942105 0.000480852002510801 0.000484788994072005 0.00048816399066709 0.000493115978315473 0.000489095982629806 0.00048397300997749 0.000477094989037141 0.000474469998152927 0.000475518987514079 0.000475825014291331 0.526854991912842 -3.4e+38 -3.4e+38 -3.4e+38 -3.4e+38 -3.4e+38 -3.4e+38 -3.4e+38 -3.4e+38 -3.4e+38 0.547841012477875 0.544417023658752 0.381834000349045 0.000510882004164159 0.000489754020236433 0.000675741001032293 0.0160284992307425 0.33271399140358 0.466053009033203 0.412683993577957 0.490684986114502 0.000489789992570877 0.000487304001580924 0.000484977004816756 0.0213948003947735 0.399493008852005 0.459293991327286 0.348818004131317 0.31376901268959 0.351691991090775
0.000473276013508439 0.000474773987662047 0.00047640799311921 0.000477505993330851 0.0004810240061488 0.000483331008581445 0.00048491099732928 0.000488783000037074 0.000489455997012556 0.000490017991978675 0.000488934980239719 0.000488439982291311 0.000472599000204355 0.000473249005153775 0.000475526001537219 0.514307022094727 0.527737975120544 -3.4e+38 -3.4e+38 -3.4e+38 -3.4e+38 -3.4e+38 0.546995997428894 0.543923020362854 0.542665004730225 0.541878998279572 0.527200996875763 0.000512717990204692 0.000480893009807914 0.000471295992610976 0.000468593003461137 0.000469839986180887 0.410986989736557 0.530079007148743 0.39308500289917 0.000481055991258472 0.198456004261971 0.505984008312225 0.513364017009735 0.427206993103027 0.392809987068176 0.192408993840218 0.404487997293472 0.514393985271454
0.00046433400711976 0.000467967998702079 0.000471684004878625 0.000474553991807625 0.000478875997941941 0.000480968999909237 0.000482347997603938 0.000484946009237319 0.000490287027787417 0.00049467000644654 0.000505773001350462 0.00057412899332121 0.0150736998766661 0.0034892400726676 0.000470252998638898 0.000471709005068988 0.000480277987662703 0.531086981296539 0.533320009708405 -3.4e+38 -3.4e+38 0.536637008190155 0.542548000812531 0.527225017547607 0.520619988441467 0.535293996334076 0.306989997625351 0.000477527006296441 0.00047322700265795 0.00047056601033546 0.000469860009616241 0.000470139988465235 0.0035650699865073 0.513680994510651 0.520618975162506 0.528587996959686 0.00132629997096956 0.00047429499682039 0.000470469007268548 0.000467220001155511 0.0004651419876609 0.000463073985883966 0.000461832998553291 0.000457924994407222
0.000473019987111911 0.00047016199096106 0.000467959005618468 0.000465900986455381 0.000467737991129979 0.000473238003905863 0.000482347008073702 0.000492572027724236 0.00049241998931393 0.000491913000587374 0.429789990186691 0.524419009685516 0.524589002132416 0.527553975582123 0.491869002580643 0.000472240993985906 0.000475965993246064 0.000479987007565796 0.000582952983677387 0.475331008434296 0.522166013717651 0.522219002246857 0.42348900437355 0.0467416010797024 0.000828123011160642 0.000504073977936059 0.000485859985928982 0.00048064099973999 0.000477961992146447 0.000473393010906875 0.000470614992082119 0.000469924008939415 0.000469138991320506 0.379945993423462 0.432094007730484 0.0174652002751827 0.000467089004814625 0.000466981990030035 0.000465140998130664 0.000463475997094065 0.000459775008494034 0.000456729991128668 0.000454686989542097 0.000452273001428694
0.000481430004583672 0.000472323008580133 0.00046526500955224 0.000465163990156725 0.000467253004899248 0.000470447004772723 0.000486473989440128 0.000505193020217121 0.000498464971315116 0.0201117992401123 0.531022012233734 -3.4e+38 -3.4e+38 -3.4e+38 0.537153005599976 0.517538011074066 0.039801400154829 0.000478356989333406 0.000475592009024695 0.000473088002763689 0.00047139500384219 0.000475292996270582 0.000482203991850838 0.000483304989757016 0.000483348994748667 0.000483395997434855 0.000483445997815579 0.000482055998872966 0.000481388997286558 0.000477917987154797 0.000474044994916767 0.000469696009531617 0.000467806006781757 0.000465922988951206 0.000768677971791476 0.000463884993223473 0.000462713011074811 0.000462158990558237 0.000460567011032254 0.000458638998679817 0.000455800996860489 0.000454354012617841 0.000451694999355823 0.000449053011834621
0.414216011762619 0.481164991855621 0.125980004668236 0.247509002685547 0.527520000934601 0.524712979793549 0.000745866971556097 0.000498778012115508 0.0396044999361038 0.526328027248383 -3.4e+38 -3.4e+38 -3.4e+38 -3.4e+38 -3.4e+38 0.547232985496521 0.516291975975037 0.512124001979828 0.443066000938416 0.000789973011706024 0.000472179992357269 0.000474139000289142 0.000475353008368984 0.000479595008073375 0.000481955998111516 0.000484521995531395 0.00048559601418674 0.000483200012240559 0.000481661001686007 0.000478055007988587 0.000474722008220851 0.000471387000288814 0.000468218000605702 0.502835988998413 0.431793004274368 0.36540699005127 0.000458796013845131 0.000457862013718113 0.000456487003248185 0.000454255001386628 0.000452528998721391 0.000450282997917384 0.000448534003226086 0.000446010002633557
0.516276001930237 0.520601987838745 -3.4e+38 -3.4e+38 -3.4e+38 -3.4e+38 -3.4e+38 -3.4e+38 -3.4e+38 -3.4e+38 -3.4e+38 -3.4e+38 -3.4e+38 -3.4e+38 -3.4e+38 -3.4e+38 -3.4e+38 0.531373977661133 0.528985977172852 0.519025027751923 0.50908899307251 0.4237419962883 0.000480657006846741 0.000482225004816428 0.000483414012705907 0.000483707000967115 0.000484949006931856 0.000481610011775047 0.000478647998534143 0.000476749002700672 0.000474936998216435 0.000470917002530769 0.0004667509929277 0.34468400478363 0.411276996135712 0.369439989328384 0.37058100104332 0.0106750996783376 0.000453115004347637 0.000451694009825587 0.000450252002337947 0.000447428988991305 0.000446635007392615 0.000444397999672219
-3.4e+38 -3.4e+38 -3.4e+38 -3.4e+38 -3.4e+38 -3.4e+38 -3.4e+38 -3.4e+38 -3.4e+38 -3.4e+38 -3.4e+38 -3.4e+38 -3.4e+38 -3.4e+38 -3.4e+38 -3.4e+38 -3.4e+38 0.540185987949371 0.531292021274567 0.532464027404785 0.531957983970642 0.525601983070374 0.497572004795074 0.0859856009483337 0.000483710988191888 0.000483654992422089 0.000482925010146573 0.000481299997773021 0.000478175992611796 0.000475315988296643 0.000473163003334776 0.000470872997539118 0.000563904002774507 0.393404990434647 0.420491009950638 0.384252995252609 0.506549000740051 0.493254989385605 0.000451292988145724 0.000450113002443686 0.000448353996034712 0.000445787998614833 0.000443802011432126 0.000443394994363189
-3.4e+38 -3.4e+38 -3.4e+38 -3.4e+38 -3.4e+38 -3.4e+38 -3.4e+38 -3.4e+38 -3.4e+38 -3.4e+38 -3.4e+38 -3.4e+38 -3.4e+38 -3.4e+38 -3.4e+38 -3.4e+38 -3.4e+38 0.541108012199402 0.530979990959167 0.529627978801727 0.530296981334686 0.529133975505829 0.53058397769928 0.519307971000671 0.475582003593445 0.220697000622749 0.000523450027685612 0.000483634998090565 0.000482803006889299 0.000479789014207199 0.000477967987535521 0.000473813008284196 0.131176993250847 0.501670002937317 0.432790011167526 0.448262989521027 0.516431987285614 0.503874003887177 0.000524627976119518 0.000453846994787455 0.000453004002338275 0.000449899001978338 0.000448528997367248 0.000446894991910085
-3.4e+38 -3.4e+38 -3.4e+38 -3.4e+38 -3.4e+38 -3.4e+38 -3.4e+38 -3.4e+38 -3.4e+38 -3.4e+38 -3.4e+38 -3.4e+38 -3.4e+38 -3.4e+38 -3.4e+38 -3.4e+38 -3.4e+38 -3.4e+38 0.53779399394989 0.527577996253967 0.529244005680084 0.530314028263092 0.528005003929138 0.532105982303619 0.523949980735779 0.510474979877472 0.416415989398956 0.372586011886597 0.000655669020488858 0.000483125011669472 0.000481032999232411 0.000478328991448507 0.380250990390778 0.523720979690552 0.418554991483688 0.506531000137329 0.519243001937866 0.362206012010574 0.46832799911499 0.000456398003734648 0.0004546330019366 0.000454249995527789 0.000452040985692292 0.000450975989224389
-3.4e+38 -3.4e+38 -3.4e+38 -3.4e+38 -3.4e+38 -3.4e+38 -3.4e+38 -3.4e+38 -3.4e+38 -3.4e+38 -3.4e+38 -3.4e+38 -3.4e+38 -3.4e+38 -3.4e+38 -3.4e+38 -3.4e+38 -3.4e+38 -3.4e+38 0.530007004737854 0.525421977043152 0.528052985668182 0.530453979969025 0.529774010181427 0.530933976173401 0.52887898683548 0.518508970737457 0.469197988510132 0.445647001266479 0.0324617996811867 0.000834549020510167 0.00263124005869031 0.379822999238968 0.527236998081207 0.397790014743805 0.520712971687317 0.521260023117065 0.000635243020951748 0.528941988945007 0.106889002025127 0.000459072005469352 0.000456974987173453 0.000455586006864905 0.000454644992714748
-3.4e+38 -3.4e+38 -3.4e+38 -3.4e+38 -3.4e+38 -3.4e+38 -3.4e+38 -3.4e+38 -3.4e+38 -3.4e+38 -3.4e+38 -3.4e+38 -3.4e+38 -3.4e+38 -3.4e+38 -3.4e+38 -3.4e+38 -3.4e+38 -3.4e+38 0.530363976955414 0.523366987705231 0.524796009063721 0.530417025089264 0.533056020736694 0.531643986701965 0.531934976577759 0.534976005554199 0.527127981185913 0.488911002874374 0.414301991462708 0.0982223004102707 0.0928521007299423 0.48982098698616 0.532029986381531 0.527994990348816 0.529749989509583 0.525986015796661 0.000475865992484614 0.517603993415833 0.370649993419647 0.000468226993689314 0.000464876007754356 0.000461468996945769 0.000459016009699553
-3.4e+38 -3.4e+38 -3.4e+38 -3.4e+38 -3.4e+38 -3.4e+38 -3.4e+38 -3.4e+38 -3.4e+38 -3.4e+38 -3.4e+38 -3.4e+38 -3.4e+38 -3.4e+38 -3.4e+38 -3.4e+38 -3.4e+38 -3.4e+38 -3.4e+38 -3.4e+38 -3.4e+38 0.524460971355438 0.529411017894745 0.53336101770401 0.53398597240448 0.533272981643677 0.533695995807648 0.536291003227234 0.525838971138 0.456647008657455 0.337653011083603 0.21738700568676 0.361223012208939 0.53644597530365 0.535513997077942 0.5293909907341 0.531243979930878 0.000484535004943609 0.0012339799432084 0.377088010311127 0.0773688033223152 0.000471923995064571 0.000468440994154662 0.000465501012513414
-3.4e+38 -3.4e+38 -3.4e+38 -3.4e+38 -3.4e+38 -3.4e+38 -3.4e+38 -3.4e+38 -3.4e+38 -3.4e+38 -3.4e+38 -3.4e+38 -3.4e+38 -3.4e+38 -3.4e+38 -3.4e+38 -3.4e+38 -3.4e+38 -3.4e+38 -3.4e+38 -3.4e+38 0.530450999736786 0.527768015861511 0.524082005023956 0.526853978633881 0.532844007015228 0.53720498085022 0.537880003452301 0.53788697719574 0.488337993621826 0.345073997974396 0.239846006035805 0.31615999341011 0.536700010299683 0.534278988838196 0.528240978717804 0.517363011837006 0.000491545011755079 0.000493346014991403 0.414507985115051 0.0169788002967834 0.000477975991088897 0.000475845008622855 0.000474060012493283
-3.4e+38 -3.4e+38 -3.4e+38 -3.4e+38 -3.4e+38 -3.4e+38 -3.4e+38 -3.4e+38 -3.4e+38 -3.4e+38 -3.4e+38 -3.4e+38 -3.4e+38 -3.4e+38 -3.4e+38 -3.4e+38 -3.4e+38 -3.4e+38 -3.4e+38 -3.4e+38 -3.4e+38 -3.4e+38 -3.4e+38 0.536388993263245 0.5244500041008 0.529775977134705 0.540702998638153 0.541175007820129 0.541597008705139 0.519482970237732 0.330226987600327 0.258123993873596 0.326588988304138 0.512033998966217 0.502835988998413 0.541409015655518 0.000506312993820757 0.00050292001105845 0.000508176977746189 0.522755980491638 0.0111809000372887 0.000491887971293181 0.000488554011099041 0.000486061006085947
