results/Predictions/Median/Valanginian.asc
NCOLS 360 
NROWS 180 
XLLCORNER -180 
YLLCORNER -90 
CELLSIZE 1 
NODATA_value -3.4e+38 
[rows 60 to 79 of 180, columns 132 to 175 of 360]
-3.4e+38 -3.4e+38 -3.4e+38 -3.4e+38 -3.4e+38 -3.4e+38 -3.4e+38 -3.4e+38 -3.4e+38 -3.4e+38 -3.4e+38 -3.4e+38 -3.4e+38 -3.4e+38 -3.4e+38 -3.4e+38 -3.4e+38 -3.4e+38 -3.4e+38 -3.4e+38 -3.4e+38 -3.4e+38 -3.4e+38 -3.4e+38 -3.4e+38 -3.4e+38 -3.4e+38 -3.4e+38 -3.4e+38 -3.4e+38 -3.4e+38 -3.4e+38 -3.4e+38 -3.4e+38 -3.4e+38 0.511088013648987 0.508412003517151 0.509949028491974 0.511397004127502 0.51110702753067 0.51519101858139 0.518301010131836 0.506663978099823 0.511040985584259
-3.4e+38 -3.4e+38 -3.4e+38 -3.4e+38 -3.4e+38 -3.4e+38 -3.4e+38 -3.4e+38 -3.4e+38 -3.4e+38 -3.4e+38 0.522279977798462 -3.4e+38 -3.4e+38 -3.4e+38 -3.4e+38 -3.4e+38 -3.4e+38 -3.4e+38 -3.4e+38 -3.4e+38 -3.4e+38 -3.4e+38 -3.4e+38 -3.4e+38 -3.4e+38 -3.4e+38 -3.4e+38 -3.4e+38 -3.4e+38 -3.4e+38 -3.4e+38 -3.4e+38 -3.4e+38 0.502032995223999 0.482695996761322 0.207467004656792 0.503596007823944 0.502698004245758 0.490227997303009 0.0306857991963625 0.000439849012764171 0.000435666996054351 0.000432361994171515
-3.4e+38 -3.4e+38 -3.4e+38 -3.4e+38 -3.4e+38 -3.4e+38 -3.4e+38 -3.4e+38 -3.4e+38 0.532806992530823 0.528514981269836 0.499641001224518 0.486606985330582 0.491914987564087 0.519599974155426 0.519652009010315 -3.4e+38 -3.4e+38 -3.4e+38 -3.4e+38 -3.4e+38 -3.4e+38 -3.4e+38 -3.4e+38 -3.4e+38 -3.4e+38 -3.4e+38 -3.4e+38 -3.4e+38 -3.4e+38 -3.4e+38 -3.4e+38 0.499384999275208 0.477872014045715 0.000424981990363449 0.000429172010626644 0.000431419990491122 0.000434649002272636 0.000436895992606878 0.00043764800648205 0.000439325987827033 0.000438713002949953 0.000437851005699486 0.000438268994912505
-3.4e+38 -3.4e+38 -3.4e+38 -3.4e+38 -3.4e+38 -3.4e+38 -3.4e+38 0.521906018257141 0.525838971138 0.404157996177673 0.14792400598526 0.0589391998946667 0.0337006002664566 0.0379611998796463 0.0944333001971245 0.372552990913391 0.518553972244263 -3.4e+38 -3.4e+38 -3.4e+38 -3.4e+38 -3.4e+38 -3.4e+38 -3.4e+38 -3.4e+38 -3.4e+38 -3.4e+38 -3.4e+38 -3.4e+38 -3.4e+38 0.508709013462067 0.501731991767883 0.472458988428116 0.000422776996856555 0.000423291989136487 0.000425081001594663 0.000427130988100544 0.000432670989539474 0.00043469900265336 0.000436305999755859 0.00043803799781017 0.000439019000623375 0.00043826800538227 0.000441698008216918
-3.4e+38 -3.4e+38 -3.4e+38 -3.4e+38 -3.4e+38 0.493927985429764 0.389178991317749 0.278907001018524 0.0635318011045456 0.0127689000219107 0.00327523006126285 0.0011206700000912 0.000916586024686694 0.001198900048621 0.0036256299354136 0.0159833002835512 0.214009001851082 0.513756990432739 -3.4e+38 -3.4e+38 -3.4e+38 -3.4e+38 -3.4e+38 -3.4e+38 -3.4e+38 -3.4e+38 -3.4e+38 -3.4e+38 -3.4e+38 0.508486986160278 0.503396987915039 0.0344959013164043 0.000427885010140017 0.00042742199730128 0.000426348997280002 0.000426351005444303 0.000426157988840714 0.000427627004683018 0.000430676998803392 0.000434003013651818 0.000435892987297848 0.000441396987298504 0.000449379993369803 0.000461330986581743
-3.4e+38 -3.4e+38 -3.4e+38 0.521987974643707 -3.4e+38 0.476927012205124 0.352589011192322 0.0924772024154663 0.00395550997927785 0.000707060971762985 0.000542643014341593 0.0004970200243406 0.000489210011437535 0.000507573015056551 0.000547762028872967 0.000722710974514484 0.00371945998631418 0.238500997424126 0.51189798116684 0.522881984710693 -3.4e+38 -3.4e+38 -3.4e+38 -3.4e+38 -3.4e+38 -3.4e+38 -3.4e+38 0.513764023780823 0.505537986755371 0.504662990570068 0.000473118998343125 0.000437620998127386 0.0004435479931999 0.000445181009126827 0.000445395999122411 0.000444978999439627 0.000444561999756843 0.000447752012405545 0.000453607004601508 0.000458416005130857 0.000461977004306391 0.000466332014184445 0.000471450010081753 0.000476217013783753
-3.4e+38 0.492994010448456 0.487713009119034 0.487755000591278 0.475811004638672 0.302801996469498 0.340678006410599 0.0141687002032995 0.000596520025283098 0.000474408996524289 0.000488887017127126 0.000483009993331507 0.000478423986351117 0.000471176987048239 0.000460248993476853 0.000448598992079496 0.000473994005005807 0.00135749997571111 0.370631992816925 0.516758978366852 -3.4e+38 -3.4e+38 -3.4e+38 -3.4e+38 -3.4e+38 -3.4e+38 0.524046003818512 0.516237020492554 0.482553005218506 0.000692137982696295 0.000443844008259475 0.000446176010882482 0.000449582003057003 0.000451002997579053 0.000449951010523364 0.000448901992058381 0.000447853992227465 0.000450271007139236 0.000453643006039783 0.000455466011771932 0.000457243004348129 0.000461327988887206 0.000466261000838131 0.000470335013233125
0.511752009391785 0.490480005741119 0.470245003700256 0.40659299492836 0.499262988567352 0.491553992033005 0.345403999090195 0.000870781019330025 0.000462530995719135 0.000474742002552375 0.000482665986055508 0.000479206995805725 0.000473266001790762 0.000469905993668362 0.000463233009213582 0.000457252986961976 0.000454508000984788 0.000453287997515872 0.0114176999777555 0.515075027942657 -3.4e+38 -3.4e+38 -3.4e+38 -3.4e+38 -3.4e+38 0.536046028137207 0.531433999538422 0.428362995386124 0.000648515997454524 0.000463968986878172 0.000461316987639293 0.000458477006759495 0.000455655012046918 0.000453835004009306 0.000452675012638792 0.000451517989858985 0.000450363993877545 0.000450408988399431 0.000450849009212106 0.000451025000074878 0.000450788007583469 0.000454249995527789 0.000457465997897089 0.000462147989310324
-3.4e+38 0.496977001428604 0.469126999378204 0.288518011569977 0.512961983680725 0.51844197511673 0.350666999816895 0.000479631999041885 0.000483037991216406 0.000488306977786124 0.000493303989060223 0.000487985991640016 0.000482709001516923 0.000478122994536534 0.000471745006507263 0.000462319992948323 0.00045603301259689 0.000453318993095309 0.000455500994576141 0.0387093983590603 0.519980013370514 0.524944007396698 -3.4e+38 -3.4e+38 0.536789000034332 0.533079981803894 0.524769008159637 0.022512499243021 0.000472609011922032 0.000465348013676703 0.000462082010926679 0.000458466005511582 0.000454877997981384 0.000453410000773147 0.000452659995062277 0.000452042993856594 0.000451305997557938 0.000451147992862388 0.000450957013526931 0.000450766994617879 0.000450575986178592 0.000457134010503069 0.000462416996015236 0.000468701007775962
-3.4e+38 0.500828981399536 0.452414005994797 0.295053988695145 0.532306015491486 0.523841023445129 0.470378011465073 0.000515580002684146 0.000512322993017733 0.000507439021021128 0.000503055984154344 0.000496366003062576 0.000491807993967086 0.000485844007926062 0.000479829992400482 0.000466863013571128 0.000458194001112133 0.0004531120066531 0.000454294990049675 0.000560567015781999 0.526947021484375 0.534861981868744 0.536144018173218 0.533599019050598 0.53106302022934 0.528644979000092 0.0273123998194933 0.000477563007734716 0.000470541010145098 0.000464707001810893 0.000460999988717958 0.000456976005807519 0.000453968998044729 0.000452070991741493 0.000451708008768037 0.000451345986220986 0.000450985011411831 0.000450786988949403 0.000450644991360605 0.000450502004241571 0.000450358988018706 0.000457977992482483 0.000468020007247105 0.00047805899521336
0.510249972343445 0.494419991970062 0.431264996528625 0.388967990875244 0.557425975799561 0.380576997995377 0.553017020225525 0.000526827003341168 0.000519748020451516 0.00051128602353856 0.000504404015373439 0.000500139023642987 0.000496599997859448 0.000555353995878249 0.00165218999609351 0.00848144013434649 0.000518026994541287 0.000455906003480777 0.000457148998975754 0.000468376994831488 0.51120400428772 0.536980986595154 0.537253975868225 0.533496975898743 0.529039978981018 0.524882018566132 0.000476335000712425 0.000471761013614014 0.000467629986815155 0.000462839991087094 0.000459494011010975 0.000456803012639284 0.0004533420142252 0.000451161002274603 0.000450949009973556 0.00045047199819237 0.000449365004897118 0.000451017986051738 0.000452479987870902 0.000455486006103456 0.000458355993032455 0.000463973003206775 0.0188794005662203 0.0228048991411924
0.39630401134491 0.398910999298096 0.413758993148804 0.484504014253616 0.530743002891541 0.302854001522064 0.540971994400024 0.000508437980897725 0.000501312024425715 0.000499362009577453 0.000498674984555691 0.00437312014400959 0.101865999400616 0.401787996292114 0.527970016002655 0.525119006633759 0.51008802652359 0.000579031999222934 0.000465513003291562 0.000481856986880302 0.291110992431641 0.530948996543884 0.530167996883392 0.527417004108429 0.525178015232086 0.521140992641449 0.000486301985802129 0.00046770999324508 0.000464020995423198 0.000462002004496753 0.000459492002846673 0.000455661996966228 0.00045180699089542 0.000450540013844147 0.000449451996246353 0.000449626008048654 0.000450055988039821 0.000455566012533382 0.000463100004708394 0.000470196013338864 0.000476993998745456 0.0484954006969929 0.516856014728546 0.515269994735718
0.514486014842987 0.389061003923416 0.359151005744934 0.365801006555557 0.284507006406784 0.355821013450623 0.494325011968613 0.000485889002447948 0.000486895994981751 0.000489049998577684 0.0208951998502016 0.529491007328033 0.528882026672363 0.528721988201141 0.528017997741699 0.526594996452332 0.52565199136734 0.0469461008906364 0.000877163023687899 0.00139617000240833 0.12771600484848 0.52683699131012 0.521851003170013 0.521875023841858 0.521259009838104 0.519303023815155 0.41074800491333 0.000462822004919872 0.000460887007648125 0.000459074013633654 0.00045642998884432 0.000451947009423748 0.000450590014224872 0.000449919985840097 0.000450791994808242 0.000451558007625863 0.000450477993581444 0.000459736998891458 0.000473073014291003 0.000484846998006105 0.340725988149643 0.528829991817474 -3.4e+38 -3.4e+38
0.51622599363327 0.442566990852356 0.385773003101349 0.379806011915207 0.374393999576569 0.372669011354446 0.229664996266365 0.000650138012133539 0.000482904986711219 0.000656205986160785 0.109880000352859 0.527068972587585 0.526313006877899 0.526039004325867 0.525511980056763 0.524326980113983 0.528918027877808 0.0912064984440804 0.00705234985798597 0.00434330990538001 0.0339368991553783 0.513341009616852 0.517714023590088 0.519877016544342 0.520063996315002 0.519621014595032 0.518338978290558 0.00342282000929117 0.000462539988802746 0.00046010100049898 0.000459781003883108 0.000459475006209686 0.000459589995443821 0.000458874012110755 0.000457559013739228 0.000457034999271855 0.00045712199062109 0.000461846997495741 0.000471045990707353 0.0212829001247883 0.532387018203735 -3.4e+38 -3.4e+38 -3.4e+38
-3.4e+38 0.485747009515762 0.416882991790771 0.351087003946304 0.372956991195679 0.374105989933014 0.337743997573853 0.0511296987533569 0.00534110981971025 0.0263876002281904 0.167719006538391 0.525434017181396 0.52395898103714 0.523697972297668 0.522786974906921 0.521412014961243 0.249884992837906 0.00439389981329441 0.000687356980051845 0.000606240006163716 0.000966830004472286 0.0819500014185905 0.519163012504578 0.51781702041626 0.518930017948151 0.519069015979767 0.517844021320343 0.515586972236633 0.000462774012703449 0.000463080010376871 0.00046600098721683 0.000468729005660862 0.000470136001240462 0.000469919003080577 0.00046696700155735 0.000465252000140026 0.000462647003587335 0.000464459008071572 0.000470206985482946 0.0039024599827826 0.530160009860992 -3.4e+38 -3.4e+38 -3.4e+38
-3.4e+38 0.512166976928711 0.505941987037659 0.361104011535645 0.366564005613327 0.362639993429184 0.356065005064011 0.506570994853973 0.484894007444382 0.51544201374054 0.522194027900696 0.521237015724182 0.520775020122528 0.520155012607574 0.520237982273102 0.264337003231049 0.000749878003261983 0.000466030993266031 0.0004654299991671 0.000463025004137307 0.000461045012343675 0.000673947972245514 0.276490986347198 0.515542984008789 0.518141984939575 0.51970499753952 0.519946992397308 0.520245015621185 0.504294991493225 0.000467776990262792 0.000470508995931596 0.000472307001473382 0.000473880005301908 0.000473404012154788 0.000470945989945903 0.00046656301128678 0.000467692007077858 0.000467483012471348 0.000468025013105944 0.519406020641327 0.528050005435944 -3.4e+38 -3.4e+38 -3.4e+38
-3.4e+38 0.499592989683151 0.494244992733002 0.408946007490158 0.355421006679535 0.36073300242424 0.329120010137558 0.373584985733032 0.512355029582977 0.519510984420776 0.520117998123169 0.518302977085114 0.517565011978149 0.518923997879028 0.0465467013418674 0.000456843001302332 0.000457657006336376 0.000458377995528281 0.000458705995697528 0.00045835500350222 0.000458068010630086 0.000457852002000436 0.000502049981150776 0.336517989635468 0.517467975616455 0.519205987453461 0.520694971084595 0.521869003772736 0.521286010742188 0.00144599005579948 0.000473449006676674 0.000474497996037826 0.000476630986668169 0.000474808999570087 0.000471428997116163 0.000470613013021648 0.000468443002318963 0.000469666003482416 0.183898001909256 0.529712975025177 -3.4e+38 -3.4e+38 -3.4e+38 -3.4e+38
-3.4e+38 0.508283019065857 0.507385015487671 0.479169011116028 0.346908986568451 0.342602014541626 0.346415013074875 0.377537995576859 0.420302987098694 0.517868995666504 0.518047988414764 0.502803027629852 0.00045568699715659 0.000456478999694809 0.000453702989034355 0.000454360997537151 0.000454949011327699 0.000455539004178718 0.000456342997495085 0.000457156012998894 0.000457733985967934 0.000458213005913422 0.000458956987131387 0.000765604025218636 0.302367001771927 0.519783973693848 0.521664023399353 0.523095011711121 0.524758994579315 0.523132979869843 0.000478430010844022 0.000477888010209426 0.000478010013466701 0.000476507004350424 0.000475217995699495 0.000475548004033044 0.000689880980644375 0.523025989532471 0.544312000274658 -3.4e+38 -3.4e+38 -3.4e+38 -3.4e+38 -3.4e+38
0.335545986890793 0.0117210997268558 0.000469132995931432 0.000610572984442115 0.150736004114151 0.054560299962759 0.0869107022881508 0.00255997991189361 0.000662457023281604 0.000474425993161276 0.000489827012643218 0.000449952989583835 0.000451225001597777 0.000450305989943445 0.000449845014372841 0.00047233299119398 0.000451658997917548 0.000450808001914993 0.000461541989352554 0.000466072000563145 0.000457110989373177 0.000460898998426273 0.000461504998384044 0.000584144028834999 0.000512659025844187 0.000588356982916594 0.525788009166718 0.517181992530823 0.518657028675079 0.230241999030113 0.000472965999506414 0.000473324995255098 0.000475098990136757 0.000477399997180328 0.00048311598948203 0.000499672023579478 0.53608101606369 0.540368020534515 -3.4e+38 -3.4e+38 -3.4e+38 -3.4e+38 -3.4e+38 -3.4e+38
0.272184997797012 0.00104689004365355 0.000452757987659425 0.000452757987659425 0.000817420019302517 0.00203194003552198 0.0101129002869129 0.000451425992650911 0.000449142011348158 0.000447719008661807 0.000445229990873486 0.00995348021388054 0.512766003608704 0.516955971717834 0.511740028858185 0.500796973705292 0.502233028411865 0.507219016551971 0.498971998691559 0.425078004598618 0.252133011817932 0.100859001278877 0.0496906004846096 0.0211327001452446 0.000467673991806805 0.000470078986836597 0.234835997223854 0.227432996034622 0.000470308994408697 0.505737006664276 0.000471778999781236 0.000475111010018736 0.000481833005324006 0.00048875599168241 0.000506629003211856 0.532751023769379 0.541113018989563 0.548117995262146 -3.4e+38 -3.4e+38 -3.4e+38 -3.4e+38 -3.4e+38 -3.4e+38
