results/Predictions/Median/Ypresian.asc
NCOLS 360 
NROWS 180 
XLLCORNER -180 
YLLCORNER -90 
CELLSIZE 1 
NODATA_value -3.4e+38 
[rows 100 to 119 of 180, columns 88 to 131 of 360]
0.00044162999256514 0.000441117997979745 0.000441468990175053 0.000440152012743056 0.00043764800648205 0.000435771013144404 0.000436122005339712 0.000436536996858194 0.000436909002019092 0.00043746898882091 0.000439780997112393 0.000440108007751405 0.000442093994934112 0.000442252989159897 0.000445006007794291 0.000448539009084925 0.000451787986094132 0.000455046014394611 0.000455224013421685 0.000458885013358667 0.000461526011349633 0.000460676004877314 0.518652975559235 -3.4e+38 -3.4e+38 -3.4e+38 -3.4e+38 -3.4e+38 -3.4e+38 -3.4e+38 -3.4e+38 -3.4e+38 -3.4e+38 -3.4e+38 -3.4e+38 -3.4e+38 -3.4e+38 -3.4e+38 -3.4e+38 -3.4e+38 -3.4e+38 -3.4e+38 -3.4e+38 -3.4e+38
0.000437932001659647 0.000435152003774419 0.000434006011346355 0.000431424006819725 0.000430879008490592 0.000428614992415532 0.000427329010562971 0.000427344988565892 0.00042830899474211 0.000429276988143101 0.000430121988756582 0.000430979009252042 0.000434151996159926 0.000437114998931065 0.000438876013504341 0.000439522002125159 0.000439900002675131 0.00044314400292933 0.000446140009444207 0.000447450001956895 0.000450855004601181 0.00044840999180451 -3.4e+38 -3.4e+38 -3.4e+38 -3.4e+38 -3.4e+38 -3.4e+38 -3.4e+38 -3.4e+38 -3.4e+38 -3.4e+38 -3.4e+38 -3.4e+38 -3.4e+38 -3.4e+38 -3.4e+38 -3.4e+38 -3.4e+38 -3.4e+38 -3.4e+38 -3.4e+38 -3.4e+38 -3.4e+38
0.00042943999869749 0.000428225990617648 0.000426040001912042 0.000424286001361907 0.000424075988121331 0.000423741003032774 0.000424010999267921 0.000423983990913257 0.00042424100684002 0.000424608995672315 0.000424758996814489 0.000427466991823167 0.000429389008786529 0.000429703999543563 0.000433348002843559 0.00043667500722222 0.000436309986980632 0.000437515991507098 0.000438373012002558 0.000439822993939742 0.000439916009781882 0.000434754008892924 0.501713991165161 -3.4e+38 -3.4e+38 -3.4e+38 -3.4e+38 -3.4e+38 -3.4e+38 -3.4e+38 -3.4e+38 -3.4e+38 -3.4e+38 -3.4e+38 -3.4e+38 -3.4e+38 -3.4e+38 -3.4e+38 -3.4e+38 -3.4e+38 -3.4e+38 -3.4e+38 -3.4e+38 -3.4e+38
0.000429937004810199 0.000426071987021714 0.000425198988523334 0.000424000987550244 0.000422759010689333 0.000421669014031067 0.000421020988142118 0.000421331991674379 0.000421706994529814 0.000420502008637413 0.000421701988670975 0.000423157995101064 0.000423719000536948 0.000424842000938952 0.000427643011789769 0.000431238993769512 0.000433315988630056 0.000435585010563955 0.00043489399831742 0.000435921014286578 0.000439699011621997 0.000432319007813931 0.000453538988949731 0.50109201669693 -3.4e+38 -3.4e+38 -3.4e+38 -3.4e+38 -3.4e+38 -3.4e+38 -3.4e+38 -3.4e+38 -3.4e+38 -3.4e+38 -3.4e+38 -3.4e+38 -3.4e+38 -3.4e+38 -3.4e+38 -3.4e+38 -3.4e+38 -3.4e+38 -3.4e+38 -3.4e+38
0.000427666993346065 0.000424317986471578 0.000422954995883629 0.000421753997216001 0.000420906988438219 0.000420005002524704 0.000419082993175834 0.000418709998484701 0.000418051989981905 0.000418012990849093 0.000418114010244608 0.000418212002841756 0.000418273004470393 0.000419018004322425 0.000420527998358011 0.000422195007558912 0.000423344987211749 0.000428389990702271 0.000432794011430815 0.000435447989730164 0.000439755007391796 0.000431572989327833 0.000438329996541142 0.00221811002120376 0.495858997106552 -3.4e+38 -3.4e+38 -3.4e+38 -3.4e+38 -3.4e+38 -3.4e+38 -3.4e+38 -3.4e+38 -3.4e+38 -3.4e+38 -3.4e+38 -3.4e+38 -3.4e+38 -3.4e+38 -3.4e+38 -3.4e+38 -3.4e+38 -3.4e+38 -3.4e+38
0.00043329200707376 0.000429103994974867 0.000425086007453501 0.000421247008489445 0.00041935799526982 0.000418051989981905 0.000417011993704364 0.000416102004237473 0.000415012997109443 0.00041392698767595 0.000413997011492029 0.000413945992477238 0.000413545989431441 0.000413731002481654 0.000414314010413364 0.000415554997744039 0.000416444992879406 0.000417653005570173 0.000420955009758472 0.000425364996772259 0.000428097002441064 0.000424461992224678 0.000433912995504215 0.000439383002230898 0.0477505996823311 -3.4e+38 -3.4e+38 -3.4e+38 -3.4e+38 -3.4e+38 -3.4e+38 -3.4e+38 -3.4e+38 -3.4e+38 -3.4e+38 -3.4e+38 -3.4e+38 -3.4e+38 -3.4e+38 -3.4e+38 -3.4e+38 -3.4e+38 -3.4e+38 -3.4e+38
0.000438493007095531 0.000435905007179826 0.000434588000643998 0.000429728999733925 0.000425575999543071 0.000421650998760015 0.000415288988733664 0.000413144996855408 0.000412682013120502 0.000412260997109115 0.000411274988437071 0.00040984500083141 0.000408902007620782 0.000408333988161758 0.000408104999223724 0.000408443011110649 0.00040919499588199 0.000409370986744761 0.000410008011385798 0.000411718996474519 0.000412110006436706 0.000415177986724302 0.000425595004344359 0.000428595987614244 0.00042549500358291 0.474225014448166 -3.4e+38 -3.4e+38 -3.4e+38 -3.4e+38 -3.4e+38 -3.4e+38 -3.4e+38 -3.4e+38 -3.4e+38 -3.4e+38 -3.4e+38 -3.4e+38 -3.4e+38 -3.4e+38 -3.4e+38 -3.4e+38 -3.4e+38 -3.4e+38
0.000446408987045288 0.000442435994045809 0.000439060007920489 0.000434993009548634 0.000431029999163002 0.000424585014116019 0.000421561009716243 0.000418284995248541 0.000412500987295061 0.000409717991715297 0.000407676998293027 0.000402868987293914 0.00040096600423567 0.000397864001570269 0.000397552008507773 0.000395526993088424 0.000394556001992896 0.000393516995245591 0.000394506001612172 0.000397353986045346 0.000400213000830263 0.00040625300607644 0.00041650200728327 0.000423013989347965 0.000423266988946125 0.000565232010558248 -3.4e+38 -3.4e+38 -3.4e+38 -3.4e+38 -3.4e+38 -3.4e+38 -3.4e+38 -3.4e+38 -3.4e+38 -3.4e+38 -3.4e+38 -3.4e+38 -3.4e+38 -3.4e+38 -3.4e+38 -3.4e+38 -3.4e+38 -3.4e+38
0.000460662005934864 0.000455138011602685 0.000447252998128533 0.000441404990851879 0.000438719987869263 0.000431435008067638 0.000425542006269097 0.00042122500599362 0.000420491996919736 0.000415407004766166 0.000409875996410847 0.000406295002903789 0.000399707001633942 0.000393750000512227 0.00038844600203447 0.000382494006771594 0.000377533986466005 0.000374788010958582 0.00037448899820447 0.000374730007024482 0.000374557013856247 0.000369465997209772 0.000371103989891708 0.000369640009012073 0.000366488005965948 0.000351967988535762 0.0624637007713318 -3.4e+38 -3.4e+38 -3.4e+38 -3.4e+38 -3.4e+38 -3.4e+38 -3.4e+38 -3.4e+38 -3.4e+38 -3.4e+38 -3.4e+38 -3.4e+38 -3.4e+38 -3.4e+38 -3.4e+38 -3.4e+38 -3.4e+38
0.000475609005661681 0.000473803986096755 0.000464881013613194 0.000454661989351735 0.000448306993348524 0.000442187010776252 0.00043716499931179 0.000429017003625631 0.000421511998865753 0.000418757001170889 0.000414459005696699 0.000407164014177397 0.000398747011786327 0.000387754000257701 0.000377043994376436 0.000368175009498373 0.000358040007995442 0.000351611990481615 0.000347269990015775 0.000342559011187404 0.000339183985488489 0.000330083013977855 0.00032312999246642 0.000323262996971607 0.00032297900179401 0.000317663012538105 0.000322645006235689 0.429457992315292 -3.4e+38 -3.4e+38 -3.4e+38 -3.4e+38 -3.4e+38 -3.4e+38 -3.4e+38 -3.4e+38 -3.4e+38 -3.4e+38 -3.4e+38 -3.4e+38 -3.4e+38 -3.4e+38 -3.4e+38 -3.4e+38
0.000489092024508864 0.000481494003906846 0.00047753201215528 0.000475128996185958 0.000468026992166415 0.000457940011983737 0.000447278987849131 0.000438093993579969 0.00043097700108774 0.000425572012318298 0.000417786010075361 0.000411743996664882 0.000400149001507089 0.000386325991712511 0.000375075993360952 0.000364086008630693 0.00035200800630264 0.000340908009093255 0.000332082010572776 0.000322044012136757 0.000315237994072959 0.000304660992696881 0.00029733800329268 0.000291725009446964 0.000288095994619653 0.000229900004342198 0.000179027003468946 0.000136966002173722 -3.4e+38 -3.4e+38 -3.4e+38 -3.4e+38 -3.4e+38 -3.4e+38 -3.4e+38 -3.4e+38 -3.4e+38 -3.4e+38 -3.4e+38 -3.4e+38 -3.4e+38 -3.4e+38 -3.4e+38 -3.4e+38
0.000505949021317065 0.000500343972817063 0.000494029023684561 0.000486434990307316 0.000480513990623876 0.000474761007353663 0.000467261008452624 0.000452579988632351 0.00044046199764125 0.000435368012404069 0.000424453988671303 0.000419421994592994 0.000411935005104169 0.000395365990698338 0.000382530997740105 0.000368017994333059 0.000356247008312494 0.000342949002515525 0.00032946199644357 0.000316799996653572 0.00030535098630935 0.000293583987513557 0.000283361005131155 0.000272948003839701 0.000263808993622661 0.000214308005524799 0.000169890001416206 0.00013448299432639 0.000109991997305769 0.194993004202843 -3.4e+38 -3.4e+38 -3.4e+38 -3.4e+38 -3.4e+38 -3.4e+38 -3.4e+38 -3.4e+38 -3.4e+38 -3.4e+38 -3.4e+38 -3.4e+38 -3.4e+38 -3.4e+38
0.000517622975166887 0.000513718987349421 0.000511191028635949 0.000506427022628486 0.000492661027237773 0.000489046971779317 0.000476652989163995 0.000466633995529264 0.000457629997981712 0.000445674988441169 0.0004345320048742 0.000429562001954764 0.000418740004533902 0.000406369013944641 0.000390219007385895 0.000372932991012931 0.000359705998562276 0.000346824002917856 0.000330475013470277 0.000313924014335498 0.000300657004117966 0.000286494003375992 0.000270938005996868 0.00025678999372758 0.000242515001446009 0.000191636994713917 0.000159927003551275 0.00012991699622944 0.00011426299897721 0.000133059002109803 0.000250599987339228 0.309543997049332 -3.4e+38 -3.4e+38 -3.4e+38 -3.4e+38 -3.4e+38 -3.4e+38 -3.4e+38 -3.4e+38 -3.4e+38 -3.4e+38 -3.4e+38 -3.4e+38
0.000526665011420846 0.000523641996551305 0.000517455977387726 0.000509976991452277 0.000508141005411744 0.000500545022077858 0.000491842976771295 0.000478019996080548 0.000464445998659357 0.000457473011920229 0.000447094003902748 0.000437739014159888 0.000425222999183461 0.000416942988522351 0.000400102988351136 0.000386458996217698 0.000373954011593014 0.000359327998012304 0.000346265005646273 0.000332482013618574 0.00031523298821412 0.000302658008877188 0.000291467003989965 0.000281987013295293 0.000272718985797837 0.000241675996221602 0.000211680002394132 0.000192920997506008 0.000180047994945198 0.00018185400404036 0.000186876000952907 0.000224485993385315 -3.4e+38 -3.4e+38 -3.4e+38 -3.4e+38 -3.4e+38 -3.4e+38 -3.4e+38 -3.4e+38 -3.4e+38 -3.4e+38 -3.4e+38 -3.4e+38
0.000524090020917356 0.000521519978065044 0.000518402026500553 0.000515387975610793 0.000514019979164004 0.000507679011207074 0.000501846021506935 0.000496670021675527 0.000482453993754461 0.00047172699123621 0.000461835006717592 0.000451458006864414 0.000442126009147614 0.000430318003054708 0.000417678995290771 0.000401296012569219 0.00038495400804095 0.000371461996110156 0.000359466997906566 0.000346693996107206 0.000334145996021107 0.000321408006129786 0.000312980002490804 0.000304774002870545 0.00029929299489595 0.000288888986688107 0.000279345986200497 0.00027129499358125 0.000259828986600041 0.000245125993387774 0.00022776800324209 0.000210693004191853 0.26960501074791 -3.4e+38 -3.4e+38 -3.4e+38 -3.4e+38 -3.4e+38 -3.4e+38 -3.4e+38 -3.4e+38 -3.4e+38 -3.4e+38 -3.4e+38
0.000525035022292286 0.000522678019478917 0.000521435984410346 0.000520198023878038 0.000518893008120358 0.000512361992150545 0.000506224983837456 0.00049733801279217 0.000494653999339789 0.000484140997286886 0.000473938998766243 0.000462594995042309 0.000452809996204451 0.000442357006249949 0.000427279999712482 0.000410322012612596 0.000395117996959016 0.000379498989786953 0.000364670006092638 0.000350532005541027 0.000339502992574126 0.000327087007462978 0.000318348000291735 0.000310581992380321 0.000304043991491199 0.000303092994727194 0.000302035012282431 0.000300979998428375 0.000292618002276868 0.000272309989668429 0.000251055986154824 0.000234469000133686 0.000225519994273782 -3.4e+38 -3.4e+38 -3.4e+38 -3.4e+38 -3.4e+38 -3.4e+38 -3.4e+38 -3.4e+38 -3.4e+38 -3.4e+38 -3.4e+38
0.000528417993336916 0.000527072988916188 0.00052548001985997 0.000522440997883677 0.000519431021530181 0.000515503983478993 0.000505326024722308 0.000494152016472071 0.000490752980113029 0.000485233991639689 0.000475751992780715 0.000464087992440909 0.000458582013379782 0.000448301987489685 0.000433194014476612 0.000412569992477074 0.000398323987610638 0.000380882003810257 0.000359060999471694 0.000347196997608989 0.000329972011968493 0.000317536003421992 0.000305311987176538 0.000294614990707487 0.000287808012217283 0.000287228991510347 0.000286138994852081 0.000284150009974837 0.000278849998721853 0.000267760013230145 0.000259335007285699 0.000254668993875384 0.000241793997702189 -3.4e+38 -3.4e+38 -3.4e+38 -3.4e+38 -3.4e+38 -3.4e+38 -3.4e+38 -3.4e+38 -3.4e+38 -3.4e+38 -3.4e+38
0.000522720976732671 0.000522757996805012 0.000521116016898304 0.000518978980835527 0.000515986001119018 0.000510189973283559 0.000502587994560599 0.000493102998007089 0.00049055099952966 0.000484190997667611 0.000474895990919322 0.000464607001049444 0.000455553003121167 0.00044525001430884 0.000431811989983544 0.00041670398786664 0.000400502001866698 0.000380426004994661 0.000362235005013645 0.000339171005180106 0.000324871012708172 0.000305450987070799 0.000294135010335594 0.000280700012808666 0.00026992498897016 0.000270238000666723 0.000269824988208711 0.000267827999778092 0.000266270013526082 0.000263989990344271 0.000266663992078975 0.000267766008619219 0.000260441011050716 -3.4e+38 -3.4e+38 -3.4e+38 -3.4e+38 -3.4e+38 -3.4e+38 -3.4e+38 -3.4e+38 -3.4e+38 -3.4e+38 -3.4e+38
0.000512418977450579 0.000510482990648597 0.00050939799984917 0.000507485005073249 0.000503177987411618 0.000497612985782325 0.00049158901674673 0.000484510004753247 0.000477258989121765 0.000470239989226684 0.000462739000795409 0.000454230001196265 0.000441667012637481 0.000424803991336375 0.000408183987019584 0.000393507012631744 0.000383817998226732 0.000368706998415291 0.000348220986779779 0.000330821989336982 0.000320604012813419 0.000303044012980536 0.000285808986518532 0.000275584985502064 0.000263792986515909 0.000256661995081231 0.000249626988079399 0.000247805990511551 0.000243642993154936 0.000239611996221356 0.000243037997279316 0.000244063994614407 0.000239515997236595 -3.4e+38 -3.4e+38 -3.4e+38 -3.4e+38 -3.4e+38 -3.4e+38 -3.4e+38 -3.4e+38 -3.4e+38 -3.4e+38 -3.4e+38
0.000507535005453974 0.000505400996189564 0.000501575996167958 0.000496209017001092 0.000492984021548182 0.000486378994537517 0.000479782000184059 0.00047391900443472 0.000467097997898236 0.000455463014077395 0.000443978002294898 0.000431405002018437 0.000417362985899672 0.000402642006520182 0.000387542997486889 0.00037422199966386 0.000364147999789566 0.000350095011526719 0.00033602598705329 0.000321928004268557 0.000312824005959556 0.000304274988593534 0.000286110007436946 0.000271405995590612 0.000256572995567694 0.000244089998886921 0.00023404200328514 0.000223319002543576 0.000218012995901518 0.000213947001611814 0.000212400002055801 0.000214611005503684 0.000213053004699759 -3.4e+38 -3.4e+38 -3.4e+38 -3.4e+38 -3.4e+38 -3.4e+38 -3.4e+38 -3.4e+38 -3.4e+38 -3.4e+38 -3.4e+38
