results/Predictions/Median/Ypresian.asc
NCOLS 360 
NROWS 180 
XLLCORNER -180 
YLLCORNER -90 
CELLSIZE 1 
NODATA_value -3.4e+38 
[rows 54 to 80 of 180, columns 180 to 239 of 360]
0.167952999472618 0.19064599275589 0.21663199365139 0.252158999443054 0.265127003192902 -3.4e+38 -3.4e+38 -3.4e+38 -3.4e+38 0.2518610060215 0.239839002490044 0.228892996907234 0.222604006528854 0.217901006340981 0.214493006467819 0.212772995233536 -3.4e+38 0.21466800570488 0.217938005924225 0.220937997102737 0.222607001662254 0.223159998655319 0.223786994814873 0.216242998838425 0.210892006754875 0.211165994405746 0.2049890011549 0.177257001399994 0.15777799487114 0.143438994884491 -3.4e+38 -3.4e+38 0.170456007122993 0.183836996555328 0.190913006663322 0.1927620023489 0.195778995752335 0.199322998523712 0.18401800096035 0.171991005539894 -3.4e+38 -3.4e+38 -3.4e+38 -3.4e+38 0.098107598721981 0.090428501367569 0.0898945033550262 0.0948838964104652 0.100248999893665 0.0986154973506927 0.094506599009037 0.0894569978117943 0.0845156982541084 0.0847738012671471 0.0841452032327652 0.0841372981667519 0.0844613015651703 -3.4e+38 -3.4e+38 -3.4e+38
0.19098299741745 0.218823999166489 0.248276993632317 0.285609990358353 0.29848301410675 -3.4e+38 -3.4e+38 -3.4e+38 -3.4e+38 0.281516999006271 0.27021399140358 0.258123993873596 0.248605996370316 0.243248999118805 0.238521993160248 0.236931994557381 -3.4e+38 0.241099998354912 0.245517000555992 0.249973997473717 0.255329012870789 0.260268002748489 0.264548987150192 0.25746101140976 0.249183997511864 0.246304005384445 -3.4e+38 0.210644006729126 0.183715000748634 0.166137993335724 0.166830003261566 0.189585000276566 0.211918994784355 0.234869003295898 0.244572997093201 0.249786004424095 0.25416299700737 0.260241001844406 0.25034099817276 0.236825004220009 0.224309995770454 0.210585996508598 -3.4e+38 -3.4e+38 -3.4e+38 0.125873997807503 0.110123999416828 0.105077996850014 0.10318099707365 0.10614600032568 0.111001998186111 0.114537999033928 0.1180379986763 0.122939996421337 0.127354994416237 0.131990000605583 0.146200999617577 0.158882007002831 0.170664995908737 0.183047994971275
0.245289996266365 -3.4e+38 -3.4e+38 -3.4e+38 -3.4e+38 -3.4e+38 -3.4e+38 -3.4e+38 -3.4e+38 -3.4e+38 0.294037997722626 0.281782001256943 0.274345993995667 0.268296986818314 0.263179004192352 0.262430995702744 0.264122009277344 0.266918003559113 0.269903004169464 0.277745991945267 0.288850009441376 0.300915002822876 0.311044991016388 0.297174990177155 0.280690997838974 0.262580990791321 -3.4e+38 -3.4e+38 0.218528002500534 0.205115005373955 0.207087993621826 0.220385998487473 0.24066199362278 0.264744013547897 0.280045002698898 0.292910993099213 0.306468993425369 0.319653004407883 0.309881985187531 0.299986004829407 0.290522992610931 0.276858985424042 0.251969009637833 -3.4e+38 -3.4e+38 -3.4e+38 -3.4e+38 0.0989416018128395 0.0765585005283356 0.084757499396801 0.105591997504234 0.130992993712425 0.162058994174004 0.174961000680923 0.189437001943588 0.201252996921539 0.221508994698524 0.235877007246017 0.249024003744125 0.263673007488251
-3.4e+38 -3.4e+38 -3.4e+38 -3.4e+38 -3.4e+38 -3.4e+38 -3.4e+38 -3.4e+38 -3.4e+38 -3.4e+38 -3.4e+38 0.30638599395752 0.299277007579803 0.293742001056671 0.290484011173248 0.289222985506058 0.290389001369476 0.291339010000229 0.295345991849899 0.306163012981415 0.323725998401642 0.341279000043869 0.356671988964081 0.33542001247406 0.312698006629944 0.286453008651733 0.262560993432999 -3.4e+38 -3.4e+38 0.250836998224258 0.2552689909935 0.26469498872757 0.274152994155884 0.294903010129929 0.315640985965729 0.337689012289047 0.359919011592865 0.383747011423111 -3.4e+38 0.365514010190964 0.358197003602982 0.34511798620224 0.321152001619339 0.296427011489868 0.270601987838745 -3.4e+38 -3.4e+38 0.09200169891119 0.0536639988422394 0.0658257976174355 0.101207002997398 0.148658007383347 0.217179998755455 0.241331994533539 0.262187987565994 0.279352992773056 0.306210994720459 0.320003002882004 0.334141999483109 0.344603985548019
-3.4e+38 -3.4e+38 -3.4e+38 -3.4e+38 -3.4e+38 -3.4e+38 -3.4e+38 -3.4e+38 -3.4e+38 -3.4e+38 -3.4e+38 -3.4e+38 0.327845990657806 0.321393996477127 0.316713988780975 0.314411997795105 0.313939988613129 0.314882010221481 -3.4e+38 0.325735002756119 0.334854990243912 0.347267985343933 0.357677012681961 -3.4e+38 0.335363000631332 0.321197003126144 0.307029008865356 0.297506004571915 0.295639008283615 0.291712999343872 0.293516010046005 0.302322000265121 0.31046000123024 0.328532010316849 0.342548012733459 0.356249004602432 0.370297014713287 0.383749008178711 -3.4e+38 -3.4e+38 -3.4e+38 -3.4e+38 0.357291013002396 0.338539987802505 0.319171994924545 0.277716994285583 -3.4e+38 -3.4e+38 0.126110002398491 0.135391995310783 0.167146995663643 0.204273000359535 0.249488994479179 0.278236001729965 0.305371999740601 0.328460991382599 0.350479990243912 0.357291013002396 0.366311013698578 0.373542010784149
0.448671013116837 0.447979003190994 0.446750998497009 0.443004012107849 0.432790011167526 0.421388000249863 0.410135000944138 -3.4e+38 -3.4e+38 -3.4e+38 -3.4e+38 -3.4e+38 -3.4e+38 0.349979996681213 0.344415009021759 0.340272009372711 0.3386589884758 0.33856999874115 -3.4e+38 -3.4e+38 0.346745014190674 0.352144986391068 0.356907993555069 -3.4e+38 -3.4e+38 0.354564994573593 0.350582003593445 0.344265997409821 0.339022010564804 0.333227008581161 0.333575993776321 0.342265993356705 0.351817011833191 0.361728996038437 0.368452996015549 0.374222010374069 0.37949201464653 0.385417014360428 0.390852004289627 -3.4e+38 -3.4e+38 -3.4e+38 -3.4e+38 0.379826992750168 0.367624998092651 0.343427985906601 0.312732011079788 0.280198991298676 -3.4e+38 -3.4e+38 0.258114010095596 0.269520998001099 0.284067004919052 0.316451013088226 0.350147992372513 0.379893988370895 0.397713005542755 0.39675098657608 0.398292005062103 0.400866001844406
0.46543100476265 0.464524000883102 0.462767988443375 0.460776001214981 0.452758997678757 0.44132399559021 0.427722007036209 0.415636003017426 -3.4e+38 -3.4e+38 -3.4e+38 -3.4e+38 -3.4e+38 -3.4e+38 0.370254009962082 0.366813987493515 0.365251988172531 0.365009993314743 0.365469008684158 -3.4e+38 0.362922996282578 0.363094985485077 0.363225996494293 0.368149012327194 -3.4e+38 -3.4e+38 0.375227987766266 0.370824992656708 0.370597004890442 0.367727011442184 0.368934005498886 0.372386008501053 0.376448005437851 0.380475014448166 0.382492005825043 0.384505987167358 0.387051999568939 0.394329994916916 0.402139991521835 -3.4e+38 -3.4e+38 -3.4e+38 -3.4e+38 -3.4e+38 0.402287006378174 0.393388986587524 0.378946989774704 0.364149987697601 0.349236011505127 -3.4e+38 -3.4e+38 0.335873991250992 0.33135199546814 0.361580014228821 0.392080992460251 0.420832991600037 -3.4e+38 -3.4e+38 -3.4e+38 -3.4e+38
0.460444986820221 0.454416990280151 0.460478007793427 0.469090014696121 0.463862001895905 0.453354001045227 0.442739993333817 0.433351010084152 -3.4e+38 -3.4e+38 -3.4e+38 -3.4e+38 -3.4e+38 -3.4e+38 -3.4e+38 0.39087900519371 0.39071598649025 0.390392988920212 0.388603985309601 0.386431992053986 0.38484001159668 0.381731986999512 0.378042995929718 0.380838990211487 0.382429987192154 -3.4e+38 -3.4e+38 -3.4e+38 -3.4e+38 -3.4e+38 0.383213996887207 0.381960988044739 0.380587995052338 0.379482001066208 0.381451010704041 0.384449988603592 0.393954008817673 0.402907997369766 0.411738991737366 -3.4e+38 -3.4e+38 -3.4e+38 -3.4e+38 -3.4e+38 -3.4e+38 -3.4e+38 0.411689013242722 0.403259992599487 0.395011991262436 0.394250988960266 0.397987008094788 -3.4e+38 0.390583992004395 0.411552995443344 0.43156298995018 0.451813995838165 -3.4e+38 -3.4e+38 -3.4e+38 -3.4e+38
0.459614992141724 0.459879994392395 0.457302004098892 0.47538098692894 0.474332004785538 0.465710014104843 0.458050012588501 0.449853986501694 -3.4e+38 -3.4e+38 -3.4e+38 -3.4e+38 -3.4e+38 -3.4e+38 -3.4e+38 -3.4e+38 0.413697987794876 0.412245005369186 0.410750985145569 0.406630992889404 0.403239011764526 0.399161010980606 0.39503601193428 0.394266992807388 0.392812997102737 -3.4e+38 -3.4e+38 -3.4e+38 -3.4e+38 0.397327989339828 0.39597499370575 0.390765011310577 0.385574012994766 0.379974991083145 0.382032990455627 0.389964014291763 0.400348991155624 0.411302000284195 -3.4e+38 -3.4e+38 -3.4e+38 -3.4e+38 -3.4e+38 -3.4e+38 -3.4e+38 -3.4e+38 -3.4e+38 -3.4e+38 0.43436598777771 0.43894699215889 0.445699989795685 0.45099601149559 0.451112985610962 0.460817992687225 0.470295995473862 0.479351013898849 -3.4e+38 -3.4e+38 -3.4e+38 -3.4e+38
0.481023997068405 0.478570997714996 0.486328989267349 0.497525990009308 0.493452996015549 0.485067993402481 0.47528401017189 0.465371996164322 0.460922002792358 0.456452012062073 -3.4e+38 -3.4e+38 -3.4e+38 -3.4e+38 -3.4e+38 -3.4e+38 -3.4e+38 -3.4e+38 0.42475900053978 0.420661002397537 0.41600900888443 0.411280989646912 0.407409012317657 0.407851010560989 -3.4e+38 -3.4e+38 -3.4e+38 -3.4e+38 -3.4e+38 0.404291987419128 0.401863992214203 0.396991014480591 0.392096996307373 0.387172013521194 0.392706006765366 0.400400012731552 0.409947007894516 0.418359011411667 0.427774995565414 -3.4e+38 -3.4e+38 -3.4e+38 -3.4e+38 -3.4e+38 -3.4e+38 -3.4e+38 -3.4e+38 -3.4e+38 -3.4e+38 -3.4e+38 0.447982013225555 0.454533010721207 0.459087014198303 0.465813010931015 0.472193002700806 0.47876501083374 -3.4e+38 -3.4e+38 -3.4e+38 -3.4e+38
0.50414502620697 0.507564008235931 0.513952016830444 0.516731977462769 0.509985029697418 0.50017899274826 0.489657014608383 0.479326993227005 0.474572986364365 0.469797998666763 0.464873999357224 0.460501998662949 -3.4e+38 -3.4e+38 0.449755996465683 0.446538001298904 0.443655014038086 0.440358012914658 0.437056005001068 0.433039009571075 0.428063005208969 -3.4e+38 -3.4e+38 -3.4e+38 -3.4e+38 -3.4e+38 -3.4e+38 -3.4e+38 0.41407099366188 0.411072999238968 0.407321989536285 0.402821004390717 0.397680997848511 0.395909994840622 0.401068985462189 0.407979011535645 0.415647000074387 0.422775000333786 0.431511998176575 0.440196990966797 -3.4e+38 -3.4e+38 -3.4e+38 -3.4e+38 -3.4e+38 -3.4e+38 -3.4e+38 -3.4e+38 -3.4e+38 -3.4e+38 -3.4e+38 0.456461995840073 0.463288009166718 0.470423996448517 -3.4e+38 -3.4e+38 -3.4e+38 -3.4e+38 -3.4e+38 -3.4e+38
0.535622000694275 0.537158012390137 0.536107003688812 0.533558011054993 0.526983022689819 0.518765985965729 0.509374976158142 0.499628007411957 0.491409003734589 0.48377001285553 0.476139008998871 0.470016002655029 0.466744005680084 0.463436007499695 0.460319995880127 0.45729199051857 0.453606009483337 0.450482994318008 0.447282999753952 0.442903995513916 0.43817600607872 -3.4e+38 -3.4e+38 -3.4e+38 -3.4e+38 -3.4e+38 -3.4e+38 0.430898994207382 0.425675004720688 0.420442998409271 0.415910005569458 0.412762999534607 0.410764008760452 0.410037994384766 0.414705008268356 0.420635014772415 0.428272008895874 0.435308009386063 0.440825998783112 0.445993989706039 0.451573997735977 -3.4e+38 -3.4e+38 -3.4e+38 -3.4e+38 -3.4e+38 -3.4e+38 -3.4e+38 -3.4e+38 -3.4e+38 -3.4e+38 -3.4e+38 -3.4e+38 -3.4e+38 -3.4e+38 -3.4e+38 -3.4e+38 -3.4e+38 -3.4e+38 -3.4e+38
0.560133993625641 0.557959020137787 0.555252015590668 0.551788985729218 0.545220017433167 0.537936985492706 0.5312659740448 0.523900985717773 0.511415004730225 0.499404013156891 0.486411988735199 0.475737988948822 0.473354011774063 0.470927000045776 0.468766003847122 0.465665012598038 0.462179988622665 0.458826988935471 0.455208003520966 0.450751006603241 0.446043998003006 0.442322999238968 0.439038008451462 0.441603004932404 0.4444659948349 0.447100013494492 0.448058009147644 0.44317901134491 0.438686013221741 0.434873014688492 0.431151002645493 0.430777996778488 0.43121001124382 0.431172013282776 0.43469101190567 0.440052002668381 0.446797996759415 0.452544003725052 0.454932004213333 0.456912994384766 0.458481997251511 0.462305992841721 -3.4e+38 -3.4e+38 -3.4e+38 -3.4e+38 -3.4e+38 -3.4e+38 -3.4e+38 -3.4e+38 -3.4e+38 -3.4e+38 -3.4e+38 -3.4e+38 -3.4e+38 -3.4e+38 -3.4e+38 -3.4e+38 -3.4e+38 -3.4e+38
0.580664992332458 0.576249003410339 0.571913003921509 0.566802024841309 0.562440991401672 0.557662010192871 0.551478028297424 0.545338988304138 0.528568983078003 0.510994017124176 0.494585990905762 0.480608999729156 0.478749006986618 0.477454990148544 0.475331991910934 0.473062992095947 0.469186991453171 0.465234011411667 0.461070001125336 0.456975996494293 0.453559011220932 0.450562000274658 0.447470009326935 0.450001001358032 0.453278005123138 0.456717014312744 0.458175987005234 0.45337501168251 0.449759989976883 0.444844007492065 0.443224996328354 0.446206986904144 0.448633998632431 0.451258987188339 0.454818993806839 0.458878010511398 0.464058995246887 0.468529999256134 0.467231005430222 0.466746985912323 0.465817987918854 0.466076999902725 0.471136003732681 -3.4e+38 -3.4e+38 -3.4e+38 -3.4e+38 -3.4e+38 -3.4e+38 -3.4e+38 -3.4e+38 -3.4e+38 -3.4e+38 -3.4e+38 -3.4e+38 -3.4e+38 -3.4e+38 -3.4e+38 -3.4e+38 -3.4e+38
0.558956980705261 0.563641011714935 0.569420993328094 0.575680017471313 0.567318022251129 0.553011000156403 0.539852023124695 0.525812983512878 0.51793897151947 0.509297013282776 0.500638008117676 0.493200987577438 0.490126997232437 0.486822009086609 0.483141988515854 0.481687992811203 0.480801999568939 0.47987300157547 0.478953987360001 0.477039009332657 0.474483996629715 0.471931010484695 0.470735996961594 0.472339004278183 0.47324401140213 0.47341600060463 0.474166005849838 0.474375993013382 0.474572986364365 0.474936008453369 0.47418400645256 0.471819996833801 0.471421986818314 0.471253007650375 0.470037996768951 0.469855010509491 0.469058990478516 0.466870009899139 0.466737985610962 0.466576993465424 0.466601014137268 0.469783008098602 0.474382996559143 0.479579985141754 -3.4e+38 -3.4e+38 -3.4e+38 -3.4e+38 -3.4e+38 -3.4e+38 -3.4e+38 -3.4e+38 -3.4e+38 -3.4e+38 -3.4e+38 -3.4e+38 -3.4e+38 -3.4e+38 -3.4e+38 -3.4e+38
0.533854007720947 0.549488008022308 0.564580023288727 0.581780016422272 0.570890009403229 0.550585985183716 0.529487013816833 0.504837989807129 -3.4e+38 -3.4e+38 0.507420003414154 0.509020984172821 0.500481009483337 0.494614988565445 0.489214986562729 0.487886995077133 0.490734994411469 0.493239998817444 0.495647996664047 0.495364993810654 0.494542986154556 0.49346598982811 0.493005990982056 0.491735011339188 0.490631997585297 0.494302004575729 0.496486991643906 0.49711200594902 0.497678011655807 0.503205001354218 0.504244029521942 0.49974000453949 0.497090995311737 0.493431985378265 0.48462700843811 0.478471994400024 0.470703989267349 0.464215010404587 0.465609014034271 0.466746985912323 0.467889994382858 0.469731003046036 0.475829988718033 0.481292009353638 0.487491011619568 -3.4e+38 -3.4e+38 -3.4e+38 -3.4e+38 -3.4e+38 -3.4e+38 -3.4e+38 -3.4e+38 -3.4e+38 -3.4e+38 -3.4e+38 -3.4e+38 -3.4e+38 -3.4e+38 -3.4e+38
0.53082400560379 0.539563000202179 0.556019008159637 0.573485970497131 0.563657999038696 0.543524980545044 0.521706998348236 -3.4e+38 -3.4e+38 -3.4e+38 -3.4e+38 0.511817991733551 0.501164972782135 0.490619003772736 0.483402997255325 0.48361998796463 0.492729991674423 0.501635015010834 0.510671019554138 0.510469973087311 0.507179021835327 0.504034996032715 0.500796020030975 0.502058982849121 0.505120992660522 0.510375022888184 0.513953983783722 0.51120001077652 0.50910097360611 0.51103800535202 0.509581983089447 0.505212008953094 0.501114010810852 0.496850997209549 0.488833993673325 0.479433000087738 0.47453299164772 0.468621999025345 0.467216014862061 0.466044992208481 0.46474701166153 0.465409994125366 0.471996009349823 0.477376997470856 0.483088999986649 0.484275013208389 -3.4e+38 -3.4e+38 -3.4e+38 -3.4e+38 -3.4e+38 -3.4e+38 -3.4e+38 -3.4e+38 -3.4e+38 -3.4e+38 -3.4e+38 -3.4e+38 -3.4e+38 -3.4e+38
0.533513009548187 -3.4e+38 0.54366397857666 0.554764986038208 0.546858012676239 0.534056007862091 -3.4e+38 -3.4e+38 -3.4e+38 -3.4e+38 -3.4e+38 0.4966000020504 0.487408995628357 0.47749799489975 0.469628989696503 0.472629010677338 0.486456990242004 0.505141019821167 0.523563981056213 0.521710991859436 0.513336002826691 0.504697978496552 0.497112989425659 0.504221022129059 0.510856986045837 0.518409013748169 0.522387981414795 0.513809978961945 0.506143987178802 0.49864399433136 0.493083000183105 0.488678008317947 0.483893007040024 0.478803008794785 0.478727012872696 0.480457007884979 0.481252014636993 0.482899993658066 0.475605010986328 0.468840003013611 0.464803010225296 0.461766988039017 0.464287012815475 0.470571011304855 0.475899010896683 0.477687001228333 0.476615995168686 -3.4e+38 -3.4e+38 -3.4e+38 -3.4e+38 -3.4e+38 -3.4e+38 -3.4e+38 -3.4e+38 -3.4e+38 -3.4e+38 -3.4e+38 -3.4e+38 -3.4e+38
-3.4e+38 -3.4e+38 -3.4e+38 -3.4e+38 -3.4e+38 -3.4e+38 -3.4e+38 -3.4e+38 -3.4e+38 -3.4e+38 -3.4e+38 0.481104999780655 0.47418799996376 0.471163988113403 0.474826008081436 0.477531999349594 0.489407986402512 0.511132001876831 0.535686016082764 0.532364010810852 0.518944025039673 -3.4e+38 -3.4e+38 -3.4e+38 0.518091976642609 0.529245018959045 0.532820999622345 -3.4e+38 -3.4e+38 -3.4e+38 -3.4e+38 -3.4e+38 -3.4e+38 -3.4e+38 -3.4e+38 0.483720004558563 0.495918989181519 0.509082019329071 0.495146989822388 0.489035993814468 0.48521700501442 0.483660995960236 0.481144994497299 0.479755014181137 0.478749990463257 0.475497007369995 0.468804001808167 0.466812998056412 -3.4e+38 -3.4e+38 -3.4e+38 -3.4e+38 -3.4e+38 -3.4e+38 -3.4e+38 -3.4e+38 -3.4e+38 -3.4e+38 -3.4e+38 -3.4e+38
-3.4e+38 -3.4e+38 -3.4e+38 -3.4e+38 -3.4e+38 -3.4e+38 -3.4e+38 -3.4e+38 -3.4e+38 -3.4e+38 -3.4e+38 0.488561004400253 0.479826003313065 0.476516991853714 -3.4e+38 -3.4e+38 -3.4e+38 -3.4e+38 -3.4e+38 -3.4e+38 -3.4e+38 -3.4e+38 -3.4e+38 -3.4e+38 0.506723999977112 0.513231992721558 0.514904022216797 -3.4e+38 -3.4e+38 -3.4e+38 -3.4e+38 -3.4e+38 -3.4e+38 -3.4e+38 -3.4e+38 -3.4e+38 -3.4e+38 0.505670011043549 0.494450002908707 0.492188990116119 0.493413001298904 0.493753999471664 0.492101013660431 0.489939987659454 0.487962007522583 0.483882009983063 0.478399008512497 0.473405003547668 0.468057990074158 -3.4e+38 -3.4e+38 -3.4e+38 -3.4e+38 -3.4e+38 -3.4e+38 -3.4e+38 -3.4e+38 -3.4e+38 -3.4e+38 0.604924976825714
-3.4e+38 -3.4e+38 -3.4e+38 -3.4e+38 -3.4e+38 -3.4e+38 -3.4e+38 -3.4e+38 -3.4e+38 -3.4e+38 -3.4e+38 -3.4e+38 0.488510012626648 -3.4e+38 -3.4e+38 -3.4e+38 -3.4e+38 -3.4e+38 -3.4e+38 -3.4e+38 -3.4e+38 -3.4e+38 -3.4e+38 -3.4e+38 -3.4e+38 0.497918009757996 0.499222010374069 -3.4e+38 -3.4e+38 -3.4e+38 -3.4e+38 -3.4e+38 -3.4e+38 -3.4e+38 -3.4e+38 -3.4e+38 -3.4e+38 -3.4e+38 0.497260987758636 0.494300991296768 0.50034099817276 0.504574000835419 0.501933991909027 0.499081999063492 0.49558898806572 0.491447985172272 0.486891001462936 0.482349991798401 0.47808700799942 -3.4e+38 -3.4e+38 -3.4e+38 -3.4e+38 -3.4e+38 -3.4e+38 -3.4e+38 -3.4e+38 -3.4e+38 -3.4e+38 0.588563024997711
-3.4e+38 -3.4e+38 -3.4e+38 -3.4e+38 -3.4e+38 -3.4e+38 -3.4e+38 -3.4e+38 -3.4e+38 -3.4e+38 -3.4e+38 -3.4e+38 -3.4e+38 -3.4e+38 -3.4e+38 -3.4e+38 -3.4e+38 -3.4e+38 -3.4e+38 -3.4e+38 -3.4e+38 -3.4e+38 -3.4e+38 -3.4e+38 -3.4e+38 -3.4e+38 -3.4e+38 -3.4e+38 -3.4e+38 -3.4e+38 -3.4e+38 -3.4e+38 -3.4e+38 -3.4e+38 -3.4e+38 -3.4e+38 -3.4e+38 -3.4e+38 0.497456014156342 0.504902005195618 0.51195901632309 0.515222012996674 0.51188200712204 0.508255004882812 0.503666996955872 0.499134004116058 0.495902001857758 0.491748988628387 -3.4e+38 -3.4e+38 -3.4e+38 -3.4e+38 -3.4e+38 -3.4e+38 -3.4e+38 -3.4e+38 -3.4e+38 -3.4e+38 -3.4e+38 0.571518003940582
-3.4e+38 -3.4e+38 -3.4e+38 -3.4e+38 -3.4e+38 -3.4e+38 -3.4e+38 -3.4e+38 -3.4e+38 -3.4e+38 -3.4e+38 -3.4e+38 -3.4e+38 -3.4e+38 -3.4e+38 -3.4e+38 -3.4e+38 -3.4e+38 -3.4e+38 -3.4e+38 -3.4e+38 -3.4e+38 -3.4e+38 -3.4e+38 -3.4e+38 -3.4e+38 -3.4e+38 -3.4e+38 -3.4e+38 -3.4e+38 -3.4e+38 -3.4e+38 -3.4e+38 -3.4e+38 -3.4e+38 -3.4e+38 -3.4e+38 -3.4e+38 -3.4e+38 0.52149099111557 0.525224983692169 0.523801028728485 0.519528985023499 0.514881014823914 0.510428011417389 0.506704986095428 0.503771007061005 0.499590992927551 0.495007991790771 -3.4e+38 -3.4e+38 -3.4e+38 -3.4e+38 -3.4e+38 -3.4e+38 -3.4e+38 -3.4e+38 -3.4e+38 -3.4e+38 0.556787014007568
-3.4e+38 -3.4e+38 -3.4e+38 -3.4e+38 -3.4e+38 -3.4e+38 -3.4e+38 -3.4e+38 -3.4e+38 -3.4e+38 -3.4e+38 -3.4e+38 -3.4e+38 -3.4e+38 -3.4e+38 -3.4e+38 -3.4e+38 -3.4e+38 -3.4e+38 -3.4e+38 -3.4e+38 -3.4e+38 -3.4e+38 -3.4e+38 -3.4e+38 -3.4e+38 -3.4e+38 -3.4e+38 -3.4e+38 -3.4e+38 -3.4e+38 -3.4e+38 -3.4e+38 -3.4e+38 -3.4e+38 -3.4e+38 -3.4e+38 -3.4e+38 -3.4e+38 0.528043985366821 0.530125975608826 0.51868999004364 0.519677996635437 0.517911016941071 0.516723990440369 0.513167023658752 0.509540975093842 0.506419003009796 0.501886010169983 -3.4e+38 -3.4e+38 -3.4e+38 -3.4e+38 -3.4e+38 -3.4e+38 -3.4e+38 -3.4e+38 -3.4e+38 -3.4e+38 0.544960975646973
-3.4e+38 -3.4e+38 -3.4e+38 -3.4e+38 -3.4e+38 -3.4e+38 -3.4e+38 -3.4e+38 -3.4e+38 -3.4e+38 -3.4e+38 -3.4e+38 -3.4e+38 -3.4e+38 -3.4e+38 -3.4e+38 -3.4e+38 -3.4e+38 -3.4e+38 -3.4e+38 -3.4e+38 -3.4e+38 -3.4e+38 -3.4e+38 -3.4e+38 -3.4e+38 -3.4e+38 -3.4e+38 -3.4e+38 -3.4e+38 -3.4e+38 -3.4e+38 -3.4e+38 -3.4e+38 -3.4e+38 -3.4e+38 -3.4e+38 -3.4e+38 -3.4e+38 0.534916996955872 0.534551978111267 0.539681017398834 0.532198011875153 0.529672980308533 0.528391003608704 0.526443004608154 0.523486971855164 0.521528005599976 0.518764972686768 -3.4e+38 -3.4e+38 -3.4e+38 -3.4e+38 -3.4e+38 -3.4e+38 -3.4e+38 -3.4e+38 -3.4e+38 -3.4e+38 0.56090897321701
-3.4e+38 -3.4e+38 -3.4e+38 -3.4e+38 -3.4e+38 -3.4e+38 -3.4e+38 -3.4e+38 -3.4e+38 -3.4e+38 -3.4e+38 -3.4e+38 -3.4e+38 -3.4e+38 -3.4e+38 -3.4e+38 -3.4e+38 -3.4e+38 -3.4e+38 -3.4e+38 -3.4e+38 -3.4e+38 -3.4e+38 -3.4e+38 -3.4e+38 -3.4e+38 -3.4e+38 -3.4e+38 -3.4e+38 -3.4e+38 -3.4e+38 -3.4e+38 -3.4e+38 -3.4e+38 -3.4e+38 -3.4e+38 -3.4e+38 -3.4e+38 -3.4e+38 0.530390977859497 0.540890991687775 0.55859100818634 0.549930989742279 0.539690971374512 0.538129985332489 0.536571979522705 0.536123991012573 0.535894989967346 0.53372198343277 -3.4e+38 -3.4e+38 -3.4e+38 -3.4e+38 -3.4e+38 -3.4e+38 -3.4e+38 -3.4e+38 -3.4e+38 0.56913298368454 0.579030990600586
-3.4e+38 -3.4e+38 -3.4e+38 -3.4e+38 -3.4e+38 -3.4e+38 -3.4e+38 -3.4e+38 -3.4e+38 -3.4e+38 -3.4e+38 -3.4e+38 -3.4e+38 -3.4e+38 -3.4e+38 -3.4e+38 -3.4e+38 -3.4e+38 -3.4e+38 -3.4e+38 -3.4e+38 -3.4e+38 -3.4e+38 -3.4e+38 -3.4e+38 -3.4e+38 -3.4e+38 -3.4e+38 -3.4e+38 -3.4e+38 -3.4e+38 -3.4e+38 -3.4e+38 -3.4e+38 -3.4e+38 -3.4e+38 -3.4e+38 -3.4e+38 0.511905014514923 0.52529501914978 0.540333986282349 0.568264007568359 0.555301010608673 0.548699021339417 0.54754900932312 0.54713898897171 0.547592997550964 0.547742009162903 0.54789000749588 0.550213992595673 -3.4e+38 -3.4e+38 -3.4e+38 -3.4e+38 -3.4e+38 -3.4e+38 -3.4e+38 -3.4e+38 0.577196002006531 0.586682021617889
