results/Predictions/Median/Ypresian.asc
NCOLS 360 
NROWS 180 
XLLCORNER -180 
YLLCORNER -90 
CELLSIZE 1 
NODATA_value -3.4e+38 
[rows 27 to 53 of 180, columns 180 to 239 of 360]
0.000133513996843249 0.000127574996440671 0.000122017001558561 0.000116146999062039 -3.4e+38 -3.4e+38 -3.4e+38 -3.4e+38 -3.4e+38 -3.4e+38 -3.4e+38 -3.4e+38 -3.4e+38 -3.4e+38 -3.4e+38 -3.4e+38 -3.4e+38 -3.4e+38 -3.4e+38 -3.4e+38 -3.4e+38 -3.4e+38 -3.4e+38 -3.4e+38 -3.4e+38 -3.4e+38 -3.4e+38 -3.4e+38 -3.4e+38 -3.4e+38 -3.4e+38 -3.4e+38 -3.4e+38 -3.4e+38 -3.4e+38 -3.4e+38 -3.4e+38 -3.4e+38 -3.4e+38 -3.4e+38 -3.4e+38 -3.4e+38 -3.4e+38 -3.4e+38 -3.4e+38 -3.4e+38 -3.4e+38 -3.4e+38 -3.4e+38 2.96675007120939e-05 2.83560002571903e-05 2.70820000878302e-05 2.58110994764138e-05 2.49513996095629e-05 2.38052998611238e-05 2.26769006985705e-05 2.22279995796271e-05 2.38293996517314e-05 2.55376999120926e-05 2.73595996986842e-05
0.000158894996275194 0.000151850996189751 0.000145048994454555 0.000138574992888607 -3.4e+38 -3.4e+38 -3.4e+38 -3.4e+38 -3.4e+38 -3.4e+38 -3.4e+38 -3.4e+38 -3.4e+38 -3.4e+38 -3.4e+38 -3.4e+38 -3.4e+38 -3.4e+38 -3.4e+38 -3.4e+38 -3.4e+38 -3.4e+38 -3.4e+38 -3.4e+38 -3.4e+38 -3.4e+38 -3.4e+38 -3.4e+38 -3.4e+38 -3.4e+38 -3.4e+38 -3.4e+38 -3.4e+38 -3.4e+38 -3.4e+38 -3.4e+38 -3.4e+38 -3.4e+38 -3.4e+38 -3.4e+38 -3.4e+38 -3.4e+38 -3.4e+38 -3.4e+38 -3.4e+38 -3.4e+38 -3.4e+38 -3.4e+38 -3.4e+38 -3.4e+38 3.02993994409917e-05 3.09632014250383e-05 3.1651601602789e-05 2.90325006062631e-05 2.64091995632043e-05 2.39878991123987e-05 2.26519005082082e-05 2.41765992541332e-05 2.57977008004673e-05 2.75212005362846e-05
0.000189412996405736 0.000180014001671225 0.000173249994986691 -3.4e+38 -3.4e+38 -3.4e+38 -3.4e+38 -3.4e+38 -3.4e+38 -3.4e+38 -3.4e+38 -3.4e+38 -3.4e+38 -3.4e+38 -3.4e+38 -3.4e+38 -3.4e+38 -3.4e+38 -3.4e+38 -3.4e+38 -3.4e+38 -3.4e+38 -3.4e+38 -3.4e+38 -3.4e+38 -3.4e+38 -3.4e+38 -3.4e+38 -3.4e+38 -3.4e+38 -3.4e+38 -3.4e+38 -3.4e+38 -3.4e+38 -3.4e+38 -3.4e+38 -3.4e+38 -3.4e+38 -3.4e+38 -3.4e+38 -3.4e+38 -3.4e+38 -3.4e+38 -3.4e+38 -3.4e+38 -3.4e+38 -3.4e+38 -3.4e+38 -3.4e+38 -3.4e+38 -3.4e+38 -3.4e+38 3.79660014004912e-05 3.36099983542226e-05 2.9495800845325e-05 2.58495001617121e-05 2.40218996623298e-05 2.52997997449711e-05 2.66417991952039e-05 2.80013991869055e-05
0.000231719997827895 0.000218597997445613 -3.4e+38 -3.4e+38 -3.4e+38 -3.4e+38 -3.4e+38 -3.4e+38 -3.4e+38 -3.4e+38 -3.4e+38 -3.4e+38 -3.4e+38 -3.4e+38 -3.4e+38 -3.4e+38 -3.4e+38 -3.4e+38 -3.4e+38 -3.4e+38 -3.4e+38 -3.4e+38 -3.4e+38 -3.4e+38 -3.4e+38 -3.4e+38 -3.4e+38 -3.4e+38 -3.4e+38 -3.4e+38 -3.4e+38 -3.4e+38 -3.4e+38 -3.4e+38 -3.4e+38 -3.4e+38 -3.4e+38 -3.4e+38 -3.4e+38 -3.4e+38 -3.4e+38 -3.4e+38 -3.4e+38 -3.4e+38 -3.4e+38 -3.4e+38 -3.4e+38 -3.4e+38 -3.4e+38 -3.4e+38 -3.4e+38 -3.4e+38 4.6910201490391e-05 4.16736002080142e-05 3.7017700378783e-05 3.25774017255753e-05 2.98930008284515e-05 3.1256400689017e-05 3.26658009726088e-05 3.39026992151048e-05
0.000281818007351831 -3.4e+38 -3.4e+38 -3.4e+38 -3.4e+38 -3.4e+38 -3.4e+38 -3.4e+38 -3.4e+38 -3.4e+38 -3.4e+38 -3.4e+38 -3.4e+38 -3.4e+38 -3.4e+38 -3.4e+38 -3.4e+38 -3.4e+38 -3.4e+38 -3.4e+38 -3.4e+38 -3.4e+38 -3.4e+38 -3.4e+38 -3.4e+38 -3.4e+38 -3.4e+38 -3.4e+38 -3.4e+38 -3.4e+38 -3.4e+38 -3.4e+38 -3.4e+38 -3.4e+38 -3.4e+38 -3.4e+38 -3.4e+38 -3.4e+38 -3.4e+38 -3.4e+38 -3.4e+38 -3.4e+38 -3.4e+38 -3.4e+38 -3.4e+38 -3.4e+38 -3.4e+38 -3.4e+38 -3.4e+38 -3.4e+38 -3.4e+38 -3.4e+38 -3.4e+38 5.55496990273241e-05 5.14733001182321e-05 4.77303983643651e-05 4.52421991212759e-05 4.67130994366016e-05 4.8252801207127e-05 4.98648987559136e-05
-3.4e+38 -3.4e+38 -3.4e+38 -3.4e+38 -3.4e+38 -3.4e+38 -3.4e+38 -3.4e+38 -3.4e+38 -3.4e+38 -3.4e+38 -3.4e+38 -3.4e+38 -3.4e+38 -3.4e+38 -3.4e+38 -3.4e+38 -3.4e+38 -3.4e+38 -3.4e+38 -3.4e+38 -3.4e+38 -3.4e+38 -3.4e+38 -3.4e+38 -3.4e+38 -3.4e+38 -3.4e+38 -3.4e+38 -3.4e+38 -3.4e+38 -3.4e+38 -3.4e+38 -3.4e+38 -3.4e+38 -3.4e+38 -3.4e+38 -3.4e+38 -3.4e+38 -3.4e+38 -3.4e+38 -3.4e+38 -3.4e+38 -3.4e+38 -3.4e+38 -3.4e+38 -3.4e+38 -3.4e+38 -3.4e+38 -3.4e+38 -3.4e+38 -3.4e+38 -3.4e+38 7.48910970287398e-05 7.29097009752877e-05 6.94908012519591e-05 6.76483032293618e-05 7.02006000210531e-05 7.266770262504e-05 7.37332011340186e-05
-3.4e+38 -3.4e+38 -3.4e+38 -3.4e+38 -3.4e+38 -3.4e+38 -3.4e+38 -3.4e+38 -3.4e+38 -3.4e+38 -3.4e+38 -3.4e+38 -3.4e+38 -3.4e+38 -3.4e+38 -3.4e+38 -3.4e+38 -3.4e+38 -3.4e+38 -3.4e+38 -3.4e+38 -3.4e+38 -3.4e+38 -3.4e+38 -3.4e+38 -3.4e+38 -3.4e+38 -3.4e+38 -3.4e+38 -3.4e+38 -3.4e+38 -3.4e+38 -3.4e+38 -3.4e+38 -3.4e+38 -3.4e+38 -3.4e+38 -3.4e+38 -3.4e+38 -3.4e+38 -3.4e+38 -3.4e+38 -3.4e+38 -3.4e+38 -3.4e+38 -3.4e+38 -3.4e+38 -3.4e+38 -3.4e+38 -3.4e+38 -3.4e+38 -3.4e+38 -3.4e+38 0.000111736000690144 0.000116465002065524 0.000121682998724282 0.000123874997370876 0.000115123002615292 0.000107624000520445 0.00010057399776997
-3.4e+38 -3.4e+38 -3.4e+38 -3.4e+38 -3.4e+38 -3.4e+38 -3.4e+38 -3.4e+38 -3.4e+38 -3.4e+38 -3.4e+38 -3.4e+38 -3.4e+38 -3.4e+38 -3.4e+38 -3.4e+38 -3.4e+38 -3.4e+38 -3.4e+38 -3.4e+38 -3.4e+38 -3.4e+38 -3.4e+38 -3.4e+38 -3.4e+38 -3.4e+38 -3.4e+38 -3.4e+38 -3.4e+38 -3.4e+38 -3.4e+38 -3.4e+38 -3.4e+38 -3.4e+38 -3.4e+38 -3.4e+38 -3.4e+38 -3.4e+38 -3.4e+38 -3.4e+38 -3.4e+38 -3.4e+38 -3.4e+38 -3.4e+38 -3.4e+38 -3.4e+38 -3.4e+38 -3.4e+38 -3.4e+38 -3.4e+38 -3.4e+38 -3.4e+38 -3.4e+38 -3.4e+38 0.000187354002264328 0.0002169929939555 0.000231793004786596 -3.4e+38 -3.4e+38 0.000130954998894595
0.00116641004569829 0.00125070998910815 0.00131223001517355 0.00139969005249441 -3.4e+38 -3.4e+38 -3.4e+38 -3.4e+38 -3.4e+38 -3.4e+38 -3.4e+38 -3.4e+38 -3.4e+38 -3.4e+38 -3.4e+38 -3.4e+38 -3.4e+38 -3.4e+38 -3.4e+38 -3.4e+38 -3.4e+38 -3.4e+38 -3.4e+38 -3.4e+38 -3.4e+38 -3.4e+38 -3.4e+38 -3.4e+38 -3.4e+38 -3.4e+38 -3.4e+38 -3.4e+38 -3.4e+38 -3.4e+38 -3.4e+38 -3.4e+38 -3.4e+38 -3.4e+38 -3.4e+38 -3.4e+38 -3.4e+38 -3.4e+38 -3.4e+38 -3.4e+38 -3.4e+38 -3.4e+38 -3.4e+38 -3.4e+38 -3.4e+38 -3.4e+38 -3.4e+38 -3.4e+38 -3.4e+38 -3.4e+38 0.000300965999485925 0.000347536988556385 0.000365260988473892 -3.4e+38 -3.4e+38 -3.4e+38
0.00130078999791294 0.00133262004237622 0.00136018998455256 0.00138649996370077 0.00156462995801121 -3.4e+38 -3.4e+38 -3.4e+38 -3.4e+38 -3.4e+38 -3.4e+38 -3.4e+38 -3.4e+38 -3.4e+38 -3.4e+38 -3.4e+38 -3.4e+38 -3.4e+38 -3.4e+38 -3.4e+38 -3.4e+38 -3.4e+38 -3.4e+38 -3.4e+38 -3.4e+38 -3.4e+38 -3.4e+38 -3.4e+38 -3.4e+38 -3.4e+38 -3.4e+38 -3.4e+38 -3.4e+38 -3.4e+38 -3.4e+38 -3.4e+38 -3.4e+38 -3.4e+38 -3.4e+38 -3.4e+38 -3.4e+38 -3.4e+38 -3.4e+38 -3.4e+38 -3.4e+38 -3.4e+38 -3.4e+38 -3.4e+38 -3.4e+38 -3.4e+38 -3.4e+38 -3.4e+38 -3.4e+38 -3.4e+38 -3.4e+38 0.000470208004117012 0.000490304024424404 -3.4e+38 -3.4e+38 -3.4e+38
0.00143135001417249 0.00142465997487307 0.00139715999830514 0.00150577002204955 0.00166817998979241 0.00203278008848429 0.00252716010436416 -3.4e+38 -3.4e+38 -3.4e+38 -3.4e+38 -3.4e+38 -3.4e+38 -3.4e+38 -3.4e+38 -3.4e+38 -3.4e+38 -3.4e+38 -3.4e+38 -3.4e+38 -3.4e+38 -3.4e+38 -3.4e+38 -3.4e+38 -3.4e+38 -3.4e+38 -3.4e+38 -3.4e+38 -3.4e+38 -3.4e+38 -3.4e+38 -3.4e+38 -3.4e+38 -3.4e+38 -3.4e+38 -3.4e+38 0.000296348996926099 0.000293980003334582 0.000310020986944437 -3.4e+38 -3.4e+38 -3.4e+38 -3.4e+38 -3.4e+38 -3.4e+38 -3.4e+38 -3.4e+38 -3.4e+38 -3.4e+38 0.000630743976216763 -3.4e+38 -3.4e+38 -3.4e+38 -3.4e+38 -3.4e+38 0.000658760021906346 -3.4e+38 -3.4e+38 -3.4e+38 -3.4e+38
0.00215529999695718 0.00208605010993779 0.00210249004885554 0.00222016009502113 0.00233177002519369 0.00252165994606912 0.0029673099052161 0.00350046996027231 -3.4e+38 -3.4e+38 -3.4e+38 -3.4e+38 -3.4e+38 -3.4e+38 -3.4e+38 -3.4e+38 -3.4e+38 -3.4e+38 -3.4e+38 -3.4e+38 -3.4e+38 -3.4e+38 -3.4e+38 -3.4e+38 -3.4e+38 -3.4e+38 -3.4e+38 -3.4e+38 -3.4e+38 -3.4e+38 -3.4e+38 -3.4e+38 -3.4e+38 -3.4e+38 -3.4e+38 -3.4e+38 0.000378691998776048 0.000329964997945353 0.000329319998854771 0.000328641006490216 0.000320978986565024 0.000319312995998189 0.000353601993992925 0.00037875201087445 0.000400129007175565 0.000425729987910017 0.000460131006548181 0.000505020027048886 0.000549619027879089 0.000602135027293116 0.000662243983242661 -3.4e+38 0.000826404022518545 0.000818716012872756 0.000810378987807781 0.000806146010290831 0.000803986971732229 -3.4e+38 -3.4e+38 -3.4e+38
0.00322760990820825 0.00296820001676679 0.0030357800424099 0.00320937996730208 0.00320191006176174 0.00317743001505733 0.00344140990637243 0.00378382997587323 -3.4e+38 -3.4e+38 -3.4e+38 -3.4e+38 -3.4e+38 -3.4e+38 -3.4e+38 -3.4e+38 -3.4e+38 -3.4e+38 -3.4e+38 -3.4e+38 0.00147379003465176 0.00125685997772962 0.00107742997352034 0.00122682994697243 0.0013909200206399 0.00157429999671876 0.00175050995312631 -3.4e+38 -3.4e+38 -3.4e+38 -3.4e+38 0.00163642002735287 0.00133424997329712 -3.4e+38 -3.4e+38 -3.4e+38 0.000483204988995567 0.0003582329954952 0.000338870013365522 0.000320785999065265 0.000265959999524057 0.00024708200362511 0.000317314988933504 0.000370308000128716 0.000402508012484759 0.000426323997089639 0.000452465988928452 0.000477494002552703 0.000486220989841968 0.000582853972446173 0.00072551000630483 0.000910226022824645 0.00121470994781703 0.00111505994573236 0.00104869005735964 0.000980054028332233 0.000967281986959279 0.00105961994268 -3.4e+38 -3.4e+38
0.00444944994524121 0.00409856997430325 0.00399089977145195 0.00398573977872729 0.0039924499578774 0.00428029010072351 0.00483762985095382 0.00545417005196214 -3.4e+38 -3.4e+38 -3.4e+38 -3.4e+38 -3.4e+38 -3.4e+38 -3.4e+38 -3.4e+38 -3.4e+38 0.0036714100278914 0.00287260999903083 0.00230326992459595 0.0019085300154984 0.00155074999202043 0.00125302001833916 0.00143407005816698 0.00163992994930595 0.00184799998532981 0.00203845999203622 0.00204573990777135 0.00203832006081939 0.00202983990311623 0.00193041004240513 0.00168675999157131 0.00149095000233501 0.0013163200346753 0.00106521998532116 -3.4e+38 0.000645068008452654 0.000502658018376678 0.000465171993710101 0.000430393003625795 0.000374870985979214 0.000343821011483669 0.000423357007093728 0.000470478989882395 0.00051609700312838 0.000539490021765232 0.000553107005544007 0.000572569028008729 0.000591297983191907 0.000672006979584694 0.000830481003504246 0.00104891997762024 0.00138691999018192 0.00129229004960507 0.00122072000522166 0.00116721994709224 0.00116435997188091 0.0012689899886027 -3.4e+38 -3.4e+38
0.00602314015850425 0.00545560987666249 0.00503154005855322 -3.4e+38 -3.4e+38 -3.4e+38 0.00829442963004112 -3.4e+38 -3.4e+38 -3.4e+38 -3.4e+38 -3.4e+38 -3.4e+38 -3.4e+38 -3.4e+38 -3.4e+38 0.00854085013270378 0.00625842995941639 0.00450207991525531 0.00326320994645357 0.00242337002418935 0.00174364005215466 0.00132414000108838 0.00156112003605813 0.00181872001849115 0.0021431299392134 0.00231299991719425 0.00220745010301471 0.00208776001818478 0.0020053000189364 0.00181137002073228 0.00158795004244894 0.00142772996332496 0.0012624099617824 0.00113456998951733 0.00102492002770305 0.000925196975003928 0.000834584003314376 0.000772135972511023 0.000722246011719108 0.000674405018799007 0.000653098977636546 0.000705619982909411 0.000762066978495568 0.000822707021143287 0.000845747999846935 0.000841190980281681 0.000835171027574688 0.000860818021465093 0.000914365984499454 0.00100324000231922 0.00111803004983813 0.00126493000425398 0.00128214003052562 0.00130935001652688 0.00134959002025425 0.00136678002309054 0.00141814001835883 0.00154260999988765 0.00168807001318783
0.00874585006386042 -3.4e+38 -3.4e+38 -3.4e+38 -3.4e+38 -3.4e+38 -3.4e+38 -3.4e+38 -3.4e+38 -3.4e+38 -3.4e+38 -3.4e+38 -3.4e+38 0.0340102985501289 0.0279433000832796 0.0211511999368668 0.0151044996455312 0.0102276997640729 0.00686111999675632 0.004632200114429 0.00305756996385753 0.00204044999554753 0.00137468997854739 0.00170329003594816 0.00210095988586545 0.00258919992484152 0.00276156002655625 0.00250943005084991 0.00226194993592799 0.00206185993738472 0.00184478994924575 0.00164886994753033 0.00148424005601555 0.00134711002465338 0.0013447500532493 0.00138317001983523 0.00143256003502756 0.00150659994687885 0.00134797999635339 0.00122130999807268 0.00110900995787233 0.00107862998265773 0.00114912004210055 0.00122457998804748 0.00131536996923387 0.0013419600436464 0.00129892001859844 0.00125704996753484 0.00123843003530055 0.00123660999815911 0.00122511002700776 0.00122254004236311 0.0012321500107646 0.00131730001885444 0.00142280000727624 0.0015445799799636 0.00161418004427105 0.00169513002038002 0.00187830999493599 0.00202233996242285
-3.4e+38 -3.4e+38 -3.4e+38 -3.4e+38 -3.4e+38 -3.4e+38 -3.4e+38 -3.4e+38 -3.4e+38 -3.4e+38 -3.4e+38 0.041108101606369 0.0368717983365059 0.0330084003508091 0.029610900208354 0.0239173006266356 0.0175333004444838 0.0125911999493837 0.00896895956248045 0.00682432996109128 0.0052632000297308 0.00405577989295125 0.00307403993792832 0.00344298011623323 0.00385725009255111 0.00420460989698768 0.00422756979241967 0.00393506977707148 0.0036366400308907 0.00339513993822038 0.0031343000009656 0.0028404900804162 0.00254707993008196 0.0023071700707078 0.00227758008986712 0.00231200992129743 0.00234670005738735 0.00239344011060894 0.002218599896878 0.00205698003992438 0.00194738002028316 0.00186991004738957 0.00188307999633253 0.00190767995081842 0.00194213003851473 0.00193536002188921 0.00188684999011457 0.00185142003465444 0.00188591994810849 0.00186791003216058 0.00182998995296657 0.00178177002817392 0.00173434999305755 0.00180680002085865 0.00189585995394737 0.0019712399225682 0.0020754300057888 0.00232085003517568 0.00260851997882128 0.00283110002055764
-3.4e+38 -3.4e+38 -3.4e+38 -3.4e+38 -3.4e+38 -3.4e+38 -3.4e+38 -3.4e+38 -3.4e+38 0.0435484014451504 0.0388897992670536 0.0361354984343052 0.0345227010548115 0.0343536995351315 0.0342358015477657 0.029415300115943 0.0215344000607729 0.0169067997485399 0.0129019999876618 0.0106290001422167 0.0089818499982357 0.00755540002137423 0.00662002013996243 0.00636126007884741 0.00636141980066895 0.00649718008935452 0.00648359023034573 0.00603268994018435 0.0056169698946178 0.00526568992063403 0.00489987013861537 0.00449666986241937 0.00408447021618485 0.00374397006817162 0.00367376999929547 0.00367324007675052 0.00367267988622189 0.00367208011448383 0.00355819007381797 0.00344711006619036 0.00334637006744742 0.00325439008884132 0.00316026993095875 0.00304045993834734 0.00295182992704213 0.00287488009780645 0.00282866996712983 0.0028169599827379 0.00283963000401855 0.00277693988755345 0.0026859100908041 0.00259680999442935 0.00251633999869227 0.00256526004523039 0.00260550994426012 0.00264984997920692 0.00276905996724963 0.00312490994110703 0.00352535001002252 0.00396285997703671
-3.4e+38 -3.4e+38 -3.4e+38 -3.4e+38 0.0371522009372711 0.0441639982163906 0.0523663982748985 -3.4e+38 -3.4e+38 0.0468866005539894 0.0417611002922058 0.0388281010091305 -3.4e+38 0.0398644991219044 -3.4e+38 -3.4e+38 0.0277133993804455 0.0220828000456095 0.01761220023036 0.015573900192976 0.0138509999960661 0.0128892995417118 0.0122709004208446 0.0115259001031518 0.0112501997500658 0.010984499938786 0.0105729000642896 0.00994526967406273 0.00930432975292206 0.00879583973437548 0.00804079044610262 0.0071843801997602 0.00644895015284419 0.0058185001835227 0.00567416986450553 0.00565409986302257 0.00564166018739343 0.00562905985862017 0.00552882999181747 0.00542054977267981 0.00532168988138437 0.00515537010505795 0.00487934984266758 0.00463450979441404 0.00443586008623242 0.00421743001788855 0.00407811999320984 0.00403029005974531 0.00404553022235632 0.00397324003279209 0.00381957995705307 0.00368332001380622 0.00352912000380456 0.00358877005055547 0.00364919006824493 0.00370972999371588 0.00385118997655809 0.00431632995605469 0.00483012013137341 0.00542338006198406
-3.4e+38 -3.4e+38 0.0394424013793468 0.0397460982203484 0.0416885018348694 0.0444503985345364 0.0479827001690865 0.0525222010910511 -3.4e+38 -3.4e+38 -3.4e+38 0.047443300485611 0.0463000982999802 0.0471703000366688 0.0482454001903534 0.0426087006926537 0.0334925018250942 0.0290054995566607 0.0242475997656584 0.0223635006695986 0.0220491997897625 0.0222779996693134 0.0220125000923872 0.0204799994826317 0.0192096997052431 0.0182453002780676 0.0170032996684313 0.016006700694561 0.0148737002164125 0.0137571999803185 0.0124821998178959 0.0109804999083281 0.00973892025649548 0.00859254971146584 0.0081905797123909 0.00808463990688324 0.00810080021619797 0.00813634041696787 0.00801786035299301 0.00790072977542877 0.00778497010469437 0.00757978018373251 0.00718651991337538 0.00677822018042207 0.00642684008926153 0.00609437981620431 0.00578319001942873 0.00568627985194325 0.00555721996352077 0.00543260015547276 0.00529177021235228 0.00511277001351118 0.00485701998695731 0.00497684022411704 0.00509922998026013 0.00522424979135394 0.00546093005686998 0.0060411999002099 0.0066681900061667 0.00741748977452517
-3.4e+38 0.0560196004807949 0.0527545996010303 0.0534414984285831 0.0530189014971256 -3.4e+38 -3.4e+38 0.0541904009878635 -3.4e+38 -3.4e+38 0.0578422993421555 0.0605011992156506 0.0562651008367538 0.0560376010835171 0.0554798990488052 0.0501178987324238 0.0425027012825012 -3.4e+38 -3.4e+38 -3.4e+38 -3.4e+38 0.0368295013904572 0.0379417985677719 0.0341582000255585 0.0317656993865967 0.0290178991854191 0.0267230998724699 0.0250834003090858 0.0229349993169308 0.0212447997182608 0.018970400094986 0.0165091007947922 0.0144007001072168 0.0124260997399688 0.0117632998153567 0.0117699997499585 0.0116146001964808 0.011668499559164 0.0116152996197343 0.0115617997944355 0.011501899920404 0.0112982001155615 0.0105873001739383 0.00990657974034548 0.00925796013325453 0.00866018980741501 0.00822761002928019 0.00792455021291971 0.00771623989567161 0.00743765011429787 0.00720787001773715 0.00695734983310103 0.00655533000826836 0.00682399002835155 0.00707475980743766 0.00739357993006706 0.00773520022630692 0.00823557004332542 0.00891441013664007 0.0102430004626513
-3.4e+38 0.0691410005092621 0.0687697976827621 0.0688140019774437 0.0700206980109215 0.0692856013774872 0.0700355991721153 0.0742096975445747 0.0761255994439125 0.0780706033110619 0.0807918012142181 0.0809490978717804 0.0762811005115509 0.0719958990812302 0.0696932002902031 0.0650051012635231 0.0578425005078316 -3.4e+38 -3.4e+38 -3.4e+38 -3.4e+38 0.0519425012171268 0.0525790005922318 0.0465116985142231 0.0422937013208866 0.0382139012217522 0.0348202995955944 0.0324582010507584 0.0301609002053738 0.0280041992664337 0.0259559992700815 0.0239142999053001 0.0220421999692917 0.0202013999223709 0.0189213994890451 0.0180529002100229 0.0174203999340534 0.0173182003200054 0.0172766000032425 0.0172800999134779 0.0176574997603893 0.0173618998378515 0.0158661995083094 0.0146947996690869 0.0136011997237802 0.0124391000717878 0.0116689996793866 0.010742399841547 0.00995117984712124 0.00965228024870157 0.00952253025025129 0.00953240040689707 0.00914612039923668 0.00964859966188669 0.0101869003847241 0.010780899785459 0.0114719001576304 0.0123867997899652 0.01342189963907 0.0145316999405622
-3.4e+38 -3.4e+38 0.090003103017807 0.0960317030549049 0.099963903427124 0.105898998677731 0.112001001834869 0.118983998894691 0.116833001375198 0.113692000508308 0.111143998801708 0.107381001114845 0.100607000291348 0.0942569002509117 0.0908517986536026 0.0854813978075981 0.0776491016149521 -3.4e+38 -3.4e+38 -3.4e+38 -3.4e+38 0.0694558024406433 0.0697565004229546 0.0624468997120857 0.0555039010941982 0.0490516014397144 0.0438865013420582 0.0413985997438431 0.039037499576807 0.0365258008241653 0.0347710996866226 0.033516600728035 0.032370001077652 0.0312169995158911 0.0290920007973909 0.0269070994108915 0.0260946992784739 0.0258683003485203 0.0261227991431952 0.0265155993402004 0.0273426994681358 0.0272921994328499 0.0247517991811037 0.0223309006541967 0.0200196001678705 0.0180291999131441 0.0162067990750074 0.0144063998013735 0.0126524996012449 0.0123993000015616 0.0125521002337337 0.0127029996365309 0.0127493003383279 0.0136192003265023 0.0145030003041029 0.0154969999566674 0.0167146008461714 0.0182988997548819 0.0198356006294489 0.0213492996990681
-3.4e+38 -3.4e+38 0.118676997721195 0.127308994531631 0.136904001235962 0.146542996168137 0.154460996389389 -3.4e+38 0.156292006373405 0.147618994116783 0.139323994517326 0.131487995386124 0.1239849999547 0.118242003023624 0.114795997738838 0.108800001442432 0.102040998637676 -3.4e+38 -3.4e+38 -3.4e+38 -3.4e+38 0.0925858989357948 0.0922389030456543 0.0833403021097183 0.0732510983943939 0.0641075000166893 0.0578145012259483 0.0549946986138821 0.0522795990109444 0.0496676005423069 0.0480212010443211 0.0472657009959221 0.046663299202919 0.0461678989231586 0.043105099350214 0.040394701063633 0.0395221002399921 0.0387201011180878 0.0395945012569427 0.0405695997178555 0.0414954014122486 0.0413307994604111 0.0367617011070251 0.0332201011478901 0.0302501004189253 0.0266948994249105 0.0233552996069193 0.0208516009151936 0.0182460993528366 0.0176647994667292 0.0178513992577791 0.0179887991398573 0.0180302001535892 0.0191223993897438 0.0202939007431269 0.0213904995471239 0.022163899615407 0.0218509994447231 0.0215256996452808 0.0212744995951653
-3.4e+38 0.144668996334076 0.151342004537582 0.15820500254631 -3.4e+38 -3.4e+38 -3.4e+38 0.18758399784565 0.177584007382393 0.167542994022369 0.158248007297516 0.150414004921913 0.145637005567551 0.142100006341934 0.139062002301216 0.133246004581451 0.128977999091148 0.124388001859188 0.1199010014534 0.120134003460407 0.122290000319481 0.121849000453949 0.122634001076221 0.109053999185562 0.0971055030822754 0.0869230031967163 0.079426996409893 0.0762851983308792 0.0729202032089233 0.0706117004156113 0.0677999034523964 0.0660332962870598 0.0646084994077682 0.063232496380806 0.0613089017570019 0.0587272010743618 0.0579041987657547 0.0578704997897148 0.0586512982845306 0.0593121983110905 0.0586110018193722 0.0561175011098385 0.0529516004025936 0.0483357012271881 0.043868001550436 0.0397416986525059 0.036184199154377 0.0320836007595062 0.0288514997810125 0.02778559923172 0.0275999996811152 0.0269802995026112 0.0264634005725384 0.0268370006233454 0.027233399450779 0.0276535004377365 0.0263778008520603 0.0211258009076118 0.0168430991470814 0.0136462999507785
0.182083994150162 0.18436299264431 0.18724699318409 0.191126003861427 -3.4e+38 -3.4e+38 -3.4e+38 -3.4e+38 0.200800001621246 0.187646001577377 0.179579004645348 0.173731997609138 0.171682998538017 0.169909000396729 0.167073994874954 0.164430007338524 0.162424996495247 0.158919006586075 0.154072001576424 0.15378700196743 0.155138000845909 0.155442997813225 0.156306996941566 0.140208005905151 0.126991003751755 0.114681996405125 0.106577001512051 0.103917002677917 0.103021003305912 0.101548001170158 0.0976155027747154 0.092390201985836 0.0871772021055222 0.0843079015612602 0.084143303334713 0.0843290984630585 0.0891482979059219 -3.4e+38 -3.4e+38 -3.4e+38 0.0764989033341408 0.073912002146244 0.0693475976586342 0.0659554973244667 0.0626797005534172 0.058295700699091 0.0540717989206314 0.049217700958252 0.0449298992753029 0.042662899941206 0.0417283996939659 0.0398044995963573 0.0377473011612892 0.0369479991495609 0.0361573994159698 0.0364075005054474 0.0335602015256882 0.0218780003488064 0.0145030003041029 0.00831315014511347
0.163252994418144 0.180065006017685 0.199828997254372 0.221090003848076 -3.4e+38 -3.4e+38 -3.4e+38 -3.4e+38 0.232548996806145 0.218781992793083 0.206152006983757 0.198630005121231 0.195517003536224 0.193120002746582 0.190007999539375 0.187698006629944 0.187951996922493 0.186846002936363 0.187022000551224 0.186683997511864 0.186966001987457 0.188174992799759 0.18885600566864 0.176736995577812 0.16575300693512 0.15863299369812 0.150079995393753 0.137433007359505 0.129152998328209 0.121798999607563 0.119286000728607 0.120517998933792 0.121991999447346 0.123364999890327 0.126831993460655 0.131630003452301 0.135043993592262 0.139806002378464 -3.4e+38 -3.4e+38 -3.4e+38 0.10683199763298 -3.4e+38 0.0844373032450676 0.0752855986356735 0.0704218000173569 0.0695985034108162 0.0689444020390511 0.0681722015142441 0.066513903439045 0.0637743026018143 0.0606609992682934 0.0574342012405396 0.0568750984966755 0.0558825992047787 0.055162001401186 0.052539799362421 -3.4e+38 -3.4e+38 -3.4e+38
