results/Predictions/Median/Ypresian.asc
NCOLS 360 
NROWS 180 
XLLCORNER -180 
YLLCORNER -90 
CELLSIZE 1 
NODATA_value -3.4e+38 
[rows 140 to 159 of 180, columns 176 to 219 of 360]
7.04660988049e-06 7.16375006959424e-06 7.29672001398285e-06 7.43930013413774e-06 7.55885002945433e-06 7.65389995649457e-06 7.74961972638266e-06 7.84888015914476e-06 7.93777962826425e-06 8.02831982582575e-06 8.15062958281487e-06 8.28150041343179e-06 8.48377021611668e-06 8.65350011736155e-06 8.88654994923854e-06 9.12675022846088e-06 9.35757998377085e-06 9.5942996267695e-06 9.85375027084956e-06 1.00638999356306e-05 1.01435998658417e-05 1.0222899618384e-05 1.03028996818466e-05 1.02573003459838e-05 1.01628002084908e-05 1.00691004263354e-05 9.97630013443995e-06 9.69789016380673e-06 9.43536997510819e-06 9.17289980861824e-06 8.94330969458679e-06 8.87245005287696e-06 8.80214975040872e-06 8.7317102952511e-06 8.67495964484988e-06 8.64622961671557e-06 8.55383041198365e-06 8.46234979690053e-06 8.25368988444097e-06 8.02215981821064e-06 7.78547018853715e-06 7.57841007725801e-06 7.26104008208495e-06 6.9519401222351e-06
5.58140982320765e-06 5.70026986679295e-06 5.82166012463858e-06 5.94564016864751e-06 6.05424020250211e-06 6.16170018474804e-06 6.27108011030941e-06 6.38239998806966e-06 6.48632021693629e-06 6.56663996778661e-06 6.64739991407259e-06 6.72918986310833e-06 6.85363011143636e-06 6.9827701736358e-06 7.10957010596758e-06 7.23914990885532e-06 7.36497986508766e-06 7.53334006731166e-06 7.70968017604901e-06 7.84050007496262e-06 7.92086029832717e-06 8.00205998530146e-06 8.08408003649674e-06 8.06889966042945e-06 8.00179986981675e-06 7.93439994595246e-06 7.86756027082447e-06 7.67904020904098e-06 7.50682011130266e-06 7.34125978851807e-06 7.18901992513565e-06 7.10098993295105e-06 7.02601982993656e-06 6.94285017743823e-06 6.84647011439665e-06 6.73934982842184e-06 6.6169300225738e-06 6.49672983854543e-06 6.294800186879e-06 6.0722900343535e-06 5.85764018978807e-06 5.65059008295066e-06 6.06245021117502e-06 5.15068995809997e-06
4.36744994658511e-06 4.48834998678649e-06 4.61240006188746e-06 4.73987984150881e-06 4.85851978737628e-06 4.9662298806652e-06 5.07635013491381e-06 5.18893011758337e-06 5.27828979102196e-06 5.34107994099031e-06 5.40460996489855e-06 5.46811997992336e-06 5.55054020878742e-06 5.64638003197615e-06 5.74649993723142e-06 5.83935980102979e-06 5.90620993534685e-06 5.97383996137069e-06 6.04222987021785e-06 6.10731012784527e-06 6.16895022176323e-06 6.23121013632044e-06 6.29409987595864e-06 6.30152999292477e-06 6.29036003374495e-06 6.27921008344856e-06 6.26808014203561e-06 6.16375018580584e-06 6.06117009738227e-06 5.9602798501146e-06 5.85747011427884e-06 5.74580008105841e-06 5.6362500799878e-06 5.5288001021836e-06 5.40413020644337e-06 5.2635100473708e-06 5.12655014972552e-06 4.99316001878469e-06 4.8010501814133e-06 4.59656985185575e-06 4.40081021224614e-06 4.21050981458393e-06 4.0028598959907e-06 3.80540996047785e-06
3.469979901638e-06 3.56202008333639e-06 3.65649998457229e-06 3.75566992261156e-06 3.85348994313972e-06 3.94517019230989e-06 4.03894000555738e-06 4.13483985539642e-06 4.20529977418482e-06 4.27180020778906e-06 4.35361016570823e-06 4.43698991148267e-06 4.50880997959757e-06 4.58179010820459e-06 4.65595985588152e-06 4.72421015729196e-06 4.7718599489599e-06 4.81999995827209e-06 4.86862018078682e-06 4.90923002871568e-06 4.94161986352992e-06 4.97422979606199e-06 5.00704982187017e-06 5.004169906897e-06 4.98353983857669e-06 4.96128996019252e-06 4.93913012178382e-06 4.85858981846832e-06 4.77938010590151e-06 4.69766018795781e-06 4.61112995253643e-06 4.50849984190427e-06 4.40809981228085e-06 4.30985983257415e-06 4.19269008489209e-06 4.05825994675979e-06 3.92806987292715e-06 3.80201004190894e-06 3.62853006663499e-06 3.46751994584338e-06 3.30968009620847e-06 3.1592999221175e-06 3.02050989375857e-06 2.89406989395502e-06
2.79360006061324e-06 2.86123008663708e-06 2.92916001853882e-06 3.00262991004274e-06 3.0813400826446e-06 3.1495399070991e-06 3.21826996696473e-06 3.28807004734699e-06 3.3481699119875e-06 3.41241002388415e-06 3.48261005456152e-06 3.55418001163343e-06 3.60693002221524e-06 3.66040990229521e-06 3.71463011106243e-06 3.76387993128446e-06 3.79640005121473e-06 3.82919006369775e-06 3.86222018278204e-06 3.88383978133788e-06 3.89385013477295e-06 3.9038800423441e-06 3.91392995879869e-06 3.89952992918552e-06 3.87706995752524e-06 3.85473003916559e-06 3.83251017410657e-06 3.76627008336072e-06 3.70116003978183e-06 3.63718004336988e-06 3.56747000296309e-06 3.47906006936682e-06 3.39289999828907e-06 3.32238005285035e-06 3.22808000419172e-06 3.1250699521479e-06 3.02329999612994e-06 2.91169999400154e-06 2.77790991276561e-06 2.64606001110224e-06 2.50142011282151e-06 2.3637799131393e-06 2.27004011321696e-06 2.18475997826317e-06
2.25363010031288e-06 2.31014996643353e-06 2.36805999520584e-06 2.43064005189808e-06 2.49615004577208e-06 2.55608006227703e-06 2.62178991761175e-06 2.68921007773315e-06 2.74944000011601e-06 2.80801009466813e-06 2.86086992673518e-06 2.91168998955982e-06 2.94599999506318e-06 2.98071995530336e-06 3.01585009765404e-06 3.0470600904664e-06 3.06548008666141e-06 3.08400990434166e-06 3.10264999825449e-06 3.11263988805877e-06 3.11387998408463e-06 3.11513008455222e-06 3.11636995320441e-06 3.10263999381277e-06 3.08401990878338e-06 3.06551009998657e-06 3.047110112675e-06 3.00199008052005e-06 2.95753989121295e-06 2.91374999505933e-06 2.8597798973351e-06 2.78627999250602e-06 2.71469002655067e-06 2.64889990830852e-06 2.56601992987271e-06 2.45968999479373e-06 2.35776997214998e-06 2.26116003432253e-06 2.1542500689975e-06 2.04690991267853e-06 1.93947994375776e-06 1.83591998847987e-06 1.78905997927359e-06 1.74810998032626e-06
1.87179000477045e-06 1.91628009815759e-06 1.96179007616593e-06 2.00836007024918e-06 2.05574997380609e-06 2.10399002753547e-06 2.15331010622322e-06 2.2062399693823e-06 2.25512008000806e-06 2.30265004574903e-06 2.35118000091461e-06 2.40073995882994e-06 2.43276008404791e-06 2.46520994551247e-06 2.49659001383407e-06 2.52464997174684e-06 2.53889993473422e-06 2.55321992881363e-06 2.56762996286852e-06 2.57267993220012e-06 2.56960993283428e-06 2.56653993346845e-06 2.56347993854433e-06 2.54381006925541e-06 2.52149993684725e-06 2.49664003604266e-06 2.47202001446567e-06 2.42462010646705e-06 2.37811991610215e-06 2.33252990256005e-06 2.28097997023724e-06 2.21791992771614e-06 2.15863997254928e-06 2.10096004593652e-06 2.03060994863336e-06 1.94726999325212e-06 1.86737997864839e-06 1.79151004431333e-06 1.71680994753842e-06 1.64895004672871e-06 1.57419003699033e-06 1.50237997331715e-06 1.48558001455967e-06 1.46890999985771e-06
1.55327995798871e-06 1.58468003519374e-06 1.62265996550559e-06 1.66152995006996e-06 1.6997099692162e-06 1.73902003552939e-06 1.77922004240827e-06 1.82030998985283e-06 1.85702003818733e-06 1.89263994343492e-06 1.92893003259087e-06 1.9682800029841e-06 1.9937499473599e-06 2.01725993065338e-06 2.04013008442416e-06 2.05899004868115e-06 2.0651700651797e-06 2.07135008167825e-06 2.07756011150195e-06 2.07828998100013e-06 2.07353991754644e-06 2.06881009034987e-06 2.06428990168206e-06 2.0466000023589e-06 2.02455998987716e-06 2.00276008399669e-06 1.98119005290209e-06 1.94304993783589e-06 1.90507000752405e-06 1.8656600104805e-06 1.82336998477695e-06 1.77128003997495e-06 1.72068996562302e-06 1.67154996688623e-06 1.62112996804353e-06 1.56546002472169e-06 1.5044099654915e-06 1.44574994465074e-06 1.38766995405604e-06 1.33068999730312e-06 1.27605005673104e-06 1.22146002468071e-06 1.22458004625514e-06 1.22897995424864e-06
1.33822004499962e-06 1.37220001761307e-06 1.40190002184681e-06 1.43220995596494e-06 1.46367995057517e-06 1.49637003232783e-06 1.52799998431874e-06 1.55722000272362e-06 1.58206000833161e-06 1.60564002271713e-06 1.63651998263958e-06 1.66849997640384e-06 1.68729002325563e-06 1.70630005413841e-06 1.72551995092363e-06 1.74106003214547e-06 1.74499996319355e-06 1.74895001237019e-06 1.75290995230171e-06 1.74936997154873e-06 1.73837997863302e-06 1.72746001680935e-06 1.71660997239087e-06 1.69375005043548e-06 1.66723998518137e-06 1.64113998835091e-06 1.61545995069901e-06 1.57843999204488e-06 1.54842996380467e-06 1.52149004861712e-06 1.48957997225807e-06 1.45162005082966e-06 1.41462999181385e-06 1.37859001370089e-06 1.33696994453203e-06 1.29033003304357e-06 1.24941004742141e-06 1.20188997243531e-06 1.16290004825714e-06 1.12611996883061e-06 1.0905099543379e-06 1.05601998257043e-06 1.07900996226817e-06 1.10244002371473e-06
1.14314002530591e-06 1.17103002139629e-06 1.19958997402136e-06 1.22886001463485e-06 1.25892995583854e-06 1.28766998841456e-06 1.31539002268255e-06 1.34368997350975e-06 1.36784001369961e-06 1.39080998451391e-06 1.41416001042671e-06 1.4378999821929e-06 1.44984005601145e-06 1.46018999203079e-06 1.47003004258295e-06 1.47754997215088e-06 1.47793002724939e-06 1.47831997310277e-06 1.47870002820127e-06 1.47291996199783e-06 1.46105003295816e-06 1.44928003464884e-06 1.43759996262816e-06 1.41446002999146e-06 1.3884100553696e-06 1.36284995733149e-06 1.33775995436736e-06 1.30542002807488e-06 1.27385999348917e-06 1.24305995541363e-06 1.21308994494029e-06 1.1841200375784e-06 1.15582997750607e-06 1.12587997591618e-06 1.09738004994142e-06 1.06362995211384e-06 1.03091997516458e-06 9.99211010821455e-07 9.75206944531237e-07 9.53963990468765e-07 9.33723015350552e-07 9.16016972496436e-07 9.4796598659741e-07 9.84426037575759e-07
1.00698002825084e-06 1.0255499773848e-06 1.04929995359271e-06 1.07359994672152e-06 1.09825998606539e-06 1.12326995349576e-06 1.14884994673048e-06 1.17501997465297e-06 1.1963300039497e-06 1.21618995763129e-06 1.23429003906494e-06 1.25226995351113e-06 1.25760004721087e-06 1.26295003610721e-06 1.26832003388699e-06 1.27076998523989e-06 1.26441000247723e-06 1.25808003303973e-06 1.25178996768227e-06 1.24043003779661e-06 1.22414996894804e-06 1.2080899978173e-06 1.19224000627582e-06 1.17337003757711e-06 1.15374996312312e-06 1.13295004666725e-06 1.1122499472549e-06 1.08683002508769e-06 1.06199001947971e-06 1.03772003967606e-06 1.01337002433866e-06 9.96589960777783e-07 9.75922944235208e-07 9.53186997776356e-07 9.26198026718339e-07 8.95350979135401e-07 8.67558014761016e-07 8.38920016121847e-07 8.17197019387095e-07 8.00895975316962e-07 7.83868983944558e-07 7.60043008085631e-07 8.08426023013453e-07 8.49641992317629e-07
9.23512004646909e-07 9.35920013489522e-07 9.48497017816408e-07 9.62513013291755e-07 9.82656956693972e-07 1.00234001365607e-06 1.02241995136865e-06 1.04288994862145e-06 1.0583299854261e-06 1.07215998923493e-06 1.08616995930788e-06 1.10036000933178e-06 1.09910001810931e-06 1.09784002688684e-06 1.09658003566437e-06 1.09114000679256e-06 1.0733699582488e-06 1.05589003851492e-06 1.0386900157755e-06 1.02123999567993e-06 1.00354998266994e-06 9.86166014627088e-07 9.71091026258364e-07 9.59763951868808e-07 9.48654019339301e-07 9.3767300768377e-07 9.28944018596667e-07 9.20183993002865e-07 9.13596977625275e-07 9.07057994936622e-07 8.93242997790367e-07 8.7212998778341e-07 8.51475022045634e-07 8.31304987514159e-07 8.03671980520448e-07 7.69435018810327e-07 7.32768000943906e-07 6.91544983055792e-07 6.60557986975618e-07 6.33218007806136e-07 6.07126992235862e-07 5.82112988922745e-07 6.28939005764551e-07 6.77158027428959e-07
8.38996982110984e-07 8.55884991324274e-07 8.68652023200411e-07 8.79676974818722e-07 8.90375986273284e-07 9.0073501723964e-07 9.11215977339452e-07 9.25626011394343e-07 9.36249023197888e-07 9.45187991874263e-07 9.54211031967134e-07 9.63320985647442e-07 9.55707946559414e-07 9.48156014146662e-07 9.40663994697388e-07 9.28719998682936e-07 9.04882995200751e-07 8.8458801883462e-07 8.69750010679127e-07 8.58343980780774e-07 8.41661005779315e-07 8.25291010642104e-07 8.09228993148281e-07 8.03936984539178e-07 8.0216699416269e-07 8.00392001565342e-07 7.98610017227475e-07 7.94890013366967e-07 7.91185016169038e-07 7.87495991971809e-07 7.79994991262356e-07 7.61252977099502e-07 7.42888971672073e-07 7.24895983239549e-07 6.94580990057148e-07 6.44459021259536e-07 5.97962014126097e-07 5.58815997919737e-07 5.26491987784539e-07 5.02097975640936e-07 4.85928978832817e-07 4.6064599246165e-07 5.02867976592825e-07 5.37018991053628e-07
7.89888986219012e-07 7.98850010141905e-07 8.07911987976695e-07 8.16854992535809e-07 8.19882984615106e-07 8.21466983325081e-07 8.23053994736256e-07 8.2464401884863e-07 8.24511971586617e-07 8.23805976324365e-07 8.23101004243654e-07 8.22396998501063e-07 8.13718997960677e-07 8.11072993656126e-07 8.08583024536347e-07 7.96643007561215e-07 7.73474994275603e-07 7.50954995965003e-07 7.29064993265638e-07 7.10960023297957e-07 6.95546987117268e-07 6.80708978961775e-07 6.6615598370845e-07 6.63629009522992e-07 6.65044979086815e-07 6.66454013753537e-07 6.6785497665478e-07 6.64598019284313e-07 6.61354022213345e-07 6.58125998143078e-07 6.51244022265018e-07 6.27581016487966e-07 5.93914990076883e-07 5.68179984838935e-07 5.32592025592749e-07 4.91490027343389e-07 4.66880010208115e-07 4.31463007544153e-07 3.97099000792878e-07 3.6915599821441e-07 3.40332007908728e-07 3.17173999064835e-07 3.54594988039025e-07 4.04263005293615e-07
7.4367602564962e-07 7.4564002261468e-07 7.4760998813872e-07 7.49583989545499e-07 7.4808002636928e-07 7.42580994028685e-07 7.37300013042841e-07 7.32058026642335e-07 7.27016981727502e-07 7.23385028322809e-07 7.19236027180159e-07 7.13100973825931e-07 7.02566978816321e-07 6.93000004048372e-07 6.82697987031133e-07 6.69286009724601e-07 6.48213983822643e-07 6.2871998807168e-07 6.09234973580897e-07 5.89728017530433e-07 5.71933981063921e-07 5.47628985714255e-07 5.30306010659842e-07 5.29816020389262e-07 5.34009018338111e-07 5.4088098977445e-07 5.48106015685335e-07 5.44249019185372e-07 5.40679991445359e-07 5.37135974809644e-07 5.26473002082639e-07 5.04263994116627e-07 4.72251997507556e-07 4.49515994205285e-07 4.17954993281455e-07 3.73207001302944e-07 3.3710600177983e-07 3.07335000115927e-07 2.7692701110027e-07 2.54871991955952e-07 2.29218002800735e-07 2.10213002560522e-07 2.43572998215313e-07 2.85900995322663e-07
6.53218023671798e-07 6.52985988836008e-07 6.52752987662097e-07 6.52521009669726e-07 6.48164984795585e-07 6.39611982933275e-07 6.3116101500782e-07 6.22812024175801e-07 6.15208989529492e-07 6.0743298035959e-07 6.00544012741011e-07 5.93424999806302e-07 5.79277980250481e-07 5.66271012303332e-07 5.53537006453553e-07 5.35642982413265e-07 5.04728973282909e-07 4.73774008469263e-07 4.53766006103251e-07 4.3667398585967e-07 4.22884994577544e-07 3.99350000179766e-07 3.76619993858185e-07 3.78864001504553e-07 3.89408000955882e-07 4.00246989329389e-07 4.11117014209594e-07 4.12074996347656e-07 4.13035991186916e-07 4.13999998727377e-07 4.07133995850018e-07 3.76270008928259e-07 3.52842988604607e-07 3.2143501016435e-07 2.94848007342807e-07 2.64392014059922e-07 2.37085004073379e-07 2.13825998685024e-07 1.96306999100671e-07 1.75815998204598e-07 1.63634993555206e-07 1.50435994328291e-07 1.79047006554356e-07 2.22617998701935e-07
5.16521026838745e-07 5.18033004937024e-07 5.19549985256162e-07 5.210699782765e-07 5.19063974024903e-07 5.13571023930126e-07 5.08135997279169e-07 5.02757984577329e-07 4.97083988193481e-07 4.91303012495337e-07 4.85558018681331e-07 4.74019003604553e-07 4.4940898646928e-07 4.32547011541828e-07 4.16624999388659e-07 3.99133995188095e-07 3.74315987983209e-07 3.44296012144696e-07 3.07899995277694e-07 2.85598986238256e-07 2.60658993056495e-07 2.4291500722029e-07 2.19951999724799e-07 2.24646001356632e-07 2.37037994565981e-07 2.49207005253993e-07 2.58623998661278e-07 2.62563986552777e-07 2.74300987257448e-07 2.78447004120608e-07 2.78794004771044e-07 2.60726011447332e-07 2.36527000652131e-07 2.107500023385e-07 1.94489004456955e-07 1.78156994934398e-07 1.62272996817592e-07 1.49159006923583e-07 1.39115002184553e-07 1.3013800526096e-07 1.21740995950859e-07 1.12484002556812e-07 1.46445003679219e-07 1.9239500659296e-07
4.08997010481471e-07 4.1197799305337e-07 4.14981002450077e-07 4.18007005009713e-07 4.17395000340548e-07 4.12050013665066e-07 4.05959013960455e-07 3.98526992739789e-07 3.92230987245057e-07 3.87960994885361e-07 3.83738012033064e-07 3.79560987084915e-07 3.61430011253105e-07 3.37891009394298e-07 3.05614008766497e-07 2.83620011032326e-07 2.57663998581847e-07 2.27089003601577e-07 2.04890000077285e-07 1.84902006594712e-07 1.554719943897e-07 1.2756500211708e-07 1.07714001273962e-07 1.1185399984015e-07 1.25428002206718e-07 1.37070998107447e-07 1.55243995436649e-07 1.64864005114396e-07 1.74606000769018e-07 1.84924004997811e-07 1.87476004498421e-07 1.6670800562224e-07 1.50500994777758e-07 1.32248004547364e-07 1.2367199531127e-07 1.20352993349115e-07 0.000241928995819762 0.000223755996557884 0.000230335994274355 3.44143991242163e-05 2.83571012005268e-07 9.33902015276544e-07 1.95820994122187e-05 -3.4e+38
2.97284998396208e-07 2.97387003911354e-07 2.95549995144029e-07 2.93724013999963e-07 2.88009999849237e-07 2.7863501372849e-07 2.74255995691419e-07 2.73247991344761e-07 2.71259011697111e-07 2.63754998286458e-07 2.6126400598514e-07 2.55481012345626e-07 2.38659993101464e-07 2.2739199323496e-07 2.16684000520218e-07 2.04808003445578e-07 1.87628003800455e-07 1.68729997085393e-07 1.51734994346953e-07 1.43684999898142e-07 1.3199100123984e-07 1.15631003438921e-07 1.04557997815391e-07 1.0353399915175e-07 1.07703002072412e-07 1.10358996607829e-07 1.16683999351608e-07 1.34504006155112e-07 1.51155006733461e-07 1.69876997802021e-07 1.80353993073368e-07 1.64924998102833e-07 1.6329299512563e-07 2.15528999092385e-07 6.0626000049524e-05 0.000263674010057002 -3.4e+38 -3.4e+38 -3.4e+38 -3.4e+38 -3.4e+38 -3.4e+38 -3.4e+38 -3.4e+38
1.90731995530768e-07 1.91300998153565e-07 1.91894997669806e-07 1.92483000205357e-07 1.91538006788505e-07 1.83821001087381e-07 1.7637600535636e-07 1.69231995528207e-07 1.65109000249686e-07 1.61984004876103e-07 1.58918993520274e-07 1.56408006546371e-07 1.53478993070166e-07 1.51085998822964e-07 1.4873299392093e-07 1.01487000847555e-06 1.62080996233271e-05 1.09016000351403e-05 3.08634989778511e-05 0.000230357996770181 0.000225277006393299 0.000235179002629593 0.000114205002319068 1.65844005550753e-06 1.13163999060362e-07 5.86204976116278e-07 1.82873998255673e-06 5.59288992008078e-06 0.000120452998089604 0.000342502986313775 0.00039394199848175 0.000367581989848986 0.000336630007950589 0.00030710399732925 -3.4e+38 -3.4e+38 -3.4e+38 -3.4e+38 -3.4e+38 -3.4e+38 -3.4e+38 -3.4e+38 -3.4e+38 -3.4e+38
