results/Predictions/Median/Ypresian.asc
NCOLS 360 
NROWS 180 
XLLCORNER -180 
YLLCORNER -90 
CELLSIZE 1 
NODATA_value -3.4e+38 
[rows 0 to 19 of 180, columns 132 to 175 of 360]
5.75685987769248e-08 5.75982994632795e-08 5.76280001496343e-08 5.7665300090548e-08 5.77100998100377e-08 5.77548995295274e-08 5.77996992490171e-08 5.78477994395143e-08 5.78970009712521e-08 5.79461989502761e-08 5.79954999579968e-08 5.80564005758788e-08 5.81356012219203e-08 5.82488013378679e-08 5.83792001407346e-08 5.85609001291232e-08 5.87432005261235e-08 5.89259983030388e-08 5.91322013576701e-08 5.93601008347378e-08 5.95337006359387e-08 5.96139031472376e-08 5.98232006154831e-08 6.02620033873791e-08 6.05836021350115e-08 6.06316987727951e-08 6.0570400250981e-08 6.050920120515e-08 6.0448002159319e-08 6.03936030074692e-08 6.03592980041867e-08 6.03250995823146e-08 6.02908016844594e-08 6.02907022084764e-08 6.03399996634835e-08 6.03891976425075e-08 6.04385022029419e-08 6.04827974370892e-08 6.05254015795254e-08 6.05679986165342e-08 6.06107022349534e-08 6.06378023348952e-08 6.06649024348371e-08 6.0692002534779e-08
5.76230014814882e-08 5.76375001060114e-08 5.76521017592313e-08 5.76844989552683e-08 5.77349013042294e-08 5.77853001004769e-08 5.78356988967244e-08 5.79235006625822e-08 5.80238008751621e-08 5.8124300039708e-08 5.82250017089336e-08 5.83812003185358e-08 5.85378998607666e-08 5.86950008596432e-08 5.88666999590259e-08 5.90816000567429e-08 5.92360009932236e-08 5.93010014426909e-08 5.93735016707342e-08 5.94535016773534e-08 5.95337006359387e-08 5.96139031472376e-08 5.98232006154831e-08 6.02620033873791e-08 6.06414971571212e-08 6.06316987727951e-08 6.0570400250981e-08 6.050920120515e-08 6.0448002159319e-08 6.03936030074692e-08 6.03592980041867e-08 6.03250995823146e-08 6.02908016844594e-08 6.02907022084764e-08 6.03399996634835e-08 6.03891976425075e-08 6.04385022029419e-08 6.04827974370892e-08 6.05254015795254e-08 6.05679986165342e-08 6.06107022349534e-08 6.06378023348952e-08 6.06649024348371e-08 6.0692002534779e-08
5.76962015941263e-08 5.77100998100377e-08 5.77238985499662e-08 5.77546011015784e-08 5.78020014074809e-08 5.78495011893665e-08 5.78971004472351e-08 5.79823016266801e-08 5.80802002048131e-08 5.81783012876258e-08 5.82766013224045e-08 5.84300998696108e-08 5.85839998734627e-08 5.87384008099434e-08 5.89074993229133e-08 5.91204987188121e-08 5.92360009932236e-08 5.93010014426909e-08 5.93735016707342e-08 5.94535016773534e-08 5.95337006359387e-08 5.96139031472376e-08 5.98232006154831e-08 6.02620033873791e-08 6.06414971571212e-08 6.06316987727951e-08 6.0570400250981e-08 6.050920120515e-08 6.0448002159319e-08 6.03936030074692e-08 6.03592980041867e-08 6.03250995823146e-08 6.02908016844594e-08 6.02907022084764e-08 6.03399996634835e-08 6.03891976425075e-08 6.04385022029419e-08 6.04827974370892e-08 6.05254015795254e-08 6.05679986165342e-08 6.06107022349534e-08 6.06378023348952e-08 6.06649024348371e-08 6.07273022978916e-08
5.89438009512833e-08 5.89682009888293e-08 5.89926010263753e-08 5.90118993670785e-08 5.90261990396357e-08 5.90403992362099e-08 5.9054599432784e-08 5.90628985719377e-08 5.90693005619869e-08 5.90756989993224e-08 5.90821009893716e-08 5.9091398441069e-08 5.91310005404466e-08 5.91956990092513e-08 5.92668989440881e-08 5.93569993156962e-08 5.94471991632872e-08 5.9537601515558e-08 5.96340967717879e-08 5.97367986188146e-08 5.98396994178074e-08 5.99426996927832e-08 6.00546030682381e-08 6.01695973045935e-08 6.02847975983423e-08 6.04001968440571e-08 6.07001027219667e-08 6.01021028501236e-08 5.96172000655315e-08 5.9115599526649e-08 5.88130006917709e-08 5.85119011020652e-08 5.82124997094979e-08 5.82233994350645e-08 5.85447992307309e-08 5.88679007762494e-08 5.91928994708724e-08 5.94716986768162e-08 5.97356972775742e-08 6.00009997242523e-08 6.01113967491074e-08 6.00983014464873e-08 5.99298033421292e-08 5.97719989059442e-08
5.90963011859458e-08 5.93738995746662e-08 5.96526987806101e-08 5.97564024928943e-08 5.96837992361543e-08 5.96114020368077e-08 5.95390012847474e-08 5.93039004570528e-08 5.90158002466978e-08 5.87290003295493e-08 5.85654014173542e-08 5.85677000231044e-08 5.85699986288546e-08 5.85723007873185e-08 5.85817012677126e-08 5.86120982859484e-08 5.86427013615776e-08 5.86732014085101e-08 5.87195003731722e-08 5.87817012842606e-08 5.88440016713321e-08 5.89062985056898e-08 5.89791007143958e-08 5.89155995101009e-08 5.88449005078928e-08 5.8827300364328e-08 5.78661989436569e-08 5.69706983810647e-08 5.70592000315173e-08 5.62763986522441e-08 5.59520998422158e-08 5.56297017340057e-08 5.53309007500502e-08 5.53893002575023e-08 5.58716983789509e-08 5.63584983126475e-08 5.68496005826091e-08 5.7201500425208e-08 5.71742013733001e-08 5.7875599424051e-08 5.87667017271087e-08 5.86490997989131e-08 5.85317003753971e-08 5.84145993798302e-08
5.719709861296e-08 5.77430014914171e-08 5.82398982373888e-08 5.82920982594715e-08 5.83498014350425e-08 5.84076005338829e-08 5.84653996327233e-08 5.83885011451457e-08 5.80986991849386e-08 5.78104000226176e-08 5.75235006294861e-08 5.75098013655406e-08 5.74960985488815e-08 5.7482498760919e-08 5.74870995251331e-08 5.75467993257917e-08 5.76065986024332e-08 5.76665009077715e-08 5.78278012142164e-08 5.80915013870253e-08 5.83564983003271e-08 5.86226001075829e-08 5.86559991688773e-08 5.86117003820164e-08 5.85674015951554e-08 5.85230992555807e-08 5.73134997239322e-08 5.67010012275659e-08 5.59943984512756e-08 5.51470016318945e-08 5.56112986771495e-08 5.60796991067036e-08 5.65521993678431e-08 5.65577984446008e-08 5.65098012828003e-08 5.63237989581467e-08 5.61384005948184e-08 5.66279005909109e-08 5.73502987322172e-08 5.80821009066312e-08 5.88233994847087e-08 5.89241011539343e-08 5.90250017751259e-08 5.91261013482836e-08
5.72531995146619e-08 5.82068011567571e-08 5.9176400668548e-08 5.97200013885413e-08 5.98254032979639e-08 5.99309970539252e-08 6.00367968672799e-08 5.98739973156626e-08 5.96226001903233e-08 5.93722013775277e-08 5.9122900353259e-08 5.91449982323411e-08 5.91671991401199e-08 5.91893005719157e-08 5.92647992903039e-08 5.95007989545593e-08 5.97377010080891e-08 5.99754983454659e-08 6.02984968622877e-08 6.0707996851761e-08 6.11201969036301e-08 6.10487020935579e-08 6.10450996418876e-08 6.10380013199574e-08 6.06968981742284e-08 6.03576992830313e-08 5.92766014051449e-08 5.79635006658918e-08 5.64369990740943e-08 5.62336985865386e-08 5.81762016338416e-08 5.8705598604547e-08 5.80517003356817e-08 5.79466004069218e-08 5.79464014549558e-08 5.79723007376742e-08 5.79459999983101e-08 5.80729988541862e-08 5.83451011948455e-08 5.86345016984069e-08 5.86669983704269e-08 6.43659987531464e-08 7.91648017184343e-06 6.43602033960633e-05
5.73094993683299e-08 5.91458011456325e-08 6.00722032118028e-08 6.08861014939066e-08 6.10914980825328e-08 6.1085700053809e-08 6.10648029919503e-08 6.10804988809832e-08 6.11084018942165e-08 6.0975800408869e-08 6.07483983117163e-08 6.08106986987877e-08 6.08497998655366e-08 6.07071015679139e-08 6.27676968179003e-08 6.47011972887412e-08 6.4080602157901e-08 6.34011030342663e-08 6.39874997432344e-08 6.18649025341256e-08 6.0546099689418e-08 6.06164007876941e-08 6.06658971946672e-08 6.07084018611204e-08 6.07509988981292e-08 6.07936030405654e-08 6.04199001941197e-08 5.90228985686281e-08 5.81190988668823e-08 5.82825983030943e-08 5.82553987271694e-08 5.7103900275024e-08 5.5507598517579e-08 5.44971996419008e-08 5.42212994503188e-08 5.39504014795966e-08 5.4272298655178e-08 5.5023900102924e-08 5.56209016622233e-08 5.6798800329716e-08 6.63754008201067e-06 0.000127519000670873 0.000139367999508977 0.000129402003949508
5.71155993611683e-08 5.93194009468334e-08 5.98839022813991e-08 6.09524022365804e-08 6.07027033083796e-08 6.04140026894129e-08 6.01268013156186e-08 5.992340135208e-08 5.98927982764508e-08 6.01041989511941e-08 6.04665970627138e-08 5.95715015094811e-08 6.00782996684757e-08 6.56878995641819e-08 8.16392997649018e-08 8.70702976385473e-08 8.56279029903817e-08 8.24773991325856e-08 8.55252011433549e-08 8.5660296633705e-08 7.20213009230974e-08 6.05760988037218e-08 5.97174008021284e-08 5.98234990434321e-08 6.18095015170184e-08 5.79678989254262e-08 5.62948017091003e-08 5.49437011443388e-08 5.39847988534348e-08 5.26868007000303e-08 5.29829016215899e-08 5.35048982897024e-08 5.4125699477936e-08 5.45384004624339e-08 5.43646017092669e-08 8.87655033920964e-08 2.77552007901249e-05 4.42441014456563e-05 0.000131754000904039 0.000138105999212712 0.000138956005685031 0.000129863998154178 6.42367012915201e-05 3.76126008632127e-05
5.71703999696638e-08 5.90798983068908e-08 5.96962976828763e-08 6.08587029660157e-08 6.0301900361992e-08 6.01607013095418e-08 6.0659196776669e-08 6.01244991571548e-08 5.83251988928168e-08 5.66951001701455e-08 5.51135990178864e-08 5.50933982879087e-08 8.95346019547105e-08 5.40216014144335e-08 4.15718005797316e-07 6.0498200582515e-07 6.58489000215923e-07 5.60315982056636e-07 6.23273024302762e-07 8.96929975624516e-07 6.50657000278443e-07 2.10086000151932e-07 1.03082001601251e-07 1.03323003486366e-07 1.36504993974995e-07 8.14422023154293e-08 5.27093000357581e-08 4.75293013835199e-08 4.84269015998962e-08 5.30518988739459e-08 8.76122996373851e-08 2.15563995880075e-05 0.000120923003123607 -3.4e+38 -3.4e+38 -3.4e+38 -3.4e+38 -3.4e+38 0.000138460003654473 0.000138642993988469 0.000124956000945531 4.85880009364337e-05 3.18234015139751e-05 2.54702008533059e-05
1.21931998364744e-05 1.8798000382958e-05 1.76910998561652e-05 1.62626001838362e-05 1.87824007298332e-05 6.54203977319412e-05 1.05689996416913e-05 3.7071999940963e-06 1.90586001735937e-06 6.35624985534378e-07 5.11432972416515e-07 4.40692019765265e-06 1.16293003884493e-05 1.72106992977206e-05 1.56563000928145e-05 2.59220996667864e-05 2.13245002669282e-05 1.93405994650675e-05 1.50665000546724e-05 9.85442966339178e-06 1.22229002954555e-05 6.90147999193869e-06 6.26622977506486e-06 3.74787009604916e-06 4.55626013717847e-06 2.16082003134943e-06 2.38913997918644e-07 8.63588027755213e-08 1.23730001178046e-06 0.000101527999504469 0.000132400004076771 0.000150918000144884 -3.4e+38 -3.4e+38 0.000146053003845736 0.000138616000185721 0.000130305998027325 8.84256005520001e-05 3.78207987523638e-05 2.23292990995105e-05 2.64713999058586e-05 2.81594002444763e-05 2.23419992835261e-05 1.99802998395171e-05
0.000144880003063008 0.000146997001138516 0.000146552003570832 0.000144983001518995 0.000146521997521631 0.000146493999636732 0.000144513003760949 0.000143890007166192 -3.4e+38 -3.4e+38 -3.4e+38 -3.4e+38 -3.4e+38 -3.4e+38 -3.4e+38 -3.4e+38 0.000122961995657533 0.000123225996503606 0.000122787998407148 0.000124972997582518 0.000122605997603387 0.000111556000774726 0.00011711200204445 0.000106915998912882 0.000110382003185805 0.000103236998256762 5.90595991525333e-05 2.01143993763253e-05 2.16011994780274e-05 2.19243993342388e-05 2.96096004603896e-05 3.59535988536663e-05 4.86969984194729e-05 3.90394998248667e-05 3.10704999719746e-05 2.16302996705053e-05 1.8389899196336e-05 3.46214001183398e-05 7.62989002396353e-05 8.78674036357552e-05 8.31536017358303e-05 3.89765009458642e-05 3.35379008902237e-05 3.31390983774327e-05
-3.4e+38 -3.4e+38 -3.4e+38 -3.4e+38 -3.4e+38 -3.4e+38 -3.4e+38 -3.4e+38 -3.4e+38 -3.4e+38 -3.4e+38 -3.4e+38 -3.4e+38 -3.4e+38 -3.4e+38 -3.4e+38 -3.4e+38 -3.4e+38 -3.4e+38 -3.4e+38 -3.4e+38 -3.4e+38 -3.4e+38 -3.4e+38 -3.4e+38 -3.4e+38 -3.4e+38 -3.4e+38 -3.4e+38 -3.4e+38 -3.4e+38 3.33700991177466e-05 0.000105706996691879 9.82435012701899e-05 0.000113069996587001 0.000112920002720784 0.000116821000119671 0.000125480000860989 0.000122614001156762 0.000126202998217195 0.000121030003356282 0.000126504004583694 -3.4e+38 -3.4e+38
-3.4e+38 -3.4e+38 -3.4e+38 -3.4e+38 -3.4e+38 -3.4e+38 -3.4e+38 -3.4e+38 -3.4e+38 -3.4e+38 -3.4e+38 -3.4e+38 -3.4e+38 -3.4e+38 -3.4e+38 -3.4e+38 -3.4e+38 -3.4e+38 -3.4e+38 -3.4e+38 -3.4e+38 -3.4e+38 -3.4e+38 -3.4e+38 -3.4e+38 -3.4e+38 -3.4e+38 -3.4e+38 -3.4e+38 -3.4e+38 -3.4e+38 -3.4e+38 -3.4e+38 -3.4e+38 0.000132039000163786 0.000130817003082484 0.000129523003124632 -3.4e+38 0.000127310995594598 -3.4e+38 -3.4e+38 -3.4e+38 -3.4e+38 -3.4e+38
-3.4e+38 -3.4e+38 -3.4e+38 -3.4e+38 -3.4e+38 -3.4e+38 -3.4e+38 -3.4e+38 -3.4e+38 -3.4e+38 -3.4e+38 -3.4e+38 -3.4e+38 -3.4e+38 -3.4e+38 -3.4e+38 -3.4e+38 -3.4e+38 -3.4e+38 -3.4e+38 -3.4e+38 -3.4e+38 -3.4e+38 -3.4e+38 -3.4e+38 -3.4e+38 -3.4e+38 -3.4e+38 -3.4e+38 -3.4e+38 -3.4e+38 -3.4e+38 -3.4e+38 -3.4e+38 -3.4e+38 -3.4e+38 -3.4e+38 -3.4e+38 -3.4e+38 -3.4e+38 -3.4e+38 -3.4e+38 -3.4e+38 -3.4e+38
-3.4e+38 -3.4e+38 -3.4e+38 -3.4e+38 -3.4e+38 -3.4e+38 -3.4e+38 -3.4e+38 -3.4e+38 -3.4e+38 -3.4e+38 -3.4e+38 -3.4e+38 -3.4e+38 -3.4e+38 -3.4e+38 -3.4e+38 -3.4e+38 -3.4e+38 -3.4e+38 -3.4e+38 -3.4e+38 -3.4e+38 -3.4e+38 -3.4e+38 -3.4e+38 -3.4e+38 -3.4e+38 -3.4e+38 -3.4e+38 -3.4e+38 -3.4e+38 -3.4e+38 -3.4e+38 -3.4e+38 -3.4e+38 -3.4e+38 -3.4e+38 -3.4e+38 -3.4e+38 -3.4e+38 -3.4e+38 -3.4e+38 -3.4e+38
-3.4e+38 -3.4e+38 -3.4e+38 -3.4e+38 -3.4e+38 -3.4e+38 -3.4e+38 -3.4e+38 -3.4e+38 -3.4e+38 -3.4e+38 -3.4e+38 -3.4e+38 -3.4e+38 -3.4e+38 -3.4e+38 -3.4e+38 -3.4e+38 -3.4e+38 -3.4e+38 -3.4e+38 -3.4e+38 -3.4e+38 -3.4e+38 -3.4e+38 -3.4e+38 -3.4e+38 -3.4e+38 -3.4e+38 -3.4e+38 -3.4e+38 -3.4e+38 -3.4e+38 -3.4e+38 -3.4e+38 -3.4e+38 -3.4e+38 -3.4e+38 -3.4e+38 -3.4e+38 -3.4e+38 -3.4e+38 -3.4e+38 -3.4e+38
-3.4e+38 -3.4e+38 -3.4e+38 -3.4e+38 -3.4e+38 -3.4e+38 -3.4e+38 -3.4e+38 -3.4e+38 -3.4e+38 -3.4e+38 -3.4e+38 -3.4e+38 -3.4e+38 -3.4e+38 -3.4e+38 -3.4e+38 -3.4e+38 -3.4e+38 -3.4e+38 -3.4e+38 -3.4e+38 -3.4e+38 -3.4e+38 -3.4e+38 -3.4e+38 -3.4e+38 -3.4e+38 -3.4e+38 -3.4e+38 -3.4e+38 -3.4e+38 -3.4e+38 -3.4e+38 -3.4e+38 -3.4e+38 -3.4e+38 -3.4e+38 -3.4e+38 -3.4e+38 -3.4e+38 -3.4e+38 -3.4e+38 -3.4e+38
-3.4e+38 -3.4e+38 -3.4e+38 9.96398011920974e-05 9.7553500381764e-05 9.72686029854231e-05 9.72893976722844e-05 0.000104535996797495 0.000119873002404347 0.000139060997753404 -3.4e+38 -3.4e+38 -3.4e+38 -3.4e+38 -3.4e+38 -3.4e+38 -3.4e+38 -3.4e+38 -3.4e+38 -3.4e+38 -3.4e+38 -3.4e+38 -3.4e+38 -3.4e+38 -3.4e+38 -3.4e+38 -3.4e+38 -3.4e+38 -3.4e+38 -3.4e+38 -3.4e+38 -3.4e+38 -3.4e+38 -3.4e+38 -3.4e+38 -3.4e+38 -3.4e+38 -3.4e+38 -3.4e+38 -3.4e+38 -3.4e+38 -3.4e+38 -3.4e+38 -3.4e+38
-3.4e+38 0.00010278799891239 0.000101741999969818 9.585569932824e-05 9.58339005592279e-05 9.61542973527685e-05 9.60793986450881e-05 0.000102880003396422 0.000116795003123116 0.000137841998366639 -3.4e+38 -3.4e+38 -3.4e+38 -3.4e+38 -3.4e+38 -3.4e+38 -3.4e+38 -3.4e+38 -3.4e+38 -3.4e+38 -3.4e+38 -3.4e+38 -3.4e+38 -3.4e+38 -3.4e+38 -3.4e+38 -3.4e+38 -3.4e+38 -3.4e+38 -3.4e+38 -3.4e+38 -3.4e+38 -3.4e+38 -3.4e+38 -3.4e+38 -3.4e+38 -3.4e+38 -3.4e+38 -3.4e+38 -3.4e+38 -3.4e+38 -3.4e+38 -3.4e+38 -3.4e+38
