results/Predictions/Median/Ypresian.asc
NCOLS 360 
NROWS 180 
XLLCORNER -180 
YLLCORNER -90 
CELLSIZE 1 
NODATA_value -3.4e+38 
[rows 140 to 159 of 180, columns 308 to 351 of 360]
-3.4e+38 -3.4e+38 -3.4e+38 -3.4e+38 -3.4e+38 -3.4e+38 -3.4e+38 -3.4e+38 -3.4e+38 -3.4e+38 -3.4e+38 -3.4e+38 -3.4e+38 -3.4e+38 -3.4e+38 -3.4e+38 -3.4e+38 -3.4e+38 -3.4e+38 -3.4e+38 -3.4e+38 -3.4e+38 -3.4e+38 -3.4e+38 -3.4e+38 0.00397439021617174 0.0035480500664562 1.58135003403004e-06 1.57298995873134e-06 1.74152000909089e-06 3.07107006847218e-06 3.34639003085613e-06 1.60180006787414e-05 0.00275223003700376 0.000385888997698203 6.13529982729233e-06 3.99114014726365e-06 4.94445021104184e-06 3.52392999047879e-05 0.00247129006311297 0.0113757997751236 0.0128750000149012 0.013880499638617 0.000260737986536697
-3.4e+38 -3.4e+38 -3.4e+38 -3.4e+38 -3.4e+38 -3.4e+38 -3.4e+38 -3.4e+38 -3.4e+38 -3.4e+38 -3.4e+38 -3.4e+38 -3.4e+38 -3.4e+38 -3.4e+38 -3.4e+38 -3.4e+38 -3.4e+38 -3.4e+38 -3.4e+38 -3.4e+38 -3.4e+38 -3.4e+38 -3.4e+38 -3.4e+38 0.00321356998756528 0.000649288995191455 1.35395998768217e-06 1.33065998397797e-06 1.32909997319075e-06 1.52877998971235e-06 1.64098003097024e-06 1.83109000317927e-06 2.05504011319135e-06 2.25878989112971e-06 2.45459000325354e-06 2.72265992862231e-06 2.97653991765401e-06 5.4519300647371e-06 0.00162072002422065 0.00837280042469501 0.00905148033052683 0.00984511990100145 0.00516257993876934
-3.4e+38 -3.4e+38 -3.4e+38 -3.4e+38 -3.4e+38 -3.4e+38 -3.4e+38 -3.4e+38 -3.4e+38 -3.4e+38 -3.4e+38 -3.4e+38 -3.4e+38 -3.4e+38 -3.4e+38 -3.4e+38 -3.4e+38 -3.4e+38 -3.4e+38 -3.4e+38 -3.4e+38 -3.4e+38 -3.4e+38 -3.4e+38 -3.4e+38 0.00262894993647933 1.19978994916892e-06 1.14786996618932e-06 1.1258399581493e-06 1.09745997178834e-06 1.22665994695126e-06 1.34601998524886e-06 1.51213998833555e-06 1.65880999247747e-06 1.8054299744108e-06 1.96361997950589e-06 2.16941998587572e-06 2.35262996284291e-06 2.67402992903953e-06 0.000140969001222402 0.0034749701153487 0.0041509298607707 0.00486792018637061 0.0061217499896884
-3.4e+38 -3.4e+38 -3.4e+38 -3.4e+38 -3.4e+38 -3.4e+38 -3.4e+38 -3.4e+38 -3.4e+38 -3.4e+38 -3.4e+38 -3.4e+38 -3.4e+38 -3.4e+38 -3.4e+38 -3.4e+38 -3.4e+38 -3.4e+38 -3.4e+38 -3.4e+38 -3.4e+38 -3.4e+38 -3.4e+38 -3.4e+38 0.00212536007165909 6.13173006058787e-06 9.65261051533162e-07 9.43247016493842e-07 9.41705025070405e-07 9.34157014853554e-07 1.02701994819654e-06 1.1684300034176e-06 1.2642200317714e-06 1.34208994495566e-06 1.46755996865977e-06 1.62278001880622e-06 1.77840001924778e-06 1.89611000678269e-06 1.99223995878128e-06 2.47410002884862e-06 2.30297991947737e-05 5.36922016181052e-05 0.000554051017388701 0.00175373000092804
-3.4e+38 -3.4e+38 -3.4e+38 -3.4e+38 -3.4e+38 -3.4e+38 -3.4e+38 -3.4e+38 -3.4e+38 -3.4e+38 -3.4e+38 -3.4e+38 -3.4e+38 -3.4e+38 -3.4e+38 -3.4e+38 -3.4e+38 -3.4e+38 -3.4e+38 -3.4e+38 -3.4e+38 -3.4e+38 -3.4e+38 0.00204228004440665 0.00192023999989033 7.80653977017209e-07 7.93738990978454e-07 7.85685017490323e-07 7.87781004873978e-07 7.90099988989823e-07 8.8240699369635e-07 9.71326016951934e-07 1.03964998743322e-06 1.15411000933818e-06 1.27313001030416e-06 1.34801996409806e-06 1.4199799807102e-06 1.46433001191326e-06 1.53808002778533e-06 1.61892000960506e-06 1.69643999470281e-06 1.78181005594524e-06 1.88262004030548e-06 1.99936994249583e-06
-3.4e+38 -3.4e+38 -3.4e+38 -3.4e+38 -3.4e+38 -3.4e+38 -3.4e+38 -3.4e+38 -3.4e+38 -3.4e+38 -3.4e+38 -3.4e+38 -3.4e+38 -3.4e+38 -3.4e+38 -3.4e+38 -3.4e+38 -3.4e+38 -3.4e+38 -3.4e+38 -3.4e+38 -3.4e+38 -3.4e+38 -3.4e+38 0.00134216004516929 6.21718015736406e-07 6.33199988442357e-07 6.36411016330385e-07 6.55890005418769e-07 6.7397598968455e-07 7.42906024697731e-07 7.99368990556104e-07 8.76996978149691e-07 9.75500029198884e-07 1.03794002370705e-06 1.08189999536989e-06 1.1405800250941e-06 1.17673005206598e-06 1.2232300150572e-06 1.28312001379527e-06 1.34594995415682e-06 1.40986003316357e-06 1.4664000218545e-06 1.54607994318212e-06
-3.4e+38 -3.4e+38 -3.4e+38 -3.4e+38 -3.4e+38 -3.4e+38 -3.4e+38 -3.4e+38 -3.4e+38 -3.4e+38 -3.4e+38 -3.4e+38 -3.4e+38 -3.4e+38 -3.4e+38 -3.4e+38 -3.4e+38 -3.4e+38 -3.4e+38 -3.4e+38 -3.4e+38 -3.4e+38 -3.4e+38 0.0011479799868539 0.00109093997161835 4.94714981869038e-07 5.10888014559896e-07 5.26844985415664e-07 5.47204024314851e-07 5.74329021674203e-07 6.3090402591115e-07 6.80566984101461e-07 7.42133011044643e-07 7.99694987563271e-07 8.42709994230972e-07 8.85912015746726e-07 9.23233983485261e-07 9.63922957453178e-07 1.00693000604224e-06 1.04604998796276e-06 1.0902299436566e-06 1.14620002023003e-06 1.19611001991871e-06 1.25429005493061e-06
0.00292490003630519 -3.4e+38 -3.4e+38 -3.4e+38 -3.4e+38 -3.4e+38 -3.4e+38 -3.4e+38 -3.4e+38 -3.4e+38 -3.4e+38 -3.4e+38 -3.4e+38 -3.4e+38 -3.4e+38 -3.4e+38 -3.4e+38 -3.4e+38 -3.4e+38 -3.4e+38 -3.4e+38 -3.4e+38 -3.4e+38 0.000657157972455025 0.000221003007027321 3.64451011591882e-07 3.9899398984744e-07 4.34619011002724e-07 4.60450991113248e-07 4.89462991026812e-07 5.29271005689225e-07 5.67865981793148e-07 6.1817002006137e-07 6.66109997382591e-07 6.81706012528593e-07 7.22210018011538e-07 7.51120012409956e-07 7.78378023369442e-07 8.11246025023138e-07 8.40845984839689e-07 8.83161021647538e-07 9.31899990064267e-07 9.75703983385756e-07 1.02157002856984e-06
0.00212385994382203 0.00173879996873438 0.00137634994462132 0.00116137997247279 0.0013514100573957 -3.4e+38 -3.4e+38 -3.4e+38 -3.4e+38 -3.4e+38 -3.4e+38 -3.4e+38 -3.4e+38 -3.4e+38 -3.4e+38 -3.4e+38 -3.4e+38 -3.4e+38 -3.4e+38 -3.4e+38 -3.4e+38 -3.4e+38 -3.4e+38 0.000571498996578157 5.26918011019006e-05 2.76381001640402e-07 3.04242007587163e-07 3.32159999061332e-07 3.73675987930255e-07 4.10831006547596e-07 4.43254009496741e-07 4.82238988297468e-07 5.15461010763829e-07 5.54168025246327e-07 5.74858972868242e-07 6.04139984261565e-07 6.20227979197807e-07 6.47835975087219e-07 6.76010017741646e-07 7.05413981449965e-07 7.34855973405502e-07 7.73986982949282e-07 8.16010981452564e-07 8.60320994888752e-07
6.72035014304129e-07 6.22468974142976e-07 5.66649987376877e-07 1.06928996501665e-06 0.000104035003460012 0.000658533012028784 0.0015073399990797 0.00164577004034072 0.00169874995481223 -3.4e+38 -3.4e+38 -3.4e+38 -3.4e+38 -3.4e+38 -3.4e+38 -3.4e+38 -3.4e+38 -3.4e+38 -3.4e+38 -3.4e+38 -3.4e+38 -3.4e+38 0.000557312974706292 0.000468420010292903 2.96239988983871e-07 1.97758993181196e-07 2.17598994822765e-07 2.60728995726822e-07 3.0113599791548e-07 3.52584009988277e-07 3.76103002963646e-07 3.98643010157684e-07 4.27446991579927e-07 4.61995000478055e-07 4.7971201411201e-07 4.99680027132854e-07 5.27952977336099e-07 5.54074006231531e-07 5.76688989895047e-07 5.97484984155017e-07 6.14489010786201e-07 6.45209013327985e-07 6.76277977618156e-07 7.11480026893696e-07
4.88699015477323e-07 4.67022005068429e-07 4.46238004769839e-07 4.39029008703073e-07 7.3905897579607e-07 5.30142017396429e-07 5.16459010668768e-07 5.03081025726715e-07 8.57369002460473e-07 0.000238584994804114 0.000371487985830754 -3.4e+38 -3.4e+38 -3.4e+38 -3.4e+38 -3.4e+38 -3.4e+38 -3.4e+38 -3.4e+38 -3.4e+38 -3.4e+38 -3.4e+38 -3.4e+38 0.000407331011956558 3.54339988462016e-07 1.68279001400151e-07 1.97353998032668e-07 2.23640995500318e-07 2.56731993886206e-07 3.00133990549512e-07 3.21354008292474e-07 3.39458011922034e-07 3.58583008619462e-07 3.83158010208717e-07 4.04047995061774e-07 4.18186999695536e-07 4.5453199959411e-07 4.7802899416638e-07 4.95346000661812e-07 5.09846984186879e-07 5.24774009136308e-07 5.4920997172303e-07 5.77985019845073e-07 6.03433022661193e-07
3.88042991517068e-07 3.33074012814905e-07 3.14237013299135e-07 3.54933007429281e-07 3.89072994266826e-07 2.94330988026559e-07 2.99485009236378e-07 2.74058010063527e-07 2.31669005756885e-07 1.93914004853468e-07 1.701530010223e-07 1.43463003041688e-05 0.000480693008285016 0.000641523976810277 -3.4e+38 -3.4e+38 -3.4e+38 -3.4e+38 -3.4e+38 -3.4e+38 -3.4e+38 -3.4e+38 -3.4e+38 0.000447396014351398 0.000427547987783328 2.00369996150584e-07 2.12051006087677e-07 2.25025999611717e-07 2.38797014162628e-07 2.53411002404391e-07 2.71639009952196e-07 2.88733986053558e-07 3.04475008761074e-07 3.19044005436808e-07 3.44840998423024e-07 3.56774989995756e-07 3.83755008215303e-07 4.12509990610488e-07 4.25547000304505e-07 4.38996011098425e-07 4.52871006473288e-07 4.73722991500836e-07 4.97836026625009e-07 5.21991978530423e-07
5.2479899750324e-05 8.20198965811869e-06 1.99566989067534e-06 1.53893995502585e-06 1.08912001905992e-06 3.00446004075638e-07 1.89556999430351e-07 1.62136998937967e-07 1.56945006324349e-07 1.57277995072036e-07 1.57612007001262e-07 1.87102003224027e-07 2.32678004863374e-07 8.55516020692448e-07 0.000700643984600902 0.000666923995595425 -3.4e+38 -3.4e+38 -3.4e+38 -3.4e+38 -3.4e+38 -3.4e+38 -3.4e+38 -3.4e+38 0.00043391200597398 2.12537003108082e-07 2.13652000979891e-07 2.18620996861318e-07 2.22923006276687e-07 2.14007997101362e-07 2.28925003398217e-07 2.4488198846484e-07 2.58589011536969e-07 2.69894997018127e-07 2.92520013545072e-07 3.05394991073626e-07 3.21035997785657e-07 3.50664009829416e-07 3.65586004136276e-07 3.77992989797349e-07 3.90822009421754e-07 4.08613004765357e-07 4.28802991336852e-07 4.49991006234995e-07
0.00042004999704659 0.00037953001447022 0.00018192600691691 8.93457981874235e-05 7.47494996176101e-05 5.01553004141897e-05 2.67376999545377e-05 6.68648999635479e-06 1.26732004446239e-06 1.98018994979066e-07 1.08069997395432e-07 9.90629018815525e-08 1.22496004451023e-07 1.51687999050409e-07 2.08163996262556e-07 0.000363678991561756 0.000367158005246893 -3.4e+38 -3.4e+38 -3.4e+38 -3.4e+38 -3.4e+38 -3.4e+38 -3.4e+38 0.000315210985718295 1.49124005588419e-07 1.53203004060742e-07 1.56683000795965e-07 1.6024199567255e-07 1.63882006631866e-07 1.78776005554937e-07 1.94850002799285e-07 2.10953004398107e-07 2.2029699664472e-07 2.37370002764692e-07 2.50573009452637e-07 2.6689900778365e-07 2.78204993264808e-07 3.01462989682477e-07 3.21330986707835e-07 3.35312989818703e-07 3.50989012076752e-07 3.66735008583419e-07 3.83187000352336e-07
-3.4e+38 0.000444559991592541 0.000442722986917943 0.00041935101035051 0.00039156898856163 0.000361585000064224 0.000354710995452479 0.00028509899857454 0.000201510003535077 0.00014511299377773 0.000103730999398977 2.05076994461706e-05 1.5905400232441e-06 1.37406999556333e-07 5.32928027041635e-07 0.000204476004000753 0.000248083990300074 -3.4e+38 -3.4e+38 -3.4e+38 -3.4e+38 -3.4e+38 -3.4e+38 -3.4e+38 7.00881992088398e-06 9.65266977459578e-08 9.94144002675057e-08 1.05307996989268e-07 1.13767001153064e-07 1.23714002597808e-07 1.36736005629245e-07 1.55077003682891e-07 1.66294995551652e-07 1.73939000092105e-07 1.91512995684207e-07 2.03907006834925e-07 2.18590002987185e-07 2.33814006378452e-07 2.46874009235398e-07 2.65287013689885e-07 2.82579009081019e-07 2.98841996482224e-07 3.12178002559449e-07 3.261060044224e-07
-3.4e+38 -3.4e+38 -3.4e+38 -3.4e+38 -3.4e+38 -3.4e+38 -3.4e+38 -3.4e+38 -3.4e+38 7.96630993136205e-05 7.84614967415109e-05 8.89274015207775e-05 0.000102931997389533 0.000123589998111129 0.000140802003443241 0.000138742005219683 -3.4e+38 -3.4e+38 -3.4e+38 -3.4e+38 -3.4e+38 -3.4e+38 -3.4e+38 -3.4e+38 7.3990896964915e-08 7.43389989565912e-08 7.88631027148767e-08 8.62411013713427e-08 9.0674099340049e-08 1.0011699913548e-07 1.09734003217454e-07 1.27144005546143e-07 1.32593996227115e-07 1.39991001901763e-07 1.56639003989767e-07 1.68745998507802e-07 1.8004899970947e-07 1.91851000863608e-07 2.03303997636795e-07 2.18874006918668e-07 2.35417999761012e-07 2.51215993785081e-07 2.66813003690913e-07 2.79771995792544e-07
-3.4e+38 -3.4e+38 -3.4e+38 -3.4e+38 -3.4e+38 -3.4e+38 -3.4e+38 -3.4e+38 -3.4e+38 -3.4e+38 -3.4e+38 9.12203031475656e-05 0.000107102998299524 0.000124051002785563 -3.4e+38 -3.4e+38 -3.4e+38 -3.4e+38 -3.4e+38 -3.4e+38 -3.4e+38 -3.4e+38 -3.4e+38 -3.4e+38 -3.4e+38 -3.4e+38 7.59058025323611e-08 7.94742973653229e-08 8.00089026142814e-08 8.37824032373646e-08 9.39612974093507e-08 1.04693000935185e-07 1.0732799893276e-07 1.17708999880506e-07 1.27812995742715e-07 1.38743004640673e-07 1.48781992947988e-07 1.5926400465105e-07 1.71102001900181e-07 1.84078004394905e-07 1.97096994725143e-07 2.11550997164522e-07 2.25749005267062e-07 2.41547013501986e-07
-3.4e+38 -3.4e+38 -3.4e+38 -3.4e+38 -3.4e+38 -3.4e+38 -3.4e+38 -3.4e+38 -3.4e+38 -3.4e+38 -3.4e+38 -3.4e+38 -3.4e+38 -3.4e+38 -3.4e+38 -3.4e+38 -3.4e+38 -3.4e+38 -3.4e+38 -3.4e+38 -3.4e+38 -3.4e+38 -3.4e+38 -3.4e+38 -3.4e+38 -3.4e+38 -3.4e+38 -3.4e+38 0.000162898999406025 9.17039017167554e-07 9.3119702171407e-08 8.48864019076245e-08 8.97547991485226e-08 9.77876979391112e-08 1.02949996971802e-07 1.08386998931564e-07 1.1411499656333e-07 1.24939006695968e-07 1.4224799826934e-07 1.55771999743592e-07 1.69337994293528e-07 1.80740002519997e-07 1.91520996395411e-07 2.05893002203084e-07
-3.4e+38 -3.4e+38 -3.4e+38 -3.4e+38 -3.4e+38 -3.4e+38 -3.4e+38 -3.4e+38 -3.4e+38 -3.4e+38 -3.4e+38 -3.4e+38 -3.4e+38 -3.4e+38 -3.4e+38 -3.4e+38 -3.4e+38 -3.4e+38 -3.4e+38 -3.4e+38 -3.4e+38 -3.4e+38 -3.4e+38 -3.4e+38 -3.4e+38 -3.4e+38 -3.4e+38 -3.4e+38 -3.4e+38 -3.4e+38 -3.4e+38 -3.4e+38 0.000165378005476668 9.28054006976708e-08 9.43873033065756e-08 1.0072700007413e-07 1.03932002559759e-07 1.11394001578446e-07 1.24278997759575e-07 1.38660993798112e-07 1.54716005340561e-07 1.67020004937513e-07 1.7748699576714e-07 1.89369004033324e-07
-3.4e+38 -3.4e+38 -3.4e+38 -3.4e+38 -3.4e+38 -3.4e+38 -3.4e+38 -3.4e+38 -3.4e+38 -3.4e+38 -3.4e+38 -3.4e+38 -3.4e+38 -3.4e+38 -3.4e+38 -3.4e+38 -3.4e+38 -3.4e+38 -3.4e+38 -3.4e+38 -3.4e+38 -3.4e+38 -3.4e+38 -3.4e+38 -3.4e+38 -3.4e+38 -3.4e+38 -3.4e+38 -3.4e+38 0.000151346001075581 0.000155670000822283 8.25118986540474e-05 8.08882978162728e-05 1.61362004291732e-05 8.32935000971702e-08 9.00855994245831e-08 9.46651965705314e-08 9.93239979152349e-08 1.09246997226364e-07 1.2072699462351e-07 1.35655994881745e-07 1.48542994793388e-07 1.63904999794795e-07 1.74397001728721e-07
