results/Predictions/Median/Zanclean.asc
NCOLS 360 
NROWS 180 
XLLCORNER -180 
YLLCORNER -90 
CELLSIZE 1 
NODATA_value -3.4e+38 
[rows 140 to 159 of 180, columns 44 to 87 of 360]
6.66311007080367e-06 6.62710999677074e-06 6.61175999994157e-06 6.59644001643755e-06 6.58116005070042e-06 6.55245003144955e-06 6.51939990348183e-06 6.48650984658161e-06 6.45378986519063e-06 6.38404981145868e-06 6.31505008641398e-06 6.24680978944525e-06 6.18273998043151e-06 6.12955000178772e-06 6.07681977271568e-06 6.01829015067779e-06 5.95912979406421e-06 5.90360014030011e-06 5.84858980801073e-06 5.79139987166855e-06 5.74129990127403e-06 5.68939003642299e-06 5.63794992558542e-06 5.58697001906694e-06 5.61139995625126e-06 5.63592993785278e-06 5.66056996831321e-06 5.66953985980945e-06 5.63137018616544e-06 5.59346017325879e-06 5.55579981664778e-06 5.52702022105223e-06 5.50698996448773e-06 5.4870201893209e-06 5.47962008567993e-06 5.45608008906129e-06 5.4479801292473e-06 5.43989017387503e-06 5.43181977263885e-06 5.39520988240838e-06 5.35886010766262e-06 5.32405010744696e-06 5.30417992194998e-06 5.30975012225099e-06
5.44136992175481e-06 5.4182000894798e-06 5.41602003067965e-06 5.4138399718795e-06 5.41165991307935e-06 5.39843995284173e-06 5.38158019480761e-06 5.36477000423474e-06 5.34801984031219e-06 5.30615989191574e-06 5.28149985257187e-06 5.246839918982e-06 5.21076981385704e-06 5.17007993039442e-06 5.12972019350855e-06 5.08967013956863e-06 5.05228990732576e-06 5.01506019645603e-06 4.97810015076539e-06 4.94141977469553e-06 4.91015998704825e-06 4.8808201427164e-06 4.85164991914644e-06 4.82265977552743e-06 4.84201018480235e-06 4.86144017486367e-06 4.88094019601704e-06 4.88844989376958e-06 4.8598399189359e-06 4.83140001961146e-06 4.80202015751274e-06 4.78734000353143e-06 4.78388983538025e-06 4.78045012641815e-06 4.77701996715041e-06 4.76288005302195e-06 4.74522994409199e-06 4.72764986625407e-06 4.69181986773037e-06 4.68963980893022e-06 4.67568997919443e-06 4.66178016722552e-06 4.65119001091807e-06 4.6486898099829e-06
4.48589980805991e-06 4.48064020019956e-06 4.49005983682582e-06 4.49948993264115e-06 4.50894003733993e-06 4.50276002084138e-06 4.49136996394373e-06 4.48001992481295e-06 4.46869989900733e-06 4.46561989519978e-06 4.46254989583394e-06 4.45946989202639e-06 4.449520019989e-06 4.4190501284902e-06 4.38879987996188e-06 4.3587501750153e-06 4.3271998038108e-06 4.29420015279902e-06 4.26144015364116e-06 4.22893981522066e-06 4.20997002947843e-06 4.19549996877322e-06 4.18107993027661e-06 4.1667099139886e-06 4.18077979702502e-06 4.19491016145912e-06 4.20908008891274e-06 4.21344020651304e-06 4.18833997173351e-06 4.16337979913806e-06 4.13857014791574e-06 4.13219004258281e-06 4.14412988902768e-06 4.15611020798679e-06 4.16813008996542e-06 4.14556006944622e-06 4.11170003644656e-06 4.07812012781505e-06 4.04481988880434e-06 4.04539014198235e-06 4.04595994041301e-06 4.04653019359102e-06 4.0471099964634e-06 4.0476998037775e-06
3.67888992514054e-06 3.67901998288289e-06 3.68869996236754e-06 3.69839995073562e-06 3.70812995242886e-06 3.7104600778548e-06 3.71032001567073e-06 3.71017995348666e-06 3.71003989130259e-06 3.71583996638947e-06 3.72165004591807e-06 3.72746990251471e-06 3.72824001715344e-06 3.71388000530715e-06 3.69957001566945e-06 3.68532005268207e-06 3.6681099118141e-06 3.64797006113804e-06 3.62795003638894e-06 3.60804006049875e-06 3.59915998160432e-06 3.59393993676349e-06 3.58872989636438e-06 3.58353008778067e-06 3.59642990588327e-06 3.60938997800986e-06 3.62239006790332e-06 3.62895002581354e-06 3.61613001587102e-06 3.60335002369538e-06 3.59062005372834e-06 3.58780994247354e-06 3.59487989953777e-06 3.60197009285912e-06 3.60907006324851e-06 3.59523005499796e-06 3.57450994670216e-06 3.55390989170701e-06 3.53342011294444e-06 3.53351992998796e-06 3.53361997440516e-06 3.53372001882235e-06 3.53427003574325e-06 3.53449991052912e-06
2.99708995044057e-06 3.00174997391878e-06 3.0119699658826e-06 3.02383000416739e-06 3.0364399208338e-06 3.04686000163201e-06 3.05656999444182e-06 3.06631000057678e-06 3.0760800200369e-06 3.08044991470524e-06 3.0906001029507e-06 3.10230007016798e-06 3.11021995003102e-06 3.10668997371977e-06 3.10315999740851e-06 3.09963002109725e-06 3.09308006762876e-06 3.08350990962936e-06 3.07396999232878e-06 3.06447009279509e-06 3.06301990349311e-06 3.06425999951898e-06 3.06549009110313e-06 3.06717993225902e-06 3.07707000501978e-06 3.08700009554741e-06 3.09714005197748e-06 3.1040499379742e-06 3.10106997858384e-06 3.09809001919348e-06 3.09511005980312e-06 3.09489996652701e-06 3.09744996229711e-06 3.10040991280403e-06 3.10358996102877e-06 3.09569009004917e-06 3.08412995764229e-06 3.07262007481768e-06 3.06128004012862e-06 3.06269998873177e-06 3.06411993733491e-06 3.06554011331173e-06 3.06658989757125e-06 3.06734000332654e-06
2.45008004640113e-06 2.45722003455739e-06 2.46763988798193e-06 2.47809998654702e-06 2.48862011176243e-06 2.5015599476319e-06 2.51537994699902e-06 2.52927998189989e-06 2.5432500478928e-06 2.55873010246432e-06 2.57430997407937e-06 2.58998011304357e-06 2.60311003330571e-06 2.60841011368029e-06 2.61194008999155e-06 2.61517993749294e-06 2.61655009126116e-06 2.61604009210714e-06 2.61414993474318e-06 2.61114996646938e-06 2.61543004853593e-06 2.61932996181713e-06 2.62185994870379e-06 2.62439994003216e-06 2.63593005911389e-06 2.64749996858882e-06 2.65911990027234e-06 2.66886991084903e-06 2.67285008703766e-06 2.67684004029434e-06 2.68082999355101e-06 2.68151006821427e-06 2.67887003246869e-06 2.67622999672312e-06 2.67359996541927e-06 2.67036989498592e-06 2.66694996753358e-06 2.66354004452296e-06 2.66012989413866e-06 2.66276992988423e-06 2.66541997007153e-06 2.66807001025882e-06 2.66947995442024e-06 2.66717006525141e-06
1.96157998288982e-06 1.97003009816399e-06 1.97925010070321e-06 1.98883003577066e-06 1.99891996999213e-06 2.01371994990041e-06 2.03020999833825e-06 2.04683010451845e-06 2.06359004550905e-06 2.07837001653388e-06 2.09327004085935e-06 2.10827010960202e-06 2.12198006011022e-06 2.13156999961939e-06 2.14119995689543e-06 2.15086993193836e-06 2.15742011278053e-06 2.16082003134943e-06 2.16421994991833e-06 2.16763010030263e-06 2.17534989133128e-06 2.18455011236074e-06 2.19378989640973e-06 2.20305992115755e-06 2.21492996388406e-06 2.22687003770261e-06 2.2388699107978e-06 2.2492799871543e-06 2.25475992010615e-06 2.26026008931512e-06 2.26577003559214e-06 2.26889005716657e-06 2.26961992666475e-06 2.27035002353659e-06 2.27107989303477e-06 2.26999009100837e-06 2.26829001803708e-06 2.26658994506579e-06 2.26489009946818e-06 2.26951010517951e-06 2.2741498924006e-06 2.27878990699537e-06 2.28333010454662e-06 2.28753992814745e-06
1.59929004439618e-06 1.6111299601107e-06 1.62162996275583e-06 1.632199996493e-06 1.64284995207709e-06 1.66007998814166e-06 1.67701000464149e-06 1.69305997133051e-06 1.70927000908705e-06 1.72159002431727e-06 1.73399996583612e-06 1.74650995177217e-06 1.758440021149e-06 1.76845003352355e-06 1.7785299633033e-06 1.78866002897848e-06 1.796669948817e-06 1.80252004611248e-06 1.80839003860456e-06 1.81428003998008e-06 1.82242001756094e-06 1.8313299960937e-06 1.84030000127677e-06 1.84930001978501e-06 1.8581799849926e-06 1.8671099724088e-06 1.87606997315015e-06 1.88478998097708e-06 1.89227000646497e-06 1.89979004971974e-06 1.90732998817111e-06 1.91122990145232e-06 1.91146000361186e-06 1.91169010577141e-06 1.91191998055729e-06 1.91252001968678e-06 1.91324988918495e-06 1.9139799860568e-06 1.91471008292865e-06 1.92161996892537e-06 1.9285500911792e-06 1.93550999938452e-06 1.94182007362542e-06 1.94610993276001e-06
1.30715000068449e-06 1.31959995997022e-06 1.33056005324761e-06 1.34159995468508e-06 1.35274001422658e-06 1.36784001369961e-06 1.38439997954265e-06 1.40116003422008e-06 1.41812995479995e-06 1.43198997193394e-06 1.44599005125201e-06 1.46011996093875e-06 1.47342996115185e-06 1.48392996379698e-06 1.49451000197587e-06 1.50516996200167e-06 1.51474000631424e-06 1.52319000790158e-06 1.53170003613923e-06 1.54024996845692e-06 1.54856002154702e-06 1.5568299431834e-06 1.5651399962735e-06 1.57348995344364e-06 1.58208001721505e-06 1.5907099850665e-06 1.59938997512654e-06 1.606849991731e-06 1.61051002578461e-06 1.6141799505931e-06 1.61785999353015e-06 1.62058995556436e-06 1.62236995038256e-06 1.62415994964249e-06 1.62594994890242e-06 1.62521996571741e-06 1.62365995493019e-06 1.62209994414297e-06 1.6205400470426e-06 1.62934998115816e-06 1.63821005116915e-06 1.64712002970191e-06 1.65475000812876e-06 1.65843005106581e-06
1.08643996554747e-06 1.09564996364497e-06 1.10402004338539e-06 1.11245003608929e-06 1.1209400554435e-06 1.13081000563398e-06 1.14120996386191e-06 1.15516002097138e-06 1.16949001949251e-06 1.18282002858905e-06 1.19630999506626e-06 1.20996003261098e-06 1.22264998481114e-06 1.23213999358995e-06 1.24171003790252e-06 1.25134999962029e-06 1.2608900306077e-06 1.27032001273619e-06 1.27983003039844e-06 1.28939996102417e-06 1.29671002468967e-06 1.30326998259989e-06 1.30986995827698e-06 1.31649994727923e-06 1.32462002966349e-06 1.33279002056952e-06 1.34101003368414e-06 1.34749996050232e-06 1.34866002099443e-06 1.34982997224142e-06 1.35100003717525e-06 1.35348000185331e-06 1.35727998440416e-06 1.36109997583844e-06 1.36491996727273e-06 1.36381004267605e-06 1.36104995362984e-06 1.3582999827122e-06 1.35555001179455e-06 1.36628000291239e-06 1.37709002956399e-06 1.38798998250422e-06 1.39667997700599e-06 1.39848998514935e-06
9.13582027806115e-07 9.24866981222294e-07 9.349950005344e-07 9.45233011862001e-07 9.55585051087837e-07 9.66658035395085e-07 9.77523995970841e-07 9.8657903890853e-07 9.95719005913998e-07 1.00458998986142e-06 1.01550995168509e-06 1.02632998277841e-06 1.03490003766638e-06 1.04134005596279e-06 1.04780997389753e-06 1.0543300277277e-06 1.06104005226371e-06 1.06796005638898e-06 1.0749199645943e-06 1.08192000425333e-06 1.08704000467696e-06 1.09152995264594e-06 1.09603001874348e-06 1.10055998447933e-06 1.1058699556088e-06 1.11195004137699e-06 1.11815995751385e-06 1.12290001652582e-06 1.12309999167337e-06 1.12330997126264e-06 1.12350994641019e-06 1.12543000341248e-06 1.12908003302437e-06 1.13272994894942e-06 1.13639998744475e-06 1.13562998649286e-06 1.13339001472923e-06 1.1311500429656e-06 1.12891996195685e-06 1.13802002488228e-06 1.14720000965463e-06 1.15646002996073e-06 1.16390003768174e-06 1.16571004582511e-06
7.63890000143874e-07 7.74729016939091e-07 7.84491021477152e-07 7.94377001511748e-07 8.04387980224419e-07 8.14306986285374e-07 8.24274991373386e-07 8.34364982438274e-07 8.44579972181236e-07 8.53856988669577e-07 8.63235982251354e-07 8.72717976108106e-07 8.81574976574484e-07 8.88313991254108e-07 8.95103994480451e-07 9.01946009435051e-07 9.08631022866757e-07 9.15153975711291e-07 9.21723994906642e-07 9.28341023609391e-07 9.32966997879703e-07 9.36499020554038e-07 9.38828009111603e-07 9.43011002618732e-07 9.47590990563185e-07 9.52194000092277e-07 9.56819008024468e-07 9.60102056524192e-07 9.60591023613233e-07 9.61079990702274e-07 9.61568957791314e-07 9.63097022577131e-07 9.65669983088446e-07 9.68247945820622e-07 9.70835003499815e-07 9.71151052908681e-07 9.70807036537735e-07 9.7046199698525e-07 9.70117980614305e-07 9.74133968156821e-07 9.78167008724995e-07 9.82218011813529e-07 9.85815972853743e-07 9.88016040537332e-07
6.3875398836899e-07 6.48990976515051e-07 6.58242015560973e-07 6.67624021843949e-07 6.77140974403301e-07 6.85993995830358e-07 6.94693994773843e-07 7.03503985732823e-07 7.12426015070378e-07 7.20069976978266e-07 7.27796020782989e-07 7.35603975954291e-07 7.42920008178771e-07 7.48565014419e-07 7.54252027945768e-07 7.59982015097194e-07 7.65340985253715e-07 7.70318024478911e-07 7.75327976043627e-07 7.8037101047812e-07 7.838040119168e-07 7.86700979915622e-07 7.89609998719243e-07 7.92529021964583e-07 7.94659001712716e-07 7.9679398368171e-07 7.98936014234641e-07 8.00613975115994e-07 8.00888017238321e-07 8.01162002517231e-07 8.0143598779614e-07 8.02440979441599e-07 8.04179990154807e-07 8.05922013569216e-07 8.07668982361065e-07 8.08563981991028e-07 8.09174991900363e-07 8.09787024991238e-07 8.10399001238693e-07 8.1315499755874e-07 8.15920998320507e-07 8.18695980342454e-07 8.21554010599357e-07 8.24644985186751e-07
5.51865014131181e-07 5.61595015824423e-07 5.70259999221889e-07 5.7905799621949e-07 5.87992985856545e-07 5.95586982399254e-07 6.0278199498498e-07 6.10063011663442e-07 6.17432988292421e-07 6.22947027295595e-07 6.28510974820529e-07 6.34123978215939e-07 6.39447023331741e-07 6.43785995180224e-07 6.48154014015745e-07 6.52551022994885e-07 6.55950998407206e-07 6.58335977732349e-07 6.60728971979552e-07 6.63132027511892e-07 6.64637980207772e-07 6.65844993363862e-07 6.67055019221152e-07 6.68266977754683e-07 6.68445011342556e-07 6.68624011268548e-07 6.68801988013001e-07 6.68948985094175e-07 6.68631003009068e-07 6.68386974211899e-07 6.68143002258148e-07 6.68246002533124e-07 6.68695975036826e-07 6.69146004383947e-07 6.69597000069189e-07 6.6981698410018e-07 6.69961025323573e-07 6.70103986522008e-07 6.70247004563862e-07 6.71866985157976e-07 6.7348997845329e-07 6.75117007631343e-07 6.76750005368376e-07 6.78391984365589e-07
4.83300993892044e-07 4.91663001866982e-07 4.99015015975601e-07 5.06477988437837e-07 5.14052999278647e-07 5.19956984135206e-07 5.25375014603924e-07 5.3085000217834e-07 5.36383026883414e-07 5.3965101187714e-07 5.42939005754306e-07 5.46659009614814e-07 5.50401978216541e-07 5.53689972093707e-07 5.56997008516191e-07 5.60323996978696e-07 5.62213983812399e-07 5.626509960166e-07 5.63088008220802e-07 5.63525986763125e-07 5.63610001336201e-07 5.63576975309843e-07 5.63544006126904e-07 5.63510013762425e-07 5.62301011086674e-07 5.61093997930584e-07 5.59889997475693e-07 5.59270006306178e-07 5.5849102409411e-07 5.57711985038623e-07 5.5704299484205e-07 5.56517989025451e-07 5.56063014300889e-07 5.55609972252569e-07 5.55156020709546e-07 5.54906989691517e-07 5.54724977064325e-07 5.54543021280551e-07 5.54361008653359e-07 5.55154997528007e-07 5.55950009584194e-07 5.56745987978502e-07 5.57497003228491e-07 5.58106023618166e-07
4.22229987862011e-07 4.29969986726064e-07 4.36781988355506e-07 4.43701992480783e-07 4.50731988621556e-07 4.55976987723261e-07 4.6064599246165e-07 4.65362006707437e-07 4.70126991558573e-07 4.72560003572653e-07 4.75005009548113e-07 4.77464027426322e-07 4.79778975659428e-07 4.81637982829852e-07 4.83503981740796e-07 4.85377995573799e-07 4.86109001940349e-07 4.85693988139246e-07 4.85278974338144e-07 4.8486498371858e-07 4.84016993596015e-07 4.83025985431595e-07 4.82037023630255e-07 4.81107008454273e-07 4.79629022720474e-07 4.78155016025994e-07 4.76686011552374e-07 4.7507600697827e-07 4.73038994641684e-07 4.71009997227156e-07 4.68990009494519e-07 4.67538995962968e-07 4.66649993313695e-07 4.65763008605791e-07 4.65026005258551e-07 4.64338995698199e-07 4.6357300220734e-07 4.62808998236142e-07 4.62045989024773e-07 4.63381013560138e-07 4.64946992906334e-07 4.665180028951e-07 4.67375997459385e-07 4.66083008632268e-07
3.67768990372497e-07 3.74942999314953e-07 3.80974995550787e-07 3.87216005037772e-07 3.9361398762594e-07 3.98379995658615e-07 4.02620003114862e-07 4.06905002137137e-07 4.1123598748527e-07 4.13165992085851e-07 4.15105006368321e-07 4.17053996670802e-07 4.18702995830245e-07 4.19455005840064e-07 4.20420008140354e-07 4.21387994720135e-07 4.21585014009906e-07 4.21009985984711e-07 4.20437004322594e-07 4.19863994238767e-07 4.18490998299603e-07 4.1685700580274e-07 4.15229010286566e-07 4.13608006510913e-07 4.11580998616046e-07 4.09563000403068e-07 4.0755600139164e-07 4.05032011485673e-07 4.0095900999404e-07 3.96926992607405e-07 3.92934992987648e-07 3.90834998142964e-07 3.90597989508024e-07 3.90359986113253e-07 3.90122011140193e-07 3.88918010685302e-07 3.87395999723594e-07 3.85880014164286e-07 3.84369997163958e-07 3.86837996302347e-07 3.89322991622976e-07 3.91823988366014e-07 3.92840007634732e-07 3.89379010812263e-07
3.20368002348914e-07 3.26627997537798e-07 3.32244013634408e-07 3.37957004603595e-07 3.43768988386728e-07 3.48094005175881e-07 3.51939007714464e-07 3.55827012299414e-07 3.59528002036313e-07 3.6109298662268e-07 3.62663001851615e-07 3.64241003580901e-07 3.65442986094422e-07 3.65541012570247e-07 3.65771001042958e-07 3.65923000344992e-07 3.657220020159e-07 3.65169000815513e-07 3.64616994374956e-07 3.64066011115938e-07 3.62242985829653e-07 3.60007987865174e-07 3.57723990873637e-07 3.55238995553009e-07 3.52468987330212e-07 3.49721005932224e-07 3.46993999755796e-07 3.43409993774912e-07 3.37764987534683e-07 3.32270985836658e-07 3.26866995692399e-07 3.24179012523018e-07 3.2413998951597e-07 3.24100994930632e-07 3.24062995105123e-07 3.22598992852363e-07 3.20670011433322e-07 3.1875299555395e-07 3.16847007297838e-07 3.20168993539482e-07 3.23525995327145e-07 3.26918012660826e-07 3.283039973212e-07 3.23621009101771e-07
2.80814987263511e-07 2.85934987687142e-07 2.90230985910966e-07 2.94593007765798e-07 2.99020001648387e-07 3.02437996424487e-07 3.0553201213479e-07 3.08658002268203e-07 3.11816990006264e-07 3.12531994950405e-07 3.13248989414205e-07 3.13968001819376e-07 3.14320004690671e-07 3.13571007382052e-07 3.12824994352923e-07 3.12080004505333e-07 3.10400992020732e-07 3.07803986743238e-07 3.05229008290553e-07 3.02675005059427e-07 2.9943700496915e-07 2.9600099082927e-07 2.92604994456269e-07 2.89246997908776e-07 2.83441011106333e-07 2.77584007335463e-07 2.71848989541468e-07 2.64631012214522e-07 2.54826005630093e-07 2.45385990638169e-07 2.36861993130333e-07 2.35266000458978e-07 2.3901600343379e-07 2.42824995666524e-07 2.47056988200711e-07 2.42641988279502e-07 2.36093001149129e-07 2.2972000124355e-07 2.23501004370519e-07 2.30840001336219e-07 2.38412994235659e-07 2.47374003947698e-07 2.52033999004198e-07 2.39183009398403e-07
2.42384004423002e-07 2.46641008061488e-07 2.50178999294803e-07 2.53768007496546e-07 2.57409993764668e-07 2.60349992231568e-07 2.63071996187136e-07 2.65821000766664e-07 2.68599990249641e-07 2.68664990699108e-07 2.68728996388745e-07 2.68793996838212e-07 2.68506994416384e-07 2.67172993062559e-07 2.65846011870963e-07 2.64524999238347e-07 2.61699000247972e-07 2.57417013926897e-07 2.5320400709461e-07 2.49056995471619e-07 2.44484994027516e-07 2.39835998172566e-07 2.35276004900697e-07 2.30804005241225e-07 2.22520995407649e-07 2.15981003748311e-07 2.09712993637368e-07 2.02939006044289e-07 1.94398992903189e-07 1.86215999065098e-07 1.77903999087903e-07 1.76555005282353e-07 1.82674995130583e-07 1.88615004503845e-07 1.94535004993668e-07 1.88764005315534e-07 1.78134001771468e-07 1.67861003319558e-07 1.58139997097351e-07 1.68834006331053e-07 1.80252001769077e-07 1.92442001889503e-07 1.97589002937093e-07 1.83018002530844e-07
