results/Predictions/Median/Zanclean.asc
NCOLS 360 
NROWS 180 
XLLCORNER -180 
YLLCORNER -90 
CELLSIZE 1 
NODATA_value -3.4e+38 
[rows 100 to 119 of 180, columns 220 to 263 of 360]
0.507848978042603 0.000472965009976178 0.000472515006549656 0.000472229003207758 0.000467445002868772 0.000466645986307412 0.000465555000118911 0.000465238001197577 0.000466066005174071 0.000466141995275393 0.000487557001179084 0.000465355988126248 0.000465582998003811 0.00046919600572437 0.000469769991468638 0.000469860999146476 0.000471448001917452 0.000471634994028136 0.000473224994493648 0.418332993984222 0.0411908999085426 0.000511883990839124 0.000473318010335788 0.000472654995974153 0.00047100501251407 0.000469877995783463 0.000469697988592088 0.000469516002340242 0.000469391990918666 0.000466422992758453 0.000465729011921212 0.000465732999145985 0.00046527900849469 0.000464375014416873 0.000463472999399528 0.000463006988866255 0.000462719006463885 0.000462432013591751 0.000462146999780089 0.000463094998849556 0.000463534001028165 0.000462930009234697 0.000465418997919187 0.000466166995465755
0.533955991268158 0.000477974012028426 0.000473557010991499 0.000472674990305677 0.000471053994260728 0.000469160993816331 0.000470186001621187 0.000472576008178294 0.000473988009616733 0.000473638996481895 0.00047169899335131 0.000469766004243866 0.000468562007881701 0.000470992003101856 0.000474160013254732 0.00047510999138467 0.000477346999105066 0.000477989990031347 0.000478725996799767 0.000559123989660293 0.47053799033165 0.474054992198944 0.000479176989756525 0.000478808011393994 0.000478106987429783 0.000477363006211817 0.000476621004054323 0.000475926004583016 0.000475031993119046 0.000473733991384506 0.000472665997222066 0.000470625993330032 0.000468896003440022 0.000468982005259022 0.000468665995867923 0.000467453995952383 0.000466661003883928 0.000465893012005836 0.000464193988591433 0.000463903008494526 0.000463717995444313 0.000463534990558401 0.000462749012513086 0.000463219999801368
0.532271981239319 0.000480763002997264 0.000476279994472861 0.000474475004011765 0.000471771985758096 0.000472651998279616 0.000475125008961186 0.000480004993733019 0.000575718993786722 0.000487870012875646 0.000481769995531067 0.00047632900532335 0.000470647995825857 0.000475587003165856 0.000477444991702214 0.000479614012874663 0.000481705996207893 0.000484051997773349 0.00048762300866656 0.000489755009766668 0.355329990386963 0.000549997028429061 0.000492052990011871 0.000492502993438393 0.000492307008244097 0.000491937971673906 0.000491568993311375 0.000490596983581781 0.000487756013171747 0.000485035998281091 0.000482370989629999 0.000481044000480324 0.000479159003589302 0.000477641995530576 0.000475951004773378 0.000473685999168083 0.0004713159869425 0.000469416001578793 0.000467776990262792 0.000467108999146149 0.000466416997369379 0.000467231002403423 0.000467392994323745 0.000466108991531655
0.531879007816315 0.00048780400538817 0.000484348012832925 0.000481360999401659 0.000479546986753121 0.000474164000479504 0.000470116006908938 0.351197987794876 0.531211972236633 0.311131000518799 0.000464984012069181 0.000470959988888353 0.000479898997582495 0.000480646005598828 0.000483812997117639 0.000489602971356362 0.000492179999127984 0.000493708997964859 0.000495782005600631 0.000495886022690684 0.000679914024658501 0.000495999003760517 0.00049656699411571 0.00049725198186934 0.000497341970913112 0.000497234985232353 0.000497127010021359 0.0004970200243406 0.000496394990477711 0.000495771004352719 0.000495148007757962 0.000494090025313199 0.00049290299648419 0.000489929981995374 0.000485950993606821 0.000481575989397243 0.000476926012197509 0.000475578010082245 0.00047260700375773 0.000469652994070202 0.000468507991172373 0.000466260011307895 0.00046507001388818 0.000464732002001256
0.530703008174896 0.000496788998134434 0.000491079990752041 0.000487974990392104 0.000487140991026536 0.000478177011245862 0.368407011032104 -3.4e+38 -3.4e+38 0.0838055014610291 0.000456484995083883 0.000466455006971955 0.000491691986098886 0.000493537983857095 0.0004969920264557 0.000496329972520471 0.000496529974043369 0.000497166009154171 0.000497802975587547 0.000508727971464396 0.00099197996314615 0.000500176975037903 0.000501124013680965 0.000502072973176837 0.00050243001896888 0.00050258997362107 0.000502749986480922 0.000502909009810537 0.000502448994666338 0.000501508009620011 0.000500569003634155 0.000499657995533198 0.000498827022965997 0.000497695989906788 0.000496065011247993 0.000493359984830022 0.000489844009280205 0.000482626986922696 0.000477030000183731 0.000474595988634974 0.000473452004371211 0.000472060986794531 0.000470950006274506 0.000466845987830311
0.422603011131287 0.000498786976095289 0.000492636987473816 0.00048929697368294 0.000606818997766823 0.515666007995605 0.530027985572815 -3.4e+38 -3.4e+38 0.308438003063202 0.000448526989202946 0.000460442999610677 0.000491607992444187 0.000495444983243942 0.000497226021252573 0.000497721019200981 0.000499435001984239 0.000500130990985781 0.00050082802772522 0.0109467003494501 0.0013398400042206 0.000503289978951216 0.000504234980326146 0.000505180971231312 0.000505684001836926 0.000506039010360837 0.000506394018884748 0.000506750016938895 0.000506471027620137 0.000506191980093718 0.000505912990774959 0.000505285977851599 0.000502989976666868 0.000500580004882067 0.000498180976137519 0.00049549201503396 0.000494847015943378 0.000493108993396163 0.000487104989588261 0.000479798996821046 0.00047709999489598 0.000475523993372917 0.000473863008664921 0.000472865009214729
0.000556962972041219 0.000492529012262821 0.000487985991640016 0.176999002695084 0.534189999103546 0.53183501958847 -3.4e+38 -3.4e+38 -3.4e+38 0.517935991287231 0.000449682993348688 0.000457860995084047 0.000483326992252842 0.000484458985738456 0.00049413600936532 0.000497478991746902 0.000500869995448738 0.00050181697588414 0.000502765004057437 0.123099997639656 0.000990197993814945 0.000505199015606195 0.000505872012581676 0.000506545999087393 0.000507068994920701 0.00050808402011171 0.00050933298189193 0.000509977980982512 0.000509587000124156 0.000508380006067455 0.000507758988533169 0.000507200020365417 0.000505700998473912 0.00050359102897346 0.00050141999963671 0.000498901994433254 0.000496058026328683 0.000494277977850288 0.0004930259892717 0.000485033000586554 0.000476601999253035 0.000474889995530248 0.000474592001410201 0.000474174012197182
0.000484041986055672 0.000490805017761886 0.000697093026246876 0.528720021247864 -3.4e+38 -3.4e+38 -3.4e+38 -3.4e+38 -3.4e+38 0.483796000480652 0.000449670013040304 0.000458285998320207 0.000476601009722799 0.000484209012938663 0.000489355996251106 0.000497238012030721 0.000502309005241841 0.000503508024848998 0.00189147994387895 0.000970710010733455 0.000506717013195157 0.000507116026710719 0.000507691001985222 0.000508941011503339 0.000509913021232933 0.000510722980834544 0.000511532998643816 0.00051238399464637 0.00051240500761196 0.000512427010107785 0.00051253498531878 0.000510898011270911 0.000507793971337378 0.000506468990352005 0.00050514901522547 0.000503321003634483 0.000500991009175777 0.00049867300549522 0.000496365013532341 0.000491596001666039 0.000480832997709513 0.000471690989797935 0.000470386992674321 0.000469482998596504
0.000490910024382174 0.000492474995553493 0.100865997374058 0.529676973819733 -3.4e+38 -3.4e+38 -3.4e+38 -3.4e+38 0.513788998126984 0.000453896995168179 0.000461805000668392 0.00047153199557215 0.000491341983433813 0.000496158027090132 0.000503400980960578 0.000502576993312687 0.000504584982991219 0.000504901981912553 0.000506129988934845 0.000505537027493119 0.000506023003254086 0.000506675976794213 0.000507329008542001 0.00050798401935026 0.00050986697897315 0.000512033002451062 0.000514210027176887 0.000516397005412728 0.00051518902182579 0.000513984996359795 0.00051274400902912 0.000510189973283559 0.000507907010614872 0.000506594020407647 0.000505284988321364 0.000503464019857347 0.000501136993989348 0.000498821027576923 0.00049651600420475 0.000491361017338932 0.000482814997667447 0.000471259001642466 0.000469721999252215 0.000469947000965476
0.000496175023727119 0.00049570098053664 0.000850768003147095 0.53346198797226 -3.4e+38 -3.4e+38 -3.4e+38 -3.4e+38 0.00317104998975992 0.000473880005301908 0.0004857910098508 0.000496672000735998 0.000511293997988105 0.000509236007928848 0.000507187971379608 0.000505737029016018 0.000506870972458273 0.000506300013512373 0.000505729985889047 0.000505161006003618 0.000505328993313015 0.000506235985085368 0.000507144024595618 0.000508054974488914 0.000508753990288824 0.000510745972860605 0.000512746977619827 0.000514757004566491 0.000513634993694723 0.000512516999151558 0.000511403020936996 0.000509325007442385 0.000508019991684705 0.000506719981785864 0.000505422009155154 0.000503608025610447 0.000501284026540816 0.000498971028719097 0.000496667984407395 0.000489199010189623 0.000482431991258636 0.000473377003800124 0.000466536002932116 0.000462616997538134
0.000502547016367316 0.000498457986395806 0.000475259992526844 0.527549982070923 -3.4e+38 -3.4e+38 -3.4e+38 -3.4e+38 0.513292014598846 0.000495737011078745 0.000503893999848515 0.000517975015100092 0.000511705002281815 0.000508368015289307 0.000506780983414501 0.000507214979734272 0.000507367018144578 0.000506670970935374 0.000505977019201964 0.000505283009260893 0.00050537200877443 0.00050624500727281 0.000522312009707093 0.000507995020598173 0.000508601020555943 0.000509118021000177 0.000510605983436108 0.000512489990796894 0.000511419028043747 0.000510352023411542 0.000509672972839326 0.000509219011291862 0.000507885997649282 0.00050655601080507 0.000505229982081801 0.000503491028212011 0.000501345028169453 0.000495286018121988 0.000492984021548182 0.000491479993797839 0.000482642994029447 0.000473661988507956 0.000463967997347936 0.000459433998912573
0.000501694972626865 0.000496872002258897 0.000475395005196333 0.518396019935608 -3.4e+38 -3.4e+38 -3.4e+38 0.523782014846802 0.000524732982739806 0.000497322005685419 0.000503812974784523 0.000520683999639004 0.000517847016453743 0.000515314983204007 0.000512800004798919 0.000510302023030818 0.0005085319862701 0.000508901022840291 0.000509270990733057 0.000509643985424191 0.000509487988892943 0.000507581979036331 0.000507252989336848 0.000507803983055055 0.000508320983499289 0.000508826982695609 0.00050933298189193 0.000509840028826147 0.000509683974087238 0.000509529025293887 0.000509374018292874 0.00050890602869913 0.000507502991240472 0.000506104028318077 0.000504709023516625 0.000503113027662039 0.000499101006425917 0.0004960399819538 0.000491755024995655 0.000487273995531723 0.000485577009385452 0.000476768997032195 0.000465390010504052 0.000459736998891458
0.000498038018122315 0.000495683983899653 0.313751995563507 0.518727004528046 -3.4e+38 -3.4e+38 -3.4e+38 0.522291004657745 0.000485859985928982 0.00049785798182711 0.000503732007928193 0.000518960994668305 0.000524063012562692 0.000522906018886715 0.000521756999660283 0.000520617992151529 0.000519777007866651 0.000519810011610389 0.000519844994414598 0.000519879977218807 0.000519048015121371 0.000516871979925781 0.000514707004185766 0.000512552971486002 0.000509709992911667 0.000508535013068467 0.000509030011016876 0.000509525998495519 0.00050937500782311 0.000509225006680936 0.000509075005538762 0.000508592987898737 0.000507120974361897 0.000505652977153659 0.000504188996274024 0.000500057998578995 0.000495148997288197 0.000494329025968909 0.000493510975502431 0.000490250997245312 0.000485727010527626 0.00047736699343659 0.00046767300227657 0.000460231996839866
0.000501430011354387 0.000499196990858763 0.000540399982128292 0.520310997962952 -3.4e+38 -3.4e+38 -3.4e+38 0.509140014648438 0.00048436300130561 0.000495311978738755 0.000502192007843405 0.00050772400572896 0.000518933986313641 0.000518784974701703 0.000518641027156264 0.000518330023624003 0.0005180379957892 0.000518000975716859 0.000517963024321944 0.000517922977451235 0.000517818029038608 0.000517650973051786 0.00051748298574239 0.000516093976330012 0.000513644015882164 0.000510933983605355 0.000510113022755831 0.000510604993905872 0.000510309997480363 0.000510014011524618 0.000509719015099108 0.000509153003804386 0.000507778022438288 0.000506406009662896 0.000502427981700748 0.000500967027619481 0.000499455025419593 0.000495236017741263 0.000491055019665509 0.000486853998154402 0.000482670991914347 0.00047451799036935 0.000463450996903703 0.000456899986602366
0.000502353999763727 0.00049722200492397 0.00047526799608022 0.519824981689453 -3.4e+38 -3.4e+38 0.518298983573914 0.000752267020288855 0.000481886003399268 0.000494032981805503 0.000497362983878702 0.000505327014252543 0.000509975012391806 0.000513519975356758 0.000514084007591009 0.000514612998813391 0.000514917017426342 0.000515046995133162 0.000515175983309746 0.000515302992425859 0.000515312014613301 0.000515200023073703 0.000515083025675267 0.000514963001478463 0.000515074993018061 0.000515257008373737 0.000512911996338516 0.000512745988089591 0.000512320024427027 0.000511893013026565 0.000511467980686575 0.000510784971993417 0.000509335019160062 0.000505182018969208 0.000504122988786548 0.000500179012306035 0.000495883985422552 0.000491629005409777 0.000487412995425984 0.000480624003103003 0.000477366003906354 0.000471062987344339 0.000462403986603022 0.000454180000815541
0.000501870003063232 0.000500563008245081 0.000479092996101826 0.398238003253937 -3.4e+38 0.510888993740082 0.509109973907471 0.000469936989247799 0.000489107973407954 0.000491435988806188 0.000494881998747587 0.00049976899754256 0.000504246971104294 0.000508375000208616 0.000511937018018216 0.000511653022840619 0.000511192018166184 0.000511768972501159 0.000512348022311926 0.000512927013915032 0.000513406994286925 0.000513784994836897 0.00051416497444734 0.000514544022735208 0.000514970975928009 0.000515413994435221 0.000514230981934816 0.000514745013788342 0.000514292973093688 0.000513840990606695 0.000513389008119702 0.000512706988956779 0.000507801014464349 0.000504533003550023 0.00050009397091344 0.000495745975058526 0.000491488026455045 0.000485461991047487 0.000479148991871625 0.000477408990263939 0.000471956998808309 0.000464748998638242 0.000452692009275779 0.000444625009549782
0.000507487973663956 0.000509533972945064 0.000504679977893829 0.000492692983243614 0.0357813984155655 0.00068538001505658 0.000488029007101431 0.000494588981382549 0.00050726201152429 0.000507146003656089 0.000501370988786221 0.000498119974508882 0.000492396007757634 0.000501753995195031 0.000505280971992761 0.000508997996803373 0.000515152001753449 0.000515825988259166 0.00051650102250278 0.000517176988068968 0.000517788983415812 0.000517704989761114 0.00051730900304392 0.000516914005856961 0.000515690015163273 0.000515992986038327 0.000516296015121043 0.000516599975526333 0.000516228028573096 0.000512785976752639 0.000507446995470673 0.000506542972289026 0.00050250202184543 0.000498495006468147 0.000494520994834602 0.000487621000502259 0.000484418997075409 0.000481638009659946 0.000476854998851195 0.000467390986159444 0.00045705700176768 0.000443586992332712 0.000429795996751636 0.000417833012761548
0.000514479994308203 0.000521200010553002 0.000523779017385095 0.000530683028046042 0.000541277986485511 0.000538102991413325 0.000529032025951892 0.000531318015418947 0.000524786999449134 0.000519125023856759 0.000509592005982995 0.000492884020786732 0.000485244992887601 0.000489722995553166 0.000494576990604401 0.000505239004269242 0.000508973025716841 0.000510780024342239 0.000514555023983121 0.000514414976350963 0.000514596002176404 0.000515545019879937 0.000516352010890841 0.000517088978085667 0.000516403990332037 0.000515203981194645 0.000513254024554044 0.000509738980326802 0.000505300995428115 0.000504745985381305 0.000502657028846443 0.000498850014992058 0.000494961976073682 0.000491103972308338 0.000487276003696024 0.000479953014291823 0.000473597989184782 0.000463403994217515 0.00045515300007537 0.00044361999607645 0.000434860005043447 0.00041603299905546 0.000409388012485579 0.000403996993554756
0.000505645992234349 0.00051429501036182 0.000522918009664863 0.00052892102394253 0.000529629003722221 0.000530581979546696 0.000522651011124253 0.00051623402396217 0.00051231199176982 0.000498390989378095 0.000490011007059366 0.000478347996249795 0.000474522006697953 0.000472137005999684 0.000484387011965737 0.000488288991618901 0.000495990971103311 0.00049495097482577 0.000496996974106878 0.000497239991091192 0.000494750973302871 0.000495043001137674 0.000495331012643874 0.000495493004564196 0.000495655986014754 0.000495595973916352 0.000494635023642331 0.000493676983751357 0.000490151986014098 0.000487014011014253 0.000480960006825626 0.000472193001769483 0.00045936499373056 0.000448767998022959 0.000441315991338342 0.000435994006693363 0.000426098005846143 0.000416422000853345 0.000406470993766561 0.000397614989196882 0.000389813998481259 0.000382736994652078 0.000375125004211441 0.000367372005712241
0.00048302800860256 0.000495042011607438 0.00050240900600329 0.000508823024574667 0.000515315972734243 0.000511881022248417 0.000501713017001748 0.000489771016873419 0.000476734014227986 0.000475987006211653 0.000472766987513751 0.000468526006443426 0.000461249001091346 0.00046805600868538 0.000466163997771218 0.000472591986181214 0.000473761989269406 0.000475504988571629 0.000478091009426862 0.00048232200788334 0.000479664013255388 0.000477299006888643 0.000474353990284726 0.000474224012577906 0.000473193009383976 0.00047169899335131 0.000466475990833715 0.000458299997262657 0.000447155005531386 0.000436280010035262 0.000432872009696439 0.000420485012000427 0.000411212997278199 0.000402147008571774 0.000393280992284417 0.000385107006877661 0.000378758006263524 0.000373854010831565 0.000368389999493957 0.000363300991011783 0.000354351010173559 0.000346835004165769 0.000339885998982936 0.000334773008944467
