results/Predictions/Median/Zanclean.asc
NCOLS 360 
NROWS 180 
XLLCORNER -180 
YLLCORNER -90 
CELLSIZE 1 
NODATA_value -3.4e+38 
[rows 0 to 19 of 180, columns 264 to 307 of 360]
3.19951993787981e-08 3.19892983213776e-08 3.19815001148527e-08 3.19679003268902e-08 3.19544000149108e-08 3.19408002269483e-08 3.19270014870199e-08 3.19129007664287e-08 3.19156008288246e-08 3.19677013749242e-08 3.20148991761471e-08 3.20108988205448e-08 3.19987982777548e-08 3.19868007636614e-08 3.19869002396445e-08 3.19869002396445e-08 3.19869997156275e-08 3.19883994848169e-08 3.19935011816597e-08 3.19984998498057e-08 3.20036015466485e-08 3.20132009790086e-08 3.20271986709031e-08 3.20411999155112e-08 3.20552011601194e-08 3.20730997316332e-08 3.20924016250501e-08 3.21116004897704e-08 3.21308988304736e-08 3.21528013103034e-08 3.21747002374195e-08 3.21966986405187e-08 3.22178017597707e-08 3.22364002158793e-08 3.22549986719878e-08 3.227360068081e-08 3.22875983727045e-08 3.22976987376933e-08 3.23077991026821e-08 3.23177999916879e-08 3.23217008713073e-08 3.23233990684457e-08 3.23251008182979e-08 3.23267990154363e-08
3.21144000281492e-08 3.20873994041904e-08 3.2054298770845e-08 3.20032000900028e-08 3.19522008851436e-08 3.19012016802844e-08 3.18486002015561e-08 3.18804005416951e-08 3.19380006885694e-08 3.19170005980141e-08 3.18790007725056e-08 3.18412993749462e-08 3.18036015301004e-08 3.1765999608524e-08 3.17571000607586e-08 3.17482005129932e-08 3.17392014892448e-08 3.17324015952636e-08 3.17319006626349e-08 3.17313997300062e-08 3.17308987973774e-08 3.1741500094995e-08 3.17631005941621e-08 3.17848005693122e-08 3.18064010684793e-08 3.18384998365673e-08 3.18741015803425e-08 3.19096997714041e-08 3.19453015151794e-08 3.19898987299894e-08 3.2034598973496e-08 3.20792992170027e-08 3.21224007393539e-08 3.21605000408454e-08 3.21986988183198e-08 3.2236901148508e-08 3.22655004936223e-08 3.22852002909713e-08 3.23049000883202e-08 3.23246993616522e-08 3.23287991932375e-08 3.23277014047108e-08 3.23266000634703e-08 3.23254987222299e-08
3.22339985814324e-08 3.21857989149521e-08 3.21273994075e-08 3.20384998531154e-08 3.19500017553764e-08 3.18615995809068e-08 3.18337995963702e-08 3.18970982959854e-08 3.18612016769748e-08 3.17985993092407e-08 3.17355990375745e-08 3.16724992899253e-08 3.16094990182592e-08 3.15466017752897e-08 3.15287991270452e-08 3.15109005555314e-08 3.14931014600006e-08 3.14782013788317e-08 3.14722008454282e-08 3.14627008890511e-08 3.14447987648236e-08 3.14593009420605e-08 3.15008996665256e-08 3.15300994202516e-08 3.15592991739777e-08 3.16052997106908e-08 3.16569988001447e-08 3.17088009182953e-08 3.17605994837322e-08 3.18276995869837e-08 3.18949986422012e-08 3.19623012501324e-08 3.20273016995998e-08 3.20848982937605e-08 3.21424984406349e-08 3.2200201616206e-08 3.22433990618265e-08 3.22728013202322e-08 3.23021005499413e-08 3.23314992556334e-08 3.23359010678814e-08 3.23320001882621e-08 3.23280993086428e-08 3.23240989530404e-08
3.05083993623612e-08 3.05137994871529e-08 3.06948990669298e-08 3.09441006152156e-08 3.11953982645718e-08 3.1448699644443e-08 3.16702006841751e-08 3.18594004511397e-08 3.20497015593446e-08 3.22411999320593e-08 3.22085007553596e-08 3.20365991512972e-08 3.18655999365092e-08 3.16955990342649e-08 3.1717199533432e-08 3.17387005566161e-08 3.17603010557832e-08 3.17768993340906e-08 3.17787005599257e-08 3.17804982330472e-08 3.17822994588823e-08 3.17842001607005e-08 3.17862998144847e-08 3.17882999922858e-08 3.179039964607e-08 3.18086001982465e-08 3.18322008752148e-08 3.1855901028166e-08 3.18795017051343e-08 3.18893995654435e-08 3.18993009784663e-08 3.1924898280522e-08 3.19848005858603e-08 3.20375015405716e-08 3.20902984185523e-08 3.21433013539263e-08 3.21912985157269e-08 3.22345989900441e-08 3.22656994455883e-08 3.22678985753555e-08 3.22593010082528e-08 3.22472999414458e-08 3.22351993986558e-08 3.22230988558658e-08
3.00073992320904e-08 3.01580982409178e-08 3.03090992304078e-08 3.04592013833371e-08 3.06592013998852e-08 3.08586010078216e-08 3.07793008857971e-08 3.06701011254518e-08 3.05612992690385e-08 3.04528988692709e-08 3.05521012933241e-08 3.0665098904592e-08 3.07786010012023e-08 3.08924015257617e-08 3.08887990740914e-08 3.08852001751347e-08 3.08816012761781e-08 3.08750998101459e-08 3.08595993203653e-08 3.08441983065677e-08 3.08287013695008e-08 3.08500993639882e-08 3.09083993954573e-08 3.09667989029094e-08 3.10253014390582e-08 3.11509005257449e-08 3.12994998807881e-08 3.1448699644443e-08 3.15986987686756e-08 3.17922008719052e-08 3.19868007636614e-08 3.21050990237381e-08 3.20329007763576e-08 3.19989013064514e-08 3.19648982838316e-08 3.19308988139255e-08 3.19144994875842e-08 3.19153983241449e-08 3.19164001894023e-08 3.19172990259631e-08 3.19136006510234e-08 3.19103001800158e-08 3.19693995720627e-08 3.20285984400925e-08
3.23625997111776e-08 3.22265982788394e-08 3.20885007454308e-08 3.19062998244135e-08 3.17130002258637e-08 3.14160999437263e-08 3.10723997642981e-08 3.06831999807855e-08 3.0298899389436e-08 2.99220985766624e-08 3.00452001056328e-08 3.02036013977158e-08 3.03325009554101e-08 3.04597982392352e-08 3.05100016362303e-08 3.05787999366203e-08 3.05748990570009e-08 3.05656016053035e-08 3.06063014932079e-08 3.06222993629035e-08 3.05867011718419e-08 3.0579300869249e-08 3.06000984551247e-08 3.06208001177311e-08 3.06416012563204e-08 3.06518010972923e-08 3.06229992474982e-08 3.05943004264009e-08 3.05654985766068e-08 3.05127016986262e-08 3.04600007439149e-08 3.06932008697913e-08 3.10059995456413e-08 3.12255998835553e-08 3.14468984186078e-08 3.16601997951693e-08 3.18260013898453e-08 3.19471986642839e-08 3.19786011004908e-08 3.19333999243554e-08 3.19197006604099e-08 3.19164001894023e-08 3.19115009972393e-08 3.19064987763795e-08
3.71364983209332e-08 3.71672008725454e-08 3.69556012458361e-08 3.63931000890716e-08 3.57085987445771e-08 3.50675009030965e-08 3.4529200831912e-08 3.39007009131365e-08 3.32838006045222e-08 3.26779989734405e-08 3.22349009707068e-08 3.18479003169614e-08 3.16093000662931e-08 3.1306601755432e-08 3.10334016262459e-08 3.0762599578793e-08 3.0494199165787e-08 3.03428002723649e-08 3.05372012121552e-08 3.07327994164552e-08 3.09297014666754e-08 3.10151015980864e-08 3.09880014981445e-08 3.09609013982026e-08 3.09338012982607e-08 3.073829901723e-08 3.04884011370632e-08 3.02405993579669e-08 3.01916998068918e-08 3.03948013424815e-08 3.05991996185639e-08 3.08227008360973e-08 3.07557002088288e-08 3.06291987328677e-08 3.05032017422491e-08 3.03778016075285e-08 3.02817007025169e-08 3.02600007273668e-08 3.03150002878283e-08 3.03700993242728e-08 3.05412015677575e-08 3.07521013098722e-08 3.09645997731423e-08 3.11785015583155e-08
4.25876010012871e-08 4.23811989946898e-08 4.20585983818e-08 4.14174010643364e-08 4.07809999103392e-08 4.01544006933818e-08 3.93255987773955e-08 3.83233000889049e-08 3.72779993540462e-08 3.62445007340284e-08 3.54346987307963e-08 3.48160007490605e-08 3.42081989401777e-08 3.36109984289124e-08 3.29908012020041e-08 3.25850990634535e-08 3.21844986217457e-08 3.19759010380949e-08 3.22383009176974e-08 3.25219993158044e-08 3.28081988243412e-08 3.29392015885333e-08 3.29132987531011e-08 3.28872999943997e-08 3.28614007116812e-08 3.25691011937579e-08 3.21917994483556e-08 3.19282982275126e-08 3.16213011331001e-08 3.11522008189513e-08 3.06901988267327e-08 3.02391995887774e-08 3.04502982828581e-08 3.05134015832209e-08 3.05766008068531e-08 3.05767997588191e-08 3.04301011055941e-08 3.0327800715213e-08 3.0225798752781e-08 3.01241982469946e-08 3.00972011757494e-08 3.00951015219653e-08 3.00929983154674e-08 3.00908986616832e-08
4.51043997600209e-05 3.96338000427932e-05 4.04884012823459e-05 9.51050024013966e-05 3.77938013116363e-05 2.91042997559998e-05 2.9021800855844e-06 3.83579987328631e-07 1.2780300266968e-06 1.08488002581453e-07 4.96152985363096e-08 3.78123985456114e-08 3.53523006424439e-08 3.4768898871107e-08 3.52929987457173e-08 3.52751001742035e-08 3.48832003282951e-08 3.5093400185815e-08 3.55772016291667e-08 3.60676004618199e-08 3.65647991884543e-08 3.68794985661225e-08 3.6885200671577e-08 3.68908992243178e-08 3.68966013297722e-08 3.5832801614788e-08 3.50679982830115e-08 3.43196013830038e-08 3.35871987999781e-08 3.32235003952519e-08 3.28636993174314e-08 3.25077991192302e-08 3.21839017658476e-08 3.19332009723894e-08 3.16532009492221e-08 3.1331101268961e-08 3.10560999139398e-08 3.08539007676245e-08 3.07105985086764e-08 3.05680991630197e-08 3.04716003540761e-08 3.03903995302335e-08 3.03094012110705e-08 3.02287013198566e-08
-3.4e+38 -3.4e+38 -3.4e+38 -3.4e+38 -3.4e+38 -3.4e+38 -3.4e+38 -3.4e+38 -3.4e+38 -3.4e+38 -3.4e+38 -3.4e+38 8.83323009475134e-05 7.84243966336362e-05 2.78072002402041e-05 9.68458948591433e-07 5.87751998182284e-08 3.96184987039305e-08 3.92617991451516e-08 4.05280005111308e-08 4.14066008147529e-08 4.17462011625958e-08 4.15743990345163e-08 4.14033003437453e-08 4.11924006016307e-08 4.01234991898036e-08 3.87104002186334e-08 3.70168002916671e-08 3.58691991664273e-08 3.55924001382846e-08 3.5317800239909e-08 3.50452999953177e-08 3.47734001593381e-08 3.44992017176082e-08 3.42271988529319e-08 3.39572991947534e-08 3.36629000230459e-08 3.33447012224042e-08 3.30295009121073e-08 3.27074012318462e-08 3.26092006730505e-08 3.25828004577033e-08 3.25503002329697e-08 3.2517899484219e-08
-3.4e+38 -3.4e+38 -3.4e+38 -3.4e+38 -3.4e+38 -3.4e+38 -3.4e+38 -3.4e+38 -3.4e+38 -3.4e+38 -3.4e+38 -3.4e+38 -3.4e+38 -3.4e+38 -3.4e+38 -3.4e+38 0.000103486003354192 0.000103626000054646 9.69176035141572e-05 3.70423003914766e-05 2.34396993619157e-05 7.85803024427878e-07 4.86746998262788e-08 4.35646008156709e-08 4.31247002552482e-08 4.25446984309019e-08 4.12609999500546e-08 3.9416899966227e-08 3.80629003871036e-08 3.8015500081201e-08 3.79680997752985e-08 3.79208984213619e-08 3.79135016714827e-08 3.80262008548016e-08 3.81390989900865e-08 3.82523985820171e-08 3.82533009712915e-08 3.81416995764994e-08 3.80304996383529e-08 3.79196016808692e-08 3.78835984804482e-08 3.78724003269326e-08 3.78611986207034e-08 3.78500999431708e-08
-3.4e+38 -3.4e+38 -3.4e+38 -3.4e+38 -3.4e+38 -3.4e+38 -3.4e+38 -3.4e+38 -3.4e+38 -3.4e+38 -3.4e+38 -3.4e+38 -3.4e+38 -3.4e+38 -3.4e+38 -3.4e+38 -3.4e+38 -3.4e+38 -3.4e+38 -3.4e+38 0.000113034999230877 0.000109565000457224 0.000108296997495927 0.000104578000900801 1.73736007127445e-05 9.68045014815289e-07 4.83874998735701e-07 1.51444993434779e-07 1.00476000852723e-07 5.31917017099204e-08 4.09366016640433e-08 4.1184300414443e-08 4.19798986683872e-08 4.33116014164625e-08 4.43879990541518e-08 4.53313013792922e-08 4.6059799529985e-08 4.65638017033143e-08 4.69675995873331e-08 4.73749004470392e-08 4.75790002951726e-08 4.77151012034938e-08 4.76999986176452e-08 4.75657984111422e-08
-3.4e+38 -3.4e+38 -3.4e+38 -3.4e+38 -3.4e+38 -3.4e+38 -3.4e+38 -3.4e+38 -3.4e+38 -3.4e+38 -3.4e+38 -3.4e+38 -3.4e+38 -3.4e+38 -3.4e+38 -3.4e+38 -3.4e+38 -3.4e+38 -3.4e+38 -3.4e+38 -3.4e+38 -3.4e+38 -3.4e+38 -3.4e+38 -3.4e+38 -3.4e+38 -3.4e+38 0.000108981002995279 0.000104159997135866 0.000104931998066604 0.000105753999378067 0.000106918996607419 0.000100709003163502 4.03382982767653e-05 5.34704986421275e-06 1.83855001978372e-06 9.15163980153011e-07 2.53418988904741e-07 4.2420998624948e-07 1.28344004224346e-06 8.53478979934152e-07 6.38959022580821e-07 3.01410011616099e-07 1.82440999196842e-05
-3.4e+38 -3.4e+38 -3.4e+38 -3.4e+38 -3.4e+38 -3.4e+38 -3.4e+38 -3.4e+38 -3.4e+38 -3.4e+38 -3.4e+38 -3.4e+38 -3.4e+38 -3.4e+38 -3.4e+38 -3.4e+38 -3.4e+38 -3.4e+38 -3.4e+38 -3.4e+38 -3.4e+38 -3.4e+38 -3.4e+38 -3.4e+38 -3.4e+38 -3.4e+38 -3.4e+38 -3.4e+38 -3.4e+38 0.000118563999421895 0.000121140001283493 0.000122219003969803 0.00012512800458353 0.000127100996905938 0.000134690999402665 0.000140300006023608 0.000145166006404907 0.000146977996337228 0.000149796003825031 0.000150168998516165 0.000150656996993348 0.000150918000144884 0.000149293002323247 0.000149453000631183
-3.4e+38 -3.4e+38 -3.4e+38 -3.4e+38 -3.4e+38 -3.4e+38 -3.4e+38 -3.4e+38 -3.4e+38 -3.4e+38 -3.4e+38 -3.4e+38 -3.4e+38 -3.4e+38 -3.4e+38 -3.4e+38 -3.4e+38 -3.4e+38 -3.4e+38 -3.4e+38 -3.4e+38 -3.4e+38 -3.4e+38 -3.4e+38 -3.4e+38 -3.4e+38 -3.4e+38 -3.4e+38 -3.4e+38 -3.4e+38 -3.4e+38 0.000132443994516507 0.000139208001201041 0.000146852995385416 0.000152074004290625 0.00015584600623697 0.00015784299466759 0.000154549998114817 0.000158101000124589 0.000156459005665965 0.000159978997544385 0.000159803996211849 0.000162379001267254 0.000160544004756957
-3.4e+38 -3.4e+38 -3.4e+38 -3.4e+38 -3.4e+38 -3.4e+38 -3.4e+38 -3.4e+38 -3.4e+38 -3.4e+38 -3.4e+38 -3.4e+38 -3.4e+38 -3.4e+38 -3.4e+38 -3.4e+38 -3.4e+38 -3.4e+38 -3.4e+38 -3.4e+38 -3.4e+38 -3.4e+38 -3.4e+38 -3.4e+38 -3.4e+38 -3.4e+38 -3.4e+38 -3.4e+38 -3.4e+38 -3.4e+38 -3.4e+38 -3.4e+38 -3.4e+38 0.000151671003550291 0.000155372006702237 0.000158840004587546 0.000162201002240181 0.000160398994921707 0.000161966003361158 -3.4e+38 0.000162662996444851 0.000164887998835184 0.00016548199346289 0.000167823003721423
-3.4e+38 -3.4e+38 -3.4e+38 -3.4e+38 -3.4e+38 -3.4e+38 -3.4e+38 -3.4e+38 -3.4e+38 -3.4e+38 -3.4e+38 -3.4e+38 -3.4e+38 -3.4e+38 -3.4e+38 -3.4e+38 -3.4e+38 -3.4e+38 -3.4e+38 -3.4e+38 -3.4e+38 -3.4e+38 -3.4e+38 -3.4e+38 -3.4e+38 -3.4e+38 -3.4e+38 -3.4e+38 -3.4e+38 -3.4e+38 -3.4e+38 -3.4e+38 -3.4e+38 -3.4e+38 -3.4e+38 -3.4e+38 -3.4e+38 -3.4e+38 -3.4e+38 -3.4e+38 -3.4e+38 -3.4e+38 -3.4e+38 -3.4e+38
-3.4e+38 -3.4e+38 -3.4e+38 -3.4e+38 -3.4e+38 -3.4e+38 -3.4e+38 -3.4e+38 -3.4e+38 -3.4e+38 -3.4e+38 -3.4e+38 -3.4e+38 -3.4e+38 -3.4e+38 -3.4e+38 -3.4e+38 -3.4e+38 -3.4e+38 -3.4e+38 -3.4e+38 -3.4e+38 -3.4e+38 -3.4e+38 -3.4e+38 -3.4e+38 -3.4e+38 -3.4e+38 -3.4e+38 -3.4e+38 -3.4e+38 -3.4e+38 -3.4e+38 -3.4e+38 -3.4e+38 -3.4e+38 -3.4e+38 -3.4e+38 -3.4e+38 -3.4e+38 -3.4e+38 -3.4e+38 -3.4e+38 -3.4e+38
-3.4e+38 -3.4e+38 -3.4e+38 -3.4e+38 -3.4e+38 -3.4e+38 -3.4e+38 -3.4e+38 -3.4e+38 -3.4e+38 -3.4e+38 -3.4e+38 -3.4e+38 -3.4e+38 -3.4e+38 -3.4e+38 -3.4e+38 -3.4e+38 -3.4e+38 -3.4e+38 -3.4e+38 -3.4e+38 -3.4e+38 -3.4e+38 -3.4e+38 -3.4e+38 -3.4e+38 -3.4e+38 -3.4e+38 -3.4e+38 -3.4e+38 -3.4e+38 -3.4e+38 -3.4e+38 -3.4e+38 -3.4e+38 -3.4e+38 -3.4e+38 -3.4e+38 -3.4e+38 -3.4e+38 -3.4e+38 -3.4e+38 -3.4e+38
-3.4e+38 -3.4e+38 -3.4e+38 -3.4e+38 -3.4e+38 -3.4e+38 -3.4e+38 -3.4e+38 -3.4e+38 -3.4e+38 -3.4e+38 -3.4e+38 -3.4e+38 -3.4e+38 -3.4e+38 -3.4e+38 -3.4e+38 -3.4e+38 -3.4e+38 -3.4e+38 -3.4e+38 -3.4e+38 -3.4e+38 -3.4e+38 -3.4e+38 -3.4e+38 -3.4e+38 -3.4e+38 -3.4e+38 -3.4e+38 -3.4e+38 -3.4e+38 -3.4e+38 -3.4e+38 -3.4e+38 -3.4e+38 -3.4e+38 -3.4e+38 -3.4e+38 -3.4e+38 -3.4e+38 -3.4e+38 -3.4e+38 -3.4e+38
