results/Predictions/Median/Zanclean.asc
NCOLS 360 
NROWS 180 
XLLCORNER -180 
YLLCORNER -90 
CELLSIZE 1 
NODATA_value -3.4e+38 
[rows 120 to 139 of 180, columns 264 to 307 of 360]
0.000296201003948227 0.000289899006020278 0.000285254995105788 0.000280804000794888 0.000276247010333464 0.000273621990345418 0.000271506985882297 0.000271097000222653 0.00027024099836126 0.000269387994194403 0.000270610005827621 0.000274752004770562 0.000279253988992423 0.000283161993138492 0.000292096985504031 0.000298122002277523 0.000307576992781833 0.000314117991365492 0.000328925001667812 0.000340470985975116 0.000351475988281891 0.000367534987162799 0.000386061001336202 0.000406278995797038 0.000425161997554824 0.00038719701115042 0.000357929995516315 0.395489007234573 -3.4e+38 -3.4e+38 -3.4e+38 -3.4e+38 -3.4e+38 -3.4e+38 -3.4e+38 -3.4e+38 -3.4e+38 -3.4e+38 -3.4e+38 -3.4e+38 -3.4e+38 -3.4e+38 -3.4e+38 -3.4e+38
0.000255438004387543 0.000252191995969042 0.000247927004238591 0.000245050992816687 0.000241115005337633 0.000238424006965943 0.000235949002671987 0.000235298997722566 0.00023532600607723 0.000234559993259609 0.000235632993280888 0.000238969005295075 0.000242244001128711 0.000245398987317458 0.000252469006227329 0.000262557005044073 0.00027335699996911 0.000283819012111053 0.000294086989015341 0.00030650501139462 0.000313447992084548 0.000325339002301916 0.000339868012815714 0.000356676988303661 0.000371800007997081 0.000357268989318982 0.000329616013914347 0.000302638014545664 0.40675300359726 -3.4e+38 -3.4e+38 -3.4e+38 -3.4e+38 -3.4e+38 -3.4e+38 -3.4e+38 -3.4e+38 -3.4e+38 -3.4e+38 -3.4e+38 -3.4e+38 -3.4e+38 -3.4e+38 -3.4e+38
0.000218204993871041 0.000213823004742153 0.000209981997613795 0.000206569995498285 0.000203741001314484 0.000199911999516189 0.000198370995349251 0.000198061999981292 0.000197753004613332 0.000197444998775609 0.00019961700309068 0.000202377996174619 0.000205425996682607 0.000209990001167171 0.000221494992729276 0.000233180006034672 0.000242484005866572 0.000255749007919803 0.000267310999333858 0.000273289013421163 0.000283222005236894 0.000295033998554572 0.000300546991638839 0.000310711999190971 0.000322467007208616 0.000318861013511196 0.000313046999508515 0.000313805008772761 0.000615364988334477 -3.4e+38 -3.4e+38 -3.4e+38 -3.4e+38 -3.4e+38 -3.4e+38 -3.4e+38 -3.4e+38 -3.4e+38 -3.4e+38 -3.4e+38 -3.4e+38 -3.4e+38 -3.4e+38 -3.4e+38
0.000188935999176465 0.000185155993676744 0.000181220006197691 0.000177691006683744 0.000174781001987867 0.000171509993379004 0.00016823700570967 0.000166811005328782 0.000165396995726041 0.000163995995535515 0.000165221994393505 0.000166647005244158 0.000168084996403195 0.000172658998053521 0.000185412995051593 0.000193596002645791 0.000205388001631945 0.000212086000829004 0.000227711992920376 0.00024027400650084 0.00025234799250029 0.000263394002104178 0.000268519012024626 0.00028050399851054 0.000290791009319946 0.000292457989417017 0.000291522010229528 0.000291231001028791 0.000290171999949962 0.402025014162064 -3.4e+38 -3.4e+38 -3.4e+38 -3.4e+38 -3.4e+38 -3.4e+38 -3.4e+38 -3.4e+38 -3.4e+38 -3.4e+38 -3.4e+38 -3.4e+38 -3.4e+38 -3.4e+38
0.00016083600348793 0.000156331996549852 0.000150941996253096 0.000145833997521549 0.00014344799274113 0.000139224997838028 0.000136114002089016 0.000134098998387344 0.000132114000734873 0.000130158994579688 0.000130842003272846 0.000132016997667961 0.000133202003780752 0.000134254005388357 0.000144311998155899 0.000155970003106631 0.000165995996212587 0.000176383997313678 0.000188592995982617 0.000201582995941862 0.000218703004065901 0.000232185993809253 0.000238905005971901 0.000249981007073075 0.000252931000432 0.000260756001807749 0.000266312010353431 0.00027078899438493 0.000274324003839865 0.383810997009277 -3.4e+38 -3.4e+38 -3.4e+38 -3.4e+38 -3.4e+38 -3.4e+38 -3.4e+38 -3.4e+38 -3.4e+38 -3.4e+38 -3.4e+38 -3.4e+38 -3.4e+38 -3.4e+38
0.000131577005959116 0.000128465006127954 0.00012400200648699 0.000120224001875613 0.000116142997285351 0.000112517998786643 0.000109569002233911 0.000107246996776666 0.000104974998976104 0.000102692996733822 0.000102179998066276 0.000102151003375184 0.000102122001408134 0.00010209200263489 0.000109063003037591 0.000119110001833178 0.000127845996757969 0.000138502000481822 0.000153781002154574 0.00016277699614875 0.000176588000613265 0.000192520004929975 0.000199532005353831 0.00021118599397596 0.0002220330061391 0.000230097997700796 0.000235931001952849 0.00024338299408555 0.000341921986546367 0.347249001264572 -3.4e+38 -3.4e+38 -3.4e+38 -3.4e+38 -3.4e+38 -3.4e+38 -3.4e+38 -3.4e+38 -3.4e+38 -3.4e+38 0.225005999207497 0.240031003952026 0.262374997138977 0.284868001937866
0.000109672000689898 0.000104956001450773 0.000101076999271754 9.73403002717532e-05 9.41785983741283e-05 9.11922979867086e-05 8.84442997630686e-05 8.61184016685002e-05 8.40178981889039e-05 8.20408968138508e-05 8.14632003311999e-05 8.12149010016583e-05 8.05215022410266e-05 7.98339970060624e-05 8.38181003928185e-05 8.84209002833813e-05 9.29181987885386e-05 9.87716994131915e-05 0.000111779001599643 0.000125645005027764 0.000141230993904173 0.000147772007039748 0.000155586996697821 0.00016435599536635 0.000179427006514743 0.000188613994396292 0.000197214001673274 0.000206860000616871 0.341417998075485 -3.4e+38 -3.4e+38 -3.4e+38 -3.4e+38 -3.4e+38 -3.4e+38 -3.4e+38 0.236696004867554 -3.4e+38 0.225978001952171 0.219565004110336 0.226080998778343 0.235165998339653 0.245884999632835 0.253030002117157
9.21063983696513e-05 8.857469947543e-05 8.50134019856341e-05 8.24688031570986e-05 7.94849984231405e-05 7.68566023907624e-05 7.45358993299305e-05 7.23284974810667e-05 7.01864992151968e-05 6.81078963680193e-05 6.65992993162945e-05 6.55078983982094e-05 6.43360981484875e-05 6.31852017249912e-05 6.52516973786987e-05 6.70208028168418e-05 6.84448023093864e-05 7.20527968951501e-05 8.11095014796592e-05 9.14608972379938e-05 0.000103806996776257 0.000115640999865718 0.000123663994600065 0.000132093002321199 0.000139658994157799 0.000152911001350731 0.000164354001753964 0.000178746005985886 0.0514684990048409 0.268198996782303 0.234107002615929 -3.4e+38 -3.4e+38 0.193937003612518 0.206135004758835 0.0476191006600857 0.0988748967647552 0.219631999731064 0.00288813002407551 0.000139968004077673 0.000130373999127187 0.000129377003759146 0.000128214000142179 0.000127506005810574
7.71889026509598e-05 7.33757988200523e-05 6.99700030963868e-05 6.72538008075207e-05 6.45670006633736e-05 6.19872007519007e-05 5.97838006797247e-05 5.78147009946406e-05 5.56781997147482e-05 5.40721994184423e-05 5.30864017491695e-05 5.22310001542792e-05 5.12752994836774e-05 5.03369010402821e-05 5.09117016918026e-05 5.19954992341809e-05 5.24915994901676e-05 5.45043985766824e-05 5.97461003053468e-05 6.60919031361118e-05 7.24599012755789e-05 7.99896006355993e-05 8.7728003563825e-05 9.654660243541e-05 0.000105737999547273 0.000114905997179449 0.000124323007185012 0.00013427299563773 0.000146150006912649 0.000128240993944928 0.000118882999231573 0.00119894999079406 0.00074094400042668 0.000106835999758914 9.99780968413688e-05 0.000106838997453451 0.000108100000943523 0.000106942999991588 0.000104236998595297 0.000101532001281157 0.000101129997347016 0.00010231100168312 0.000101778001408093 0.000101420002465602
6.55660987831652e-05 6.19088968960568e-05 5.86971982556861e-05 5.6155400670832e-05 5.35106009920128e-05 5.09058991156053e-05 4.86782009829767e-05 4.68904981971718e-05 4.51685009466019e-05 4.35988986282609e-05 4.26326987508219e-05 4.18529998569284e-05 4.10339998779818e-05 4.0257400542032e-05 4.02324985770974e-05 4.02463992941193e-05 3.99163000111002e-05 4.09079984819982e-05 4.3700998503482e-05 4.68891012133099e-05 5.03947012475692e-05 5.53315003344323e-05 6.15032986388542e-05 6.88810032443143e-05 7.6889198680874e-05 8.42438021209091e-05 9.42381011554971e-05 0.000102824000350665 0.000112353998702019 0.000108166001155041 0.000103963000583462 9.95554000837728e-05 9.56235016928986e-05 9.28493973333389e-05 8.97822028491646e-05 8.70801013661548e-05 8.5158200818114e-05 8.31958968774416e-05 8.28816991997883e-05 8.07485994300805e-05 8.07508986326866e-05 8.10156998340972e-05 8.12814032542519e-05 8.15199964563362e-05
5.46154005860444e-05 5.09968995174859e-05 4.78252986795269e-05 4.54364999313839e-05 4.3167601688765e-05 4.10124994232319e-05 3.93287009501364e-05 3.8065900298534e-05 3.68438013538253e-05 3.56611017195974e-05 3.48428984580096e-05 3.40605001838412e-05 3.34719989041332e-05 3.28126989188604e-05 3.24288012052421e-05 3.20494000334293e-05 3.16744990414008e-05 3.16844998451415e-05 3.2991298212437e-05 3.45976986864116e-05 3.59049008693546e-05 3.89185988751706e-05 4.297069972381e-05 4.85150994791184e-05 5.41576009709388e-05 5.93494005443063e-05 6.5290201746393e-05 7.07505023456179e-05 7.83884970587678e-05 7.9822500993032e-05 8.15692983451299e-05 8.29791024443693e-05 8.24207963887602e-05 7.63458010624163e-05 7.27994993212633e-05 6.92691974109039e-05 6.68907014187425e-05 6.56621996313334e-05 6.43983003101312e-05 6.31588991382159e-05 6.3095401856117e-05 6.32890005363151e-05 6.33023009868339e-05 6.34457974229008e-05
4.53614993602969e-05 4.22297998738941e-05 3.9621299947612e-05 3.75244999304414e-05 3.55386000592262e-05 3.36578013957478e-05 3.2209100027103e-05 3.11442017846275e-05 3.01144991681213e-05 2.91464002657449e-05 2.85016994894249e-05 2.78380994132021e-05 2.72106008196715e-05 2.66010993072996e-05 2.63178008026443e-05 2.60099004663061e-05 2.57056999544147e-05 2.55718005064409e-05 2.60465003520949e-05 2.65344006038504e-05 2.70290001935791e-05 2.84542002191301e-05 3.08857997879386e-05 3.37296987709124e-05 3.69508998119272e-05 4.03008998546284e-05 4.40648000221699e-05 4.87145007355139e-05 5.32919002580456e-05 5.42304987902753e-05 5.51853991055395e-05 5.61572996957693e-05 5.66074013477191e-05 5.54623002244625e-05 5.39473003300373e-05 5.22367008670699e-05 5.11627004016191e-05 5.06877004227135e-05 5.00025998917408e-05 4.94101004733238e-05 4.92674989800435e-05 4.93803017889149e-05 4.94933992740698e-05 4.96175998705439e-05
3.88523985748179e-05 3.62061982741579e-05 3.37991004926153e-05 3.17154990625568e-05 2.9761000405415e-05 2.79621999652591e-05 2.65995004156139e-05 2.58102991210762e-05 2.49243003054289e-05 2.40047993429471e-05 2.33440005104057e-05 2.27821001317352e-05 2.22337002924178e-05 2.16985008592019e-05 2.13983003050089e-05 2.12044997169869e-05 2.08854999073083e-05 2.07182001759065e-05 2.06571003218414e-05 2.05247997655533e-05 2.02772007469321e-05 2.08820001716958e-05 2.2429900127463e-05 2.40925000980496e-05 2.58398995356401e-05 2.81462998827919e-05 3.06910988001619e-05 3.37523997586686e-05 3.70695015590172e-05 3.7959198380122e-05 3.87623986171093e-05 3.95665992982686e-05 4.02264013246167e-05 4.02654986828566e-05 4.03047015424818e-05 4.03439007641282e-05 4.01748984586447e-05 3.97641015297268e-05 3.92416986869648e-05 3.87260988645721e-05 3.85320017812774e-05 3.85333987651393e-05 3.85394996555988e-05 3.85454986826517e-05
3.12107986246701e-05 2.95294994430151e-05 2.78234001598321e-05 2.61473996943096e-05 2.47379994107177e-05 2.33123992074979e-05 2.21818991121836e-05 2.13107996387407e-05 2.04739008040633e-05 1.96700002561556e-05 1.91227009054273e-05 1.86640991159948e-05 1.82166004378814e-05 1.77797992364503e-05 1.75061995832948e-05 1.73124008142622e-05 1.71091996890027e-05 1.6921900169109e-05 1.67925991263473e-05 1.6672900528647e-05 1.64849006978329e-05 1.67471007443964e-05 1.76256999111502e-05 1.85249991773162e-05 1.93519008462317e-05 2.07270004466409e-05 2.2265699954005e-05 2.39553992287256e-05 2.58927993854741e-05 2.67330997303361e-05 2.76587998087052e-05 2.85184996755561e-05 2.9151999115129e-05 2.94386991299689e-05 2.97283004329074e-05 3.00206993415486e-05 3.01490999845555e-05 3.01112995657604e-05 3.00735991913825e-05 3.0035900635994e-05 3.00879000860732e-05 3.01699001283851e-05 3.02939006360248e-05 3.03437991533428e-05
2.51877008849988e-05 2.4231499992311e-05 2.32778002100531e-05 2.20387992158066e-05 2.07223001780221e-05 1.95037991943536e-05 1.85188000614289e-05 1.77912006620318e-05 1.69809009094024e-05 1.61973002832383e-05 1.56756996148033e-05 1.5251000149874e-05 1.48993003676878e-05 1.45547001011437e-05 1.43081997521222e-05 1.41059999805293e-05 1.39144003696856e-05 1.37472998176236e-05 1.36470998768345e-05 1.35477002913831e-05 1.34490001073573e-05 1.35548998514423e-05 1.38991999847349e-05 1.41565997182624e-05 1.44134000947815e-05 1.51388003359898e-05 1.60968993441202e-05 1.71217998286011e-05 1.81020004674792e-05 1.89435995707754e-05 1.96752007468604e-05 2.05271007871488e-05 2.13195999094751e-05 2.18373006646289e-05 2.23631996050244e-05 2.29064007726265e-05 2.32483998843236e-05 2.33800001296913e-05 2.35071001952747e-05 2.36319992836798e-05 2.37285003095167e-05 2.38155007536989e-05 2.39097007579403e-05 2.40420995396562e-05
1.96752007468604e-05 1.93920004676329e-05 1.92162005987484e-05 1.83767006092239e-05 1.76605008164188e-05 1.67665002663853e-05 1.58506991283502e-05 1.49866000356269e-05 1.42464996315539e-05 1.36250000650762e-05 1.31736996991094e-05 1.27456996779074e-05 1.23827003335464e-05 1.20627000796958e-05 1.1863799954881e-05 1.16681003419217e-05 1.14675003715092e-05 1.129080010287e-05 1.1198199899809e-05 1.10910996227176e-05 1.09940001493669e-05 1.09912998595973e-05 1.10785003926139e-05 1.11664003270562e-05 1.12550997073413e-05 1.16717001219513e-05 1.22376995932427e-05 1.28088995552389e-05 1.33722996906727e-05 1.39263001983636e-05 1.44863997775246e-05 1.51202002598438e-05 1.57571994350292e-05 1.62522992468439e-05 1.67630005307728e-05 1.7289699826506e-05 1.76635003299452e-05 1.7870299416245e-05 1.81440991582349e-05 1.83943993761204e-05 1.85583994607441e-05 1.86965007742401e-05 1.88356007129187e-05 1.89756992767798e-05
1.48201997944852e-05 1.49901998156565e-05 1.50788000610191e-05 1.47602004290093e-05 1.43794995892677e-05 1.39746998684132e-05 1.34702004288556e-05 1.27658004203113e-05 1.21184002637165e-05 1.15525999717647e-05 1.11816998469294e-05 1.07324003693066e-05 1.04433001979487e-05 1.01634996099165e-05 9.97902043309296e-06 9.80770983005641e-06 9.65444996836595e-06 9.51774018176366e-06 9.42492988542654e-06 9.33303999772761e-06 9.24203959584702e-06 9.18460955290357e-06 9.21049013413722e-06 9.24087999010226e-06 9.24827963899588e-06 9.43652958085295e-06 9.68580025073607e-06 9.94153015199117e-06 1.02039002740639e-05 1.05879998955061e-05 1.09925003926037e-05 1.14125996333314e-05 1.1843299944303e-05 1.22211004054407e-05 1.26108998301788e-05 1.301330030401e-05 1.33672001538798e-05 1.36743001348805e-05 1.3988399587106e-05 1.42904000313138e-05 1.44615996759967e-05 1.45849999171332e-05 1.46932998177363e-05 1.4827300219622e-05
1.11089002530207e-05 1.15005996121909e-05 1.17675999717903e-05 1.1627599633357e-05 1.15536004159367e-05 1.15018001451972e-05 1.12968000394176e-05 1.08762997115264e-05 1.04150003608083e-05 9.99838994175661e-06 9.71532972471323e-06 9.33142018766375e-06 8.91692980076186e-06 8.5683695942862e-06 8.38101004774217e-06 8.22872971184552e-06 8.07525975687895e-06 7.94103016232839e-06 7.8621396824019e-06 7.78634966991376e-06 7.71129998611286e-06 7.65968979976606e-06 7.63107982493239e-06 7.60256989451591e-06 7.57417001295835e-06 7.63550997362472e-06 7.72770999901695e-06 7.82101960794535e-06 7.91545971878804e-06 8.15303974377457e-06 8.31245961308014e-06 8.56002043292392e-06 8.84295968717197e-06 9.19964986678679e-06 9.55203995545162e-06 9.90650005405769e-06 1.02236999737215e-05 1.0484000085853e-05 1.07808000393561e-05 1.10832997961552e-05 1.12426996565773e-05 1.13583000711515e-05 1.14752001536544e-05 1.15931998152519e-05
7.8840403148206e-06 8.28450993139995e-06 8.66753998707281e-06 8.74576016940409e-06 8.77227012097137e-06 8.84160999703454e-06 8.82015956449322e-06 8.70970961841522e-06 8.54221980262082e-06 8.33063040772686e-06 8.05082981969463e-06 7.7509203038062e-06 7.45982015359914e-06 7.18331011739792e-06 7.00331020198064e-06 6.83650978317019e-06 6.69266000841162e-06 6.60532987240003e-06 6.55618987366324e-06 6.50741003482835e-06 6.44339979771757e-06 6.41915994492592e-06 6.41532005829504e-06 6.41147016722243e-06 6.4076298258442e-06 6.44834017293761e-06 6.50432002657908e-06 6.56079009786481e-06 6.61774993204745e-06 6.74223019814235e-06 6.86801013216609e-06 7.01902990840608e-06 7.17623015589197e-06 7.39944016459049e-06 7.62958006816916e-06 7.83068026066758e-06 8.07875039754435e-06 8.31331999506801e-06 8.53734036354581e-06 8.76738977240166e-06 8.91293984750519e-06 9.0303701654193e-06 9.14935026230523e-06 9.26988013816299e-06
5.60017997486284e-06 6.02669979343773e-06 6.39940981272957e-06 6.5616300162219e-06 6.72796022627153e-06 6.98582016411819e-06 7.0899100137467e-06 6.97665018378757e-06 6.85963004798396e-06 6.75951014272869e-06 6.61773992760573e-06 6.45488989903242e-06 6.29682017461164e-06 6.12773010288947e-06 5.96846984990407e-06 5.82034999752068e-06 5.67204006074462e-06 5.54789994566818e-06 5.48167008673772e-06 5.44089016329963e-06 5.4097899919725e-06 5.39991015102714e-06 5.41113013241556e-06 5.42237012268743e-06 5.43363012184273e-06 5.46581986782257e-06 5.5052300922398e-06 5.54491998627782e-06 5.5849000091257e-06 5.66512017030618e-06 5.74649993723142e-06 5.82904021939612e-06 5.92744981986471e-06 6.06858020546497e-06 6.2143099057721e-06 6.37348011878203e-06 6.52949984214501e-06 6.68935990688624e-06 6.87586998537881e-06 7.059079962346e-06 7.16338990969234e-06 7.24306983101997e-06 7.32419994164957e-06 7.42136990083964e-06
